6.075585120116569306e+04 9.923470728360662685e-01
6.075585146121949219e+04 1.070170464620521233e+00
6.075585172127328406e+04 1.087875372629215631e+00
6.075585198132708319e+04 1.088579721847861226e+00
6.075585224138088233e+04 1.022423503530804245e+00
6.075585250143468147e+04 9.994342435669597569e-01
6.075585276148847333e+04 1.171787212360383190e+00
6.075585302154227247e+04 9.477840744511900617e-01
6.075585328159607161e+04 1.046261349337831215e+00
6.075585354164987803e+04 1.117344828010194968e+00
6.075585380170368444e+04 1.061415986365888964e+00
6.075585406175747630e+04 8.847224493939324086e-01
6.075585432181127544e+04 9.861395243258358478e-01
6.075585458186507458e+04 1.001199370229008068e+00
6.075585484191887372e+04 1.045889555081531919e+00
6.075585510197266558e+04 1.008552563267784308e+00
6.075585536202646472e+04 1.073934474066588152e+00
6.075585562208026386e+04 1.066535810986569466e+00
6.075585588213406299e+04 1.000461849211885079e+00
6.075585614218786213e+04 1.100985999198236032e+00
6.075585640224165400e+04 1.005721814705467620e+00
6.075585666229546041e+04 9.704434603595338826e-01
6.075585692234926682e+04 1.103293795570825742e+00
6.075585718240306596e+04 1.010145470259297351e+00
6.075585744245685783e+04 1.038321016636129857e+00
6.075585770251065696e+04 1.032743959926101462e+00
6.075585796256445610e+04 1.025322985238421358e+00
6.075585822261825524e+04 1.100690479210479911e+00
6.075585848267205438e+04 1.074118711904252788e+00
6.075585874272584624e+04 1.093995174307160090e+00
6.075585900277964538e+04 9.569246206966328661e-01
6.075585926283344452e+04 1.112311586031703659e+00
6.075585952288725093e+04 1.017567489358444099e+00
6.075585978294105735e+04 1.106526121831968412e+00
6.075586004299484921e+04 1.118613417209895378e+00
6.075586030304864835e+04 1.016146021030672753e+00
6.075586056310244749e+04 1.009230759590780568e+00
6.075586082315624662e+04 9.379938452028877549e-01
6.075586108321004576e+04 9.676361877527412947e-01
6.075586134326383763e+04 1.112026170315844720e+00
6.075586160331763676e+04 1.061989067929385078e+00
6.075586186337143590e+04 9.475574120704369774e-01
6.075586212342523504e+04 9.348432419021381889e-01
6.075586238347903418e+04 1.039572790464467822e+00
6.075586264353283332e+04 1.045432787103818262e+00
6.075586290358663973e+04 1.039870594281194771e+00
6.075586316364043887e+04 1.011302801624297532e+00
6.075586342369423801e+04 1.050448315149983936e+00
6.075586368374803715e+04 9.806831291714165344e-01
6.075586394380182901e+04 1.033408081848670834e+00
6.075586420385562815e+04 9.986009502718045105e-01
6.075586446390942729e+04 1.020323090161036728e+00
6.075586472396322642e+04 1.007080992651977924e+00
6.075586498401702556e+04 1.091058342673538739e+00
6.075586524407081743e+04 1.064754105317297084e+00
6.075586550412462384e+04 1.200297549324363944e+00
6.075586576417843025e+04 1.054805759879337668e+00
6.075586602423222939e+04 1.011130272687714271e+00
6.075586628428602853e+04 1.114129660005404254e+00
6.075586654433982039e+04 1.072828155330415756e+00
6.075586680439361953e+04 8.633343604927624648e-01
6.075586706444741867e+04 1.059428529355292303e+00
6.075586732450121781e+04 1.111005777033093445e+00
6.075586758455501695e+04 1.057215379340767480e+00
6.075586784460881609e+04 1.038677400097800296e+00
6.075586810466260795e+04 1.036247223480774249e+00
6.075586836471640709e+04 9.899748862925841220e-01
6.075586862477021350e+04 1.014402164982571852e+00
6.075586888482401991e+04 9.841048127049425442e-01
6.075586914487781905e+04 1.154834069469927726e+00
6.075586940493161092e+04 1.080900205689577565e+00
6.075586966498541005e+04 9.893116903931398198e-01
6.075586992503920919e+04 1.115452211492149459e+00
6.075587018509300833e+04 9.446899947124950403e-01
6.075587044514680747e+04 1.081868157577648315e+00
6.075587070520060661e+04 9.562159381164964111e-01
6.075587096525439847e+04 1.035274955764309279e+00
6.075587122530819761e+04 1.059860427713138042e+00
6.075587148536199675e+04 1.003357498140221127e+00
6.075587174541581044e+04 1.052268270972227304e+00
6.075587200546960958e+04 8.613046042659826540e-01
6.075587226552340871e+04 1.113467790904625554e+00
6.075587252557720058e+04 9.947188628025331880e-01
6.075587278563099972e+04 9.706490533815644861e-01
6.075587304568479885e+04 1.008617885673490644e+00
6.075587330573859799e+04 9.536047444983212218e-01
6.075587356579239713e+04 1.068790103182778006e+00
6.075587382584619627e+04 1.045340345245312497e+00
6.075587408589998813e+04 1.093487211483907151e+00
6.075587434595378727e+04 1.015099867553771018e+00
6.075587460600759368e+04 1.026240165019267403e+00
6.075587486606140010e+04 9.339590342762452702e-01
6.075587512611519924e+04 1.051549893399998936e+00
6.075587538616899838e+04 9.935560884586160935e-01
6.075587564622279751e+04 9.995224287706834243e-01
6.075587590627658938e+04 1.017573538638738784e+00
6.075587616633038851e+04 1.078657819242134774e+00
6.075587642638418765e+04 1.080196742165218771e+00
6.075587668643798679e+04 1.045525767925142180e+00
6.075587694649178593e+04 1.000987227270694557e+00
6.075587720654558507e+04 1.084602026930902685e+00
6.075587746659937693e+04 9.459958413641945674e-01
6.075587772665318334e+04 9.705662093951997749e-01
6.075587798670698976e+04 1.031824583902211767e+00
6.075587824676078890e+04 1.015453890641402790e+00
6.075587850681458804e+04 1.033113994179681638e+00
6.075587876686838717e+04 9.514025611527086035e-01
6.075587902692218631e+04 9.664836797970755011e-01
6.075587928697597818e+04 1.006716317853593834e+00
6.075587954702977731e+04 9.432541391927790064e-01
6.075588115586427011e+04 9.242556514406853330e-01
6.075588141592496686e+04 1.012176064346378190e+00
6.075588167598567088e+04 1.021129254607911596e+00
6.075588193604636763e+04 1.039730079662454010e+00
6.075588219610707165e+04 1.000399995491690674e+00
6.075588245616777567e+04 1.022332984407444911e+00
6.075588271622847242e+04 1.016969351642323938e+00
6.075588297628917644e+04 1.004386801874704860e+00
6.075588323634988046e+04 1.006085676864271194e+00
6.075588349641056993e+04 1.036842066415829988e+00
6.075588375647127395e+04 1.054619160558553315e+00
6.075588401653197798e+04 1.037716046423609040e+00
6.075588427659268200e+04 1.004517208387629479e+00
6.075588453665338602e+04 9.688678707826575698e-01
6.075588479671408277e+04 9.070927684834824145e-01
6.075588505677478679e+04 9.418139049515978911e-01
6.075588531683548354e+04 1.083398457294627804e+00
6.075588557689618756e+04 1.014833807151352962e+00
6.075588583695689158e+04 1.185449071962325185e+00
6.075588609701758833e+04 1.068396005739131738e+00
6.075588635707829235e+04 9.615480239725978651e-01
6.075588661713899637e+04 1.009695465978619477e+00
6.075588687719969312e+04 1.099540792983510373e+00
6.075588713726038986e+04 8.811561157177645320e-01
6.075588739732109389e+04 9.655585551837811975e-01
6.075588765738179791e+04 1.011729320607863691e+00
6.075588791744250193e+04 8.934147117177380082e-01
6.075588817750319868e+04 9.844904689966532674e-01
6.075588843756390270e+04 1.050612218911308515e+00
6.075588869762460672e+04 1.040090835276731296e+00
6.075588895768530347e+04 9.978402604950591392e-01
6.075588921774600749e+04 9.957854612122473137e-01
6.075588947780670424e+04 9.934986255826061541e-01
6.075588973786740826e+04 1.012247129444821203e+00
6.075588999792811228e+04 9.626033220178628058e-01
6.075589025798880903e+04 1.066574418271049263e+00
6.075589051804952032e+04 1.014166544361434497e+00
6.075589077811021707e+04 9.609409253521253857e-01
6.075589103817091382e+04 1.017091775686619126e+00
6.075589129823161784e+04 1.083136917359621920e+00
6.075589155829231458e+04 9.855345399075126078e-01
6.075589181835301861e+04 9.145476338761825419e-01
6.075589207841372263e+04 8.980724880125051657e-01
6.075589233847442665e+04 1.014145152242957426e+00
6.075589259853513067e+04 1.019808240757110962e+00
6.075589285859582742e+04 9.789921309389353343e-01
6.075589311865652417e+04 1.019570897383822006e+00
6.075589337871722819e+04 1.106924283524656882e+00
6.075589363877793221e+04 1.056161106625175927e+00
6.075589389883863623e+04 9.981898820807597605e-01
6.075589415889933298e+04 1.049720265094548743e+00
6.075589441896003700e+04 9.717211681654873701e-01
6.075589467902074102e+04 1.039225332370333765e+00
6.075589493908143777e+04 1.017436741137057732e+00
6.075589519914213452e+04 1.122705059124115889e+00
6.075589545920283854e+04 9.669923385971751495e-01
6.075589571926354256e+04 1.056550056174351049e+00
6.075589597932424658e+04 9.993996036201534539e-01
6.075589623938494333e+04 8.864441326920208253e-01
6.075589649944564735e+04 1.131346341366617159e+00
6.075589675950635137e+04 1.078124943374611178e+00
6.075589701956705539e+04 1.033044343325063119e+00
6.075589727962775942e+04 9.643327608017895347e-01
6.075589753968844889e+04 9.842666909052533164e-01
6.075589779974915291e+04 9.486582656920542478e-01
6.075589805980985693e+04 9.756658218718077258e-01
6.075589831987055368e+04 1.001034809374603762e+00
6.075589857993125770e+04 9.282261481291669281e-01
6.075589883999196172e+04 9.542347009478628905e-01
6.075589910005266574e+04 9.736112545694451947e-01
6.075589936011336977e+04 1.045947391043879682e+00
6.075589962017406651e+04 9.748733854827543732e-01
6.075589988023477054e+04 1.110559521563012408e+00
6.075590014029546728e+04 8.964893517511745014e-01
6.075590040035617130e+04 1.054324895816477037e+00
6.075590066041687533e+04 1.012655199389991489e+00
6.075590092047757207e+04 9.839835960319956998e-01
6.075590118053827609e+04 1.004572211915569779e+00
6.075590144059898012e+04 1.051050782608747625e+00
6.075590170065967686e+04 1.021425654908263647e+00
6.075590196072038816e+04 9.437752566864385795e-01
6.075590222078108491e+04 1.023322141977687671e+00
6.075590248084178893e+04 9.084985461495502790e-01
6.075590274090249295e+04 1.058800787112151198e+00
6.075590300096318242e+04 9.888866592364204955e-01
6.075590326102388644e+04 9.713386492495217350e-01
6.075590352108459047e+04 9.419782223431297785e-01
6.075590378114529449e+04 1.040286821556352326e+00
6.075590404120599851e+04 1.019651818032061730e+00
6.075590430126669526e+04 1.061792941846856353e+00
6.075590456132739928e+04 1.031336265073729885e+00
6.075590482138810330e+04 9.649023124398454776e-01
6.075590508144880732e+04 9.152374741458803031e-01
6.075590534150951135e+04 9.243203384856638616e-01
6.075590560157020809e+04 1.050304126303948316e+00
6.075590586163091211e+04 1.081439867532214327e+00
6.075590612169160886e+04 1.033040333014809242e+00
6.075590638175230561e+04 1.003019571538703580e+00
6.075590664181300963e+04 1.008629995852875938e+00
6.075590690187371365e+04 1.068445112448042966e+00
6.075590716193441767e+04 9.417235858669480431e-01
6.075590742199512169e+04 9.907238447658024416e-01
6.075590768205581844e+04 1.037621119741700904e+00
6.075590794211652246e+04 1.005710130621321641e+00
6.075590820217722649e+04 9.806267959662229305e-01
6.075590846223793051e+04 9.011140967010800029e-01
6.075590872229863453e+04 9.984930460540680786e-01
6.075590898235933128e+04 1.025224040030056294e+00
6.075590924242003530e+04 1.062005507246743141e+00
6.075590950248073932e+04 9.702312770723797719e-01
6.075591106051386305e+04 9.839621779883633845e-01
6.075591132057445793e+04 9.315656149372544270e-01
6.075591158063505281e+04 1.008950914007779032e+00
6.075591184069564770e+04 1.048006216698731174e+00
6.075591210075624258e+04 9.282823635220661673e-01
6.075591236081683746e+04 9.533563454561283512e-01
6.075591262087743235e+04 9.721503686717650750e-01
6.075591288093802723e+04 9.824172066467712350e-01
6.075591314099862211e+04 9.678834355719644345e-01
6.075591340105922427e+04 9.727590698315506934e-01
6.075591366111981915e+04 9.564961025482917600e-01
6.075591392118041404e+04 1.052561415000552891e+00
6.075591418124100892e+04 1.029646689209921862e+00
6.075591444130160380e+04 9.050613824512397931e-01
6.075591470136219868e+04 1.055560438496975229e+00
6.075591496142279357e+04 1.081131906756437111e+00
6.075591522148338845e+04 9.342418149985625142e-01
6.075591548154399061e+04 1.001534532583336912e+00
6.075591574160458549e+04 1.034735341481434423e+00
6.075591600166518037e+04 9.426790575435947117e-01
6.075591626172577526e+04 9.703510246069205758e-01
6.075591652178637742e+04 1.073157102176381494e+00
6.075591678184697230e+04 9.853626480940932408e-01
6.075591704190756718e+04 9.445702805258292534e-01
6.075591730196816206e+04 1.043711495955006896e+00
6.075591756202875695e+04 1.052639667105638610e+00
6.075591782208935183e+04 9.114657513648818377e-01
6.075591808214994671e+04 9.185965632349489818e-01
6.075591834221054160e+04 1.040038200026491833e+00
6.075591860227113648e+04 1.003938681864513960e+00
6.075591886233173136e+04 9.791896555754930898e-01
6.075591912239232624e+04 9.615032611507233762e-01
6.075591938245292840e+04 1.056861152378726132e+00
6.075591964251352329e+04 9.102283502581587360e-01
6.075591990257411817e+04 1.014314979011944340e+00
6.075592016263471305e+04 9.596045379449601453e-01
6.075592042269530793e+04 1.079363548389831395e+00
6.075592068275590282e+04 9.612316288824235277e-01
6.075592094281649770e+04 9.119224643225658511e-01
6.075592120287709986e+04 9.334781198754439346e-01
6.075592146293769474e+04 1.012422089317192020e+00
6.075592172299828962e+04 9.904128550602199210e-01
6.075592198305888451e+04 1.080668450812394266e+00
6.075592224311948667e+04 9.868229929959069224e-01
6.075592250318008155e+04 1.071983685414629850e+00
6.075592276324067643e+04 1.010624649973816958e+00
6.075592302330127131e+04 9.774786436290422431e-01
6.075592328336186620e+04 1.018384057710822521e+00
6.075592354342246108e+04 9.680264894989931701e-01
6.075592380348305596e+04 1.047114224247964964e+00
6.075592406354365812e+04 9.110039022330796987e-01
6.075592432360425300e+04 1.012362524548411802e+00
6.075592458366484789e+04 1.044649113760023784e+00
6.075592484372544277e+04 9.410756926422465529e-01
6.075592510378604493e+04 9.421696347448282882e-01
6.075592536384663981e+04 9.384718690983645528e-01
6.075592562390723469e+04 9.756261739796463495e-01
6.075592588396782958e+04 9.997893489905455011e-01
6.075592614402842446e+04 8.938756157235772104e-01
6.075592640408901934e+04 9.318961759347953455e-01
6.075592666414961423e+04 9.781127270575008525e-01
6.075592692421020911e+04 9.350075738369544309e-01
6.075592718427081127e+04 1.025946360995942941e+00
6.075592744433140615e+04 9.819990703233841822e-01
6.075592770439200103e+04 1.001452036176466942e+00
6.075592796445260319e+04 1.107314999915289588e+00
6.075592822451319807e+04 1.060804836029993536e+00
6.075592848457379296e+04 9.236790397572255396e-01
6.075592874463438784e+04 9.798026174991305570e-01
6.075592900469498272e+04 9.252222194907395725e-01
6.075592926475557761e+04 9.971295989191656384e-01
6.075592952481617249e+04 9.995449590673144424e-01
6.075592978487676737e+04 8.744380794563142434e-01
6.075593004493736953e+04 9.246259443092859076e-01
6.075593030499796441e+04 9.612957164944894162e-01
6.075593056505855930e+04 1.002331724262990109e+00
6.075593082511916145e+04 1.013344306325711042e+00
6.075593108517975634e+04 1.029467276691496957e+00
6.075593134524035122e+04 9.610421130237767340e-01
6.075593160530094610e+04 9.578143903029514572e-01
6.075593186536154099e+04 1.041801831285390945e+00
6.075593212542213587e+04 1.018166431901315061e+00
6.075593238548273075e+04 1.145265331942488141e+00
6.075593264554332563e+04 8.801144636882246575e-01
6.075593290560392779e+04 9.248233142873620860e-01
6.075593316566452268e+04 9.860448515790591895e-01
6.075593342572511756e+04 1.142595094459462945e+00
6.075593368578571244e+04 9.976100216127339326e-01
6.075593394584631460e+04 9.493959538344601823e-01
6.075593420590690948e+04 9.434506384421483816e-01
6.075593446596750437e+04 9.298655414290275534e-01
6.075593472602809925e+04 1.065242550685338463e+00
6.075593498608869413e+04 1.010830386405243031e+00
6.075593524614928901e+04 1.003965571572559501e+00
6.075593550620988390e+04 1.049815713786284466e+00
6.075593576627048606e+04 9.702556047601530453e-01
6.075593602633108094e+04 1.006598841896260810e+00
6.075593628639167582e+04 9.305053087861604455e-01
6.075593654645227070e+04 1.037390348496819881e+00
6.075593680651287286e+04 1.083029404333530010e+00
6.075593706657346775e+04 9.665061969388067942e-01
6.075593732663406263e+04 9.813306267689191342e-01
6.075593758669465751e+04 9.597990013518249430e-01
6.075593784675525239e+04 1.076204035198135900e+00
6.075593810681584728e+04 9.370401050758432326e-01
6.075593836687644216e+04 1.087251875796516387e+00
6.075593862693704432e+04 1.000825128199136715e+00
6.075593888699763920e+04 1.067484498984198504e+00
6.075593914705823408e+04 9.881597187832535933e-01
6.075593940711883624e+04 1.038704398731925771e+00
6.075594106598430517e+04 9.925587313391995847e-01
6.075594132604500919e+04 9.064736708396803344e-01
6.075594158610571321e+04 8.964657119745894631e-01
6.075594184616640996e+04 9.149645529987360248e-01
6.075594210622711398e+04 9.982985182974987159e-01
6.075594236628781800e+04 1.062922093260329826e+00
6.075594262634852203e+04 9.500114783074883329e-01
6.075594288640922605e+04 9.401484220432360095e-01
6.075594314646992279e+04 1.043368696504291870e+00
6.075594340653063409e+04 9.371268385087154762e-01
6.075594366659133811e+04 1.039511615756663954e+00
6.075594392665203486e+04 9.519206561767584729e-01
6.075594418671273888e+04 1.003420489275601124e+00
6.075594444677344291e+04 1.074060679672514951e+00
6.075594470683414693e+04 9.291523112461212985e-01
6.075594496689485095e+04 1.075232234562781164e+00
6.075594522695554770e+04 8.975772948669721307e-01
6.075594548701625172e+04 8.805447733722373549e-01
6.075594574707695574e+04 1.054688650322379351e+00
6.075594600713765976e+04 9.708930163720731477e-01
6.075594626719836378e+04 9.815392805441167656e-01
6.075594652725906053e+04 9.847459016827548872e-01
6.075594678731976455e+04 1.032505142038348644e+00
6.075594704738046858e+04 1.089034660538732435e+00
6.075594730744116532e+04 9.659727581111346995e-01
6.075594756750187662e+04 1.035708712748084404e+00
6.075594782756257337e+04 9.618404744619382107e-01
6.075594808762328466e+04 9.267505075098020351e-01
6.075594834768398869e+04 9.958136813409993460e-01
6.075594860774468543e+04 1.043339078386624097e+00
6.075594886780538945e+04 8.496742337854006344e-01
6.075594912786609348e+04 9.506112519450270471e-01
6.075594938792679750e+04 9.909528242003764475e-01
6.075594964798750152e+04 9.304543583440677557e-01
6.075594990804819827e+04 9.979284283084683960e-01
6.075595016810890229e+04 9.312075242635892147e-01
6.075595042816960631e+04 9.955845986570528439e-01
6.075595068823031033e+04 9.085237848001422867e-01
6.075595094829101436e+04 9.241570639921985464e-01
6.075595120835171110e+04 9.684466893095703410e-01
6.075595146841241512e+04 1.064672224535966549e+00
6.075595172847312642e+04 1.044406357104944449e+00
6.075595198853382317e+04 9.785296085913551822e-01
6.075595224859452719e+04 8.415169397901562931e-01
6.075595250865523121e+04 1.067287540548691460e+00
6.075595276871593524e+04 1.050123410997307438e+00
6.075595302877663926e+04 7.924173663937629231e-01
6.075595328883733600e+04 9.719814944131035528e-01
6.075595354889804003e+04 1.033632720809026795e+00
6.075595380895874405e+04 9.126407893744347133e-01
6.075595406901944807e+04 9.425292024627921483e-01
6.075595432908015209e+04 1.066843254404488350e+00
6.075595458914084884e+04 1.064813615318047857e+00
6.075595484920156014e+04 9.948575193109594483e-01
6.075595510926226416e+04 1.029894118948536219e+00
6.075595536932296091e+04 9.086585096822180629e-01
6.075595562938366493e+04 9.313521836590428205e-01
6.075595588944436895e+04 9.389037327748490647e-01
6.075595614950507297e+04 1.015913090471282754e+00
6.075595640956577699e+04 8.221393372056219340e-01
6.075595666962647374e+04 9.985154819127840531e-01
6.075595692968717776e+04 1.011024957172086625e+00
6.075595718974788178e+04 8.898587002250003541e-01
6.075595744980858581e+04 9.937907365151293915e-01
6.075595770986929710e+04 9.831347568731735320e-01
6.075595796992999385e+04 1.032555909466439825e+00
6.075595822999069787e+04 9.854004530730454681e-01
6.075595849005140190e+04 1.049226970725723351e+00
6.075595875011209864e+04 1.025424656119290567e+00
6.075595901017280994e+04 8.948951437350767257e-01
6.075595927023350669e+04 9.780898983521836287e-01
6.075595953029421071e+04 1.067465455764485149e+00
6.075595979035491473e+04 8.641446689837182227e-01
6.075596005041561148e+04 1.026199794997072923e+00
6.075596031047632277e+04 1.021331783959959605e+00
6.075596057053702680e+04 8.513527185822687970e-01
6.075596083059773082e+04 9.496817732461034778e-01
6.075596109065843484e+04 1.015669455432964607e+00
6.075596135071913159e+04 9.699286662303112649e-01
6.075596161077983561e+04 1.086047365145621502e+00
6.075596187084053963e+04 1.007283319116521580e+00
6.075596213090124365e+04 1.020960549220166769e+00
6.075596239096194768e+04 8.843486812254113261e-01
6.075596265102265170e+04 9.631938018010218761e-01
6.075596291108335572e+04 9.900232595852775930e-01
6.075596317114405974e+04 9.294118937856782336e-01
6.075596343120475649e+04 9.457703030969073499e-01
6.075596369126546051e+04 9.089958892529153012e-01
6.075596395132616453e+04 9.921658951875942378e-01
6.075596421138686856e+04 1.004673805283355037e+00
6.075596447144757258e+04 9.968541233806578195e-01
6.075596473150827660e+04 8.834152664666087285e-01
6.075596499156898062e+04 1.022320623050605892e+00
6.075596525162968464e+04 1.009736608585382278e+00
6.075596551169038867e+04 1.011281077907048465e+00
6.075596577175109269e+04 9.940573247311779159e-01
6.075596603181178943e+04 9.519426243232654850e-01
6.075596629187249346e+04 1.016111715416250449e+00
6.075596655193319748e+04 9.940459898476531331e-01
6.075596681199390150e+04 9.777393524574202743e-01
6.075596707205460552e+04 9.000152476933467316e-01
6.075596733211530955e+04 8.932282264825822660e-01
6.075596759217601357e+04 1.082867146488823096e+00
6.075596785223671759e+04 1.006769331159615755e+00
6.075596811229741434e+04 1.057282965943335595e+00
6.075596837235811836e+04 1.054570660807935045e+00
6.075596863241882238e+04 9.727167477698454023e-01
6.075596889247953368e+04 1.115955261838363910e+00
6.075596915254023770e+04 9.099449276035307399e-01
6.075596941260093445e+04 9.426671986781960388e-01
6.075597102105359954e+04 8.600980200424261923e-01
6.075597128111420170e+04 9.762209148745134568e-01
6.075597154117479658e+04 1.058371139891920665e+00
6.075597180123539147e+04 9.282741910114440387e-01
6.075597206129598635e+04 9.912698713346691504e-01
6.075597232135658123e+04 9.393454887713790225e-01
6.075597258141718339e+04 1.038831912834490945e+00
6.075597284147777827e+04 1.087472736788792416e+00
6.075597310153837316e+04 1.018043969999576692e+00
6.075597336159897532e+04 9.985020290899149220e-01
6.075597362165957020e+04 8.792623275033691899e-01
6.075597388172016508e+04 9.929920386238847430e-01
6.075597414178077452e+04 1.004698220193806391e+00
6.075597440184136940e+04 8.354739211880815031e-01
6.075597466190196428e+04 9.098604549069042591e-01
6.075597492196255916e+04 8.016940579153510882e-01
6.075597518202315405e+04 9.773665973848683075e-01
6.075597544208374893e+04 9.468334778551165121e-01
6.075597570214434381e+04 1.030361479330127450e+00
6.075597596220494597e+04 1.008643283379737632e+00
6.075597622226554813e+04 9.786237328845669436e-01
6.075597648232614301e+04 9.670825875751620782e-01
6.075597674238673790e+04 1.006254610900107371e+00
6.075597700244734006e+04 1.066640127010091144e+00
6.075597726250793494e+04 1.023775123428518397e+00
6.075597752256853710e+04 1.010241930264394572e+00
6.075597778262913198e+04 9.257547051858158182e-01
6.075597804268972686e+04 1.010143585747937278e+00
6.075597830275032175e+04 9.596722177899040807e-01
6.075597856281091663e+04 8.816906890398115149e-01
6.075597882287151151e+04 9.927602447874387392e-01
6.075597908293212095e+04 9.124622036556893079e-01
6.075597934299271583e+04 9.497686975525786446e-01
6.075597960305331071e+04 1.050380025248323745e+00
6.075597986311390559e+04 1.003844149486160742e+00
6.075598012317450775e+04 9.257384644978345900e-01
6.075598038323510264e+04 9.579478028350442154e-01
6.075598064329570479e+04 8.969802968981137603e-01
6.075598090335629968e+04 1.029618788742230562e+00
6.075598116341689456e+04 8.081926083384413095e-01
6.075598142347748944e+04 9.970060131876206100e-01
6.075598168353808433e+04 1.071568782038722523e+00
6.075598194359869376e+04 1.022868029709218973e+00
6.075598220365928864e+04 1.046628924113010894e+00
6.075598246371988353e+04 9.665418806774986882e-01
6.075598272378047841e+04 9.985909909694581366e-01
6.075598298384108057e+04 9.615469542712699047e-01
6.075598324390167545e+04 9.685314907611152213e-01
6.075598350396227761e+04 9.175589021373142806e-01
6.075598376402287249e+04 1.031441054476231356e+00
6.075598402408346738e+04 9.859274613986200864e-01
6.075598428414406226e+04 1.018736893905667129e+00
6.075598454420465714e+04 9.770288097951068673e-01
6.075598480426526658e+04 8.860842375211123167e-01
6.075598506432586146e+04 9.620888470375446033e-01
6.075598532438645634e+04 8.983448278369376983e-01
6.075598558444705122e+04 9.376313949203153308e-01
6.075598584450765338e+04 9.301616374505287110e-01
6.075598610456825554e+04 1.066238411715554557e+00
6.075598636462885042e+04 8.232808332977086252e-01
6.075598662468944531e+04 9.464320391120446541e-01
6.075598688475004019e+04 9.832685139970473998e-01
6.075598714481063507e+04 1.001599905046445027e+00
6.075598740487123723e+04 1.075800503789745788e+00
6.075598766493183211e+04 9.503043225005645134e-01
6.075598792499243427e+04 9.045974888270249537e-01
6.075598818505302916e+04 1.043546201362010928e+00
6.075598844511362404e+04 9.752221396727015490e-01
6.075598870517423347e+04 8.945838122814019355e-01
6.075598896523482836e+04 9.689237027081617493e-01
6.075598922529542324e+04 1.008453337576238562e+00
6.075598948535601812e+04 8.755361821091333097e-01
6.075598974541661300e+04 1.005800573634854533e+00
6.075599000547721516e+04 8.621657260905404296e-01
6.075599026553781005e+04 9.855929114093850973e-01
6.075599052559840493e+04 9.559881755180387186e-01
6.075599078565900709e+04 8.796925498255330211e-01
6.075599104571960197e+04 9.277218435717661249e-01
6.075599130578020413e+04 9.964208029443082371e-01
6.075599156584080629e+04 1.016531966629334427e+00
6.075599182590140117e+04 1.075724578658054709e+00
6.075599208596199605e+04 9.561649912682398389e-01
6.075599234602259094e+04 9.576784735485525113e-01
6.075599260608319310e+04 1.001674915979083202e+00
6.075599286614378798e+04 9.504164772758352253e-01
6.075599312620438286e+04 1.042450585964839194e+00
6.075599338626497774e+04 9.966645814240736589e-01
6.075599364632558718e+04 9.818020107671778796e-01
6.075599390638618206e+04 1.032389704722181278e+00
6.075599416644677694e+04 1.042613151722402209e+00
6.075599442650737910e+04 9.707017429765989469e-01
6.075599468656797399e+04 1.035807841918681582e+00
6.075599494662857614e+04 9.479495329553474514e-01
6.075599520668917103e+04 1.013129455773362331e+00
6.075599546674976591e+04 9.190575148551991536e-01
6.075599572681036079e+04 1.010695254763335660e+00
6.075599598687096295e+04 1.002762043156231409e+00
6.075599624693155783e+04 1.042544299259404728e+00
6.075599650699215999e+04 1.095582621920382582e+00
6.075599676705275488e+04 9.693512376981854306e-01
6.075599702711334976e+04 1.000809892709269455e+00
6.075599728717395192e+04 1.017812357889542163e+00
6.075599754723455408e+04 9.711299980773230311e-01
6.075599780729514896e+04 1.044960077837467693e+00
6.075599806735574384e+04 8.901092057354461629e-01
6.075599832741634600e+04 9.785295178915223158e-01
6.075599858747694088e+04 9.410459537315261080e-01
6.075599884753753577e+04 1.048383889002986624e+00
6.075599910759813065e+04 8.425515122151497893e-01
6.075599936765874008e+04 8.843036964488769636e-01
6.075600091310295102e+04 1.044118814052455324e+00
6.075600117316365504e+04 1.052555189730828955e+00
6.075600143322435179e+04 1.133506562306682230e+00
6.075600169328505581e+04 1.020150533911899471e+00
6.075600195334576711e+04 9.896591996510202272e-01
6.075600221340647113e+04 9.160383344089749746e-01
6.075600247346717515e+04 9.612526832316675707e-01
6.075600273352787190e+04 1.100299522928001705e+00
6.075600299358858319e+04 9.875419589604966797e-01
6.075600325364928722e+04 9.642515643296725170e-01
6.075600351370998396e+04 1.018950962003882577e+00
6.075600377377069526e+04 1.064139671932245568e+00
6.075600403383139928e+04 9.776661967573255785e-01
6.075600429389210331e+04 1.098499477107027555e+00
6.075600455395280733e+04 1.003133785718301585e+00
6.075600481401350407e+04 1.020288754398319675e+00
6.075600507407421537e+04 9.752266094566202081e-01
6.075600533413491939e+04 9.186809225118853783e-01
6.075600559419562342e+04 9.987649295935101534e-01
6.075600585425632744e+04 8.639874309324807600e-01
6.075600611431703146e+04 9.854810140769741933e-01
6.075600637437773548e+04 9.901864977583234584e-01
6.075600663443843951e+04 9.902055873178220446e-01
6.075600689449914353e+04 1.044043979441552361e+00
6.075600715455985483e+04 9.855194423230924095e-01
6.075600741462055157e+04 9.017066504572458507e-01
6.075600767468125559e+04 9.754842936353768090e-01
6.075600793474195962e+04 9.243092462136673904e-01
6.075600819480266364e+04 1.025367763583624470e+00
6.075600845486336766e+04 8.154308778678887037e-01
6.075600871492407168e+04 1.086982925671088118e+00
6.075600897498478298e+04 9.138001509134157097e-01
6.075600923504548700e+04 9.285742212466290280e-01
6.075600949510618375e+04 9.714340999513504382e-01
6.075600975516688777e+04 9.704359176885265503e-01
6.075601001522759907e+04 9.564382980216029617e-01
6.075601027528830309e+04 9.814733903997855391e-01
6.075601053534900711e+04 9.154470453965176668e-01
6.075601079540970386e+04 1.007208141458011630e+00
6.075601105547041516e+04 1.025204251711884895e+00
6.075601131553111918e+04 9.913937250925722866e-01
6.075601157559181593e+04 9.723529081024585574e-01
6.075601183565252722e+04 9.496933655129851104e-01
6.075601209571323125e+04 9.469852575269851469e-01
6.075601235577393527e+04 9.999632271055861610e-01
6.075601261583463929e+04 9.243784764366705931e-01
6.075601287589534331e+04 1.038009981474421028e+00
6.075601313595604734e+04 9.973897312719878228e-01
6.075601339601675136e+04 1.116030441992819533e+00
6.075601365607746266e+04 1.047065714409374237e+00
6.075601391613816668e+04 8.791983261847650111e-01
6.075601417619886342e+04 9.268675498454331807e-01
6.075601443625956745e+04 1.006413040556811245e+00
6.075601469632027874e+04 9.926490918948673858e-01
6.075601495638097549e+04 1.005984380806444145e+00
6.075601521644168679e+04 9.697358526213285534e-01
6.075601547650239081e+04 1.022699973911735727e+00
6.075601573656309483e+04 1.006353177542310462e+00
6.075601599662379886e+04 1.003257863496159530e+00
6.075601625668450288e+04 9.579184163143158459e-01
6.075601651674520690e+04 9.176751210293860872e-01
6.075601677680591092e+04 9.473893745533108479e-01
6.075601703686661494e+04 1.078232363070678490e+00
6.075601729692732624e+04 9.248254471665194876e-01
6.075601755698802299e+04 9.627377035990135612e-01
6.075601781704872701e+04 1.076937984601049392e+00
6.075601807710943831e+04 9.534723398911876258e-01
6.075601833717014233e+04 1.159083024932569650e+00
6.075601859723084635e+04 1.047233102068344301e+00
6.075601885729155038e+04 9.380798161591240580e-01
6.075601911735225440e+04 9.444388058531885122e-01
6.075601937741295842e+04 9.306096041205976777e-01
6.075601963747365517e+04 9.207781843106536135e-01
6.075601989753436646e+04 1.032186534808108513e+00
6.075602015759507049e+04 8.798294117722048613e-01
6.075602041765577451e+04 9.134579536077103157e-01
6.075602067771648581e+04 1.082243755956000086e+00
6.075602093777718255e+04 9.319216235221724487e-01
6.075602119783788658e+04 9.519580831253258157e-01
6.075602145789859787e+04 1.092971839174139204e+00
6.075602171795930190e+04 1.090852652181999671e+00
6.075602197802000592e+04 1.047858962767740154e+00
6.075602223808070994e+04 1.012826304240665110e+00
6.075602249814141396e+04 9.531086419740866233e-01
6.075602275820211798e+04 8.850396056052284299e-01
6.075602301826282201e+04 1.026356576421252109e+00
6.075602327832352603e+04 9.000208230761265193e-01
6.075602353838423005e+04 1.027090241261449099e+00
6.075602379844494135e+04 1.083656459683985496e+00
6.075602405850564537e+04 9.591929306457661619e-01
6.075602431856634212e+04 1.045509994615885452e+00
6.075602457862704614e+04 9.829375764946087779e-01
6.075602483868775744e+04 1.022535592027406404e+00
6.075602509874846146e+04 1.004288970257937841e+00
6.075602535880916548e+04 1.084769921186897967e+00
6.075602561886986950e+04 9.504063096342731942e-01
6.075602587893057353e+04 1.002180824424944605e+00
6.075602613899127755e+04 1.017234735339131557e+00
6.075602639905198885e+04 1.130827124577761023e+00
6.075602665911269287e+04 1.085232584876094197e+00
6.075602691917338962e+04 1.059860306558942256e+00
6.075602717923410091e+04 1.052602891839328647e+00
6.075602743929480494e+04 1.101362072912176249e+00
6.075602769935550168e+04 9.777118814607589359e-01
6.075602795941621298e+04 9.870631941071467130e-01
6.075602821947691700e+04 8.729895349142725580e-01
6.075602847953762102e+04 9.595303492446010107e-01
6.075602873959833232e+04 1.089249846673900235e+00
6.075602899965902907e+04 1.059169066459239028e+00
6.075602925971973309e+04 9.998336427786280733e-01
6.075603093119423283e+04 1.070353000036018187e+00
6.075603119125482772e+04 9.844106911687650063e-01
6.075603145131542988e+04 1.069746593209109031e+00
6.075603171137602476e+04 9.016974220013037611e-01
6.075603197143662692e+04 8.276277512716111451e-01
6.075603223149722908e+04 1.063616897420328167e+00
6.075603249155782396e+04 1.032777813714953474e+00
6.075603275161842612e+04 1.034740091056153055e+00
6.075603301167902100e+04 9.797555746981430058e-01
6.075603327173962316e+04 1.000409082820113982e+00
6.075603353180022532e+04 1.017349991185654945e+00
6.075603379186082020e+04 1.005535238337529558e+00
6.075603405192141508e+04 9.723503507243907995e-01
6.075603431198201724e+04 8.928733528060736058e-01
6.075603457204261213e+04 1.031937506088059786e+00
6.075603483210320701e+04 9.411764878574866433e-01
6.075603509216381644e+04 9.488475118623886928e-01
6.075603535222441133e+04 9.537847814045011807e-01
6.075603561228501349e+04 1.073195084732944116e+00
6.075603587234560837e+04 1.054996764699526191e+00
6.075603613240621053e+04 1.066886000271394019e+00
6.075603639246681269e+04 9.156977549992091348e-01
6.075603665252740757e+04 1.095188054564649960e+00
6.075603691258800245e+04 9.308816706466205293e-01
6.075603717264860461e+04 9.578870672589260282e-01
6.075603743270919949e+04 1.098721979330580245e+00
6.075603769276979438e+04 1.089931795434213591e+00
6.075603795283040381e+04 9.696621666199092271e-01
6.075603821289099869e+04 9.326011379911451904e-01
6.075603847295160085e+04 1.009986303536311913e+00
6.075603873301219573e+04 9.850287891383944228e-01
6.075603899307279789e+04 1.018366783094986294e+00
6.075603925313340005e+04 1.013428651258669655e+00
6.075603951319399494e+04 9.770074870215337270e-01
6.075603977325458982e+04 9.223540408313244399e-01
6.075604003331519198e+04 9.882861128156443797e-01
6.075604029337578686e+04 9.665259147594263966e-01
6.075604055343638902e+04 1.003849760443499717e+00
6.075604081349698390e+04 1.013836112048043914e+00
6.075604107355758606e+04 1.026586414837523664e+00
6.075604133361818822e+04 9.166628578461144539e-01
6.075604159367878310e+04 1.130100146101655767e+00
6.075604185373938526e+04 1.027096723547516355e+00
6.075604211379998742e+04 1.039593977829217364e+00
6.075604237386058230e+04 1.063215455429615153e+00
6.075604263392118446e+04 9.683148416947200410e-01
6.075604289398177934e+04 9.126988283354764420e-01
6.075604315404237423e+04 1.002643160096252206e+00
6.075604341410297639e+04 1.012334206829627714e+00
6.075604367416357127e+04 9.539419070561795388e-01
6.075604393422418070e+04 9.481278774715820035e-01
6.075604419428477559e+04 9.748497316863563578e-01
6.075604445434537047e+04 1.102474904549081147e+00
6.075604471440597990e+04 1.044988997145679832e+00
6.075604497446657479e+04 8.687119161254683863e-01
6.075604523452717694e+04 9.630221992504879314e-01
6.075604549458777183e+04 1.029619317903977871e+00
6.075604575464836671e+04 1.084872174005775403e+00
6.075604601470896887e+04 9.994033247842575296e-01
6.075604627476956375e+04 9.418882188040306191e-01
6.075604653483016591e+04 1.075210758333602135e+00
6.075604679489076807e+04 9.426871456808980643e-01
6.075604705495136295e+04 1.085611041010585032e+00
6.075604731501196511e+04 9.668270116508400625e-01
6.075604757507256727e+04 1.005029776187859269e+00
6.075604783513316943e+04 1.045117945421374150e+00
6.075604809519376431e+04 9.611774265485791835e-01
6.075604835525435919e+04 1.040295196180317516e+00
6.075604861531496135e+04 1.042148299908387532e+00
6.075604887537555624e+04 1.072194031085496713e+00
6.075604913543615839e+04 1.084535903780557975e+00
6.075604939549675328e+04 9.224690191677527018e-01
6.075604965555735544e+04 9.863065106256388992e-01
6.075604991561795759e+04 9.541669688267153671e-01
6.075605017567855248e+04 9.561467677909587515e-01
6.075605043573915464e+04 1.007175245985330037e+00
6.075605069579975680e+04 9.466869958679646757e-01
6.075605095586035168e+04 1.023971822970750623e+00
6.075605121592095384e+04 1.030502313900046429e+00
6.075605147598154872e+04 9.524031833540043124e-01
6.075605173604215088e+04 1.069736997371505627e+00
6.075605199610274576e+04 9.025886396593820749e-01
6.075605225616334792e+04 1.030181236291799696e+00
6.075605251622395008e+04 1.051032468041166013e+00
6.075605277628454496e+04 1.039141234992682072e+00
6.075605303634514712e+04 1.115790606371601212e+00
6.075605329640574200e+04 9.413231040843064168e-01
6.075605355646635144e+04 1.063637303155352543e+00
6.075605381652694632e+04 1.002905914471557303e+00
6.075605407658754848e+04 1.008434579981471346e+00
6.075605433664814336e+04 1.026352030455568665e+00
6.075605459670873825e+04 1.036216709533802849e+00
6.075605485676934040e+04 9.582085480090838381e-01
6.075605511682993529e+04 9.409296032048087843e-01
6.075605537689054472e+04 1.047837484716036105e+00
6.075605563695113960e+04 9.895405624212035844e-01
6.075605589701174176e+04 1.060564341100980856e+00
6.075605615707233665e+04 1.073091318115634074e+00
6.075605641713293880e+04 9.224295053796037758e-01
6.075605667719354096e+04 9.222838509517986560e-01
6.075605693725413585e+04 1.012074430682740278e+00
6.075605719731473800e+04 1.027224422410305094e+00
6.075605745737533289e+04 1.044535327177362083e+00
6.075605771743593505e+04 1.044811577282575898e+00
6.075605797749652993e+04 9.684428737023231815e-01
6.075605823755713209e+04 1.057291660874888350e+00
6.075605849761773425e+04 1.062638758947253903e+00
6.075605875767832913e+04 1.029421938366936962e+00
6.075605901773893129e+04 1.025117049392819668e+00
6.075605927779953345e+04 1.035022926267195942e+00
6.075606082322710427e+04 9.555531418641378671e-01
6.075606108328780829e+04 8.716247338832876501e-01
6.075606134334851231e+04 1.049505554737403701e+00
6.075606160340922361e+04 1.049206931087421912e+00
6.075606186346992035e+04 1.031515050957722446e+00
6.075606212353063165e+04 1.093524874449925965e+00
6.075606238359133567e+04 9.105042834474676994e-01
6.075606264365204697e+04 1.039265753565121297e+00
6.075606290371275099e+04 9.742746664316823679e-01
6.075606316377345502e+04 1.020530884338675781e+00
6.075606342383415904e+04 8.893865214170415534e-01
6.075606368389486306e+04 9.040939427700598330e-01
6.075606394395557436e+04 1.006402102225402828e+00
6.075606420401627838e+04 1.025547858679391133e+00
6.075606446407698240e+04 9.793449114206144168e-01
6.075606472413768643e+04 9.299315805574577265e-01
6.075606498419839772e+04 1.048826625264870138e+00
6.075606524425910175e+04 1.092447218635417716e+00
6.075606550431981304e+04 9.953115776924911229e-01
6.075606576438050979e+04 1.046717030614189081e+00
6.075606602444122109e+04 1.091894366271849881e+00
6.075606628450192511e+04 1.087256846623196882e+00
6.075606654456262913e+04 9.785939194115585993e-01
6.075606680462333316e+04 1.002283324692800681e+00
6.075606706468404445e+04 1.108718540723381274e+00
6.075606732474474848e+04 9.992154371990946693e-01
6.075606758480545250e+04 1.036765070856251914e+00
6.075606784486615652e+04 9.956447741136410512e-01
6.075606810492686054e+04 1.010999921780287858e+00
6.075606836498757184e+04 1.114760114531045732e+00
6.075606862504827586e+04 9.714005791643560705e-01
6.075606888510898716e+04 1.063774455723579315e+00
6.075606914516968391e+04 9.264643040237259264e-01
6.075606940523039520e+04 1.025587408274434065e+00
6.075606966529109923e+04 1.053850395201114898e+00
6.075606992535180325e+04 9.167138636939187180e-01
6.075607018541250727e+04 8.578232619809650350e-01
6.075607044547321857e+04 9.393747452160290390e-01
6.075607070553392259e+04 9.135139862114296516e-01
6.075607096559463389e+04 9.602972283256175912e-01
6.075607122565533064e+04 1.107809927109204118e+00
6.075607148571604193e+04 1.013296159142224706e+00
6.075607174577674596e+04 9.974466055056617764e-01
6.075607200583745725e+04 9.605034472577634874e-01
6.075607226589816128e+04 9.667141155359768590e-01
6.075607252595886530e+04 9.197512075964136002e-01
6.075607278601956932e+04 1.108621601800772183e+00
6.075607304608028062e+04 1.055166229556316004e+00
6.075607330614097737e+04 9.402844737741560266e-01
6.075607356620169594e+04 1.021707273684161255e+00
6.075607382626239269e+04 9.286893172630984461e-01
6.075607408632310398e+04 8.637894272590050937e-01
6.075607434638380801e+04 9.391669191827552998e-01
6.075607460644451203e+04 9.715062546728636672e-01
6.075607486650521605e+04 9.754301021938329708e-01
6.075607512656592735e+04 9.602535273003478533e-01
6.075607538662663137e+04 1.030589042174529846e+00
6.075607564668734267e+04 1.114624385919272820e+00
6.075607590674803942e+04 1.067320229651300023e+00
6.075607616680875071e+04 1.068871436510804074e+00
6.075607642686945474e+04 9.137753602157058230e-01
6.075607668693016603e+04 1.000863710025685860e+00
6.075607694699087006e+04 1.089163165172351899e+00
6.075607720705157408e+04 1.004379033449221748e+00
6.075607746711227810e+04 1.133125927238166408e+00
6.075607772717298940e+04 9.656777357768652204e-01
6.075607798723368614e+04 1.030729380241327764e+00
6.075607824729439744e+04 1.055862113581348183e+00
6.075607850735510146e+04 1.008431835255112485e+00
6.075607876741581276e+04 1.078866234140843927e+00
6.075607902747651679e+04 9.020157003824522679e-01
6.075607928753722081e+04 9.781943155916509314e-01
6.075607954759792483e+04 1.016237381042051302e+00
6.075607980765863613e+04 9.388542496376350854e-01
6.075608006771934015e+04 1.098822001152253591e+00
6.075608032778005145e+04 8.951548670000567531e-01
6.075608058784074819e+04 1.035545839965298587e+00
6.075608084790145949e+04 9.375207931209051937e-01
6.075608110796216351e+04 1.082042423918346596e+00
6.075608136802286754e+04 9.975996455905237204e-01
6.075608162808357156e+04 1.045653849005408587e+00
6.075608188814428286e+04 1.063528529208833451e+00
6.075608214820498688e+04 9.888427839940655550e-01
6.075608240826569818e+04 1.052986363899219624e+00
6.075608266832639492e+04 1.118102265357564518e+00
6.075608292838710622e+04 1.080842563072745621e+00
6.075608318844781024e+04 1.099107829868743558e+00
6.075608344850852154e+04 1.007925228482332791e+00
6.075608370856922556e+04 9.890116249129531356e-01
6.075608396862992959e+04 9.411574930446888754e-01
6.075608422869064088e+04 9.778118826536530417e-01
6.075608448875134491e+04 1.007437940736675808e+00
6.075608474881204893e+04 1.028265567128305191e+00
6.075608500887276023e+04 8.493937234659142410e-01
6.075608526893346425e+04 9.602996997958489489e-01
6.075608552899416827e+04 1.110277904123349257e+00
6.075608578905487957e+04 8.687157669767573420e-01
6.075608604911557632e+04 1.080640830714326706e+00
6.075608630917628761e+04 9.774907779382694395e-01
6.075608656923699164e+04 1.145546532976033260e+00
6.075608682929770293e+04 1.030044172427390325e+00
6.075608708935840696e+04 1.053274572363852135e+00
6.075608734941911098e+04 1.052738089611364503e+00
6.075608760947981500e+04 1.020082187051235989e+00
6.075608786954052630e+04 1.023166137518448204e+00
6.075608812960123760e+04 1.032562669394422095e+00
6.075608838966194162e+04 1.053926973465744155e+00
6.075608864972264564e+04 1.048068113328873396e+00
6.075608890978334966e+04 1.081205370921489495e+00
6.075608916984406096e+04 9.635531369108846222e-01
6.075609076569380704e+04 9.352510544465282294e-01
6.075609102575441648e+04 9.787881066559275256e-01
6.075609128581501136e+04 1.073276435080364966e+00
6.075609154587561352e+04 1.016919665715889654e+00
6.075609180593621568e+04 9.239252718141398590e-01
6.075609206599681784e+04 1.035774864432924325e+00
6.075609232605741272e+04 1.028669567227219028e+00
6.075609258611801488e+04 1.088780613513278261e+00
6.075609284617860976e+04 9.001652380309786983e-01
6.075609310623921192e+04 9.824780646920070470e-01
6.075609336629981408e+04 1.045477197826832461e+00
6.075609362636040896e+04 9.518792955896276942e-01
6.075609388642101840e+04 9.416316782074007907e-01
6.075609414648161328e+04 9.266274539083887429e-01
6.075609440654221544e+04 9.764409405133750441e-01
6.075609466660281760e+04 1.025677380540974015e+00
6.075609492666341976e+04 9.763998543326147805e-01
6.075609518672402191e+04 9.913262117828051112e-01
6.075609544678461680e+04 1.024467562957049216e+00
6.075609570684521896e+04 9.610939008456682586e-01
6.075609596690581384e+04 1.031892069939304601e+00
6.075609622696641600e+04 9.648740117081411327e-01
6.075609648702701088e+04 1.039033323142448451e+00
6.075609674708762032e+04 9.718311877177009395e-01
6.075609700714822247e+04 9.298266295960566641e-01
6.075609726720881736e+04 1.040111362061907574e+00
6.075609752726942679e+04 8.991994941645321537e-01
6.075609778733002167e+04 9.282556308859165606e-01
6.075609804739062383e+04 1.039414951193122105e+00
6.075609830745121872e+04 1.061862844561363151e+00
6.075609856751182087e+04 1.051148125354829377e+00
6.075609882757242303e+04 1.056321046335790159e+00
6.075609908763301792e+04 9.357834660175016195e-01
6.075609934769362008e+04 1.031919173029136827e+00
6.075609960775422223e+04 1.009588987348395417e+00
6.075609986781482439e+04 9.251551791337720987e-01
6.075610012787541928e+04 1.055161416777140593e+00
6.075610038793602143e+04 9.613863330642443694e-01
6.075610064799663087e+04 9.931857706077049652e-01
6.075610090805722575e+04 1.059469770867114802e+00
6.075610116811782791e+04 9.259239054369555744e-01
6.075610142817842279e+04 1.052757671354198621e+00
6.075610168823902495e+04 1.077906809410833722e+00
6.075610194829962711e+04 9.043293777712176906e-01
6.075610220836022199e+04 1.013654790647360082e+00
6.075610246842083143e+04 9.824959149703675898e-01
6.075610272848142631e+04 1.031064966612923683e+00
6.075610298854202847e+04 9.639525830400350603e-01
6.075610324860263063e+04 9.314007906727487240e-01
6.075610350866323279e+04 8.748022910806451113e-01
6.075610376872383495e+04 1.046938544300893614e+00
6.075610402878442983e+04 1.059440254334530929e+00
6.075610428884503199e+04 1.112055239902990600e+00
6.075610454890563415e+04 9.143531520634934351e-01
6.075610480896622903e+04 1.123837283976690360e+00
6.075610506902683119e+04 8.970738833348420593e-01
6.075610532908743335e+04 1.019015620404837286e+00
6.075610558914803551e+04 9.912917891196050268e-01
6.075610584920863766e+04 9.595783014218123297e-01
6.075610610926923255e+04 1.023847972536485740e+00
6.075610636932984198e+04 9.802684267059438294e-01
6.075610662939043686e+04 1.006930014464899381e+00
6.075610688945103902e+04 1.034305848065136590e+00
6.075610714951164118e+04 1.014648640889593390e+00
6.075610740957223607e+04 9.972250079051973026e-01
6.075610766963283822e+04 9.741286124468118146e-01
6.075610792969343311e+04 1.037761344368585359e+00
6.075610818975403527e+04 1.028532804952031698e+00
6.075610844981464470e+04 9.262503868432957477e-01
6.075610870987523958e+04 1.164010979123539569e+00
6.075610896993584174e+04 1.008551268304200388e+00
6.075610922999644390e+04 1.060977517757519806e+00
6.075610949005704606e+04 9.974189143530914903e-01
6.075610975011764822e+04 9.325757149394350298e-01
6.075611001017824310e+04 1.025058058707375874e+00
6.075611027023884526e+04 8.915843280346492650e-01
6.075611053029944742e+04 8.917230080792655222e-01
6.075611079036004230e+04 9.964991474309057295e-01
6.075611105042064446e+04 9.954696394200930332e-01
6.075611131048124662e+04 1.002615230783239664e+00
6.075611157054184878e+04 1.140518511800977075e+00
6.075611183060245094e+04 1.019296255821000141e+00
6.075611209066305310e+04 1.063664628398410139e+00
6.075611235072365525e+04 9.976072060529271868e-01
6.075611261078425741e+04 1.041323312536048595e+00
6.075611287084485230e+04 9.748110312046063264e-01
6.075611313090545445e+04 1.037686342270682127e+00
6.075611339096604934e+04 9.663638915361770776e-01
6.075611365102665150e+04 1.135546461812878105e+00
6.075611391108725365e+04 1.122006984412256658e+00
6.075611417114785581e+04 1.079699911203610974e+00
6.075611443120845797e+04 1.134724052194874933e+00
6.075611469126906013e+04 1.061676703343828354e+00
6.075611495132966229e+04 9.713974829340830119e-01
6.075611521139026445e+04 9.802292430095312925e-01
6.075611547145085933e+04 1.014116539534129169e+00
6.075611573151146149e+04 1.060946204712942320e+00
6.075611599157206365e+04 1.075836641094705115e+00
6.075611625163265853e+04 1.056667321411011384e+00
6.075611651169326069e+04 1.067464814143713303e+00
6.075611677175386285e+04 9.758333096376188287e-01
6.075611703181446501e+04 9.917975718866579582e-01
6.075611729187506717e+04 9.118942963872650465e-01
6.075611755193566933e+04 9.603354675566387888e-01
6.075611781199626421e+04 1.126410413520889664e+00
6.075611807205687364e+04 1.028669048310365319e+00
6.075611833211747580e+04 9.711622800538111111e-01
6.075611859217807068e+04 1.082870062551317458e+00
6.075611885223867284e+04 9.905407495844834598e-01
6.075611911229926773e+04 1.036202187484465798e+00
6.075612077117233275e+04 1.065036367252486738e+00
6.075612103123303677e+04 1.023123138801678156e+00
6.075612129129374080e+04 1.014792354541253605e+00
6.075612155135445209e+04 1.073324605517158581e+00
6.075612181141516339e+04 1.124900021858132870e+00
6.075612207147586741e+04 1.003933548533778808e+00
6.075612233153657144e+04 1.006627039138669799e+00
6.075612259159728274e+04 1.104051861394702794e+00
6.075612285165798676e+04 1.123672127536184284e+00
6.075612311171869806e+04 1.016111903558643670e+00
6.075612337177940935e+04 9.776066456483187839e-01
6.075612363184010610e+04 1.087088132385787720e+00
6.075612389190081740e+04 9.518242852651839225e-01
6.075612415196152870e+04 1.107668159367574567e+00
6.075612441202222544e+04 9.987022002811050125e-01
6.075612467208293674e+04 9.586983259313471839e-01
6.075612493214364804e+04 1.008582697839369269e+00
6.075612519220435206e+04 1.038032810849869758e+00
6.075612545226506336e+04 9.796923506767299950e-01
6.075612571232576738e+04 1.060507210150897883e+00
6.075612597238647140e+04 1.073844895462031435e+00
6.075612623244718270e+04 1.078121165378516988e+00
6.075612649250789400e+04 1.148384459420730197e+00
6.075612675256859802e+04 1.073761919382911989e+00
6.075612701262930204e+04 1.053182385188615733e+00
6.075612727269001334e+04 9.741182327569707367e-01
6.075612753275071736e+04 1.032165197655642741e+00
6.075612779281142139e+04 1.007358867449049011e+00
6.075612805287213268e+04 9.855298935842252694e-01
6.075612831293283671e+04 1.013190942271148254e+00
6.075612857299354800e+04 1.122538102547022687e+00
6.075612883305425930e+04 1.080331387257338571e+00
6.075612909311495605e+04 1.121026733592602298e+00
6.075612935317566735e+04 1.044352295372427797e+00
6.075612961323637865e+04 9.921884363758621816e-01
6.075612987329708267e+04 9.893119050754763943e-01
6.075613013335779397e+04 1.046086812237372099e+00
6.075613039341849799e+04 1.059281924852543133e+00
6.075613065347920201e+04 1.076615206496994048e+00
6.075613091353991331e+04 1.120425364786705957e+00
6.075613117360061733e+04 1.023416564275043017e+00
6.075613143366133590e+04 9.909958033776343767e-01
6.075613169372203265e+04 1.097256315788510905e+00
6.075613195378274395e+04 1.067730527541408625e+00
6.075613221384345525e+04 1.191640937914914877e+00
6.075613247390415199e+04 1.004146550393588022e+00
6.075613273396486329e+04 9.603298560999411482e-01
6.075613299402557459e+04 1.027070132964988947e+00
6.075613325408627861e+04 8.907057253930916740e-01
6.075613351414698991e+04 9.351947089675836100e-01
6.075613377420769393e+04 9.886157869384887276e-01
6.075613403426840523e+04 1.068911329302210333e+00
6.075613429432910925e+04 9.335882152172676474e-01
6.075613455438982055e+04 1.040692199534937856e+00
6.075613481445053185e+04 1.106533998625540249e+00
6.075613507451122859e+04 1.090868870583456829e+00
6.075613533457193989e+04 1.007204298677555121e+00
6.075613559463265119e+04 1.042365997677409561e+00
6.075613585469334794e+04 1.041886204973351493e+00
6.075613611475405924e+04 8.861716332063332979e-01
6.075613637481477053e+04 9.936957141054973963e-01
6.075613663487548183e+04 1.035187830404271203e+00
6.075613689493618585e+04 1.004765701681061163e+00
6.075613715499688988e+04 9.344315462207407608e-01
6.075613741505760117e+04 1.037836365178373965e+00
6.075613767511830520e+04 9.325559425369871480e-01
6.075613793517901649e+04 9.586842925936094328e-01
6.075613819523972779e+04 9.984718101943754753e-01
6.075613845530043181e+04 1.088706385058890724e+00
6.075613871536113584e+04 9.988606974778702075e-01
6.075613897542184714e+04 9.229468043218317375e-01
6.075613923548255116e+04 1.089148128512614999e+00
6.075613949554325518e+04 9.090515206126903447e-01
6.075613975560396648e+04 1.114300599926743018e+00
6.075614001566467778e+04 1.055085663148619179e+00
6.075614027572538907e+04 9.753152342815365472e-01
6.075614053578608582e+04 9.451786926508923825e-01
6.075614079584679712e+04 1.081462483275297259e+00
6.075614105590750842e+04 1.011912526968751225e+00
6.075614131596821244e+04 9.904163649902857358e-01
6.075614157602892374e+04 1.014855050985121077e+00
6.075614183608962776e+04 1.018694995045776208e+00
6.075614209615033906e+04 1.019268367792990349e+00
6.075614235621104308e+04 1.051091362283211206e+00
6.075614261627174710e+04 1.047186292677802166e+00
6.075614287633246568e+04 1.034439202966137339e+00
6.075614313639316970e+04 9.667167870812020114e-01
6.075614339645387372e+04 1.074289763296795375e+00
6.075614365651458502e+04 9.942146147946492318e-01
6.075614391657528904e+04 9.466259717109323235e-01
6.075614417663600034e+04 8.574832148086124484e-01
6.075614443669670436e+04 1.139052540301821237e+00
6.075614469675741566e+04 1.091991406569737588e+00
6.075614495681812696e+04 1.122872754975648091e+00
6.075614521687882370e+04 9.740242659789858370e-01
6.075614547693953500e+04 1.033381591531155275e+00
6.075614573700024630e+04 1.024172454233953866e+00
6.075614599706095760e+04 1.007186579139919713e+00
6.075614625712166162e+04 1.054416448963255482e+00
6.075614651718236564e+04 9.215906381226789401e-01
6.075614677724307694e+04 1.026167578895011756e+00
6.075614703730378824e+04 1.027882952300303909e+00
6.075614729736448498e+04 1.069700031221360037e+00
6.075614755742519628e+04 9.302108066375726070e-01
6.075614781748590758e+04 9.359062629070730166e-01
6.075614807754661888e+04 9.200768574069673189e-01
6.075614833760732290e+04 1.048256647343486891e+00
6.075614859766802692e+04 1.070289815800172351e+00
6.075614885772873822e+04 9.595094835752236984e-01
6.075614911778944952e+04 9.792272194561219001e-01
