6.075547523418369383e+04 9.682845638693170498e-01
6.075547549424438330e+04 9.799282288968105270e-01
6.075547575430508005e+04 9.521801336443577179e-01
6.075547601436576224e+04 9.526355829086080584e-01
6.075547627442645899e+04 9.711257315818344615e-01
6.075547653448714846e+04 9.581406484767004406e-01
6.075547679454784520e+04 1.001855042626805581e+00
6.075547705460853467e+04 9.894553863426984730e-01
6.075547731466922414e+04 1.032957573775467930e+00
6.075547757472991361e+04 1.043621742127494700e+00
6.075547783479061036e+04 9.213700199401634316e-01
6.075547809485129255e+04 9.632877336145747593e-01
6.075547835491198930e+04 9.392542614452897842e-01
6.075547861497267877e+04 9.334876068023043594e-01
6.075547887503337552e+04 9.735268895624553664e-01
6.075547913509406499e+04 9.926536553185578704e-01
6.075547939515475446e+04 1.005497452414435999e+00
6.075547965521544393e+04 9.971530352678782405e-01
6.075547991527614067e+04 1.025833861150286852e+00
6.075548017533683014e+04 9.646558010185924958e-01
6.075548043539752689e+04 1.000660569944145761e+00
6.075548069545820908e+04 9.943650029156607673e-01
6.075548095551890583e+04 1.020247849329495970e+00
6.075548121557959530e+04 1.012019572487163899e+00
6.075548147564028477e+04 1.040443597091330163e+00
6.075548173570098152e+04 9.376181128378316965e-01
6.075548199576167099e+04 9.350146410693488397e-01
6.075548225582236773e+04 9.877489394915748289e-01
6.075548251588305720e+04 9.838438258296908767e-01
6.075548277594374667e+04 9.476184122023381118e-01
6.075548303600443614e+04 9.449236117568559079e-01
6.075548329606513289e+04 1.037143833043366214e+00
6.075548355612582236e+04 9.425655711239446788e-01
6.075548381618651911e+04 9.579754699278776320e-01
6.075548407624720130e+04 9.730469664276576447e-01
6.075548433630789805e+04 9.732280324125812676e-01
6.075548459636858752e+04 1.018823899742308470e+00
6.075548485642928426e+04 9.280237683352099420e-01
6.075548511648997373e+04 9.401453999777200643e-01
6.075548537655066320e+04 9.785843275642710504e-01
6.075548563661135267e+04 1.047636803814343542e+00
6.075548589667204942e+04 9.563853563022501891e-01
6.075548615673273162e+04 9.861936466757612596e-01
6.075548641679342836e+04 1.009203485853864990e+00
6.075548667685411783e+04 9.237521092392454447e-01
6.075548693691481458e+04 9.390378952169753379e-01
6.075548719697551132e+04 9.426756112711148772e-01
6.075548745703619352e+04 9.678627123359635487e-01
6.075548771709689026e+04 1.023727737094754175e+00
6.075548797715757973e+04 9.640311617433274805e-01
6.075548823721827648e+04 9.478395505884785743e-01
6.075548849727896595e+04 9.534399691218243822e-01
6.075548875733965542e+04 9.792572580289913287e-01
6.075548901740034489e+04 9.879036265360623403e-01
6.075548927746104164e+04 1.024435099807307070e+00
6.075548953752172383e+04 9.613791960316866447e-01
6.075548979758242058e+04 9.875457897732003998e-01
6.075549005764311732e+04 1.046034566340902083e+00
6.075549031770380680e+04 9.921681619114069983e-01
6.075549057776450354e+04 9.979626605230433878e-01
6.075549083782518574e+04 1.008268554519190952e+00
6.075549109788588248e+04 1.018742415678509872e+00
6.075549135794657195e+04 9.703534889603753211e-01
6.075549161800726870e+04 9.600474070388520520e-01
6.075549187806795817e+04 9.901705351745354600e-01
6.075549213812864764e+04 9.732417010584137884e-01
6.075549239818933711e+04 9.835795166627684383e-01
6.075549265825003386e+04 1.029773752826964373e+00
6.075549291831072333e+04 9.956663304958860428e-01
6.075549317837142007e+04 9.951391811650103225e-01
6.075549343843210954e+04 9.340197793070527110e-01
6.075549369849279901e+04 9.748798873237711771e-01
6.075549395855349576e+04 1.007287794195654840e+00
6.075549421861417795e+04 1.009900235814523484e+00
6.075549447867487470e+04 1.020188786960436245e+00
6.075549473873556417e+04 9.741990131188750235e-01
6.075549499879626092e+04 9.607261039000570824e-01
6.075549525885695766e+04 1.034433392240239113e+00
6.075549551891763986e+04 1.024425823388179779e+00
6.075549577897833660e+04 9.543363109581590731e-01
6.075549603903902607e+04 1.038992725210401868e+00
6.075549629909972282e+04 9.804818795548602139e-01
6.075549655916041229e+04 9.850851908261960554e-01
6.075549681922110176e+04 1.012206940189357196e+00
6.075549707928179851e+04 9.550882484618494761e-01
6.075549733934248798e+04 9.270436513325099881e-01
6.075549759940317745e+04 9.811902042700303417e-01
6.075549785946386692e+04 9.878607197101350046e-01
6.075549811952456366e+04 9.435920632604123393e-01
6.075549837958525313e+04 9.401437272627669595e-01
6.075549863964594988e+04 9.962230071828418465e-01
6.075549889970663935e+04 9.649261634491506090e-01
6.075549915976732882e+04 9.796656830205709987e-01
6.075549941982802557e+04 9.927228636336783429e-01
6.075549967988871504e+04 9.965401378646235875e-01
6.075549993994941178e+04 9.811242433913514027e-01
6.075550020001009398e+04 9.986894174685558845e-01
6.075550046007079072e+04 9.625608701243879572e-01
6.075550072013148747e+04 9.567571910428180892e-01
6.075550098019216966e+04 9.399935411880002700e-01
6.075550124025286641e+04 9.686636239411283711e-01
6.075550150031355588e+04 9.661189009995878596e-01
6.075550176037425263e+04 9.887897042987858764e-01
6.075550202043494210e+04 1.002779308264776681e+00
6.075550228049563157e+04 1.022809083463476876e+00
6.075550254055632831e+04 9.334603523913356238e-01
6.075550280061701778e+04 9.905736659704045266e-01
6.075550306067771453e+04 9.487625140027882154e-01
6.075550332073840400e+04 1.017185261109583072e+00
6.075550358079909347e+04 9.290913431316858428e-01
6.075550513883041276e+04 9.682256575353647143e-01
6.075550539889110951e+04 9.867828232814879197e-01
6.075550565895179898e+04 9.476506395593533583e-01
6.075550591901248845e+04 1.024066498073503695e+00
6.075550617907318519e+04 9.709635083196065386e-01
6.075550643913387466e+04 9.682567131003076977e-01
6.075550669919457141e+04 9.965507669564082072e-01
6.075550695925526088e+04 9.274102919754260155e-01
6.075550721931595035e+04 9.896438638997840931e-01
6.075550747937664710e+04 9.818127281853818999e-01
6.075550773943733657e+04 9.774648434722680301e-01
6.075550799949803331e+04 1.013758861264890232e+00
6.075550825955872278e+04 9.573028743748284164e-01
6.075550851961941225e+04 9.859567396996545829e-01
6.075550877968010900e+04 1.000939816437319330e+00
6.075550903974079847e+04 9.880599919628387795e-01
6.075550929980148794e+04 1.027410903102022433e+00
6.075550955986217741e+04 9.853582702121184145e-01
6.075550981992287416e+04 9.904880695165124704e-01
6.075551007998357090e+04 9.868960837394135099e-01
6.075551034004426037e+04 1.033682730284446016e+00
6.075551060010494984e+04 9.537774800733100911e-01
6.075551086016564659e+04 9.272873173190576690e-01
6.075551112022633606e+04 9.553280942178320467e-01
6.075551138028703281e+04 9.370579497580392436e-01
6.075551164034772228e+04 9.743295291401183889e-01
6.075551190040841175e+04 9.575767681457165725e-01
6.075551216046910849e+04 9.893001397279141962e-01
6.075551242052979796e+04 9.550630214687541031e-01
6.075551268059049471e+04 1.018114869874132911e+00
6.075551294065118418e+04 9.385233234803695979e-01
6.075551320071187365e+04 1.013508947486437384e+00
6.075551346077257040e+04 9.258121838414666849e-01
6.075551372083325987e+04 9.662250034585586622e-01
6.075551398089394934e+04 1.022826246237784842e+00
6.075551424095464608e+04 1.001314255011908516e+00
6.075551450101533555e+04 9.962560590282000250e-01
6.075551476107603230e+04 9.073951562599562592e-01
6.075551502113672177e+04 9.249783335454421218e-01
6.075551528119741124e+04 9.566029174787025191e-01
6.075551554125810799e+04 9.953343473933730090e-01
6.075551580131879746e+04 9.351876716229060582e-01
6.075551606137949420e+04 9.891295344777736309e-01
6.075551632144019095e+04 9.967184774537464209e-01
6.075551658150087314e+04 9.778270837904948776e-01
6.075551684156156989e+04 9.453448870629829193e-01
6.075551710162226664e+04 9.781916353268452768e-01
6.075551736168294883e+04 9.940452265544441612e-01
6.075551762174364558e+04 9.817721429807861888e-01
6.075551788180433505e+04 9.763180849788397619e-01
6.075551814186503179e+04 9.897629479242813222e-01
6.075551840192572854e+04 9.401145269736098653e-01
6.075551866198641073e+04 1.010415895805928832e+00
6.075551892204710748e+04 1.002171991657954342e+00
6.075551918210780423e+04 9.725105465287563478e-01
6.075551944216849370e+04 9.940187311768994283e-01
6.075551970222919044e+04 9.927080218477448703e-01
6.075551996228987991e+04 1.032268066043052324e+00
6.075552022235056938e+04 9.533270387947859748e-01
6.075552048241126613e+04 9.443861086395479720e-01
6.075552074247194832e+04 9.946031223505099605e-01
6.075552100253265235e+04 9.614233177497520932e-01
6.075552126259334182e+04 1.009055334921142189e+00
6.075552152265403129e+04 9.775991564874656481e-01
6.075552178271472803e+04 9.416601673226623337e-01
6.075552204277541750e+04 9.899950919841490338e-01
6.075552230283610697e+04 9.156376347518941916e-01
6.075552256289680372e+04 1.046903945403311553e+00
6.075552282295750047e+04 9.759547129418875144e-01
6.075552308301818994e+04 1.012030063254006906e+00
6.075552334307887941e+04 9.209444090306061481e-01
6.075552360313957615e+04 9.651636541226580324e-01
6.075552386320026562e+04 9.428376725767353417e-01
6.075552412326096237e+04 9.619638129582784858e-01
6.075552438332165912e+04 9.640943217856019487e-01
6.075552464338234131e+04 9.701681631288296970e-01
6.075552490344303806e+04 9.580018235309775143e-01
6.075552516350373480e+04 1.021432841514589240e+00
6.075552542356441700e+04 1.017115119985847027e+00
6.075552568362511374e+04 1.019102520918928834e+00
6.075552594368581049e+04 9.666756031114308589e-01
6.075552620374649996e+04 9.887320374109499488e-01
6.075552646380719671e+04 9.547725316243405036e-01
6.075552672386788618e+04 9.835432611778648360e-01
6.075552698392857565e+04 1.021651486706187439e+00
6.075552724398927239e+04 9.786439405250955126e-01
6.075552750404996914e+04 1.004957818695566107e+00
6.075552776411065861e+04 9.575613652307417567e-01
6.075552802417134808e+04 9.812651542151742401e-01
6.075552828423204483e+04 9.345300745765313666e-01
6.075552854429273430e+04 1.049505457321848745e+00
6.075552880435342377e+04 1.023589693502198195e+00
6.075552906441412051e+04 9.664613935612194062e-01
6.075552932447480998e+04 1.008014074995789100e+00
6.075552958453550673e+04 9.864559368855086996e-01
6.075552984459620347e+04 1.023802007238442391e+00
6.075553010465688567e+04 1.031446331674191530e+00
6.075553036471758242e+04 9.939009974891107602e-01
6.075553062477827916e+04 1.011276337221144628e+00
6.075553088483896863e+04 9.891710650370649782e-01
6.075553114489966538e+04 1.012727599892119912e+00
6.075553140496035485e+04 9.157142191405341913e-01
6.075553166502104432e+04 1.029359795766764840e+00
6.075553192508174106e+04 9.519361497168971065e-01
6.075553218514243054e+04 1.004719020440704602e+00
6.075553244520312728e+04 1.019132472027105107e+00
6.075553270526381675e+04 9.849647997724364501e-01
6.075553296532451350e+04 1.013240720685893992e+00
6.075553322538520297e+04 9.963101894292619720e-01
6.075553348544589244e+04 9.367645351095449380e-01
6.075553503087646095e+04 9.280448837065482515e-01
6.075553529093715770e+04 9.368330892384698627e-01
6.075553555099784717e+04 9.762860154260802892e-01
6.075553581105853664e+04 9.348964729328798073e-01
6.075553607111923338e+04 9.666756046248944356e-01
6.075553633117992285e+04 9.873437391785560013e-01
6.075553659124061960e+04 9.519144825051847336e-01
6.075553685130131635e+04 1.002204894234587584e+00
6.075553711136199854e+04 9.750375126422538008e-01
6.075553737142269529e+04 9.732062025786609727e-01
6.075553763148339203e+04 9.812759512515389915e-01
6.075553789154408878e+04 9.956345249819233967e-01
6.075553815160477825e+04 9.563497531939975094e-01
6.075553841166546772e+04 9.936665108524327383e-01
6.075553867172616447e+04 9.879523442074967798e-01
6.075553893178685394e+04 9.820225817706098592e-01
6.075553919184754341e+04 9.448275265610822649e-01
6.075553945190824015e+04 9.336279358858078359e-01
6.075553971196892962e+04 9.932193347750573054e-01
6.075553997202962637e+04 1.015066004560087665e+00
6.075554023209032312e+04 9.740373156241632913e-01
6.075554049215101259e+04 9.576352506840805079e-01
6.075554075221170206e+04 9.886422854554142159e-01
6.075554101227239880e+04 1.004215216293098401e+00
6.075554127233309555e+04 1.001921402003996819e+00
6.075554153239378502e+04 9.743866966926951756e-01
6.075554179245447449e+04 1.013430191088622312e+00
6.075554205251517124e+04 9.566521565700110141e-01
6.075554231257586798e+04 9.526768146754424071e-01
6.075554257263655018e+04 9.761664701812048373e-01
6.075554283269725420e+04 1.012642851455168191e+00
6.075554309275794367e+04 1.006200359300340796e+00
6.075554335281863314e+04 9.824032042713181090e-01
6.075554361287932988e+04 9.940606413876493797e-01
6.075554387294001936e+04 1.009389743477524526e+00
6.075554413300071610e+04 1.040103056474035226e+00
6.075554439306140557e+04 1.016265161159992658e+00
6.075554465312210232e+04 9.388309368561479351e-01
6.075554491318279906e+04 1.025747053172014089e+00
6.075554517324348853e+04 1.009763473935709976e+00
6.075554543330417800e+04 1.023861041729425381e+00
6.075554569336487475e+04 9.750077568657382621e-01
6.075554595342557150e+04 1.007803091565674825e+00
6.075554621348626097e+04 1.012744836709735141e+00
6.075554647354695044e+04 9.692321174544117346e-01
6.075554673360764718e+04 9.758829081063219446e-01
6.075554699366834393e+04 9.858884329428296844e-01
6.075554725372902612e+04 9.906374854695806365e-01
6.075554751378972287e+04 9.436074388184233497e-01
6.075554777385041962e+04 9.856479573433201136e-01
6.075554803391111636e+04 1.045518005676831175e+00
6.075554829397180583e+04 9.700013949602107610e-01
6.075554855403249530e+04 9.207717641293066135e-01
6.075554881409319205e+04 9.855158092313434093e-01
6.075554907415388152e+04 1.022966384471386325e+00
6.075554933421457827e+04 1.025309956326491578e+00
6.075554959427527501e+04 1.002592833300558040e+00
6.075554985433596448e+04 1.005883885771458708e+00
6.075555011439665395e+04 1.007771692848906220e+00
6.075555037445735070e+04 9.726934631052641667e-01
6.075555063451804017e+04 1.067384942782223289e+00
6.075555089457873692e+04 9.789032458175142004e-01
6.075555115463942639e+04 9.790048885083439956e-01
6.075555141470012313e+04 1.010827019305964303e+00
6.075555167476081988e+04 9.679967645693825506e-01
6.075555193482150935e+04 1.050633694860269696e+00
6.075555219488219882e+04 9.964862382140503572e-01
6.075555245494289557e+04 1.027003825038135698e+00
6.075555271500359231e+04 9.697126823671050611e-01
6.075555297506428906e+04 9.653735401820288109e-01
6.075555323512497125e+04 1.027997676215048894e+00
6.075555349518566800e+04 1.003907407936886154e+00
6.075555375524636474e+04 1.009408453461521304e+00
6.075555401530705421e+04 1.003739865226855432e+00
6.075555427536775096e+04 1.017298712352257439e+00
6.075555453542844043e+04 9.863720306375945990e-01
6.075555479548913718e+04 9.614291550430051903e-01
6.075555505554983392e+04 1.014292973223994920e+00
6.075555531561051612e+04 9.316649882865611909e-01
6.075555557567121286e+04 9.921657527992661096e-01
6.075555583573190961e+04 1.004355155162245161e+00
6.075555609579260636e+04 1.022252047250148843e+00
6.075555635585329583e+04 9.743500074493540719e-01
6.075555661591398530e+04 9.798062788560348846e-01
6.075555687597468204e+04 9.607406866286402058e-01
6.075555713603537879e+04 1.030566310384558149e+00
6.075555739609607554e+04 1.030626313228449442e+00
6.075555765615676501e+04 9.509718269428513171e-01
6.075555791621745448e+04 1.037082642021227796e+00
6.075555817627815122e+04 9.981954524008057605e-01
6.075555843633884797e+04 9.906184231199501866e-01
6.075555869639953016e+04 9.653690372793035657e-01
6.075555895646022691e+04 9.717833181501857043e-01
6.075555921652092366e+04 9.956463109386496368e-01
6.075555947658162040e+04 9.409648948061422047e-01
6.075555973664230987e+04 9.838407864230520605e-01
6.075555999670299934e+04 9.783552083259040577e-01
6.075556025676369609e+04 1.006679230346071430e+00
6.075556051682439283e+04 1.045962675916182194e+00
6.075556077688508958e+04 9.641383797583197302e-01
6.075556103694577905e+04 1.000009927116046970e+00
6.075556129700646852e+04 1.001945175382932041e+00
6.075556155706716527e+04 1.043815011328620201e+00
6.075556181712786201e+04 1.010488797352472101e+00
6.075556207718854421e+04 1.009137347390692385e+00
6.075556233724924095e+04 9.947801085789460540e-01
6.075556259730993770e+04 9.921168126968226142e-01
6.075556285737063445e+04 1.020974480574452503e+00
6.075556311743133119e+04 9.802069005999853868e-01
6.075556337749201339e+04 9.796226398171916649e-01
6.075556504896522529e+04 1.036101578154216662e+00
6.075556530902591476e+04 1.042205899799926172e+00
6.075556556908661150e+04 9.976640776639114083e-01
6.075556582914730097e+04 9.568705009348968948e-01
6.075556608920799772e+04 1.001886944959458514e+00
6.075556634926869447e+04 1.012256014804107540e+00
6.075556660932938394e+04 9.760233536299406376e-01
6.075556686939008068e+04 1.018800116942499168e+00
6.075556712945077015e+04 9.606431277689335690e-01
6.075556738951146690e+04 9.674293692498551200e-01
6.075556764957216365e+04 1.040612494450260606e+00
6.075556790963285312e+04 9.575899811470800493e-01
6.075556816969354986e+04 9.853848086127496853e-01
6.075556842975423933e+04 1.022556589927295034e+00
6.075556868981492880e+04 1.010649293069761034e+00
6.075556894987563282e+04 9.708753980280231399e-01
6.075556920993632230e+04 9.797733612852069784e-01
6.075556946999701904e+04 9.770366565833923378e-01
6.075556973005770851e+04 1.069494865070687029e+00
6.075556999011839798e+04 9.695739036669579480e-01
6.075557025017909473e+04 1.039556949060204127e+00
6.075557051023979147e+04 9.860277171528095685e-01
6.075557077030048822e+04 9.893269117011769254e-01
6.075557103036117769e+04 9.640010571204749024e-01
6.075557129042186716e+04 1.012198185207606294e+00
6.075557155048256391e+04 9.587272151271799547e-01
6.075557181054326065e+04 9.570334324047524710e-01
6.075557207060395740e+04 1.009151277802031510e+00
6.075557233066464687e+04 1.018847351841114079e+00
6.075557259072533634e+04 1.015251675508671347e+00
6.075557285078603309e+04 1.000210747349155271e+00
6.075557311084672983e+04 1.008894288153393770e+00
6.075557337090741930e+04 1.002340884742908056e+00
6.075557363096811605e+04 9.669150868740997717e-01
6.075557389102880552e+04 9.765961309674896507e-01
6.075557415108950227e+04 9.482884820939471160e-01
6.075557441115019901e+04 9.987302059922340547e-01
6.075557467121088848e+04 9.843273682613579156e-01
6.075557493127158523e+04 9.590413947178527687e-01
6.075557519133227470e+04 1.017866403071364667e+00
6.075557545139297144e+04 9.815430445795015890e-01
6.075557571145366819e+04 1.016091275422509543e+00
6.075557597151435766e+04 1.007531928498474727e+00
6.075557623157505441e+04 9.836946296566505543e-01
6.075557649163575115e+04 9.375631581412159354e-01
6.075557675169643335e+04 1.005012532358534161e+00
6.075557701175713009e+04 1.039925938970317265e+00
6.075557727181782684e+04 9.548563007518543477e-01
6.075557753187852359e+04 1.000941159790086576e+00
6.075557779193922033e+04 1.018899625908364692e+00
6.075557805199990980e+04 1.036400861958524100e+00
6.075557831206059927e+04 1.011993073304233937e+00
6.075557857212129602e+04 1.003075401456037907e+00
6.075557883218199277e+04 9.525094524640064231e-01
6.075557909224268951e+04 9.707255507683808515e-01
6.075557935230337898e+04 9.935011186263147387e-01
6.075557961236407573e+04 1.021203631568170511e+00
6.075557987242476520e+04 1.006038014998591024e+00
6.075558013248546195e+04 1.012439881288244026e+00
6.075558039254615869e+04 9.982902542873776097e-01
6.075558065260684816e+04 1.018658872125590253e+00
6.075558091266754491e+04 9.610939865179635166e-01
6.075558117272824165e+04 1.011471933469764384e+00
6.075558143278892385e+04 1.016451797252660993e+00
6.075558169284962059e+04 1.005274470970559664e+00
6.075558195291031734e+04 9.615378530812298541e-01
6.075558221297101409e+04 9.775509406916519373e-01
6.075558247303171083e+04 9.770333776758315381e-01
6.075558273309240030e+04 9.567362151940721482e-01
6.075558299315309705e+04 9.750491290222396135e-01
6.075558325321378652e+04 9.721932852008894343e-01
6.075558351327448327e+04 9.762348933991520372e-01
6.075558377333518001e+04 9.885161627055640832e-01
6.075558403339586948e+04 9.847192086900317110e-01
6.075558429345656623e+04 1.026897412129549769e+00
6.075558455351726298e+04 9.734682458409622541e-01
6.075558481357794517e+04 9.894755195447066942e-01
6.075558507363864192e+04 1.004266000893070165e+00
6.075558533369933866e+04 1.038256054110509030e+00
6.075558559376003541e+04 1.060230696277668194e+00
6.075558585382073215e+04 1.023865357390784547e+00
6.075558611388142162e+04 9.739373377188778047e-01
6.075558637394211837e+04 1.011347940276294377e+00
6.075558663400280784e+04 1.000402937144267979e+00
6.075558689406350459e+04 1.003978042109310076e+00
6.075558715412420133e+04 9.863205280616273996e-01
6.075558741418489080e+04 9.942159017259059040e-01
6.075558767424558755e+04 9.844327676845756603e-01
6.075558793430628430e+04 1.031454204301086142e+00
6.075558819436697377e+04 1.018886483460441417e+00
6.075558845442767051e+04 1.047638685231114808e+00
6.075558871448835998e+04 9.733207791126222697e-01
6.075558897454905673e+04 9.992714609682726845e-01
6.075558923460975348e+04 1.008440364587136484e+00
6.075558949467044295e+04 1.046539860831114943e+00
6.075558975473113969e+04 1.005178437883816889e+00
6.075559001479183644e+04 9.457398677303194834e-01
6.075559027485253318e+04 1.051642190710425639e+00
6.075559053491322265e+04 1.037752573033167591e+00
6.075559079497391212e+04 1.012191809562352107e+00
6.075559105503460887e+04 9.642613195183116215e-01
6.075559131509530562e+04 1.004930687328359218e+00
6.075559157515600236e+04 9.785343345527831582e-01
6.075559183521669911e+04 1.033607707457638858e+00
6.075559209527738858e+04 1.005865128599807479e+00
6.075559235533808533e+04 1.058123262024843525e+00
6.075559261539877480e+04 9.663373163064448157e-01
6.075559287545946427e+04 1.006979512881102767e+00
6.075559313552016101e+04 9.798884038102309013e-01
6.075559339558085776e+04 9.949319858365146541e-01
6.075559494101491873e+04 9.928564973582447717e-01
6.075559520107561548e+04 9.639224107929442731e-01
6.075559546113631222e+04 9.793173814840532287e-01
6.075559572119700897e+04 1.031031554934197070e+00
6.075559598125769844e+04 9.752987988428786226e-01
6.075559624131839519e+04 1.011001452257034305e+00
6.075559650137908466e+04 9.726555473078922764e-01
6.075559676143977413e+04 9.791455368077258692e-01
6.075559702150047087e+04 9.490238571180426019e-01
6.075559728156116762e+04 9.891173501548939928e-01
6.075559754162186437e+04 9.984883095182418566e-01
6.075559780168256111e+04 9.733006099452217175e-01
6.075559806174325058e+04 9.659910812640619682e-01
6.075559832180394733e+04 9.207501014757186741e-01
6.075559858186464407e+04 1.003952476580722397e+00
6.075559884192533355e+04 9.698783160988695418e-01
6.075559910198603029e+04 1.001315185322662282e+00
6.075559936204671976e+04 9.909075381223410028e-01
6.075559962210741651e+04 9.771656312549947820e-01
6.075559988216811325e+04 9.385023735430741976e-01
6.075560014222880272e+04 1.002216137371462645e+00
6.075560040228950675e+04 9.796411120118683202e-01
6.075560066235019622e+04 1.024563909076202206e+00
6.075560092241089296e+04 9.623730766946952953e-01
6.075560118247158971e+04 1.018566246271652265e+00
6.075560144253227918e+04 1.012775179747429144e+00
6.075560170259296865e+04 1.029323448215704317e+00
6.075560196265366540e+04 1.014306674787719409e+00
6.075560222271436214e+04 9.795251392666112222e-01
6.075560248277505889e+04 1.039696067889041009e+00
6.075560274283574836e+04 1.012344564275302172e+00
6.075560300289644510e+04 9.933082477655642561e-01
6.075560326295714185e+04 1.005540298424603352e+00
6.075560352301783860e+04 1.019844468519698788e+00
6.075560378307853534e+04 1.026050667065487199e+00
6.075560404313922481e+04 9.587567428005322467e-01
6.075560430319992156e+04 9.389253309164542483e-01
6.075560456326061831e+04 1.009574714410313989e+00
6.075560482332130050e+04 1.026761517489969577e+00
6.075560508338199725e+04 9.867858314176307655e-01
6.075560534344269399e+04 1.043041973936819744e+00
6.075560560350339074e+04 9.930267891998046936e-01
6.075560586356408749e+04 1.008276857299170937e+00
6.075560612362477696e+04 9.952264379153282770e-01
6.075560638368547370e+04 1.003737145863255797e+00
6.075560664374617045e+04 1.043747112048921011e+00
6.075560690380686719e+04 9.594417387145638410e-01
6.075560716386756394e+04 1.006054241963439733e+00
6.075560742392825341e+04 9.677706389868906411e-01
6.075560768398895016e+04 1.003512725677741857e+00
6.075560794404964690e+04 9.953721068854296528e-01
6.075560820411032910e+04 9.901371489465580211e-01
6.075560846417102584e+04 9.551277144866220370e-01
6.075560872423172259e+04 1.009734991952469851e+00
6.075560898429241934e+04 9.676276712179308070e-01
6.075560924435311608e+04 1.005500001973572033e+00
6.075560950441380555e+04 9.841646110681727677e-01
6.075560976447450230e+04 9.843254792315109247e-01
6.075561002453519905e+04 1.029869777226982475e+00
6.075561028459589579e+04 9.700037523477859081e-01
6.075561054465659254e+04 1.034706787797072813e+00
6.075561080471728201e+04 1.007133383205191191e+00
6.075561106477797875e+04 9.704404280860257082e-01
6.075561132483867550e+04 1.014814587645412436e+00
6.075561158489937225e+04 1.006414388830599194e+00
6.075561184496006899e+04 9.859344773039726562e-01
6.075561210502075846e+04 9.862171531860894902e-01
6.075561236508144793e+04 1.006709614913335216e+00
6.075561262514214468e+04 9.734822820155746292e-01
6.075561288520283415e+04 1.021881644856902360e+00
6.075561314526353090e+04 1.048809639427789930e+00
6.075561340532422764e+04 9.382752661380633352e-01
6.075561366538492439e+04 9.701434190849025363e-01
6.075561392544562113e+04 9.872783746045412645e-01
6.075561418550631060e+04 1.030612579371897430e+00
6.075561444556700735e+04 9.998926299332738798e-01
6.075561470562770410e+04 1.025025434075360176e+00
6.075561496568840084e+04 9.860494655460734226e-01
6.075561522574909759e+04 1.011472270104714966e+00
6.075561548580978706e+04 9.703229010240055352e-01
6.075561574587048381e+04 9.666369331857778135e-01
6.075561600593118055e+04 1.001515388294527575e+00
6.075561626599187002e+04 1.079446408336182772e+00
6.075561652605256677e+04 1.043724773899004310e+00
6.075561678611326352e+04 1.044943549981899089e+00
6.075561704617396026e+04 1.048550712764293236e+00
6.075561730623465701e+04 1.019489501970093137e+00
6.075561756629534648e+04 9.666614199837777477e-01
6.075561782635604322e+04 9.624935887788164113e-01
6.075561808641673269e+04 9.812486499982364663e-01
6.075561834647742944e+04 1.022817813597368231e+00
6.075561860653812619e+04 9.482364138523818875e-01
6.075561886659881566e+04 9.852091128042650414e-01
6.075561912665951240e+04 1.009155047555737816e+00
6.075561938672020915e+04 9.766307584024308541e-01
6.075561964678089862e+04 9.979987969610207843e-01
6.075561990684160264e+04 1.029109045286538349e+00
6.075562016690229211e+04 1.019023491975346474e+00
6.075562042696298886e+04 9.793598911220064984e-01
6.075562068702368560e+04 9.769471107290106371e-01
6.075562094708437508e+04 9.739567520401746226e-01
6.075562120714507182e+04 1.017466141699448379e+00
6.075562146720576857e+04 9.827982905308468853e-01
6.075562172726646531e+04 9.900223013105989844e-01
6.075562198732716206e+04 9.844920117533790815e-01
6.075562224738785153e+04 9.551000661904838207e-01
6.075562250744854828e+04 9.998783033418462418e-01
6.075562276750924502e+04 9.727021430146640668e-01
6.075562302756994177e+04 1.033158372695002436e+00
6.075562328763063852e+04 1.005484444881570960e+00
6.075562490904599690e+04 9.647515081438828854e-01
6.075562516909990518e+04 9.806881797259228151e-01
6.075562542915379890e+04 1.007351167576688411e+00
6.075562568920769263e+04 9.715409720435669305e-01
6.075562594926160091e+04 1.016888589108363661e+00
6.075562620931549463e+04 9.766847919420584834e-01
6.075562646936939564e+04 1.095664960138337918e+00
6.075562672942329664e+04 9.905149742855640094e-01
6.075562698947719036e+04 1.019185200808697678e+00
6.075562724953109864e+04 1.058166125930509960e+00
6.075562750958499237e+04 1.024222129349250388e+00
6.075562776963889337e+04 9.580430123306733492e-01
6.075562802969280165e+04 1.020969430809316458e+00
6.075562828974669537e+04 8.896812009117692766e-01
6.075562854980059637e+04 1.024464269289826701e+00
6.075562880985449738e+04 1.030873493334138802e+00
6.075562906990839110e+04 9.775595731388450060e-01
6.075562932996229938e+04 1.025737898486165589e+00
6.075562959001619311e+04 1.029365376234424589e+00
6.075562985007009411e+04 9.450279887897792275e-01
6.075563011012399511e+04 1.018358313830385109e+00
6.075563037017788884e+04 9.904819609171862105e-01
6.075563063023179711e+04 9.879438110045206667e-01
6.075563089028569084e+04 1.083869558165955427e+00
6.075563115033958456e+04 1.034304818816127014e+00
6.075563141039349284e+04 1.002381402147544565e+00
6.075563167044738657e+04 1.040705204091743719e+00
6.075563193050128757e+04 1.034696753471028075e+00
6.075563219055518857e+04 9.374121832907476026e-01
6.075563245060908230e+04 9.706249726175737447e-01
6.075563271066299058e+04 1.089893968854459549e+00
6.075563297071688430e+04 9.963730231843582752e-01
6.075563323077078530e+04 1.021321548939175150e+00
6.075563349082468631e+04 1.002852906163388624e+00
6.075563375087858003e+04 9.882553988972528902e-01
6.075563401093248831e+04 9.937338964424187182e-01
6.075563427098638203e+04 1.015522215474292667e+00
6.075563453104027576e+04 1.016262543811318197e+00
6.075563479109418404e+04 1.035549691061155908e+00
6.075563505114807776e+04 1.024681105125243796e+00
6.075563531120197877e+04 1.004540592092453499e+00
6.075563557125588704e+04 9.761608462677329179e-01
6.075563583130978077e+04 1.082821221798591305e+00
6.075563609136368905e+04 9.677737342767546158e-01
6.075563635141758277e+04 9.873023448263583690e-01
6.075563661147148377e+04 9.959583884896248129e-01
6.075563687152538478e+04 9.958474581777532197e-01
6.075563713157927850e+04 9.875820283129389532e-01
6.075563739163318678e+04 9.610465000727064222e-01
6.075563765168708051e+04 1.002734961673337200e+00
6.075563791174097423e+04 9.496714030291899533e-01
6.075563817179488251e+04 9.665113956331241596e-01
6.075563843184877624e+04 1.011859410430187012e+00
6.075563869190267724e+04 9.803821732888902130e-01
6.075563895195657824e+04 1.026077217987630075e+00
6.075563921201047197e+04 1.035933391605362131e+00
6.075563947206438024e+04 1.069259555973135711e+00
6.075563973211827397e+04 9.850055483434926318e-01
6.075563999217217497e+04 9.799641557633639311e-01
6.075564025222608325e+04 1.019580972081064019e+00
6.075564051227997697e+04 1.013090217486090294e+00
6.075564077233388525e+04 1.052019169211060756e+00
6.075564103238777898e+04 1.063721021924350696e+00
6.075564129244167270e+04 9.845299235117516146e-01
6.075564155249558098e+04 1.020929652252170472e+00
6.075564181254947471e+04 1.026216200251233168e+00
6.075564207260337571e+04 1.039378280337425409e+00
6.075564233265727671e+04 9.985244264204826692e-01
6.075564259271117044e+04 9.736333401312079472e-01
6.075564285276507871e+04 1.005747399482242121e+00
6.075564311281897244e+04 9.973711023416258481e-01
6.075564337287286617e+04 9.582050139273958766e-01
6.075564363292677444e+04 1.002361230071577181e+00
6.075564389298066817e+04 9.573768898889140067e-01
6.075564415303458372e+04 1.044122803060802740e+00
6.075564441308847745e+04 1.060783285275215704e+00
6.075564467314237118e+04 1.025063707211037567e+00
6.075564493319627945e+04 1.051999644210477314e+00
6.075564519325017318e+04 9.968929816092052532e-01
6.075564545330407418e+04 1.050974536871286835e+00
6.075564571335797518e+04 1.026558107383339413e+00
6.075564597341186891e+04 1.020952001353243155e+00
6.075564623346577719e+04 1.008088010499208043e+00
6.075564649351967091e+04 1.021849912746580324e+00
6.075564675357356464e+04 9.880739379512442078e-01
6.075564701362747292e+04 1.021874069380025452e+00
6.075564727368136664e+04 1.042251726251973709e+00
6.075564753373527492e+04 1.020897779875984179e+00
6.075564779378917592e+04 1.015206427096289721e+00
6.075564805384306965e+04 1.030585515850160894e+00
6.075564831389697792e+04 1.012934938440660071e+00
6.075564857395087165e+04 1.016287738840415011e+00
6.075564883400477265e+04 9.965571399946406839e-01
6.075564909405867365e+04 1.005631674783357798e+00
6.075564935411256738e+04 1.083127524599358793e+00
6.075564961416647566e+04 1.073384700759945076e+00
6.075564987422036938e+04 1.033332043717545945e+00
6.075565013427426311e+04 9.931309177435776459e-01
6.075565039432817866e+04 1.009215916862514328e+00
6.075565065438207239e+04 1.025829529750581726e+00
6.075565091443597339e+04 9.917102631201974994e-01
6.075565117448987439e+04 1.004491513105641110e+00
6.075565143454376812e+04 1.032282591788771020e+00
6.075565169459767640e+04 1.033670728719077836e+00
6.075565195465157012e+04 1.029648005898563978e+00
6.075565221470547112e+04 1.009266598690296890e+00
6.075565247475937213e+04 9.986958751586294536e-01
6.075565273481326585e+04 1.036045922294129618e+00
6.075565299486718141e+04 9.936511525951138291e-01
6.075565325492107513e+04 1.049845371896654056e+00
6.075565492676799477e+04 1.002204814036786962e+00
6.075565518682868424e+04 1.010376255582391858e+00
6.075565544688938098e+04 1.036481712963951640e+00
6.075565570695007773e+04 1.062648026992077499e+00
6.075565596701077448e+04 1.061073294852449944e+00
6.075565622707147122e+04 1.070473552512406279e+00
6.075565648713216069e+04 1.007559453807339134e+00
6.075565674719285744e+04 9.836404805061601531e-01
6.075565700725356146e+04 1.006939791975885123e+00
6.075565726731425821e+04 1.035757811494108838e+00
6.075565752737495495e+04 9.939882155072569114e-01
6.075565778743564442e+04 1.026244963892747109e+00
6.075565804749634117e+04 9.679906083452761711e-01
6.075565830755703792e+04 9.730536683438826273e-01
6.075565856761772739e+04 9.962374994257264804e-01
6.075565882767842413e+04 1.005581633630239224e+00
6.075565908773912088e+04 1.001071238194708668e+00
6.075565934779981762e+04 1.024878175233617572e+00
6.075565960786051437e+04 1.025482204284639431e+00
6.075565986792121112e+04 1.029320127765412263e+00
6.075566012798190786e+04 1.004431578563828031e+00
6.075566038804260461e+04 9.958886271164367754e-01
6.075566064810330136e+04 9.892783747777535996e-01
6.075566090816399810e+04 1.006510128577027041e+00
6.075566116822468757e+04 9.890329372473176672e-01
6.075566142828538432e+04 1.017006444107245056e+00
6.075566168834608106e+04 1.036236276249994592e+00
6.075566194840677781e+04 1.064818283809189525e+00
6.075566220846748183e+04 1.053144486608011965e+00
6.075566246852817130e+04 1.027584830258748250e+00
6.075566272858886805e+04 1.046398948679289731e+00
6.075566298864956480e+04 1.045697527150788009e+00
6.075566324871025427e+04 1.033848043638934566e+00
6.075566350877095101e+04 1.026644251262952556e+00
6.075566376883164776e+04 1.032691546874816124e+00
6.075566402889234450e+04 1.063132094295416108e+00
6.075566428895304125e+04 9.901488477323314719e-01
6.075566454901373800e+04 9.688439372033799124e-01
6.075566480907443474e+04 1.036520822500218930e+00
6.075566506913513149e+04 1.045841443738547261e+00
6.075566532919582824e+04 1.007514241227813745e+00
6.075566558925652498e+04 1.006013338969375948e+00
6.075566584931721445e+04 1.001589749857143552e+00
6.075566610937791120e+04 9.810804833928792323e-01
6.075566636943860794e+04 9.660769102838359101e-01
6.075566662949930469e+04 9.913699545160642446e-01
6.075566688956000144e+04 1.018246406590305853e+00
6.075566714962069818e+04 1.052560332660284814e+00
6.075566740968139493e+04 1.021877247158056168e+00
6.075566766974209168e+04 1.001157426685508556e+00
6.075566792980278115e+04 9.918539483254420475e-01
6.075566818986347789e+04 1.005315516391982911e+00
6.075566844992417464e+04 1.013359529587355423e+00
6.075566870998487866e+04 1.028162687790449947e+00
6.075566897004557541e+04 1.082361941337028233e+00
6.075566923010626488e+04 1.007605535962104559e+00
6.075566949016696162e+04 9.858873366969914676e-01
6.075566975022765837e+04 9.864407559577766937e-01
6.075567001028834784e+04 1.043484169319331079e+00
6.075567027034905186e+04 1.035340296804295068e+00
6.075567053040974133e+04 1.076524078841551102e+00
6.075567079047044535e+04 9.715304335875513120e-01
6.075567105053114210e+04 1.058994946038728013e+00
6.075567131059183157e+04 1.036465520098369453e+00
6.075567157065252832e+04 1.010022383670522661e+00
6.075567183071322506e+04 9.609789312231867831e-01
6.075567209077392181e+04 1.063246828519448739e+00
6.075567235083461856e+04 9.838932524181577266e-01
6.075567261089531530e+04 1.070584384859576410e+00
6.075567287095601205e+04 1.020542608849501098e+00
6.075567313101670879e+04 1.007426806156556331e+00
6.075567339107740554e+04 1.043614670763268304e+00
6.075567365113810229e+04 1.024450923269926150e+00
6.075567391119879176e+04 9.761534895893978492e-01
6.075567417125948850e+04 9.902172097462779154e-01
6.075567443132019253e+04 9.941925418866657260e-01
6.075567469138088200e+04 9.872359475498727610e-01
6.075567495144157874e+04 1.013903038962484793e+00
6.075567521150227549e+04 1.008130573323590351e+00
6.075567547156297223e+04 1.014927264148533625e+00
6.075567573162366898e+04 1.045817856057946749e+00
6.075567599168436573e+04 1.046039638743459843e+00
6.075567625174506247e+04 9.911687234648087763e-01
6.075567651180575922e+04 1.049568071029882699e+00
6.075567677186645597e+04 1.057660390835180708e+00
6.075567703192715271e+04 1.084641247497773575e+00
6.075567729198784218e+04 1.032034893269946130e+00
6.075567755204853893e+04 1.005078760959005724e+00
6.075567781210924295e+04 1.031449962456646441e+00
6.075567807216993242e+04 1.026135008735448828e+00
6.075567833223062917e+04 1.026553230999184718e+00
6.075567859229132591e+04 1.039965779067548501e+00
6.075567885235202266e+04 1.029659255136174512e+00
6.075567911241271941e+04 1.012683510809278653e+00
6.075567937247341615e+04 1.011759023203468777e+00
6.075567963253411290e+04 1.044605427159340794e+00
6.075567989259480964e+04 1.032669903576219461e+00
6.075568015265550639e+04 1.048300935575037451e+00
6.075568041271620314e+04 9.859310150858797694e-01
6.075568067277689261e+04 1.001785460277724304e+00
6.075568093283759663e+04 1.015855629246361191e+00
6.075568119289829338e+04 1.055318024110227126e+00
6.075568145295898285e+04 1.040160054074504625e+00
6.075568171301968687e+04 1.046075675218213208e+00
6.075568197308037634e+04 9.616274649672970076e-01
6.075568223314107308e+04 1.052414855181687425e+00
6.075568249320177711e+04 1.021072267362774566e+00
6.075568275326246658e+04 1.039217568694853044e+00
6.075568301332316332e+04 1.038567479854248798e+00
6.075568327338386007e+04 9.993758810668930126e-01
6.075568483179301256e+04 1.036063828853998503e+00
6.075568509184680443e+04 1.014704834977790071e+00
6.075568535190059629e+04 1.087288250401548639e+00
6.075568561195438815e+04 1.065644408306925195e+00
6.075568587200818729e+04 1.035390332224741528e+00
6.075568613206199370e+04 9.884988199953153032e-01
6.075568639211578557e+04 1.000668791886685005e+00
6.075568665216957743e+04 1.044331308037652617e+00
6.075568691222336929e+04 1.021073707527020202e+00
6.075568717227716115e+04 1.068838523171066424e+00
6.075568743233096029e+04 1.062004289362607157e+00
6.075568769238475215e+04 1.018372411641386366e+00
6.075568795243854402e+04 1.009351841567275754e+00
6.075568821249233588e+04 1.101864957817117130e+00
6.075568847254613502e+04 1.038081894918027270e+00
6.075568873259992688e+04 1.048460543183098004e+00
6.075568899265372602e+04 9.988316222264654876e-01
6.075568925270752516e+04 1.043145077195690718e+00
6.075568951276131702e+04 9.989813231970675611e-01
6.075568977281511616e+04 1.027651408920666087e+00
6.075569003286890802e+04 1.025448322326276251e+00
6.075569029292269988e+04 9.985549342669929329e-01
6.075569055297649174e+04 1.019994413764958807e+00
6.075569081303029088e+04 1.017415838567287123e+00
6.075569107308408275e+04 1.018191208093345956e+00
6.075569133313787461e+04 1.016791119291428735e+00
6.075569159319166647e+04 1.002862813168567513e+00
6.075569185324547288e+04 9.701136107962792243e-01
6.075569211329927202e+04 1.028885771212168621e+00
6.075569237335306389e+04 1.045077648428014427e+00
6.075569263340685575e+04 1.057076612717462671e+00
6.075569289346064761e+04 9.964928018250012176e-01
6.075569315351444675e+04 9.904360069226801899e-01
6.075569341356823861e+04 9.991319687163877639e-01
6.075569367362203047e+04 1.014892849246238127e+00
6.075569393367582234e+04 1.022622348856321972e+00
6.075569419372962147e+04 1.044707877127526885e+00
6.075569445378341334e+04 1.031822532575521478e+00
6.075569471383720520e+04 9.843846710303906233e-01
6.075569497389100434e+04 9.842997863884400678e-01
6.075569523394481075e+04 1.032913503278276801e+00
6.075569549399860261e+04 9.822553255906965042e-01
6.075569575405239448e+04 1.009128717759490756e+00
6.075569601410618634e+04 1.003991274795509092e+00
6.075569627415998548e+04 1.049876353039982835e+00
6.075569653421377734e+04 1.051644506345924546e+00
6.075569679426756920e+04 9.954582247507827164e-01
6.075569705432136107e+04 1.039348193553701449e+00
6.075569731437516020e+04 1.025912235262283589e+00
6.075569757442895207e+04 1.062970754437054577e+00
6.075569783448274393e+04 9.932277283562020997e-01
6.075569809453654307e+04 1.005096085188254662e+00
6.075569835459034948e+04 1.016226638588442865e+00
6.075569861464414134e+04 1.043607506700367393e+00
6.075569887469793321e+04 9.841486828037214751e-01
6.075569913475172507e+04 1.024473638721609792e+00
6.075569939480552421e+04 1.029545641670576162e+00
6.075569965485931607e+04 1.016368929134183530e+00
6.075569991491310793e+04 1.023482809342182387e+00
6.075570017496689979e+04 1.007685522329364591e+00
6.075570043502069893e+04 9.908929044292869026e-01
6.075570069507449080e+04 9.632038129289259842e-01
6.075570095512828993e+04 1.019258630827936996e+00
6.075570121518208907e+04 1.037287528713720430e+00
6.075570147523588821e+04 1.019102763365395958e+00
6.075570173528968007e+04 1.040281579901597864e+00
6.075570199534347194e+04 1.034403464441466580e+00
6.075570225539727107e+04 1.035975880474998556e+00
6.075570251545106294e+04 9.872307740560295475e-01
6.075570277550485480e+04 1.053483767649295855e+00
6.075570303555864666e+04 1.022737730256856992e+00
6.075570329561244580e+04 1.035336099186647596e+00
6.075570355566623766e+04 9.792939448142451431e-01
6.075570381572002952e+04 1.023329229521817707e+00
6.075570407577382866e+04 9.857235777529637089e-01
6.075570433582763508e+04 1.019581359437967683e+00
6.075570459588142694e+04 1.069410814287644618e+00
6.075570485593521880e+04 1.037214851863327736e+00
6.075570511598901066e+04 1.034830101479776499e+00
6.075570537604280980e+04 1.066321905934041192e+00
6.075570563609660167e+04 1.049546893849270912e+00
6.075570589615039353e+04 1.021962457417976866e+00
6.075570615620419267e+04 9.558967372443196719e-01
6.075570641625798453e+04 1.027665127415017476e+00
6.075570667631177639e+04 9.594103657138920438e-01
6.075570693636557553e+04 1.024166244879474830e+00
6.075570719641938194e+04 1.002958776598697588e+00
6.075570745647317381e+04 1.044209523840571752e+00
6.075570771652696567e+04 1.100245293300492699e+00
6.075570797658076481e+04 1.010267073385420433e+00
6.075570823663455667e+04 1.055562130224862338e+00
6.075570849668834853e+04 1.013689467668001498e+00
6.075570875674214039e+04 1.091413385557256976e+00
6.075570901679593953e+04 9.297964712437456480e-01
6.075570927684973140e+04 9.986004491942453987e-01
6.075570953690352326e+04 9.755070669034017206e-01
6.075570979695732240e+04 1.036703883961376027e+00
6.075571005701112153e+04 1.022147577792416273e+00
6.075571031706492067e+04 1.031914035182399658e+00
6.075571057711871254e+04 9.992438938491186029e-01
6.075571083717251167e+04 1.034399946703849382e+00
6.075571109722630354e+04 9.939860900746955163e-01
6.075571135728009540e+04 1.043386952696287784e+00
6.075571161733389454e+04 1.037553159533950664e+00
6.075571187738768640e+04 1.053231095629032499e+00
6.075571213744147826e+04 1.014310440822547177e+00
6.075571239749527740e+04 1.025819822224755651e+00
6.075571265754906926e+04 9.786747218226091727e-01
6.075571291760286840e+04 1.054562738428687307e+00
6.075571317765666754e+04 1.046069406332047924e+00
6.075571474868715450e+04 1.007528887139734097e+00
6.075571500874785124e+04 1.026140683032371159e+00
6.075571526880854799e+04 9.981844596145736936e-01
6.075571552886924474e+04 1.125139033754677387e+00
6.075571578892994148e+04 1.031748871870679762e+00
6.075571604899063823e+04 1.021110452318458872e+00
6.075571630905133497e+04 1.024651701783014568e+00
6.075571656911203172e+04 1.007255048636817474e+00
6.075571682917273574e+04 1.071891214167937312e+00
6.075571708923342521e+04 1.079726687128466089e+00
6.075571734929412196e+04 1.047913471597849755e+00
6.075571760935482598e+04 1.028358203068494126e+00
6.075571786941552273e+04 1.051415412475085409e+00
6.075571812947621947e+04 9.680638862916907117e-01
6.075571838953690894e+04 1.002214530353334077e+00
6.075571864959761297e+04 1.099224400713738614e+00
6.075571890965830971e+04 1.034895300009111674e+00
6.075571916971899918e+04 1.047301392926387908e+00
6.075571942977970320e+04 1.073670231654027418e+00
6.075571968984039995e+04 1.057768049299403934e+00
6.075571994990109670e+04 1.011666655543444149e+00
6.075572020996180072e+04 1.050190224227707692e+00
6.075572047002249019e+04 9.835090362071566839e-01
6.075572073008318694e+04 1.043436285942613617e+00
6.075572099014388368e+04 1.016219807470958747e+00
6.075572125020458770e+04 9.789548688714461155e-01
6.075572151026528445e+04 1.002564449213334541e+00
6.075572177032597392e+04 1.031522029893869652e+00
6.075572203038667794e+04 1.014441003425845533e+00
6.075572229044737469e+04 1.005591292843878604e+00
6.075572255050806416e+04 1.045780948047095427e+00
6.075572281056877546e+04 1.038339207700905487e+00
6.075572307062946493e+04 1.022922965538041185e+00
6.075572333069016167e+04 1.006874841265504639e+00
6.075572359075086570e+04 1.009505277783635968e+00
6.075572385081155517e+04 1.016901858864327268e+00
6.075572411087225191e+04 1.003653199986737299e+00
6.075572437093294866e+04 9.967513320385236186e-01
6.075572463099365268e+04 9.786755433831486606e-01
6.075572489105434943e+04 1.011559068573159470e+00
6.075572515111503890e+04 9.799987093057173082e-01
6.075572541117574292e+04 9.746228264569638533e-01
6.075572567123643967e+04 9.402833209899836842e-01
6.075572593129713641e+04 9.975621513798248463e-01
6.075572619135784043e+04 1.033655206801862736e+00
6.075572645141852990e+04 1.024276610087121453e+00
6.075572671147922665e+04 9.834081898878623829e-01
6.075572697153993067e+04 1.000037270684384749e+00
6.075572723160062014e+04 9.888307923336990823e-01
6.075572749166131689e+04 1.016297843784894406e+00
6.075572775172202091e+04 1.030263266390124555e+00
6.075572801178271766e+04 1.010208750678736056e+00
6.075572827184341440e+04 1.103494708511446598e+00
6.075572853190411115e+04 1.010599684037376322e+00
6.075572879196480790e+04 1.029936380438070564e+00
6.075572905202550464e+04 1.016427082722601183e+00
6.075572931208620867e+04 1.033864793716368968e+00
6.075572957214690541e+04 1.009207047634336885e+00
6.075572983220759488e+04 1.032531612643772911e+00
6.075573009226829890e+04 9.835806978315445592e-01
6.075573035232899565e+04 9.694289813110038567e-01
6.075573061238968512e+04 9.891765828865197729e-01
6.075573087245038914e+04 1.023103076288307989e+00
6.075573113251108589e+04 9.854618321414844173e-01
6.075573139257178264e+04 9.802514992907894742e-01
6.075573165263248666e+04 1.125350433637791081e+00
6.075573191269317613e+04 9.864786783119692259e-01
6.075573217275387287e+04 1.005438826387484941e+00
6.075573243281457690e+04 1.025261791122159982e+00
6.075573269287527364e+04 9.962138167710744563e-01
6.075573295293597039e+04 1.020218372627798464e+00
6.075573321299666713e+04 1.005917200023392466e+00
6.075573347305736388e+04 1.014616775779814573e+00
6.075573373311806063e+04 9.921272231591962143e-01
6.075573399317875737e+04 1.005092407004486876e+00
6.075573425323946140e+04 1.023286048951822957e+00
6.075573451330015087e+04 1.030740043670315798e+00
6.075573477336085489e+04 9.822137633526144551e-01
6.075573503342155163e+04 1.022283555077832862e+00
6.075573529348224110e+04 1.033122047098232077e+00
6.075573555354294513e+04 1.012948812103018570e+00
6.075573581360364187e+04 9.351174686054204432e-01
6.075573607366434589e+04 1.003966678836944348e+00
6.075573633372504264e+04 1.007018900627488556e+00
6.075573659378573211e+04 1.036056577860611672e+00
6.075573685384643613e+04 1.038382473517969418e+00
6.075573711390713288e+04 1.064101266149408920e+00
6.075573737396782963e+04 1.015506977265580035e+00
6.075573763402853365e+04 1.028221469101318064e+00
6.075573789408922312e+04 1.039197074765918716e+00
6.075573815414991986e+04 1.059918496560512846e+00
6.075573841421062389e+04 1.020505881791139213e+00
6.075573867427131336e+04 1.008359328179115444e+00
6.075573893433201010e+04 9.718330632070806274e-01
6.075573919439271413e+04 1.014679842363657158e+00
6.075573945445341087e+04 1.025422405088435296e+00
6.075573971451411489e+04 1.028174447052824680e+00
6.075573997457480436e+04 9.703622299194443190e-01
6.075574023463550111e+04 9.793173292169899957e-01
6.075574049469620513e+04 1.020306989675143994e+00
6.075574075475690188e+04 1.048203529642258491e+00
6.075574101481759863e+04 1.031665636486758686e+00
6.075574127487829537e+04 1.042543957896933104e+00
6.075574153493899212e+04 9.833212835862438217e-01
6.075574179499969614e+04 1.025314815766478205e+00
6.075574205506038561e+04 1.055692710873297413e+00
6.075574231512108236e+04 1.052160190585611277e+00
6.075574257518178638e+04 1.012938873954292607e+00
6.075574283524248312e+04 1.060989256046020568e+00
6.075574309530317987e+04 9.491483105119534747e-01
6.075574483016229351e+04 1.015231296949349105e+00
6.075574509021608537e+04 1.047632058309047931e+00
6.075574535026989179e+04 1.001915453479216955e+00
6.075574561032369093e+04 9.795791630321869503e-01
6.075574587037748279e+04 1.026259803721240038e+00
6.075574613043128193e+04 1.027401562593677209e+00
6.075574639048507379e+04 1.011190956868832647e+00
6.075574665053887293e+04 1.073227939217688887e+00
6.075574691059266479e+04 1.035780934360789995e+00
6.075574717064645665e+04 1.027751933149124497e+00
6.075574743070025579e+04 9.584012844122899999e-01
6.075574769075404765e+04 9.858768040510726971e-01
6.075574795080784679e+04 1.032047132903213482e+00
6.075574821086163865e+04 1.005241378902627769e+00
6.075574847091544507e+04 1.021543162593577581e+00
6.075574873096924421e+04 1.015560360776200710e+00
6.075574899102303607e+04 1.049716954919589273e+00
6.075574925107683521e+04 1.013748990691452967e+00
6.075574951113062707e+04 9.870221467910683666e-01
6.075574977118442621e+04 9.813596287237426052e-01
6.075575003123821807e+04 1.019246519576723964e+00
6.075575029129201721e+04 9.545884252219040134e-01
6.075575055134580907e+04 1.062169790835671312e+00
6.075575081139960093e+04 9.617401847942381732e-01
6.075575107145340007e+04 9.750028714203482494e-01
6.075575133150719921e+04 1.044634058041894464e+00
6.075575159156100563e+04 9.970460196085074722e-01
6.075575185161479749e+04 9.783769987629120646e-01
6.075575211166859663e+04 9.954364580670335139e-01
6.075575237172238849e+04 9.620058841432177488e-01
6.075575263177618035e+04 1.018881666006379305e+00
6.075575289182997949e+04 1.035610742571957177e+00
6.075575315188377135e+04 9.408677540051700872e-01
6.075575341193757049e+04 1.030707180184409877e+00
6.075575367199136235e+04 1.066167413996502278e+00
6.075575393204516149e+04 1.041532873949443161e+00
6.075575419209895335e+04 1.033758478305512263e+00
6.075575445215275249e+04 1.019753473411993738e+00
6.075575471220655891e+04 9.846107275793197777e-01
6.075575497226035077e+04 1.007332012592448978e+00
6.075575523231414991e+04 9.999697694715395935e-01
6.075575549236794177e+04 9.667785582032706326e-01
6.075575575242174091e+04 1.023203727901709215e+00
6.075575601247553277e+04 9.921350669311490567e-01
6.075575627252933191e+04 1.028762635353361876e+00
6.075575653258312377e+04 1.035480378992282180e+00
6.075575679263691563e+04 9.921835975209820635e-01
6.075575705269071477e+04 9.685450867321379054e-01
6.075575731274451391e+04 9.426709377040985993e-01
6.075575757279832033e+04 1.002140473953872624e+00
6.075575783285211219e+04 1.027696254232725481e+00
6.075575809290591133e+04 1.037586098540818735e+00
6.075575835295970319e+04 1.012568055335692607e+00
6.075575861301350233e+04 1.007860889774687019e+00
6.075575887306729419e+04 1.027530702638512317e+00
6.075575913312109333e+04 9.561017885951266226e-01
6.075575939317488519e+04 1.015011353761503976e+00
6.075575965322867705e+04 9.921867718858846663e-01
6.075575991328247619e+04 1.081100150058132536e+00
6.075576017333626805e+04 1.005334644880236050e+00
6.075576043339007447e+04 1.019209327513556307e+00
6.075576069344387361e+04 9.557395809350834881e-01
6.075576095349767274e+04 1.021333971400725460e+00
6.075576121355146461e+04 9.925288140152842553e-01
6.075576147360526375e+04 1.069588732888149485e+00
6.075576173365905561e+04 9.645162982386236150e-01
6.075576199371285475e+04 1.028618461166078690e+00
6.075576225376664661e+04 1.063231364567087889e+00
6.075576251382044575e+04 1.076801988931841869e+00
6.075576277387423761e+04 1.045214489269145064e+00
6.075576303392802947e+04 9.734901144610248469e-01
6.075576329398183589e+04 1.020453968211700424e+00
6.075576355403563502e+04 9.880572149512174551e-01
6.075576381408943416e+04 1.037191604233404174e+00
6.075576407414322603e+04 9.180555923251340067e-01
6.075576433419702516e+04 1.040097804793476799e+00
6.075576459425081703e+04 9.871152236361546706e-01
6.075576485430461616e+04 1.029619844064113332e+00
6.075576511435840803e+04 1.009465953564754548e+00
6.075576537441220717e+04 1.031988954891650989e+00
6.075576563446599903e+04 9.576844365580204910e-01
6.075576589451979817e+04 1.062127804382086982e+00
6.075576615457359003e+04 1.053283396054611298e+00
6.075576641462739644e+04 9.840563983951549076e-01
6.075576667468119558e+04 1.025239453279820134e+00
6.075576693473499472e+04 1.006675900973690752e+00
6.075576719478878658e+04 1.007150254865737393e+00
6.075576745484258572e+04 1.026206697005397572e+00
6.075576771489637758e+04 1.020294053432363013e+00
6.075576797495017672e+04 1.012582429676653017e+00
6.075576823500396858e+04 1.017896185918885532e+00
6.075576849505776045e+04 1.022938228167503016e+00
6.075576875511155959e+04 1.043215312588278154e+00
6.075576901516535145e+04 1.012356343537759829e+00
6.075576927521915786e+04 1.006782120803116465e+00
6.075576953527295700e+04 1.030040972625671181e+00
6.075576979532675614e+04 1.013083640496826421e+00
6.075577005538054800e+04 1.044692877823990118e+00
6.075577031543434714e+04 1.050246699151052621e+00
6.075577057548813900e+04 1.023227423752683274e+00
6.075577083554193814e+04 9.871426112761437777e-01
6.075577109559573000e+04 1.018972826324842762e+00
6.075577135564952914e+04 9.915840042534093124e-01
6.075577161570332100e+04 1.006256050862093465e+00
6.075577187575712014e+04 9.650183180890121726e-01
6.075577213581091200e+04 9.647671846487211322e-01
6.075577239586471842e+04 1.024665921507162514e+00
6.075577265591851756e+04 9.069905376127176400e-01
6.075577291597231670e+04 9.719366997262929297e-01
6.075577317602610856e+04 1.109658626855688057e+00
