6.075547523418369383e+04 1.008426073263359424e+00
6.075547549424438330e+04 1.213827355409866859e+00
6.075547575430508005e+04 1.046701765168354781e+00
6.075547601436576224e+04 9.146468142178226790e-01
6.075547627442645899e+04 9.983538817874670901e-01
6.075547653448714846e+04 8.805909378668863585e-01
6.075547679454784520e+04 1.227770537662606021e+00
6.075547705460853467e+04 1.172383138036668715e+00
6.075547731466922414e+04 1.183330428502922693e+00
6.075547757472991361e+04 1.306893523365287857e+00
6.075547783479061036e+04 9.925844225988109670e-01
6.075547809485129255e+04 1.101642221124043752e+00
6.075547835491198930e+04 7.931156043162987945e-01
6.075547861497267877e+04 9.696210454873900320e-01
6.075547887503337552e+04 1.313847709183298296e+00
6.075547913509406499e+04 1.126980105390683384e+00
6.075547939515475446e+04 1.076587012334014659e+00
6.075547965521544393e+04 1.225788046732281922e+00
6.075547991527614067e+04 1.320651588797230103e+00
6.075548017533683014e+04 1.020811797736664639e+00
6.075548043539752689e+04 1.125459448264565898e+00
6.075548069545820908e+04 1.132359534592314532e+00
6.075548095551890583e+04 1.029488792651856333e+00
6.075548121557959530e+04 1.139837089334576836e+00
6.075548147564028477e+04 1.052122616175037662e+00
6.075548173570098152e+04 1.027631115707400733e+00
6.075548199576167099e+04 8.913539778719801188e-01
6.075548225582236773e+04 1.207916016280885740e+00
6.075548251588305720e+04 1.007246290729091331e+00
6.075548277594374667e+04 1.022621914516521180e+00
6.075548303600443614e+04 1.019754813189557963e+00
6.075548329606513289e+04 1.265487062593255274e+00
6.075548355612582236e+04 1.032417123128812175e+00
6.075548381618651911e+04 1.065863000532451421e+00
6.075548407624720130e+04 9.480740923136965481e-01
6.075548433630789805e+04 1.109303648642339546e+00
6.075548459636858752e+04 1.015810657408837248e+00
6.075548485642928426e+04 8.053711079561630681e-01
6.075548511648997373e+04 8.730963324846212625e-01
6.075548537655066320e+04 1.069279785911164460e+00
6.075548563661135267e+04 1.267682271132191341e+00
6.075548589667204942e+04 9.798839301546276026e-01
6.075548615673273162e+04 1.304381805983396703e+00
6.075548641679342836e+04 1.305846831944557751e+00
6.075548667685411783e+04 1.061867625590515063e+00
6.075548693691481458e+04 1.078001821963967322e+00
6.075548719697551132e+04 8.977001210442214774e-01
6.075548745703619352e+04 1.098152187291443038e+00
6.075548771709689026e+04 1.165952322945066566e+00
6.075548797715757973e+04 1.327870980599121120e+00
6.075548823721827648e+04 1.005252558378736172e+00
6.075548849727896595e+04 8.956156079824598715e-01
6.075548875733965542e+04 9.158776391349122692e-01
6.075548901740034489e+04 9.351523338859487611e-01
6.075548927746104164e+04 1.204660863729815068e+00
6.075548953752172383e+04 1.124247349955740161e+00
6.075548979758242058e+04 1.223471559735292535e+00
6.075549005764311732e+04 1.186109556312198388e+00
6.075549031770380680e+04 1.027980872855459804e+00
6.075549057776450354e+04 9.700465126778071712e-01
6.075549083782518574e+04 1.136171238732755828e+00
6.075549109788588248e+04 1.337802675101622096e+00
6.075549135794657195e+04 1.033354379442777971e+00
6.075549161800726870e+04 1.075206248152082100e+00
6.075549187806795817e+04 9.980760220349733647e-01
6.075549213812864764e+04 1.009301137077208477e+00
6.075549239818933711e+04 1.012170099065185180e+00
6.075549265825003386e+04 1.227863289218671383e+00
6.075549291831072333e+04 1.245199765488832488e+00
6.075549317837142007e+04 1.167962042806747425e+00
6.075549343843210954e+04 9.818796096386404049e-01
6.075549369849279901e+04 1.098489843361245333e+00
6.075549395855349576e+04 1.148489799560406865e+00
6.075549421861417795e+04 1.257820610968273467e+00
6.075549447867487470e+04 1.286823739452966242e+00
6.075549473873556417e+04 8.899737142597197170e-01
6.075549499879626092e+04 1.240315601043509020e+00
6.075549525885695766e+04 1.072253101425057586e+00
6.075549551891763986e+04 1.480589426757091154e+00
6.075549577897833660e+04 1.004633320600526902e+00
6.075549603903902607e+04 1.302000561059641015e+00
6.075549629909972282e+04 7.921066724564551631e-01
6.075549655916041229e+04 1.240201498655892909e+00
6.075549681922110176e+04 1.051589320115976722e+00
6.075549707928179851e+04 1.174629826247784559e+00
6.075549733934248798e+04 1.026317719018361663e+00
6.075549759940317745e+04 1.091696608579252548e+00
6.075549785946386692e+04 9.263041007082881695e-01
6.075549811952456366e+04 9.344706887011153817e-01
6.075549837958525313e+04 1.103689492348351342e+00
6.075549863964594988e+04 1.009165501649322838e+00
6.075549889970663935e+04 1.010801429392171213e+00
6.075549915976732882e+04 1.261136944952163219e+00
6.075549941982802557e+04 1.240259372698542473e+00
6.075549967988871504e+04 1.027766263803557178e+00
6.075549993994941178e+04 1.244059802578164842e+00
6.075550020001009398e+04 1.112172980638397535e+00
6.075550046007079072e+04 1.034458474463034072e+00
6.075550072013148747e+04 1.062381275825517779e+00
6.075550098019216966e+04 1.002153364384627876e+00
6.075550124025286641e+04 9.581420503466666627e-01
6.075550150031355588e+04 1.051573580457747070e+00
6.075550176037425263e+04 1.141950827953228886e+00
6.075550202043494210e+04 1.201403748395462712e+00
6.075550228049563157e+04 9.585291466187454423e-01
6.075550254055632831e+04 8.324176500580973137e-01
6.075550280061701778e+04 1.083471328244204335e+00
6.075550306067771453e+04 9.066974220861996336e-01
6.075550332073840400e+04 1.199591961339484092e+00
6.075550358079909347e+04 9.186158762662051114e-01
6.075550513883041276e+04 1.036670309445961058e+00
6.075550539889110951e+04 1.171929656250515484e+00
6.075550565895179898e+04 1.009660755142784749e+00
6.075550591901248845e+04 1.242864730840939513e+00
6.075550617907318519e+04 9.016631444486998825e-01
6.075550643913387466e+04 1.009497509425025585e+00
6.075550669919457141e+04 9.519267901136312382e-01
6.075550695925526088e+04 1.136599546920822990e+00
6.075550721931595035e+04 1.165938957819421251e+00
6.075550747937664710e+04 1.166760410526026748e+00
6.075550773943733657e+04 8.885244376300285296e-01
6.075550799949803331e+04 1.301961793635547426e+00
6.075550825955872278e+04 9.597516348327155278e-01
6.075550851961941225e+04 9.620599191391948635e-01
6.075550877968010900e+04 1.041624030887242425e+00
6.075550903974079847e+04 1.363580108114490264e+00
6.075550929980148794e+04 1.289662611693680239e+00
6.075550955986217741e+04 1.067702689208031464e+00
6.075550981992287416e+04 9.135103548906231552e-01
6.075551007998357090e+04 1.120094373623460315e+00
6.075551034004426037e+04 1.256610139039183283e+00
6.075551060010494984e+04 9.708081811781900106e-01
6.075551086016564659e+04 6.999304418395705385e-01
6.075551112022633606e+04 8.782219124655793463e-01
6.075551138028703281e+04 1.032161736460201595e+00
6.075551164034772228e+04 9.477678294558157246e-01
6.075551190040841175e+04 1.034946013564894685e+00
6.075551216046910849e+04 1.001387532325135554e+00
6.075551242052979796e+04 8.211234737896581093e-01
6.075551268059049471e+04 1.158372034983287779e+00
6.075551294065118418e+04 9.993149521668688307e-01
6.075551320071187365e+04 1.141981135118594004e+00
6.075551346077257040e+04 9.264543188947076402e-01
6.075551372083325987e+04 8.073866429513222309e-01
6.075551398089394934e+04 1.140973950257607950e+00
6.075551424095464608e+04 1.094963548413421250e+00
6.075551450101533555e+04 1.189639451151890848e+00
6.075551476107603230e+04 8.590674893959180380e-01
6.075551502113672177e+04 7.534082822225312004e-01
6.075551528119741124e+04 1.073321608692031859e+00
6.075551554125810799e+04 1.351634471750122302e+00
6.075551580131879746e+04 8.875055737978763126e-01
6.075551606137949420e+04 9.114890588192084975e-01
6.075551632144019095e+04 9.740051123444739556e-01
6.075551658150087314e+04 8.683169975167180921e-01
6.075551684156156989e+04 8.349840683202297553e-01
6.075551710162226664e+04 9.992961918637497387e-01
6.075551736168294883e+04 1.203614185922563973e+00
6.075551762174364558e+04 1.279640610973981074e+00
6.075551788180433505e+04 1.160595873314431259e+00
6.075551814186503179e+04 1.207029406816172878e+00
6.075551840192572854e+04 8.791000056444723265e-01
6.075551866198641073e+04 1.231907676745341629e+00
6.075551892204710748e+04 1.035317892112101790e+00
6.075551918210780423e+04 1.038093577324332273e+00
6.075551944216849370e+04 1.229012979513684600e+00
6.075551970222919044e+04 9.536995264662554428e-01
6.075551996228987991e+04 1.148834309241276275e+00
6.075552022235056938e+04 1.073030858297476797e+00
6.075552048241126613e+04 9.062744293284864527e-01
6.075552074247194832e+04 1.222167994709425054e+00
6.075552100253265235e+04 9.575962724320504771e-01
6.075552126259334182e+04 1.046290570259670094e+00
6.075552152265403129e+04 6.755523439716930589e-01
6.075552178271472803e+04 9.369265728923328318e-01
6.075552204277541750e+04 8.987666334935542345e-01
6.075552230283610697e+04 8.631490126816987463e-01
6.075552256289680372e+04 1.474841317679399522e+00
6.075552282295750047e+04 1.154064465970916054e+00
6.075552308301818994e+04 1.163785551293358367e+00
6.075552334307887941e+04 5.383694931960089081e-01
6.075552360313957615e+04 9.043153388902049894e-01
6.075552386320026562e+04 8.931901244184958788e-01
6.075552412326096237e+04 7.593212006100393818e-01
6.075552438332165912e+04 8.844629763343012652e-01
6.075552464338234131e+04 9.086266067445387673e-01
6.075552490344303806e+04 1.228056965726319616e+00
6.075552516350373480e+04 1.114535340643804995e+00
6.075552542356441700e+04 1.282622838127275067e+00
6.075552568362511374e+04 1.117326247573905862e+00
6.075552594368581049e+04 1.028142787764751098e+00
6.075552620374649996e+04 7.562130143976386609e-01
6.075552646380719671e+04 7.941967644457926800e-01
6.075552672386788618e+04 9.370176569571571079e-01
6.075552698392857565e+04 1.256435255810169460e+00
6.075552724398927239e+04 8.904138656474543945e-01
6.075552750404996914e+04 1.352165856595367810e+00
6.075552776411065861e+04 1.095598556032119975e+00
6.075552802417134808e+04 8.946955436725261279e-01
6.075552828423204483e+04 9.806885643979228462e-01
6.075552854429273430e+04 1.193328888000263488e+00
6.075552880435342377e+04 1.110663334858655205e+00
6.075552906441412051e+04 1.048547770274686153e+00
6.075552932447480998e+04 1.042957101655077157e+00
6.075552958453550673e+04 9.278488159230640075e-01
6.075552984459620347e+04 1.021806371220090215e+00
6.075553010465688567e+04 1.275970496707912405e+00
6.075553036471758242e+04 9.919130515387404312e-01
6.075553062477827916e+04 1.136949484670884969e+00
6.075553088483896863e+04 1.012029602449799004e+00
6.075553114489966538e+04 9.400273167248908157e-01
6.075553140496035485e+04 8.418577217770668586e-01
6.075553166502104432e+04 1.051936382325557640e+00
6.075553192508174106e+04 9.730390883110070499e-01
6.075553218514243054e+04 1.171034143069624944e+00
6.075553244520312728e+04 1.131068862706538614e+00
6.075553270526381675e+04 1.043934127126174394e+00
6.075553296532451350e+04 1.096992222067489031e+00
6.075553322538520297e+04 1.088116080789272022e+00
6.075553348544589244e+04 8.465056339543640673e-01
6.075553503087646095e+04 6.873832585354490154e-01
6.075553529093715770e+04 1.004041109168289481e+00
6.075553555099784717e+04 1.054794840424057023e+00
6.075553581105853664e+04 6.943220753126794209e-01
6.075553607111923338e+04 8.726116683612971103e-01
6.075553633117992285e+04 8.796849555145562771e-01
6.075553659124061960e+04 9.220194967459200974e-01
6.075553685130131635e+04 1.055829146875834512e+00
6.075553711136199854e+04 8.494215298090541655e-01
6.075553737142269529e+04 9.564029266597118273e-01
6.075553763148339203e+04 1.020294974978573910e+00
6.075553789154408878e+04 1.018161411011864192e+00
6.075553815160477825e+04 8.648787180043641110e-01
6.075553841166546772e+04 1.121602543104629701e+00
6.075553867172616447e+04 9.894579428882755989e-01
6.075553893178685394e+04 9.755179374627175326e-01
6.075553919184754341e+04 9.021186845961717271e-01
6.075553945190824015e+04 8.611784519052229081e-01
6.075553971196892962e+04 1.095082007708406691e+00
6.075553997202962637e+04 1.283044048025911765e+00
6.075554023209032312e+04 7.760448647859379268e-01
6.075554049215101259e+04 9.649940602695411540e-01
6.075554075221170206e+04 9.710917835627268513e-01
6.075554101227239880e+04 1.055410223471160425e+00
6.075554127233309555e+04 1.061352785001494770e+00
6.075554153239378502e+04 8.990317925742002947e-01
6.075554179245447449e+04 1.135200854729230713e+00
6.075554205251517124e+04 8.037412703571549244e-01
6.075554231257586798e+04 9.412621736237579695e-01
6.075554257263655018e+04 1.102050374125323806e+00
6.075554283269725420e+04 1.059421976464935966e+00
6.075554309275794367e+04 9.520438055866643490e-01
6.075554335281863314e+04 1.043041023016582303e+00
6.075554361287932988e+04 1.053974925440984700e+00
6.075554387294001936e+04 8.785910419615899913e-01
6.075554413300071610e+04 1.207312692579273206e+00
6.075554439306140557e+04 9.844443309200431313e-01
6.075554465312210232e+04 9.005697288658752742e-01
6.075554491318279906e+04 1.042624040086463255e+00
6.075554517324348853e+04 1.222227494908936896e+00
6.075554543330417800e+04 1.154589107044115881e+00
6.075554569336487475e+04 8.694203552847569183e-01
6.075554595342557150e+04 9.494653361357185961e-01
6.075554621348626097e+04 9.905914984955492830e-01
6.075554647354695044e+04 7.792427892812497925e-01
6.075554673360764718e+04 1.068899714511798438e+00
6.075554699366834393e+04 9.251377636019201267e-01
6.075554725372902612e+04 8.354079810377628146e-01
6.075554751378972287e+04 1.028286041902666925e+00
6.075554777385041962e+04 9.218161235405953891e-01
6.075554803391111636e+04 1.025511634309950626e+00
6.075554829397180583e+04 7.958130229839176506e-01
6.075554855403249530e+04 7.546598858704706148e-01
6.075554881409319205e+04 9.613124803583592559e-01
6.075554907415388152e+04 1.093575047067753880e+00
6.075554933421457827e+04 8.011462627754967203e-01
6.075554959427527501e+04 1.154712815047511665e+00
6.075554985433596448e+04 8.698332882517317843e-01
6.075555011439665395e+04 1.184755070434196700e+00
6.075555037445735070e+04 8.595443967430469456e-01
6.075555063451804017e+04 1.265867093369354102e+00
6.075555089457873692e+04 9.598145668087471050e-01
6.075555115463942639e+04 1.117929533995111191e+00
6.075555141470012313e+04 8.700143338399414228e-01
6.075555167476081988e+04 6.154900601941603044e-01
6.075555193482150935e+04 1.448628203349987986e+00
6.075555219488219882e+04 1.092922385427772536e+00
6.075555245494289557e+04 1.189113792822846571e+00
6.075555271500359231e+04 1.035259912079432132e+00
6.075555297506428906e+04 7.531652303187148512e-01
6.075555323512497125e+04 9.767299050473721156e-01
6.075555349518566800e+04 9.119225758353762812e-01
6.075555375524636474e+04 1.103631872259047242e+00
6.075555401530705421e+04 9.876596422526551233e-01
6.075555427536775096e+04 1.032608980841780655e+00
6.075555453542844043e+04 9.418574990317474249e-01
6.075555479548913718e+04 8.153234461915034315e-01
6.075555505554983392e+04 9.663997437004975266e-01
6.075555531561051612e+04 8.624209825136532892e-01
6.075555557567121286e+04 9.825602945236224794e-01
6.075555583573190961e+04 1.008951110562461784e+00
6.075555609579260636e+04 9.439292137675399097e-01
6.075555635585329583e+04 1.030364565420758050e+00
6.075555661591398530e+04 9.404704161713981492e-01
6.075555687597468204e+04 9.722819819831283183e-01
6.075555713603537879e+04 9.041847609190802881e-01
6.075555739609607554e+04 1.103308649586474344e+00
6.075555765615676501e+04 9.882134927825242388e-01
6.075555791621745448e+04 1.277156321413815077e+00
6.075555817627815122e+04 1.128906069108543964e+00
6.075555843633884797e+04 9.667886591331230628e-01
6.075555869639953016e+04 8.487732004391564944e-01
6.075555895646022691e+04 9.023222095263627729e-01
6.075555921652092366e+04 9.259243587561385436e-01
6.075555947658162040e+04 8.146498457925789305e-01
6.075555973664230987e+04 9.612388741866755293e-01
6.075555999670299934e+04 8.612909803996546820e-01
6.075556025676369609e+04 9.796278272081957450e-01
6.075556051682439283e+04 1.222522912545148888e+00
6.075556077688508958e+04 8.872180399212528101e-01
6.075556103694577905e+04 1.033369516434265556e+00
6.075556129700646852e+04 1.240369135313545534e+00
6.075556155706716527e+04 8.796695728088375077e-01
6.075556181712786201e+04 9.346013379108820684e-01
6.075556207718854421e+04 7.419609378189427895e-01
6.075556233724924095e+04 1.001246096310220546e+00
6.075556259730993770e+04 8.369662086430187387e-01
6.075556285737063445e+04 1.190476033114534316e+00
6.075556311743133119e+04 1.270395723012932576e+00
6.075556337749201339e+04 9.021125355816526081e-01
6.075556504896522529e+04 1.219783929879892481e+00
6.075556530902591476e+04 9.789318128598940572e-01
6.075556556908661150e+04 1.109682514452692725e+00
6.075556582914730097e+04 7.714615066151301326e-01
6.075556608920799772e+04 8.738773254573348748e-01
6.075556634926869447e+04 8.674753112770179353e-01
6.075556660932938394e+04 8.446195527359603439e-01
6.075556686939008068e+04 9.452273201641090417e-01
6.075556712945077015e+04 8.393623321460449427e-01
6.075556738951146690e+04 6.434538117063104412e-01
6.075556764957216365e+04 1.335547727022672770e+00
6.075556790963285312e+04 1.057175503172586462e+00
6.075556816969354986e+04 1.024961031129381528e+00
6.075556842975423933e+04 1.020704215008767957e+00
6.075556868981492880e+04 8.402271102468976682e-01
6.075556894987563282e+04 8.424008873741717363e-01
6.075556920993632230e+04 1.203328482608387873e+00
6.075556946999701904e+04 7.530834223981620612e-01
6.075556973005770851e+04 1.368430636842940640e+00
6.075556999011839798e+04 8.279977395788694627e-01
6.075557025017909473e+04 1.161666930285193633e+00
6.075557051023979147e+04 8.234502889749949484e-01
6.075557077030048822e+04 9.550583776043277684e-01
6.075557103036117769e+04 9.076972291813992788e-01
6.075557129042186716e+04 8.365362582090587473e-01
6.075557155048256391e+04 9.024356881379674844e-01
6.075557181054326065e+04 9.836004024879099195e-01
6.075557207060395740e+04 9.293365107792282975e-01
6.075557233066464687e+04 1.098124367702600690e+00
6.075557259072533634e+04 1.339077765438502210e+00
6.075557285078603309e+04 1.113438879420999505e+00
6.075557311084672983e+04 1.114812279293785124e+00
6.075557337090741930e+04 9.030276146506018842e-01
6.075557363096811605e+04 8.253603944316517671e-01
6.075557389102880552e+04 1.108851259986013638e+00
6.075557415108950227e+04 9.579077417640853298e-01
6.075557441115019901e+04 8.608780467717224161e-01
6.075557467121088848e+04 1.024443741138797881e+00
6.075557493127158523e+04 1.083215221331682354e+00
6.075557519133227470e+04 9.874852645115934635e-01
6.075557545139297144e+04 8.295528220808140452e-01
6.075557571145366819e+04 9.933960779000916563e-01
6.075557597151435766e+04 9.670757183710929628e-01
6.075557623157505441e+04 6.627143713432452898e-01
6.075557649163575115e+04 8.785096734148436504e-01
6.075557675169643335e+04 8.426886426528640284e-01
6.075557701175713009e+04 1.014505048880025573e+00
6.075557727181782684e+04 7.854524719721542869e-01
6.075557753187852359e+04 9.684878823726867925e-01
6.075557779193922033e+04 7.695003734392003025e-01
6.075557805199990980e+04 9.354285504098683868e-01
6.075557831206059927e+04 1.046095798259296661e+00
6.075557857212129602e+04 9.595803490796964708e-01
6.075557883218199277e+04 7.542175495424711107e-01
6.075557909224268951e+04 7.982187169383244685e-01
6.075557935230337898e+04 1.069949102872936875e+00
6.075557961236407573e+04 9.362796158973600846e-01
6.075557987242476520e+04 8.963763714575694319e-01
6.075558013248546195e+04 6.830667577731411866e-01
6.075558039254615869e+04 7.358145532924975640e-01
6.075558065260684816e+04 1.204626318053519940e+00
6.075558091266754491e+04 6.831781184386479522e-01
6.075558117272824165e+04 9.774288067898396770e-01
6.075558143278892385e+04 1.127662825022476056e+00
6.075558169284962059e+04 9.184196543283216219e-01
6.075558195291031734e+04 9.957371303527757789e-01
6.075558221297101409e+04 8.682971788394450163e-01
6.075558247303171083e+04 8.659827508825970188e-01
6.075558273309240030e+04 9.239692579708115305e-01
6.075558299315309705e+04 7.761379612183930687e-01
6.075558325321378652e+04 1.037422407222427179e+00
6.075558351327448327e+04 9.323601320962086048e-01
6.075558377333518001e+04 9.618757727561964010e-01
6.075558403339586948e+04 1.029411999629424201e+00
6.075558429345656623e+04 9.232031257662550727e-01
6.075558455351726298e+04 7.906384969279960373e-01
6.075558481357794517e+04 9.300654137987975911e-01
6.075558507363864192e+04 1.064322606275093896e+00
6.075558533369933866e+04 1.009956813978708956e+00
6.075558559376003541e+04 1.295758747423093604e+00
6.075558585382073215e+04 9.189404068948339166e-01
6.075558611388142162e+04 8.798288477708853250e-01
6.075558637394211837e+04 7.752774044119680186e-01
6.075558663400280784e+04 8.179530193015822626e-01
6.075558689406350459e+04 1.031288278550441140e+00
6.075558715412420133e+04 7.845862120427440356e-01
6.075558741418489080e+04 8.547960428993922610e-01
6.075558767424558755e+04 9.809331081520078488e-01
6.075558793430628430e+04 1.148492446697914726e+00
6.075558819436697377e+04 9.971070139148946465e-01
6.075558845442767051e+04 1.064382475441968623e+00
6.075558871448835998e+04 6.759334807121888389e-01
6.075558897454905673e+04 8.418448375215989987e-01
6.075558923460975348e+04 1.026482537282073393e+00
6.075558949467044295e+04 1.119987562143597071e+00
6.075558975473113969e+04 1.118268711346137367e+00
6.075559001479183644e+04 6.654939001772459672e-01
6.075559027485253318e+04 1.057075472209692446e+00
6.075559053491322265e+04 1.215777136944905301e+00
6.075559079497391212e+04 1.113097349070233166e+00
6.075559105503460887e+04 9.226972155695626343e-01
6.075559131509530562e+04 1.119901404354080254e+00
6.075559157515600236e+04 8.010403968476217385e-01
6.075559183521669911e+04 1.127792041512023058e+00
6.075559209527738858e+04 1.146582635195136923e+00
6.075559235533808533e+04 9.330872634675586585e-01
6.075559261539877480e+04 9.718657856827821462e-01
6.075559287545946427e+04 9.279929509229928319e-01
6.075559313552016101e+04 8.558108847917987871e-01
6.075559339558085776e+04 1.253902750829412938e+00
6.075559494101491873e+04 7.719534233760392272e-01
6.075559520107561548e+04 9.024795483886767222e-01
6.075559546113631222e+04 9.199310860389103839e-01
6.075559572119700897e+04 1.110794889042434841e+00
6.075559598125769844e+04 1.045713604823148124e+00
6.075559624131839519e+04 1.079901395945676468e+00
6.075559650137908466e+04 6.359242970654196414e-01
6.075559676143977413e+04 9.612869058177909709e-01
6.075559702150047087e+04 5.492238210315117941e-01
6.075559728156116762e+04 7.278281143126480446e-01
6.075559754162186437e+04 8.860191106111851012e-01
6.075559780168256111e+04 8.282704397106890326e-01
6.075559806174325058e+04 7.139251461826776612e-01
6.075559832180394733e+04 7.517536596014183781e-01
6.075559858186464407e+04 7.127615309366783780e-01
6.075559884192533355e+04 7.480268909946587996e-01
6.075559910198603029e+04 1.046957414679704268e+00
6.075559936204671976e+04 9.565563001942860577e-01
6.075559962210741651e+04 1.017464529473027790e+00
6.075559988216811325e+04 7.466539546168686758e-01
6.075560014222880272e+04 6.056548052616281819e-01
6.075560040228950675e+04 1.183033551231323477e+00
6.075560066235019622e+04 1.237489462653239558e+00
6.075560092241089296e+04 9.889675503857183747e-01
6.075560118247158971e+04 1.098554137289259547e+00
6.075560144253227918e+04 9.821206465836048727e-01
6.075560170259296865e+04 9.958221341549591266e-01
6.075560196265366540e+04 9.772892765420448935e-01
6.075560222271436214e+04 7.046553748659595273e-01
6.075560248277505889e+04 1.355995360114783832e+00
6.075560274283574836e+04 9.954837811309001916e-01
6.075560300289644510e+04 1.143619207543627336e+00
6.075560326295714185e+04 9.995862491016113127e-01
6.075560352301783860e+04 1.022224094738126254e+00
6.075560378307853534e+04 9.689081108852537483e-01
6.075560404313922481e+04 3.672776649636612656e-01
6.075560430319992156e+04 9.068060275534030046e-01
6.075560456326061831e+04 1.030266958388524223e+00
6.075560482332130050e+04 1.025845536671102121e+00
6.075560508338199725e+04 7.430415646201437019e-01
6.075560534344269399e+04 1.030402382428319941e+00
6.075560560350339074e+04 8.638696847496909470e-01
6.075560586356408749e+04 1.139001085691365045e+00
6.075560612362477696e+04 1.046320345393464413e+00
6.075560638368547370e+04 8.186752794281354495e-01
6.075560664374617045e+04 8.680762826202934601e-01
6.075560690380686719e+04 8.440970263314333533e-01
6.075560716386756394e+04 9.170043405926944224e-01
6.075560742392825341e+04 9.117179169717202214e-01
6.075560768398895016e+04 9.714470514459891959e-01
6.075560794404964690e+04 8.595261661925915897e-01
6.075560820411032910e+04 8.099551168695555692e-01
6.075560846417102584e+04 7.866115542830308671e-01
6.075560872423172259e+04 9.087324857370652209e-01
6.075560898429241934e+04 5.196812813745698145e-01
6.075560924435311608e+04 9.341505414978877875e-01
6.075560950441380555e+04 7.053428426776224835e-01
6.075560976447450230e+04 9.482143682727932621e-01
6.075561002453519905e+04 1.172809677928252858e+00
6.075561028459589579e+04 9.629118362829429678e-01
6.075561054465659254e+04 1.138100468046523650e+00
6.075561080471728201e+04 1.105459661342670596e+00
6.075561106477797875e+04 8.926585478858100053e-01
6.075561132483867550e+04 7.957715444325206278e-01
6.075561158489937225e+04 8.247080544563428761e-01
6.075561184496006899e+04 5.331136724541000182e-01
6.075561210502075846e+04 8.144857860357919144e-01
6.075561236508144793e+04 7.160812037350383630e-01
6.075561262514214468e+04 9.855804401543147852e-01
6.075561288520283415e+04 9.767036272749970438e-01
6.075561314526353090e+04 1.016669604649702796e+00
6.075561340532422764e+04 7.415626717085933572e-01
6.075561366538492439e+04 9.667061018672676864e-01
6.075561392544562113e+04 9.105935690116774284e-01
6.075561418550631060e+04 1.063769819387532678e+00
6.075561444556700735e+04 8.516105286692907672e-01
6.075561470562770410e+04 8.406818453024001991e-01
6.075561496568840084e+04 9.896515510295479379e-01
6.075561522574909759e+04 9.001365475600672239e-01
6.075561548580978706e+04 6.969541549104880662e-01
6.075561574587048381e+04 9.462288339806829152e-01
6.075561600593118055e+04 9.409572996156314595e-01
6.075561626599187002e+04 1.005162920431411866e+00
6.075561652605256677e+04 9.619297281404601829e-01
6.075561678611326352e+04 1.064488582555414009e+00
6.075561704617396026e+04 1.021703223505471492e+00
6.075561730623465701e+04 8.628866491687997575e-01
6.075561756629534648e+04 7.798190319281368410e-01
6.075561782635604322e+04 8.041591250815462999e-01
6.075561808641673269e+04 8.714209561050340058e-01
6.075561834647742944e+04 9.135677898402253527e-01
6.075561860653812619e+04 8.315655938896647781e-01
6.075561886659881566e+04 9.332573847634233477e-01
6.075561912665951240e+04 1.146333086025387082e+00
6.075561938672020915e+04 8.721179362706265037e-01
6.075561964678089862e+04 8.275302282150915900e-01
6.075561990684160264e+04 1.295584314611117893e+00
6.075562016690229211e+04 9.152001325195037174e-01
6.075562042696298886e+04 8.666133475060878721e-01
6.075562068702368560e+04 9.510356334940294198e-01
6.075562094708437508e+04 6.757691054935045516e-01
6.075562120714507182e+04 9.509155155465085496e-01
6.075562146720576857e+04 9.208291638021545156e-01
6.075562172726646531e+04 1.123320559921123563e+00
6.075562198732716206e+04 5.716666965447602111e-01
6.075562224738785153e+04 7.968160654192417702e-01
6.075562250744854828e+04 7.297799215470337497e-01
6.075562276750924502e+04 8.557947191858727987e-01
6.075562302756994177e+04 9.539534659279935713e-01
6.075562328763063852e+04 8.684544249542193173e-01
6.075562490904599690e+04 6.756720577060835176e-01
6.075562516909990518e+04 6.512107905291855126e-01
6.075562542915379890e+04 9.295551346354281597e-01
6.075562568920769263e+04 8.158449775267088144e-01
6.075562594926160091e+04 8.672064863121191625e-01
6.075562620931549463e+04 7.813597084969282625e-01
6.075562646936939564e+04 1.204466191746034864e+00
6.075562672942329664e+04 8.924729430913354022e-01
6.075562698947719036e+04 9.144773819947551452e-01
6.075562724953109864e+04 1.110902149773046466e+00
6.075562750958499237e+04 9.280710121370295829e-01
6.075562776963889337e+04 8.625653764264530343e-01
6.075562802969280165e+04 9.418203585583774240e-01
6.075562828974669537e+04 4.577790545194297955e-01
6.075562854980059637e+04 9.555921638681178498e-01
6.075562880985449738e+04 1.356886298698238402e+00
6.075562906990839110e+04 1.025204184428367027e+00
6.075562932996229938e+04 8.754407705045164079e-01
6.075562959001619311e+04 1.252800655800288654e+00
6.075562985007009411e+04 5.949895140481474831e-01
6.075563011012399511e+04 8.220951544439015768e-01
6.075563037017788884e+04 7.965109415831490569e-01
6.075563063023179711e+04 9.603266986179084252e-01
6.075563089028569084e+04 1.243270141666394268e+00
6.075563115033958456e+04 9.732245471527253278e-01
6.075563141039349284e+04 1.094281535854451315e+00
6.075563167044738657e+04 1.028465449222059735e+00
6.075563193050128757e+04 1.015980344454938455e+00
6.075563219055518857e+04 6.277241725747875201e-01
6.075563245060908230e+04 8.819860181041353497e-01
6.075563271066299058e+04 1.214768157281474581e+00
6.075563297071688430e+04 9.024958255609089042e-01
6.075563323077078530e+04 1.122074811399820016e+00
6.075563349082468631e+04 8.434759091180568102e-01
6.075563375087858003e+04 5.874687168364362000e-01
6.075563401093248831e+04 1.050077331567815797e+00
6.075563427098638203e+04 1.008676505206932195e+00
6.075563453104027576e+04 1.069762720523158794e+00
6.075563479109418404e+04 9.325299725346808399e-01
6.075563505114807776e+04 8.753715581404757362e-01
6.075563531120197877e+04 8.223562560020671874e-01
6.075563557125588704e+04 7.237915163275384645e-01
6.075563583130978077e+04 1.109586574746707299e+00
6.075563609136368905e+04 9.073187436917472537e-01
6.075563635141758277e+04 8.302768854131957754e-01
6.075563661147148377e+04 9.986215639416531342e-01
6.075563687152538478e+04 7.206256529128070021e-01
6.075563713157927850e+04 6.798901591164795422e-01
6.075563739163318678e+04 6.855121331796415474e-01
6.075563765168708051e+04 1.052037669585357937e+00
6.075563791174097423e+04 7.417037142200686439e-01
6.075563817179488251e+04 4.309175916784373506e-01
6.075563843184877624e+04 9.289887562266554433e-01
6.075563869190267724e+04 8.085542030317323103e-01
6.075563895195657824e+04 1.016827045750564595e+00
6.075563921201047197e+04 9.749174405503467922e-01
6.075563947206438024e+04 1.232204099363715777e+00
6.075563973211827397e+04 9.757868513184708714e-01
6.075563999217217497e+04 6.156699988810478974e-01
6.075564025222608325e+04 8.140434326224021966e-01
6.075564051227997697e+04 6.665254379386517103e-01
6.075564077233388525e+04 1.182972247880761163e+00
6.075564103238777898e+04 1.026369913478962559e+00
6.075564129244167270e+04 8.135083243388091523e-01
6.075564155249558098e+04 1.023819519218646112e+00
6.075564181254947471e+04 9.550869872355437495e-01
6.075564207260337571e+04 1.015497353892845345e+00
6.075564233265727671e+04 9.060350404264155832e-01
6.075564259271117044e+04 7.684569115147529272e-01
6.075564285276507871e+04 1.121535568699392416e+00
6.075564311281897244e+04 9.046121096905711534e-01
6.075564337287286617e+04 9.171587279144286509e-01
6.075564363292677444e+04 1.075809489098345839e+00
6.075564389298066817e+04 7.034093630864139968e-01
6.075564415303458372e+04 1.105372764819791742e+00
6.075564441308847745e+04 1.020547640258558930e+00
6.075564467314237118e+04 1.034309080766793620e+00
6.075564493319627945e+04 1.026252454251479707e+00
6.075564519325017318e+04 5.969355779708523935e-01
6.075564545330407418e+04 9.646116557988998474e-01
6.075564571335797518e+04 1.029628586313318994e+00
6.075564597341186891e+04 1.051579777457589016e+00
6.075564623346577719e+04 1.188718054907776267e+00
6.075564649351967091e+04 7.403335098549960192e-01
6.075564675357356464e+04 9.425924667402576507e-01
6.075564701362747292e+04 7.674142109442332327e-01
6.075564727368136664e+04 1.039794104699127253e+00
6.075564753373527492e+04 9.335942560096451848e-01
6.075564779378917592e+04 1.001292349437343132e+00
6.075564805384306965e+04 9.294544678656617709e-01
6.075564831389697792e+04 1.005143666786320944e+00
6.075564857395087165e+04 7.401451430765249029e-01
6.075564883400477265e+04 8.656302091615414307e-01
6.075564909405867365e+04 8.592854280414448098e-01
6.075564935411256738e+04 1.201997024020891480e+00
6.075564961416647566e+04 1.249770332735930412e+00
6.075564987422036938e+04 1.042651186453406487e+00
6.075565013427426311e+04 6.697628794348715608e-01
6.075565039432817866e+04 1.013547236877453628e+00
6.075565065438207239e+04 9.983673796781122878e-01
6.075565091443597339e+04 8.555680090651290870e-01
6.075565117448987439e+04 8.676584907206330577e-01
6.075565143454376812e+04 8.245351113083529970e-01
6.075565169459767640e+04 9.566399129007870927e-01
6.075565195465157012e+04 1.098109818997920373e+00
6.075565221470547112e+04 1.196291918126461740e+00
6.075565247475937213e+04 7.906939444860925370e-01
6.075565273481326585e+04 9.202212246507551763e-01
6.075565299486718141e+04 1.022104681074990751e+00
6.075565325492107513e+04 1.131391293850866564e+00
6.075565492676799477e+04 9.874063622314148692e-01
6.075565518682868424e+04 1.032705125963394588e+00
6.075565544688938098e+04 9.139648794528792974e-01
6.075565570695007773e+04 1.029346626245683183e+00
6.075565596701077448e+04 1.038603115161014445e+00
6.075565622707147122e+04 1.420243456392267678e+00
6.075565648713216069e+04 9.270803226577842837e-01
6.075565674719285744e+04 8.043768405141388245e-01
6.075565700725356146e+04 1.140418095397306208e+00
6.075565726731425821e+04 1.064098658539901709e+00
6.075565752737495495e+04 1.078886282085816051e+00
6.075565778743564442e+04 1.248763863775966820e+00
6.075565804749634117e+04 7.322369913532964514e-01
6.075565830755703792e+04 9.141491891226244393e-01
6.075565856761772739e+04 9.151691813925797447e-01
6.075565882767842413e+04 9.404483880247653804e-01
6.075565908773912088e+04 9.358778782902847926e-01
6.075565934779981762e+04 1.267947858566986552e+00
6.075565960786051437e+04 8.237822140071061616e-01
6.075565986792121112e+04 1.033342802947493588e+00
6.075566012798190786e+04 1.067235271615034842e+00
6.075566038804260461e+04 9.028503564395883307e-01
6.075566064810330136e+04 9.188799511670122655e-01
6.075566090816399810e+04 8.633915213359806273e-01
6.075566116822468757e+04 7.664215655210875333e-01
6.075566142828538432e+04 1.142591815324325299e+00
6.075566168834608106e+04 1.021988401384178013e+00
6.075566194840677781e+04 1.134004816340908439e+00
6.075566220846748183e+04 1.036639836271434856e+00
6.075566246852817130e+04 1.075186969348623123e+00
6.075566272858886805e+04 8.911783152995352841e-01
6.075566298864956480e+04 1.140796402227132411e+00
6.075566324871025427e+04 1.040020683836852866e+00
6.075566350877095101e+04 1.163917189784079209e+00
6.075566376883164776e+04 1.052170377708060212e+00
6.075566402889234450e+04 1.009362878973177668e+00
6.075566428895304125e+04 1.112565856148592935e+00
6.075566454901373800e+04 7.668244694254546800e-01
6.075566480907443474e+04 1.091433222621058352e+00
6.075566506913513149e+04 1.095879590840367568e+00
6.075566532919582824e+04 9.187568117395492617e-01
6.075566558925652498e+04 7.204481856044921972e-01
6.075566584931721445e+04 1.048544415950402042e+00
6.075566610937791120e+04 7.567848524542463151e-01
6.075566636943860794e+04 9.745606242592264046e-01
6.075566662949930469e+04 1.028434319563530375e+00
6.075566688956000144e+04 9.438941054855227719e-01
6.075566714962069818e+04 1.158468051904277374e+00
6.075566740968139493e+04 7.740180947279556856e-01
6.075566766974209168e+04 7.975570969831566881e-01
6.075566792980278115e+04 9.628160762746800216e-01
6.075566818986347789e+04 1.121176119843523056e+00
6.075566844992417464e+04 1.065302578283577439e+00
6.075566870998487866e+04 1.110716362436193760e+00
6.075566897004557541e+04 1.192834708140944056e+00
6.075566923010626488e+04 1.044930267173022731e+00
6.075566949016696162e+04 7.999897322972207014e-01
6.075566975022765837e+04 9.017083747872036703e-01
6.075567001028834784e+04 1.001762803920133171e+00
6.075567027034905186e+04 1.149295196296379107e+00
6.075567053040974133e+04 1.148174800473292567e+00
6.075567079047044535e+04 9.103316711307394282e-01
6.075567105053114210e+04 1.277485464453412822e+00
6.075567131059183157e+04 1.069169947564012402e+00
6.075567157065252832e+04 1.176585947803914900e+00
6.075567183071322506e+04 7.855229988404214270e-01
6.075567209077392181e+04 1.179003933871894505e+00
6.075567235083461856e+04 9.721082783907307734e-01
6.075567261089531530e+04 1.137559428721789612e+00
6.075567287095601205e+04 1.044372714568448712e+00
6.075567313101670879e+04 8.860810436142610991e-01
6.075567339107740554e+04 9.484354408149179294e-01
6.075567365113810229e+04 9.477937872997438395e-01
6.075567391119879176e+04 7.909101694967578533e-01
6.075567417125948850e+04 1.015250174744318112e+00
6.075567443132019253e+04 8.113260581262986548e-01
6.075567469138088200e+04 6.104175479709760266e-01
6.075567495144157874e+04 6.498568822108663490e-01
6.075567521150227549e+04 9.861439617725928919e-01
6.075567547156297223e+04 1.052420550613995198e+00
6.075567573162366898e+04 9.704735109397503168e-01
6.075567599168436573e+04 9.553371275555446740e-01
6.075567625174506247e+04 9.884352860551582909e-01
6.075567651180575922e+04 1.111164842982485190e+00
6.075567677186645597e+04 1.118583748806020628e+00
6.075567703192715271e+04 1.271325524888924363e+00
6.075567729198784218e+04 1.001452192074917313e+00
6.075567755204853893e+04 6.527844700654003018e-01
6.075567781210924295e+04 8.969272410383446470e-01
6.075567807216993242e+04 1.038063784788447297e+00
6.075567833223062917e+04 1.096850064081750675e+00
6.075567859229132591e+04 9.486596891813784405e-01
6.075567885235202266e+04 1.072508271011588521e+00
6.075567911241271941e+04 9.207501678532669098e-01
6.075567937247341615e+04 9.157003125351896866e-01
6.075567963253411290e+04 1.108839675355510535e+00
6.075567989259480964e+04 1.038711378298241783e+00
6.075568015265550639e+04 1.031218712402308890e+00
6.075568041271620314e+04 8.717607985550273053e-01
6.075568067277689261e+04 1.127393649363358730e+00
6.075568093283759663e+04 9.335248087679245410e-01
6.075568119289829338e+04 1.266084288644224509e+00
6.075568145295898285e+04 1.241219974659510283e+00
6.075568171301968687e+04 1.089968646972408139e+00
6.075568197308037634e+04 8.974325270846064129e-01
6.075568223314107308e+04 1.152135405462758833e+00
6.075568249320177711e+04 1.120304736299877923e+00
6.075568275326246658e+04 1.160223882179553856e+00
6.075568301332316332e+04 1.179686200797042117e+00
6.075568327338386007e+04 1.048920359081658926e+00
6.075568483179301256e+04 1.006804265751531036e+00
6.075568509184680443e+04 7.592124150792304293e-01
6.075568535190059629e+04 1.182786894935974997e+00
6.075568561195438815e+04 1.255418086460522664e+00
6.075568587200818729e+04 1.083211657297982411e+00
6.075568613206199370e+04 8.687999355251795341e-01
6.075568639211578557e+04 1.014610258664722320e+00
6.075568665216957743e+04 1.113792400345349209e+00
6.075568691222336929e+04 8.238488369928819166e-01
6.075568717227716115e+04 1.070720798729805079e+00
6.075568743233096029e+04 1.018965572850595525e+00
6.075568769238475215e+04 1.061150422534907545e+00
6.075568795243854402e+04 9.980880708387929179e-01
6.075568821249233588e+04 1.117708482022185423e+00
6.075568847254613502e+04 9.935306090264769407e-01
6.075568873259992688e+04 1.208988550337121826e+00
6.075568899265372602e+04 9.317148648710732450e-01
6.075568925270752516e+04 1.059047732574856626e+00
6.075568951276131702e+04 7.627198295375934300e-01
6.075568977281511616e+04 1.106906649376506513e+00
6.075569003286890802e+04 9.425695651525192176e-01
6.075569029292269988e+04 9.984160402879473928e-01
6.075569055297649174e+04 9.241068904687309571e-01
6.075569081303029088e+04 1.337519663345719811e+00
6.075569107308408275e+04 1.000615253440041874e+00
6.075569133313787461e+04 1.209278560187838192e+00
6.075569159319166647e+04 1.136759840857889836e+00
6.075569185324547288e+04 9.225643513996143463e-01
6.075569211329927202e+04 1.140861523853113013e+00
6.075569237335306389e+04 9.740134606821714280e-01
6.075569263340685575e+04 1.160262154856287697e+00
6.075569289346064761e+04 7.218548790481553734e-01
6.075569315351444675e+04 8.928804344220856448e-01
6.075569341356823861e+04 9.269822698210992140e-01
6.075569367362203047e+04 1.026446715971326862e+00
6.075569393367582234e+04 8.634799542662836558e-01
6.075569419372962147e+04 8.344722149679650869e-01
6.075569445378341334e+04 1.243951446342644429e+00
6.075569471383720520e+04 1.085442790830169590e+00
6.075569497389100434e+04 1.012597585640956366e+00
6.075569523394481075e+04 9.636996814078799822e-01
6.075569549399860261e+04 8.507053084281767097e-01
6.075569575405239448e+04 1.031776928576590757e+00
6.075569601410618634e+04 9.665362636470539170e-01
6.075569627415998548e+04 1.044137834955653599e+00
6.075569653421377734e+04 9.612503256722878531e-01
6.075569679426756920e+04 1.098714345194777176e+00
6.075569705432136107e+04 1.092484103565230180e+00
6.075569731437516020e+04 1.107062986374789171e+00
6.075569757442895207e+04 8.963633709587234266e-01
6.075569783448274393e+04 6.802569924103388788e-01
6.075569809453654307e+04 1.023253458932715798e+00
6.075569835459034948e+04 9.254828672852343230e-01
6.075569861464414134e+04 1.090775948263675854e+00
6.075569887469793321e+04 1.032827026931169678e+00
6.075569913475172507e+04 1.205113271391348384e+00
6.075569939480552421e+04 1.263720911948732040e+00
6.075569965485931607e+04 1.155444009957175000e+00
6.075569991491310793e+04 1.204979357416982255e+00
6.075570017496689979e+04 1.278476207887528471e+00
6.075570043502069893e+04 7.458399581254600008e-01
6.075570069507449080e+04 1.013731912407038971e+00
6.075570095512828993e+04 1.093053806770747149e+00
6.075570121518208907e+04 1.181617008500684962e+00
6.075570147523588821e+04 9.989795202745603842e-01
6.075570173528968007e+04 1.273172229971760272e+00
6.075570199534347194e+04 1.193873107386248966e+00
6.075570225539727107e+04 1.054027312951743900e+00
6.075570251545106294e+04 6.513981404695704525e-01
6.075570277550485480e+04 1.409007752956112025e+00
6.075570303555864666e+04 1.006155143153492748e+00
6.075570329561244580e+04 9.161676661822314438e-01
6.075570355566623766e+04 8.671080364456182910e-01
6.075570381572002952e+04 9.230896765760064904e-01
6.075570407577382866e+04 1.128747345196310592e+00
6.075570433582763508e+04 1.020523766367718466e+00
6.075570459588142694e+04 1.316641806330441478e+00
6.075570485593521880e+04 8.440483252863903996e-01
6.075570511598901066e+04 1.234588399594142016e+00
6.075570537604280980e+04 1.050914758753119349e+00
6.075570563609660167e+04 9.743178938082058815e-01
6.075570589615039353e+04 8.898106672258753180e-01
6.075570615620419267e+04 6.241796684446242471e-01
6.075570641625798453e+04 1.095670042031823055e+00
6.075570667631177639e+04 6.856850580101554460e-01
6.075570693636557553e+04 1.060072117648411583e+00
6.075570719641938194e+04 1.218254466720187112e+00
6.075570745647317381e+04 9.252235091246132637e-01
6.075570771652696567e+04 1.528503057230164108e+00
6.075570797658076481e+04 1.023819007843437712e+00
6.075570823663455667e+04 1.114089445536278866e+00
6.075570849668834853e+04 1.210102799281003616e+00
6.075570875674214039e+04 1.342372604707715800e+00
6.075570901679593953e+04 7.470417765808599064e-01
6.075570927684973140e+04 1.028279229916341908e+00
6.075570953690352326e+04 1.032155014341434196e+00
6.075570979695732240e+04 1.183254762585835174e+00
6.075571005701112153e+04 8.843272681785243616e-01
6.075571031706492067e+04 1.015010561220007990e+00
6.075571057711871254e+04 1.030450574719441015e+00
6.075571083717251167e+04 9.934328262063327752e-01
6.075571109722630354e+04 9.965086418751238906e-01
6.075571135728009540e+04 1.052670480538327125e+00
6.075571161733389454e+04 1.049150879645090573e+00
6.075571187738768640e+04 1.099220193102071308e+00
6.075571213744147826e+04 8.355341999806646935e-01
6.075571239749527740e+04 1.117478502654061900e+00
6.075571265754906926e+04 1.009378987878223555e+00
6.075571291760286840e+04 1.069234447654519027e+00
6.075571317765666754e+04 1.181212348375016763e+00
6.075571474868715450e+04 1.141277822496561178e+00
6.075571500874785124e+04 1.086543014923976314e+00
6.075571526880854799e+04 1.101484491061607951e+00
6.075571552886924474e+04 1.229461645638689982e+00
6.075571578892994148e+04 1.187144381831284123e+00
6.075571604899063823e+04 1.001505256766046958e+00
6.075571630905133497e+04 1.132077904659669843e+00
6.075571656911203172e+04 9.889816019924652091e-01
6.075571682917273574e+04 1.057886452351779694e+00
6.075571708923342521e+04 1.133716609964525945e+00
6.075571734929412196e+04 1.228632637639966330e+00
6.075571760935482598e+04 9.336448461504263108e-01
6.075571786941552273e+04 1.104433059913728199e+00
6.075571812947621947e+04 9.416109498009910261e-01
6.075571838953690894e+04 9.359650337910486728e-01
6.075571864959761297e+04 1.278093404678596334e+00
6.075571890965830971e+04 1.175776597498856990e+00
6.075571916971899918e+04 1.192555360228012562e+00
6.075571942977970320e+04 1.165625604282695571e+00
6.075571968984039995e+04 1.067704195828777181e+00
6.075571994990109670e+04 1.063645043734639195e+00
6.075572020996180072e+04 1.389742496685894890e+00
6.075572047002249019e+04 9.862227108745973414e-01
6.075572073008318694e+04 1.015980501824212734e+00
6.075572099014388368e+04 1.032995697642612232e+00
6.075572125020458770e+04 8.991431427736685800e-01
6.075572151026528445e+04 8.758650494845992007e-01
6.075572177032597392e+04 1.133427052773063437e+00
6.075572203038667794e+04 9.391607706333615635e-01
6.075572229044737469e+04 1.117287463860641372e+00
6.075572255050806416e+04 1.281089782061610727e+00
6.075572281056877546e+04 1.175574149822758541e+00
6.075572307062946493e+04 9.989619644928320330e-01
6.075572333069016167e+04 8.280300972109763125e-01
6.075572359075086570e+04 1.046905650138652666e+00
6.075572385081155517e+04 8.961312200837618924e-01
6.075572411087225191e+04 1.055048921741705170e+00
6.075572437093294866e+04 1.126917589943875697e+00
6.075572463099365268e+04 1.108265538582075438e+00
6.075572489105434943e+04 1.349854941890404003e+00
6.075572515111503890e+04 9.100524730464204515e-01
6.075572541117574292e+04 8.716768420933708184e-01
6.075572567123643967e+04 8.315009665147713447e-01
6.075572593129713641e+04 8.762562734733856384e-01
6.075572619135784043e+04 1.182501223412857350e+00
6.075572645141852990e+04 9.951460441909631971e-01
6.075572671147922665e+04 7.051953020045447218e-01
6.075572697153993067e+04 1.042949853143152028e+00
6.075572723160062014e+04 8.940316699198354033e-01
6.075572749166131689e+04 1.059287811436965487e+00
6.075572775172202091e+04 1.047244836083107922e+00
6.075572801178271766e+04 1.143570039130916038e+00
6.075572827184341440e+04 1.240032701518906544e+00
6.075572853190411115e+04 9.842559627563860492e-01
6.075572879196480790e+04 1.267852851416465088e+00
6.075572905202550464e+04 9.372857846574708107e-01
6.075572931208620867e+04 1.282332141041217399e+00
6.075572957214690541e+04 9.638363570493639898e-01
6.075572983220759488e+04 1.074266799384022919e+00
6.075573009226829890e+04 1.015519020456460808e+00
6.075573035232899565e+04 8.667392223656029682e-01
6.075573061238968512e+04 8.747153525987023670e-01
6.075573087245038914e+04 9.745569987625096742e-01
6.075573113251108589e+04 9.140202357344151540e-01
6.075573139257178264e+04 9.910185946215372965e-01
6.075573165263248666e+04 1.461796553426253809e+00
6.075573191269317613e+04 9.864215557995651418e-01
6.075573217275387287e+04 1.207715765117432838e+00
6.075573243281457690e+04 1.273592637688631513e+00
6.075573269287527364e+04 1.052888172834187230e+00
6.075573295293597039e+04 1.017005318000160363e+00
6.075573321299666713e+04 1.041231003759411244e+00
6.075573347305736388e+04 1.056237390949266386e+00
6.075573373311806063e+04 9.283924896901475377e-01
6.075573399317875737e+04 1.276481985843910927e+00
6.075573425323946140e+04 1.022742806227264545e+00
6.075573451330015087e+04 1.119209285989176683e+00
6.075573477336085489e+04 1.197642522547318178e+00
6.075573503342155163e+04 1.286031060896484890e+00
6.075573529348224110e+04 1.128002156752444973e+00
6.075573555354294513e+04 1.215363688530383568e+00
6.075573581360364187e+04 6.820497487095283917e-01
6.075573607366434589e+04 9.740820835147900869e-01
6.075573633372504264e+04 9.752030374184826877e-01
6.075573659378573211e+04 1.246098193624069372e+00
6.075573685384643613e+04 9.677518171750408849e-01
6.075573711390713288e+04 1.154157219352949237e+00
6.075573737396782963e+04 9.939162593506292165e-01
6.075573763402853365e+04 1.246609173291748585e+00
6.075573789408922312e+04 9.360113411595363253e-01
6.075573815414991986e+04 1.341812212064021903e+00
6.075573841421062389e+04 9.747627860541430156e-01
6.075573867427131336e+04 1.014327200313841715e+00
6.075573893433201010e+04 8.380760045851008977e-01
6.075573919439271413e+04 9.704968945456641238e-01
6.075573945445341087e+04 1.018668803395254452e+00
6.075573971451411489e+04 9.718106502679553227e-01
6.075573997457480436e+04 8.002623493424384504e-01
6.075574023463550111e+04 8.694394313342772573e-01
6.075574049469620513e+04 1.143371425860117752e+00
6.075574075475690188e+04 1.437744478150202676e+00
6.075574101481759863e+04 1.145774155942284711e+00
6.075574127487829537e+04 1.001757399368793822e+00
6.075574153493899212e+04 8.691709400526850260e-01
6.075574179499969614e+04 1.209907358798134824e+00
6.075574205506038561e+04 1.323353690682758543e+00
6.075574231512108236e+04 1.302168017863335914e+00
6.075574257518178638e+04 1.297710775825289931e+00
6.075574283524248312e+04 1.288179045454376448e+00
6.075574309530317987e+04 8.860215371313988619e-01
6.075574483016229351e+04 1.073338246153742848e+00
6.075574509021608537e+04 1.301695947442940149e+00
6.075574535026989179e+04 1.000266691165013544e+00
6.075574561032369093e+04 9.857609450046662669e-01
6.075574587037748279e+04 1.102859580880365842e+00
6.075574613043128193e+04 1.023271360495546567e+00
6.075574639048507379e+04 1.029917448909553723e+00
6.075574665053887293e+04 1.320382516412317964e+00
6.075574691059266479e+04 1.202438163519891523e+00
6.075574717064645665e+04 1.311551483478715863e+00
6.075574743070025579e+04 8.983042847262348030e-01
6.075574769075404765e+04 1.092012485039024261e+00
6.075574795080784679e+04 1.041023671392603100e+00
6.075574821086163865e+04 1.019595764243676594e+00
6.075574847091544507e+04 8.977346815207785102e-01
6.075574873096924421e+04 1.027696004956164977e+00
6.075574899102303607e+04 9.619023873610452746e-01
6.075574925107683521e+04 9.658315736264201368e-01
6.075574951113062707e+04 9.183240037698549019e-01
6.075574977118442621e+04 8.650513108183421895e-01
6.075575003123821807e+04 1.137632991091259260e+00
6.075575029129201721e+04 1.024077958576261604e+00
6.075575055134580907e+04 1.322060354180639941e+00
6.075575081139960093e+04 7.866788006741433081e-01
6.075575107145340007e+04 8.657213625306648952e-01
6.075575133150719921e+04 1.019318668587926080e+00
6.075575159156100563e+04 8.643166093812726380e-01
6.075575185161479749e+04 8.604838567309311959e-01
6.075575211166859663e+04 9.406573118925629640e-01
6.075575237172238849e+04 9.356373169756611041e-01
6.075575263177618035e+04 1.222604170070461516e+00
6.075575289182997949e+04 8.824051565469631653e-01
6.075575315188377135e+04 9.705945001397954242e-01
6.075575341193757049e+04 1.139307603206742181e+00
6.075575367199136235e+04 1.400134122656811586e+00
6.075575393204516149e+04 1.119078846408747108e+00
6.075575419209895335e+04 1.228791944128068803e+00
6.075575445215275249e+04 1.247699130340475415e+00
6.075575471220655891e+04 1.172707383319259611e+00
6.075575497226035077e+04 9.815457322226748271e-01
6.075575523231414991e+04 9.277882528477595647e-01
6.075575549236794177e+04 1.084094685789545043e+00
6.075575575242174091e+04 9.535982837171420590e-01
6.075575601247553277e+04 8.813877925279242076e-01
6.075575627252933191e+04 1.169137817848905803e+00
6.075575653258312377e+04 1.433027900543249800e+00
6.075575679263691563e+04 1.239965963521234116e+00
6.075575705269071477e+04 1.036148657576644316e+00
6.075575731274451391e+04 7.919809243125672804e-01
6.075575757279832033e+04 8.483977015669743604e-01
6.075575783285211219e+04 1.083697801412284223e+00
6.075575809290591133e+04 1.098509908127260681e+00
6.075575835295970319e+04 9.953905959466614606e-01
6.075575861301350233e+04 1.246836706084716084e+00
6.075575887306729419e+04 1.160070485633418746e+00
6.075575913312109333e+04 8.056730211204374825e-01
6.075575939317488519e+04 1.154306809822357893e+00
6.075575965322867705e+04 1.172706833020895401e+00
6.075575991328247619e+04 1.510130858138456933e+00
6.075576017333626805e+04 1.029035638644222539e+00
6.075576043339007447e+04 1.218669528233291999e+00
6.075576069344387361e+04 8.834301559680100002e-01
6.075576095349767274e+04 9.251470787708369059e-01
6.075576121355146461e+04 1.116693950899247723e+00
6.075576147360526375e+04 1.206260739364027446e+00
6.075576173365905561e+04 7.334965846004315448e-01
6.075576199371285475e+04 1.010036318226664287e+00
6.075576225376664661e+04 1.161738761681737842e+00
6.075576251382044575e+04 1.433495367631214323e+00
6.075576277387423761e+04 9.915940010155173123e-01
6.075576303392802947e+04 8.576017189505120708e-01
6.075576329398183589e+04 1.145381185146121084e+00
6.075576355403563502e+04 9.966364208242398659e-01
6.075576381408943416e+04 1.200290157025388549e+00
6.075576407414322603e+04 1.030458154102359192e+00
6.075576433419702516e+04 1.023324243849124349e+00
6.075576459425081703e+04 8.612427579424828394e-01
6.075576485430461616e+04 1.255696307458818328e+00
6.075576511435840803e+04 9.461586609115616442e-01
6.075576537441220717e+04 1.143773043391648203e+00
6.075576563446599903e+04 8.872762591618114092e-01
6.075576589451979817e+04 1.107834361550621427e+00
6.075576615457359003e+04 1.387365901727982909e+00
6.075576641462739644e+04 1.019994304971606702e+00
6.075576667468119558e+04 1.150459663384050257e+00
6.075576693473499472e+04 9.728350211033820472e-01
6.075576719478878658e+04 1.112001300941669157e+00
6.075576745484258572e+04 1.023534040161775627e+00
6.075576771489637758e+04 1.060010289237446557e+00
6.075576797495017672e+04 9.246363419656213889e-01
6.075576823500396858e+04 1.181790537109263628e+00
6.075576849505776045e+04 1.210741912747488991e+00
6.075576875511155959e+04 1.254295579868269339e+00
6.075576901516535145e+04 1.219248573784400325e+00
6.075576927521915786e+04 1.043664364008827450e+00
6.075576953527295700e+04 1.072079962487347382e+00
6.075576979532675614e+04 1.268673718255147964e+00
6.075577005538054800e+04 1.179453424220370472e+00
6.075577031543434714e+04 1.201455208989861800e+00
6.075577057548813900e+04 1.242618557212227248e+00
6.075577083554193814e+04 1.305840850995638069e+00
6.075577109559573000e+04 1.062837746204944755e+00
6.075577135564952914e+04 1.088136181205189068e+00
6.075577161570332100e+04 1.163940090344561584e+00
6.075577187575712014e+04 7.791098857984345427e-01
6.075577213581091200e+04 9.039838507651926092e-01
6.075577239586471842e+04 1.251388971162826103e+00
6.075577265591851756e+04 6.247235591128826870e-01
6.075577291597231670e+04 9.586348520265278728e-01
6.075577317602610856e+04 1.280195755201462893e+00
