6.075547523418369383e+04 9.374164421021077276e-01
6.075547549424438330e+04 1.007972793126053146e+00
6.075547575430508005e+04 9.583496981280890115e-01
6.075547601436576224e+04 9.196406414436867349e-01
6.075547627442645899e+04 1.002231331099632916e+00
6.075547653448714846e+04 9.363938238886839738e-01
6.075547679454784520e+04 9.771730070968233095e-01
6.075547705460853467e+04 9.132057503953169286e-01
6.075547731466922414e+04 9.676077113974715926e-01
6.075547757472991361e+04 9.288757369092248695e-01
6.075547783479061036e+04 9.795702463972681961e-01
6.075547809485129255e+04 9.561324809427383942e-01
6.075547835491198930e+04 1.063751292802183279e+00
6.075547861497267877e+04 1.065648122790639141e+00
6.075547887503337552e+04 1.018640746879908132e+00
6.075547913509406499e+04 1.083423099959029301e+00
6.075547939515475446e+04 9.099466847434979355e-01
6.075547965521544393e+04 8.935806963034971240e-01
6.075547991527614067e+04 9.736619375908913687e-01
6.075548017533683014e+04 1.017194833282388799e+00
6.075548043539752689e+04 1.073518854142798906e+00
6.075548069545820908e+04 9.788947401166351314e-01
6.075548095551890583e+04 1.079219639241052464e+00
6.075548121557959530e+04 9.567220812063084168e-01
6.075548147564028477e+04 9.543215833091713840e-01
6.075548173570098152e+04 9.949309086914427391e-01
6.075548199576167099e+04 1.041533315410614779e+00
6.075548225582236773e+04 9.664417186437113116e-01
6.075548251588305720e+04 9.856585026241715397e-01
6.075548277594374667e+04 1.044062934163221490e+00
6.075548303600443614e+04 1.000143615661534424e+00
6.075548329606513289e+04 1.033089367022280491e+00
6.075548355612582236e+04 9.602050419257457392e-01
6.075548381618651911e+04 9.886911596179290829e-01
6.075548407624720130e+04 9.987175002495767284e-01
6.075548433630789805e+04 9.472540631768793240e-01
6.075548459636858752e+04 8.965896265126346298e-01
6.075548485642928426e+04 9.442339980347267403e-01
6.075548511648997373e+04 1.075650332753210092e+00
6.075548537655066320e+04 1.031185533141723232e+00
6.075548563661135267e+04 9.494357044726478012e-01
6.075548589667204942e+04 9.839685979528262072e-01
6.075548615673273162e+04 1.057750280563684475e+00
6.075548641679342836e+04 8.612452806114797577e-01
6.075548667685411783e+04 9.340175842215192592e-01
6.075548693691481458e+04 9.454814528965287401e-01
6.075548719697551132e+04 1.013534373233447639e+00
6.075548745703619352e+04 9.064833309959086094e-01
6.075548771709689026e+04 9.829634904629567238e-01
6.075548797715757973e+04 9.992085542181355917e-01
6.075548823721827648e+04 8.902701221528156461e-01
6.075548849727896595e+04 9.881949943110690526e-01
6.075548875733965542e+04 9.331345028854931556e-01
6.075548901740034489e+04 9.874010513072977169e-01
6.075548927746104164e+04 1.008020282138795576e+00
6.075548953752172383e+04 1.000685552188438576e+00
6.075548979758242058e+04 9.154264571314262300e-01
6.075549005764311732e+04 9.920885716336584892e-01
6.075549031770380680e+04 1.043903850713365777e+00
6.075549057776450354e+04 1.016925765011037708e+00
6.075549083782518574e+04 9.596987382516096732e-01
6.075549109788588248e+04 1.013830449449155680e+00
6.075549135794657195e+04 1.032352138970696664e+00
6.075549161800726870e+04 9.943413037637107710e-01
6.075549187806795817e+04 1.029828392969480699e+00
6.075549213812864764e+04 9.180012045071909155e-01
6.075549239818933711e+04 9.956125314201663690e-01
6.075549265825003386e+04 1.006616758920068522e+00
6.075549291831072333e+04 1.012842129086779508e+00
6.075549317837142007e+04 8.983953352544593596e-01
6.075549343843210954e+04 9.681832391421751893e-01
6.075549369849279901e+04 9.708301949060278435e-01
6.075549395855349576e+04 9.696361031832390065e-01
6.075549421861417795e+04 9.823523310115378493e-01
6.075549447867487470e+04 1.155864292279971117e+00
6.075549473873556417e+04 1.072175810118083605e+00
6.075549499879626092e+04 1.078245968732255200e+00
6.075549525885695766e+04 9.899368644168450304e-01
6.075549551891763986e+04 9.834446826469337433e-01
6.075549577897833660e+04 9.641201892332679213e-01
6.075549603903902607e+04 9.351558383767804017e-01
6.075549629909972282e+04 1.008756448891756197e+00
6.075549655916041229e+04 1.069912853329072711e+00
6.075549681922110176e+04 9.987663533746323763e-01
6.075549707928179851e+04 9.393505389615912637e-01
6.075549733934248798e+04 9.858793899046679465e-01
6.075549759940317745e+04 1.038607324467492043e+00
6.075549785946386692e+04 1.037871369312063363e+00
6.075549811952456366e+04 1.014745599768680506e+00
6.075549837958525313e+04 1.030366366489789298e+00
6.075549863964594988e+04 1.006516741483268751e+00
6.075549889970663935e+04 9.023296861166186789e-01
6.075549915976732882e+04 1.043976469596913148e+00
6.075549941982802557e+04 9.648284227680590242e-01
6.075549967988871504e+04 9.783577924626150057e-01
6.075549993994941178e+04 9.562542757484465694e-01
6.075550020001009398e+04 1.003274905531349903e+00
6.075550046007079072e+04 9.556990947525217939e-01
6.075550072013148747e+04 9.189159111568566685e-01
6.075550098019216966e+04 9.792019319815993272e-01
6.075550124025286641e+04 1.087887519519876944e+00
6.075550150031355588e+04 9.899995865303082843e-01
6.075550176037425263e+04 1.050550451590816614e+00
6.075550202043494210e+04 1.049964086065352076e+00
6.075550228049563157e+04 1.008645434089019632e+00
6.075550254055632831e+04 1.030385039214172460e+00
6.075550280061701778e+04 1.045498062800842787e+00
6.075550306067771453e+04 9.252675253200907113e-01
6.075550332073840400e+04 1.053476850941507115e+00
6.075550358079909347e+04 9.716624569329408434e-01
6.075550513883041276e+04 1.001074096660933277e+00
6.075550539889110951e+04 1.130371517943553394e+00
6.075550565895179898e+04 9.379289370427484895e-01
6.075550591901248845e+04 1.036217569721962217e+00
6.075550617907318519e+04 9.524716198926872490e-01
6.075550643913387466e+04 9.656305124761300762e-01
6.075550669919457141e+04 1.049303221881762394e+00
6.075550695925526088e+04 1.045065893741695673e+00
6.075550721931595035e+04 9.202025320267492869e-01
6.075550747937664710e+04 9.744442570042685103e-01
6.075550773943733657e+04 1.037621169792920961e+00
6.075550799949803331e+04 9.650467451532506180e-01
6.075550825955872278e+04 1.011288602574737849e+00
6.075550851961941225e+04 1.078609303614721071e+00
6.075550877968010900e+04 1.105835856194726352e+00
6.075550903974079847e+04 9.617213433713822646e-01
6.075550929980148794e+04 1.027830369659400223e+00
6.075550955986217741e+04 1.005214841063077014e+00
6.075550981992287416e+04 1.026778968335904763e+00
6.075551007998357090e+04 1.022686476870463546e+00
6.075551034004426037e+04 9.612170576824194956e-01
6.075551060010494984e+04 1.078843115281842735e+00
6.075551086016564659e+04 9.898355904857302212e-01
6.075551112022633606e+04 1.069702540808710634e+00
6.075551138028703281e+04 1.114795345002849380e+00
6.075551164034772228e+04 1.011250992878397703e+00
6.075551190040841175e+04 1.070281393519949109e+00
6.075551216046910849e+04 9.923198191274757995e-01
6.075551242052979796e+04 1.056407124944065634e+00
6.075551268059049471e+04 9.699917876938314309e-01
6.075551294065118418e+04 1.015806830000897776e+00
6.075551320071187365e+04 9.720209192209844362e-01
6.075551346077257040e+04 1.053428640860378795e+00
6.075551372083325987e+04 1.064802429723403776e+00
6.075551398089394934e+04 9.467856469676053655e-01
6.075551424095464608e+04 1.016478514089876439e+00
6.075551450101533555e+04 9.916681676076366525e-01
6.075551476107603230e+04 9.061235172750263800e-01
6.075551502113672177e+04 1.047289489194026313e+00
6.075551528119741124e+04 9.658919286790165204e-01
6.075551554125810799e+04 1.015924908130071858e+00
6.075551580131879746e+04 1.051595265816954949e+00
6.075551606137949420e+04 1.024499456974198086e+00
6.075551632144019095e+04 9.483030772125659036e-01
6.075551658150087314e+04 9.905201772366528656e-01
6.075551684156156989e+04 1.036077938482217631e+00
6.075551710162226664e+04 1.038316219605339930e+00
6.075551736168294883e+04 1.068983331721626628e+00
6.075551762174364558e+04 1.005781377966855406e+00
6.075551788180433505e+04 1.063524579558379646e+00
6.075551814186503179e+04 1.110905612109610363e+00
6.075551840192572854e+04 1.032159317294096379e+00
6.075551866198641073e+04 9.603889745432948599e-01
6.075551892204710748e+04 9.994256194032031804e-01
6.075551918210780423e+04 1.053631230138427632e+00
6.075551944216849370e+04 1.025283814583808351e+00
6.075551970222919044e+04 9.799324644671996154e-01
6.075551996228987991e+04 1.031308677262749107e+00
6.075552022235056938e+04 9.556874051946743220e-01
6.075552048241126613e+04 1.049997198361566353e+00
6.075552074247194832e+04 9.598136140809078176e-01
6.075552100253265235e+04 1.035840261198642143e+00
6.075552126259334182e+04 1.006211408966478649e+00
6.075552152265403129e+04 9.304905851693020535e-01
6.075552178271472803e+04 9.604116474408631587e-01
6.075552204277541750e+04 9.447299033782460276e-01
6.075552230283610697e+04 1.029476784090977759e+00
6.075552256289680372e+04 1.031526920274500769e+00
6.075552282295750047e+04 1.070994337900684101e+00
6.075552308301818994e+04 9.888052746208215726e-01
6.075552334307887941e+04 9.503685291553246595e-01
6.075552360313957615e+04 9.827240428549225415e-01
6.075552386320026562e+04 8.896621363461499898e-01
6.075552412326096237e+04 1.008424408378080006e+00
6.075552438332165912e+04 1.025935309722294742e+00
6.075552464338234131e+04 9.684229050910618808e-01
6.075552490344303806e+04 1.006532686741278493e+00
6.075552516350373480e+04 1.071415403574917047e+00
6.075552542356441700e+04 1.037602380867336471e+00
6.075552568362511374e+04 9.610865044628998932e-01
6.075552594368581049e+04 1.007853883363339031e+00
6.075552620374649996e+04 9.762476982235454015e-01
6.075552646380719671e+04 1.037614522224981739e+00
6.075552672386788618e+04 1.019736393507158390e+00
6.075552698392857565e+04 9.498752247480976019e-01
6.075552724398927239e+04 9.327655007274998633e-01
6.075552750404996914e+04 1.037386966914336961e+00
6.075552776411065861e+04 9.724153977170789664e-01
6.075552802417134808e+04 1.055662233674897754e+00
6.075552828423204483e+04 1.042878639838489052e+00
6.075552854429273430e+04 9.602365436780597729e-01
6.075552880435342377e+04 1.026216230889779979e+00
6.075552906441412051e+04 1.049925446993474454e+00
6.075552932447480998e+04 1.009959624466666428e+00
6.075552958453550673e+04 9.964243617930523822e-01
6.075552984459620347e+04 9.729694479090946757e-01
6.075553010465688567e+04 1.125536204474984370e+00
6.075553036471758242e+04 9.468929773030413388e-01
6.075553062477827916e+04 1.016164283290812431e+00
6.075553088483896863e+04 9.803592277055297455e-01
6.075553114489966538e+04 9.787242710025675363e-01
6.075553140496035485e+04 9.835942471146287280e-01
6.075553166502104432e+04 1.056054615564388177e+00
6.075553192508174106e+04 9.862776737545918548e-01
6.075553218514243054e+04 1.010848711355619933e+00
6.075553244520312728e+04 9.316787281634600904e-01
6.075553270526381675e+04 1.050026520805279251e+00
6.075553296532451350e+04 9.598853675642007310e-01
6.075553322538520297e+04 9.713797743259103834e-01
6.075553348544589244e+04 9.878862727454233994e-01
6.075553503087646095e+04 9.730352103653991946e-01
6.075553529093715770e+04 1.076104482071541524e+00
6.075553555099784717e+04 9.773433601915498814e-01
6.075553581105853664e+04 9.970726824947085953e-01
6.075553607111923338e+04 1.112968490334672600e+00
6.075553633117992285e+04 9.650391479513249493e-01
6.075553659124061960e+04 9.444631194931437657e-01
6.075553685130131635e+04 1.097942142064832538e+00
6.075553711136199854e+04 9.490162819144190021e-01
6.075553737142269529e+04 1.015626304344701358e+00
6.075553763148339203e+04 9.330709246419132130e-01
6.075553789154408878e+04 9.843468101844312645e-01
6.075553815160477825e+04 1.005678100466895319e+00
6.075553841166546772e+04 9.689185956829595714e-01
6.075553867172616447e+04 1.013815976624113935e+00
6.075553893178685394e+04 1.082112753620518841e+00
6.075553919184754341e+04 1.018792557929081521e+00
6.075553945190824015e+04 9.764638363745739014e-01
6.075553971196892962e+04 1.050264379410663418e+00
6.075553997202962637e+04 1.036771344113349924e+00
6.075554023209032312e+04 1.016487567029590311e+00
6.075554049215101259e+04 1.113992013880093390e+00
6.075554075221170206e+04 9.948696452417263858e-01
6.075554101227239880e+04 1.036172060261400407e+00
6.075554127233309555e+04 1.102483024285203728e+00
6.075554153239378502e+04 9.809388338419188225e-01
6.075554179245447449e+04 9.237823197465474534e-01
6.075554205251517124e+04 1.046640690007859309e+00
6.075554231257586798e+04 9.922852660816310344e-01
6.075554257263655018e+04 1.013454573576797690e+00
6.075554283269725420e+04 1.015607855333947596e+00
6.075554309275794367e+04 1.059980698201110405e+00
6.075554335281863314e+04 1.063317336168366545e+00
6.075554361287932988e+04 9.095847422285270323e-01
6.075554387294001936e+04 1.000576695593246468e+00
6.075554413300071610e+04 1.006285530928046290e+00
6.075554439306140557e+04 1.014604492555064352e+00
6.075554465312210232e+04 1.055686317253959228e+00
6.075554491318279906e+04 9.678877040874448445e-01
6.075554517324348853e+04 1.003521617081849726e+00
6.075554543330417800e+04 1.079835399158126430e+00
6.075554569336487475e+04 1.078705671409042388e+00
6.075554595342557150e+04 1.095060368375735171e+00
6.075554621348626097e+04 1.035831176307354662e+00
6.075554647354695044e+04 9.323369426150730499e-01
6.075554673360764718e+04 1.068200518347522054e+00
6.075554699366834393e+04 1.037723400101968396e+00
6.075554725372902612e+04 1.035906168684571416e+00
6.075554751378972287e+04 1.121447334604902313e+00
6.075554777385041962e+04 9.583672858908984793e-01
6.075554803391111636e+04 1.061167369012117501e+00
6.075554829397180583e+04 9.872565720031818426e-01
6.075554855403249530e+04 9.907736320293920596e-01
6.075554881409319205e+04 1.022182201927735123e+00
6.075554907415388152e+04 9.573687573397777761e-01
6.075554933421457827e+04 9.827924723624770209e-01
6.075554959427527501e+04 1.033067641059975506e+00
6.075554985433596448e+04 1.032368204505988540e+00
6.075555011439665395e+04 1.005609594013398445e+00
6.075555037445735070e+04 9.485433340799030999e-01
6.075555063451804017e+04 9.372368340687068367e-01
6.075555089457873692e+04 1.035056050693339724e+00
6.075555115463942639e+04 9.688302481277754064e-01
6.075555141470012313e+04 1.099834937003291824e+00
6.075555167476081988e+04 1.054317409344445844e+00
6.075555193482150935e+04 1.036110022157422872e+00
6.075555219488219882e+04 1.018894676478397043e+00
6.075555245494289557e+04 1.062442077047235811e+00
6.075555271500359231e+04 1.079800539723470454e+00
6.075555297506428906e+04 1.055190627034254369e+00
6.075555323512497125e+04 9.770421535182055583e-01
6.075555349518566800e+04 1.014666598351674720e+00
6.075555375524636474e+04 9.659663143849922529e-01
6.075555401530705421e+04 1.017788279596249845e+00
6.075555427536775096e+04 9.971441477655157426e-01
6.075555453542844043e+04 1.148401892812829228e+00
6.075555479548913718e+04 9.328701886990109493e-01
6.075555505554983392e+04 1.062215273550002781e+00
6.075555531561051612e+04 1.013183009015189429e+00
6.075555557567121286e+04 1.084810662573951090e+00
6.075555583573190961e+04 9.112509209863501880e-01
6.075555609579260636e+04 1.103314657732739956e+00
6.075555635585329583e+04 1.026739730456482258e+00
6.075555661591398530e+04 1.039732880837757056e+00
6.075555687597468204e+04 1.012699199201328337e+00
6.075555713603537879e+04 1.058781658020347738e+00
6.075555739609607554e+04 1.062581752082890185e+00
6.075555765615676501e+04 9.748551863894325820e-01
6.075555791621745448e+04 9.127265997140002751e-01
6.075555817627815122e+04 9.200930816045027605e-01
6.075555843633884797e+04 9.967298076411686969e-01
6.075555869639953016e+04 1.066539984842993061e+00
6.075555895646022691e+04 9.880705290972526811e-01
6.075555921652092366e+04 1.058629504887172113e+00
6.075555947658162040e+04 9.369256642020369341e-01
6.075555973664230987e+04 1.125797817620771690e+00
6.075555999670299934e+04 1.159722976772589842e+00
6.075556025676369609e+04 1.010991423900227781e+00
6.075556051682439283e+04 1.025753725339036304e+00
6.075556077688508958e+04 9.948790357721876143e-01
6.075556103694577905e+04 9.705193735729977789e-01
6.075556129700646852e+04 1.034144572281977315e+00
6.075556155706716527e+04 9.751506816025133917e-01
6.075556181712786201e+04 1.057905468389984893e+00
6.075556207718854421e+04 9.612358887663875473e-01
6.075556233724924095e+04 9.723588644267744385e-01
6.075556259730993770e+04 1.084605814737707563e+00
6.075556285737063445e+04 1.091462469784191480e+00
6.075556311743133119e+04 9.683334023391857448e-01
6.075556337749201339e+04 8.975389527021964131e-01
6.075556504896522529e+04 1.057463312783881504e+00
6.075556530902591476e+04 1.087735875935112340e+00
6.075556556908661150e+04 1.034573142370899479e+00
6.075556582914730097e+04 1.061105987815265772e+00
6.075556608920799772e+04 1.083406737880521220e+00
6.075556634926869447e+04 1.025695831142994452e+00
6.075556660932938394e+04 1.103589222600711128e+00
6.075556686939008068e+04 9.313675185783490962e-01
6.075556712945077015e+04 1.016101766683470631e+00
6.075556738951146690e+04 1.053685185616400677e+00
6.075556764957216365e+04 1.091387647140829253e+00
6.075556790963285312e+04 1.076148316853496434e+00
6.075556816969354986e+04 1.014176317509788205e+00
6.075556842975423933e+04 9.967712443307972237e-01
6.075556868981492880e+04 1.061099318242564316e+00
6.075556894987563282e+04 1.006411101295541011e+00
6.075556920993632230e+04 9.730993925568420799e-01
6.075556946999701904e+04 1.069758841075005851e+00
6.075556973005770851e+04 1.012543552845923900e+00
6.075556999011839798e+04 1.052393117950803481e+00
6.075557025017909473e+04 1.102107223456166185e+00
6.075557051023979147e+04 9.932607541853453181e-01
6.075557077030048822e+04 1.010530394905586160e+00
6.075557103036117769e+04 1.078765930642751947e+00
6.075557129042186716e+04 1.044100671513138456e+00
6.075557155048256391e+04 9.640919456086086692e-01
6.075557181054326065e+04 1.065558623199885036e+00
6.075557207060395740e+04 9.736442256370682058e-01
6.075557233066464687e+04 9.815510668378242265e-01
6.075557259072533634e+04 1.035142855437195530e+00
6.075557285078603309e+04 1.024337266337975727e+00
6.075557311084672983e+04 1.027961442844321116e+00
6.075557337090741930e+04 9.891238836273418267e-01
6.075557363096811605e+04 1.111690391032705838e+00
6.075557389102880552e+04 1.005976582162985800e+00
6.075557415108950227e+04 1.006803125193482140e+00
6.075557441115019901e+04 1.011097058462866016e+00
6.075557467121088848e+04 1.129795760148778916e+00
6.075557493127158523e+04 9.931512081430969863e-01
6.075557519133227470e+04 1.006414406979561749e+00
6.075557545139297144e+04 1.069439155298122834e+00
6.075557571145366819e+04 1.015995269300285608e+00
6.075557597151435766e+04 1.046879937521235648e+00
6.075557623157505441e+04 1.071766088496486136e+00
6.075557649163575115e+04 1.051787526304482911e+00
6.075557675169643335e+04 9.679013528480302497e-01
6.075557701175713009e+04 9.406195395667754644e-01
6.075557727181782684e+04 1.058190348836690609e+00
6.075557753187852359e+04 9.652996712881258823e-01
6.075557779193922033e+04 9.351674945462590260e-01
6.075557805199990980e+04 1.002652823209906563e+00
6.075557831206059927e+04 9.686180720670178879e-01
6.075557857212129602e+04 9.468546718460604250e-01
6.075557883218199277e+04 9.678582778728298530e-01
6.075557909224268951e+04 9.703374858331341724e-01
6.075557935230337898e+04 9.310957794508281093e-01
6.075557961236407573e+04 1.068345641072392160e+00
6.075557987242476520e+04 9.655670685937813857e-01
6.075558013248546195e+04 1.078181052687228192e+00
6.075558039254615869e+04 1.011270284979442158e+00
6.075558065260684816e+04 1.038979037150168150e+00
6.075558091266754491e+04 1.063844722458359149e+00
6.075558117272824165e+04 1.059966178544723858e+00
6.075558143278892385e+04 1.052985907965198864e+00
6.075558169284962059e+04 9.837755817896884913e-01
6.075558195291031734e+04 1.109807749952294031e+00
6.075558221297101409e+04 9.617695308775052743e-01
6.075558247303171083e+04 9.882714711696376497e-01
6.075558273309240030e+04 1.075990084319536244e+00
6.075558299315309705e+04 1.006334452537783530e+00
6.075558325321378652e+04 9.460585082981280980e-01
6.075558351327448327e+04 1.095999202374605241e+00
6.075558377333518001e+04 9.964027001675817008e-01
6.075558403339586948e+04 1.035877640860447757e+00
6.075558429345656623e+04 1.088882388084356334e+00
6.075558455351726298e+04 1.039726590664377781e+00
6.075558481357794517e+04 1.071597029508127852e+00
6.075558507363864192e+04 1.109531257115599079e+00
6.075558533369933866e+04 1.057612047104596442e+00
6.075558559376003541e+04 1.038494126300737230e+00
6.075558585382073215e+04 1.142977133665768141e+00
6.075558611388142162e+04 9.738302341921334371e-01
6.075558637394211837e+04 1.002064229074839830e+00
6.075558663400280784e+04 1.017850499298751377e+00
6.075558689406350459e+04 9.542118956142279229e-01
6.075558715412420133e+04 9.405501631246990790e-01
6.075558741418489080e+04 1.011709338290064375e+00
6.075558767424558755e+04 1.008503409007925011e+00
6.075558793430628430e+04 1.137135126554901676e+00
6.075558819436697377e+04 1.065318461861070931e+00
6.075558845442767051e+04 1.157213939162336613e+00
6.075558871448835998e+04 1.001017673698920696e+00
6.075558897454905673e+04 9.850139108738754645e-01
6.075558923460975348e+04 1.062967924858255087e+00
6.075558949467044295e+04 9.478807992058390086e-01
6.075558975473113969e+04 1.005518490954288247e+00
6.075559001479183644e+04 1.013394377199455576e+00
6.075559027485253318e+04 1.027988873024066718e+00
6.075559053491322265e+04 1.054692442962976484e+00
6.075559079497391212e+04 9.942142300097178698e-01
6.075559105503460887e+04 1.042866548653381908e+00
6.075559131509530562e+04 1.049734966344661791e+00
6.075559157515600236e+04 9.380964097112013400e-01
6.075559183521669911e+04 9.648360808706385461e-01
6.075559209527738858e+04 9.933358975126228563e-01
6.075559235533808533e+04 1.036238187981818992e+00
6.075559261539877480e+04 1.033869465875040028e+00
6.075559287545946427e+04 1.112017734002450853e+00
6.075559313552016101e+04 1.049530588648693641e+00
6.075559339558085776e+04 1.142576908266845104e+00
6.075559494101491873e+04 1.033828826403776935e+00
6.075559520107561548e+04 1.110813176766415999e+00
6.075559546113631222e+04 1.121622093337119930e+00
6.075559572119700897e+04 1.061534246576344431e+00
6.075559598125769844e+04 1.025198481291023311e+00
6.075559624131839519e+04 1.070620103800091094e+00
6.075559650137908466e+04 9.946644882138225841e-01
6.075559676143977413e+04 9.943302628950064781e-01
6.075559702150047087e+04 1.054964116356277737e+00
6.075559728156116762e+04 1.072989184146351915e+00
6.075559754162186437e+04 1.042922222013553446e+00
6.075559780168256111e+04 9.785357484672794204e-01
6.075559806174325058e+04 1.044650498332403199e+00
6.075559832180394733e+04 1.049109424511396105e+00
6.075559858186464407e+04 1.018462174145866372e+00
6.075559884192533355e+04 9.315534537203100651e-01
6.075559910198603029e+04 1.043764262069447391e+00
6.075559936204671976e+04 9.783108422447335251e-01
6.075559962210741651e+04 9.563424494625513139e-01
6.075559988216811325e+04 9.659373284568169016e-01
6.075560014222880272e+04 1.155313969403289898e+00
6.075560040228950675e+04 9.260358714777581213e-01
6.075560066235019622e+04 1.067571323540513761e+00
6.075560092241089296e+04 9.425834848272897082e-01
6.075560118247158971e+04 9.533876393969121787e-01
6.075560144253227918e+04 1.034649403861086503e+00
6.075560170259296865e+04 1.060704296573812266e+00
6.075560196265366540e+04 1.022234492634738201e+00
6.075560222271436214e+04 9.599969697430718041e-01
6.075560248277505889e+04 1.063804644124048959e+00
6.075560274283574836e+04 1.012471855045206315e+00
6.075560300289644510e+04 9.626866496754725722e-01
6.075560326295714185e+04 9.913207900709452014e-01
6.075560352301783860e+04 1.034365903618007287e+00
6.075560378307853534e+04 9.548220044755820757e-01
6.075560404313922481e+04 1.007435143724028093e+00
6.075560430319992156e+04 1.071310964871164950e+00
6.075560456326061831e+04 9.822103898816940681e-01
6.075560482332130050e+04 9.745427620623481335e-01
6.075560508338199725e+04 9.885490527371666447e-01
6.075560534344269399e+04 1.058322424641944037e+00
6.075560560350339074e+04 9.413335660330518495e-01
6.075560586356408749e+04 1.041241507644326880e+00
6.075560612362477696e+04 1.042787792952720505e+00
6.075560638368547370e+04 9.640831110588476971e-01
6.075560664374617045e+04 9.410167991156267453e-01
6.075560690380686719e+04 1.097392024119068221e+00
6.075560716386756394e+04 1.031196345533903935e+00
6.075560742392825341e+04 1.092982572384999518e+00
6.075560768398895016e+04 1.040859078937159010e+00
6.075560794404964690e+04 1.002749908522255984e+00
6.075560820411032910e+04 9.693621240564002095e-01
6.075560846417102584e+04 1.067239006584474570e+00
6.075560872423172259e+04 9.507944317309758864e-01
6.075560898429241934e+04 1.143409202421518778e+00
6.075560924435311608e+04 9.716778357512672049e-01
6.075560950441380555e+04 9.967411689885539161e-01
6.075560976447450230e+04 9.384358745320444672e-01
6.075561002453519905e+04 9.915746943554324400e-01
6.075561028459589579e+04 1.043765223486608384e+00
6.075561054465659254e+04 1.007714726267388672e+00
6.075561080471728201e+04 1.089725184593018481e+00
6.075561106477797875e+04 9.943146350216349738e-01
6.075561132483867550e+04 1.031287811985049041e+00
6.075561158489937225e+04 1.093735549018976849e+00
6.075561184496006899e+04 9.511251547465477962e-01
6.075561210502075846e+04 9.497969757963696802e-01
6.075561236508144793e+04 1.052935078026830285e+00
6.075561262514214468e+04 1.058755373766068208e+00
6.075561288520283415e+04 1.174403245863360645e+00
6.075561314526353090e+04 1.158029219302665114e+00
6.075561340532422764e+04 9.925955383954517819e-01
6.075561366538492439e+04 1.063786379668720805e+00
6.075561392544562113e+04 1.024392548881607912e+00
6.075561418550631060e+04 1.114596812148226812e+00
6.075561444556700735e+04 1.055214766768773904e+00
6.075561470562770410e+04 1.060390378074747675e+00
6.075561496568840084e+04 1.053669424837258228e+00
6.075561522574909759e+04 1.043402764487516343e+00
6.075561548580978706e+04 9.999941400169761740e-01
6.075561574587048381e+04 1.073839104918321796e+00
6.075561600593118055e+04 1.044593842812918671e+00
6.075561626599187002e+04 9.378161323804224958e-01
6.075561652605256677e+04 1.018086244672498308e+00
6.075561678611326352e+04 1.079885794539203525e+00
6.075561704617396026e+04 1.078114229032657967e+00
6.075561730623465701e+04 9.881668981317186518e-01
6.075561756629534648e+04 1.021913517906609226e+00
6.075561782635604322e+04 1.058622315815840320e+00
6.075561808641673269e+04 1.088141266236211990e+00
6.075561834647742944e+04 9.978603615085557266e-01
6.075561860653812619e+04 9.288066675365662661e-01
6.075561886659881566e+04 1.125731946132095151e+00
6.075561912665951240e+04 1.025247352796129219e+00
6.075561938672020915e+04 9.479639141034925665e-01
6.075561964678089862e+04 8.983991631465558791e-01
6.075561990684160264e+04 1.076509906890088963e+00
6.075562016690229211e+04 1.060574112564165672e+00
6.075562042696298886e+04 1.031749489905752659e+00
6.075562068702368560e+04 1.009309399073996749e+00
6.075562094708437508e+04 9.634275365332126695e-01
6.075562120714507182e+04 1.019954667818617322e+00
6.075562146720576857e+04 1.052391520243932233e+00
6.075562172726646531e+04 1.049709366270176636e+00
6.075562198732716206e+04 1.020612231355757960e+00
6.075562224738785153e+04 1.000802838585836518e+00
6.075562250744854828e+04 9.676416489578398838e-01
6.075562276750924502e+04 9.676907504342701083e-01
6.075562302756994177e+04 1.002019134310395687e+00
6.075562328763063852e+04 1.035226537360959487e+00
6.075562490904599690e+04 1.111470613015383524e+00
6.075562516909990518e+04 9.981549221174165210e-01
6.075562542915379890e+04 1.050285321330711064e+00
6.075562568920769263e+04 1.007689603819932556e+00
6.075562594926160091e+04 1.047758795798760634e+00
6.075562620931549463e+04 1.059063915570449765e+00
6.075562646936939564e+04 1.005921294467245763e+00
6.075562672942329664e+04 1.036751027643558087e+00
6.075562698947719036e+04 9.930404937319360359e-01
6.075562724953109864e+04 1.075788210364633901e+00
6.075562750958499237e+04 9.963854446178063151e-01
6.075562776963889337e+04 9.584825760494841695e-01
6.075562802969280165e+04 9.534309350436949160e-01
6.075562828974669537e+04 1.076126366419929870e+00
6.075562854980059637e+04 1.015416508127335415e+00
6.075562880985449738e+04 1.105026811717303659e+00
6.075562906990839110e+04 1.007687047095897404e+00
6.075562932996229938e+04 1.046064692226446491e+00
6.075562959001619311e+04 8.971930052628456220e-01
6.075562985007009411e+04 9.693893875965360341e-01
6.075563011012399511e+04 1.075865623932507509e+00
6.075563037017788884e+04 8.704963959496931913e-01
6.075563063023179711e+04 1.140184999860325510e+00
6.075563089028569084e+04 1.092130448276394050e+00
6.075563115033958456e+04 1.077932445064997635e+00
6.075563141039349284e+04 1.007309517903261620e+00
6.075563167044738657e+04 1.083335394731484103e+00
6.075563193050128757e+04 1.041337224104711856e+00
6.075563219055518857e+04 1.044157384648420006e+00
6.075563245060908230e+04 1.063704930734504783e+00
6.075563271066299058e+04 1.004310354440563158e+00
6.075563297071688430e+04 9.944475948904375473e-01
6.075563323077078530e+04 1.110502641147166125e+00
6.075563349082468631e+04 1.010877192436380412e+00
6.075563375087858003e+04 1.046489439127008092e+00
6.075563401093248831e+04 1.049469670529900700e+00
6.075563427098638203e+04 1.165240373546697628e+00
6.075563453104027576e+04 1.077291352207311093e+00
6.075563479109418404e+04 1.052875125940661460e+00
6.075563505114807776e+04 1.000848749325147002e+00
6.075563531120197877e+04 9.989844034062757006e-01
6.075563557125588704e+04 1.051690198872350157e+00
6.075563583130978077e+04 1.095031778501357245e+00
6.075563609136368905e+04 1.007920368819913870e+00
6.075563635141758277e+04 1.043752442927774027e+00
6.075563661147148377e+04 1.057519324315287834e+00
6.075563687152538478e+04 1.019258887979181294e+00
6.075563713157927850e+04 1.111173267841999435e+00
6.075563739163318678e+04 1.004281798599375719e+00
6.075563765168708051e+04 1.059112690074997865e+00
6.075563791174097423e+04 1.000069658892164037e+00
6.075563817179488251e+04 1.063263479190793559e+00
6.075563843184877624e+04 1.033042044742104704e+00
6.075563869190267724e+04 1.031158224668732748e+00
6.075563895195657824e+04 1.069512893496743278e+00
6.075563921201047197e+04 9.931924439335046984e-01
6.075563947206438024e+04 1.027150403052549787e+00
6.075563973211827397e+04 1.046875412375338987e+00
6.075563999217217497e+04 1.072866298708496702e+00
6.075564025222608325e+04 1.096232077512345526e+00
6.075564051227997697e+04 1.071439181172897825e+00
6.075564077233388525e+04 9.920706146242487256e-01
6.075564103238777898e+04 1.082221796830187710e+00
6.075564129244167270e+04 1.037316424602545695e+00
6.075564155249558098e+04 9.955921126688415113e-01
6.075564181254947471e+04 1.047740951232172701e+00
6.075564207260337571e+04 1.077147067426601046e+00
6.075564233265727671e+04 1.051012846755087216e+00
6.075564259271117044e+04 1.022219296801258892e+00
6.075564285276507871e+04 1.067055525185901965e+00
6.075564311281897244e+04 1.065654408250461760e+00
6.075564337287286617e+04 1.063189500394912335e+00
6.075564363292677444e+04 1.033921190666550194e+00
6.075564389298066817e+04 1.040740738779046604e+00
6.075564415303458372e+04 1.003965500315793680e+00
6.075564441308847745e+04 9.241339807044948174e-01
6.075564467314237118e+04 1.066473381290939271e+00
6.075564493319627945e+04 1.012602596376066311e+00
6.075564519325017318e+04 9.996055272733098684e-01
6.075564545330407418e+04 1.112818466050055077e+00
6.075564571335797518e+04 1.076727974195002657e+00
6.075564597341186891e+04 9.588165804711313855e-01
6.075564623346577719e+04 1.041354071534941639e+00
6.075564649351967091e+04 1.089608075985684987e+00
6.075564675357356464e+04 1.118829212668907447e+00
6.075564701362747292e+04 1.105904130557086473e+00
6.075564727368136664e+04 1.088633452638237742e+00
6.075564753373527492e+04 1.005485302135197712e+00
6.075564779378917592e+04 1.063051874111311079e+00
6.075564805384306965e+04 8.751428816232262875e-01
6.075564831389697792e+04 1.046558492306469024e+00
6.075564857395087165e+04 9.736565592821257997e-01
6.075564883400477265e+04 1.122034476356595256e+00
6.075564909405867365e+04 1.005473901058352659e+00
6.075564935411256738e+04 1.039208076460114594e+00
6.075564961416647566e+04 1.039370699776899665e+00
6.075564987422036938e+04 1.067419667354509993e+00
6.075565013427426311e+04 9.802806305999406389e-01
6.075565039432817866e+04 1.091205401154639709e+00
6.075565065438207239e+04 1.054057355469155688e+00
6.075565091443597339e+04 1.077891800707564851e+00
6.075565117448987439e+04 1.010893876490439380e+00
6.075565143454376812e+04 1.015004103507018973e+00
6.075565169459767640e+04 1.020246020455903402e+00
6.075565195465157012e+04 1.087286561837426335e+00
6.075565221470547112e+04 9.506544846301531182e-01
6.075565247475937213e+04 1.021078021802732660e+00
6.075565273481326585e+04 1.020367489840869668e+00
6.075565299486718141e+04 1.059657053898305001e+00
6.075565325492107513e+04 1.036776322018758467e+00
6.075565492676799477e+04 1.075925519446095047e+00
6.075565518682868424e+04 1.043514861761238199e+00
6.075565544688938098e+04 1.073336167879862080e+00
6.075565570695007773e+04 1.051165042840596753e+00
6.075565596701077448e+04 1.066262557189663784e+00
6.075565622707147122e+04 1.080504281470792582e+00
6.075565648713216069e+04 1.058842930037028118e+00
6.075565674719285744e+04 1.042475271919545143e+00
6.075565700725356146e+04 1.001429214222354647e+00
6.075565726731425821e+04 1.066951729991947984e+00
6.075565752737495495e+04 9.978311709536258345e-01
6.075565778743564442e+04 1.043667641393691392e+00
6.075565804749634117e+04 9.668207683971611344e-01
6.075565830755703792e+04 1.065845235712039152e+00
6.075565856761772739e+04 1.091796538389548266e+00
6.075565882767842413e+04 1.054969583103001041e+00
6.075565908773912088e+04 9.992862375406198483e-01
6.075565934779981762e+04 1.006662291067085713e+00
6.075565960786051437e+04 1.110128765937378859e+00
6.075565986792121112e+04 1.149213465065667794e+00
6.075566012798190786e+04 1.006411109525533032e+00
6.075566038804260461e+04 1.027238125312513350e+00
6.075566064810330136e+04 9.777379193148076908e-01
6.075566090816399810e+04 1.052849826792807031e+00
6.075566116822468757e+04 9.791992150993374944e-01
6.075566142828538432e+04 1.041376275570673915e+00
6.075566168834608106e+04 8.676670508626027623e-01
6.075566194840677781e+04 1.022770221211012576e+00
6.075566220846748183e+04 1.064209154303137117e+00
6.075566246852817130e+04 1.058977856912091120e+00
6.075566272858886805e+04 1.014332893003180525e+00
6.075566298864956480e+04 1.050740401099832910e+00
6.075566324871025427e+04 1.028658455125481375e+00
6.075566350877095101e+04 1.056906090746185356e+00
6.075566376883164776e+04 1.105228259932409030e+00
6.075566402889234450e+04 1.096698701000842879e+00
6.075566428895304125e+04 1.008132410085902375e+00
6.075566454901373800e+04 1.024624594866069494e+00
6.075566480907443474e+04 1.107914728647683811e+00
6.075566506913513149e+04 1.021462936393261023e+00
6.075566532919582824e+04 9.909102991662440685e-01
6.075566558925652498e+04 9.747222829605488581e-01
6.075566584931721445e+04 1.079986010535300078e+00
6.075566610937791120e+04 1.013200134806889308e+00
6.075566636943860794e+04 1.019529316068700897e+00
6.075566662949930469e+04 1.083543114180498312e+00
6.075566688956000144e+04 1.070196204672670959e+00
6.075566714962069818e+04 1.116825468345884920e+00
6.075566740968139493e+04 1.094750199943622215e+00
6.075566766974209168e+04 9.741034202853411372e-01
6.075566792980278115e+04 9.356577849873156660e-01
6.075566818986347789e+04 1.072889693116737320e+00
6.075566844992417464e+04 1.075167449134280195e+00
6.075566870998487866e+04 1.010314487597089528e+00
6.075566897004557541e+04 9.675745032813664048e-01
6.075566923010626488e+04 1.083589652381941937e+00
6.075566949016696162e+04 1.074041836529512572e+00
6.075566975022765837e+04 9.911993118908446476e-01
6.075567001028834784e+04 1.063811193211725570e+00
6.075567027034905186e+04 1.098092802225720810e+00
6.075567053040974133e+04 9.397863113856744777e-01
6.075567079047044535e+04 1.033931608199667895e+00
6.075567105053114210e+04 1.020346159007310849e+00
6.075567131059183157e+04 1.014405644083137492e+00
6.075567157065252832e+04 1.050617853479971719e+00
6.075567183071322506e+04 1.024234272899468889e+00
6.075567209077392181e+04 1.055334390314890625e+00
6.075567235083461856e+04 1.041377108689533815e+00
6.075567261089531530e+04 1.006907312859563142e+00
6.075567287095601205e+04 1.028405282653753527e+00
6.075567313101670879e+04 1.094649718818663020e+00
6.075567339107740554e+04 1.066009347539061514e+00
6.075567365113810229e+04 1.063800418996547315e+00
6.075567391119879176e+04 1.083448500172171425e+00
6.075567417125948850e+04 9.939329175693656371e-01
6.075567443132019253e+04 1.030227637625216852e+00
6.075567469138088200e+04 1.066812619169288823e+00
6.075567495144157874e+04 1.043046847458353410e+00
6.075567521150227549e+04 9.498405838660092249e-01
6.075567547156297223e+04 9.745227749616169888e-01
6.075567573162366898e+04 1.070966030155873217e+00
6.075567599168436573e+04 1.038737190307231772e+00
6.075567625174506247e+04 1.040181544690367499e+00
6.075567651180575922e+04 1.004553354805866494e+00
6.075567677186645597e+04 1.047639235551395043e+00
6.075567703192715271e+04 1.051553506540796823e+00
6.075567729198784218e+04 9.941810926739426124e-01
6.075567755204853893e+04 1.100741581382757017e+00
6.075567781210924295e+04 1.055057921055947201e+00
6.075567807216993242e+04 1.135704662267704279e+00
6.075567833223062917e+04 1.043804426702042765e+00
6.075567859229132591e+04 1.028561133738273625e+00
6.075567885235202266e+04 9.957153457310331524e-01
6.075567911241271941e+04 1.027411250589732372e+00
6.075567937247341615e+04 1.013545858169340397e+00
6.075567963253411290e+04 1.084502306988573084e+00
6.075567989259480964e+04 1.064768288641623206e+00
6.075568015265550639e+04 1.007950452935594265e+00
6.075568041271620314e+04 9.695866316611086999e-01
6.075568067277689261e+04 9.528314175362296856e-01
6.075568093283759663e+04 1.013814953639209815e+00
6.075568119289829338e+04 1.036887371717084783e+00
6.075568145295898285e+04 1.089516109935158905e+00
6.075568171301968687e+04 9.815647416875784570e-01
6.075568197308037634e+04 9.599721568567303187e-01
6.075568223314107308e+04 1.051326403855078029e+00
6.075568249320177711e+04 9.954271880199233591e-01
6.075568275326246658e+04 1.060668730788244973e+00
6.075568301332316332e+04 1.092925546973237072e+00
6.075568327338386007e+04 1.087064901469506850e+00
6.075568483179301256e+04 1.087515879079891779e+00
6.075568509184680443e+04 1.005823253634307690e+00
6.075568535190059629e+04 9.466891825376926306e-01
6.075568561195438815e+04 9.979659552989421645e-01
6.075568587200818729e+04 1.088986040311025416e+00
6.075568613206199370e+04 9.940925024567245361e-01
6.075568639211578557e+04 1.042981085592068702e+00
6.075568665216957743e+04 1.050340440279870391e+00
6.075568691222336929e+04 1.053351479423540571e+00
6.075568717227716115e+04 1.086225970763932347e+00
6.075568743233096029e+04 1.040179036022797820e+00
6.075568769238475215e+04 9.784947840889856030e-01
6.075568795243854402e+04 1.032009024300883482e+00
6.075568821249233588e+04 1.142664927384332785e+00
6.075568847254613502e+04 1.070608849344978797e+00
6.075568873259992688e+04 9.264659351094113315e-01
6.075568899265372602e+04 9.973970737607511516e-01
6.075568925270752516e+04 9.837056290198519237e-01
6.075568951276131702e+04 1.105783251481465168e+00
6.075568977281511616e+04 1.020680181152367139e+00
6.075569003286890802e+04 1.009792298515108655e+00
6.075569029292269988e+04 1.055979473869480545e+00
6.075569055297649174e+04 9.885807373851235313e-01
6.075569081303029088e+04 1.026298151247360568e+00
6.075569107308408275e+04 1.063058158840297862e+00
6.075569133313787461e+04 1.098765528997542207e+00
6.075569159319166647e+04 1.036707859232854023e+00
6.075569185324547288e+04 1.007137795530242297e+00
6.075569211329927202e+04 9.684173273604385068e-01
6.075569237335306389e+04 1.026597135064065913e+00
6.075569263340685575e+04 1.060915142110754106e+00
6.075569289346064761e+04 1.005210526583512509e+00
6.075569315351444675e+04 9.696635544567095977e-01
6.075569341356823861e+04 1.014921074164404358e+00
6.075569367362203047e+04 1.008354506780906767e+00
6.075569393367582234e+04 9.622341281926356515e-01
6.075569419372962147e+04 9.989240304625509603e-01
6.075569445378341334e+04 1.073500679728037532e+00
6.075569471383720520e+04 1.084908050861242979e+00
6.075569497389100434e+04 1.008334010006877390e+00
6.075569523394481075e+04 1.059767307271789694e+00
6.075569549399860261e+04 9.915069481270830654e-01
6.075569575405239448e+04 1.023606912742802022e+00
6.075569601410618634e+04 1.011311956524639566e+00
6.075569627415998548e+04 9.666883492045348358e-01
6.075569653421377734e+04 9.267433643997271542e-01
6.075569679426756920e+04 9.965444001816173847e-01
6.075569705432136107e+04 1.017905328476683247e+00
6.075569731437516020e+04 1.053608440541903946e+00
6.075569757442895207e+04 9.557637472361717457e-01
6.075569783448274393e+04 1.018759335800283994e+00
6.075569809453654307e+04 1.029465680498087510e+00
6.075569835459034948e+04 9.526453413332427456e-01
6.075569861464414134e+04 1.042034391617008504e+00
6.075569887469793321e+04 1.010356873655647414e+00
6.075569913475172507e+04 9.843822096181917836e-01
6.075569939480552421e+04 1.011365021752353988e+00
6.075569965485931607e+04 9.391036000844348308e-01
6.075569991491310793e+04 9.981217827474271331e-01
6.075570017496689979e+04 1.025464912374618676e+00
6.075570043502069893e+04 1.046068974102431159e+00
6.075570069507449080e+04 9.622640968526640082e-01
6.075570095512828993e+04 9.968136808518230918e-01
6.075570121518208907e+04 8.963783376415375148e-01
6.075570147523588821e+04 9.579496237995348551e-01
6.075570173528968007e+04 1.085870820396294345e+00
6.075570199534347194e+04 1.004390904060742606e+00
6.075570225539727107e+04 9.977099438208419935e-01
6.075570251545106294e+04 9.441637340161823655e-01
6.075570277550485480e+04 9.581002588524899499e-01
6.075570303555864666e+04 1.048212533756024190e+00
6.075570329561244580e+04 1.021418889005611952e+00
6.075570355566623766e+04 9.890886481318234003e-01
6.075570381572002952e+04 1.067542506149707693e+00
6.075570407577382866e+04 1.063758118677854414e+00
6.075570433582763508e+04 1.038367468153096551e+00
6.075570459588142694e+04 1.045085881406233375e+00
6.075570485593521880e+04 9.900354064428477097e-01
6.075570511598901066e+04 1.060650202889161342e+00
6.075570537604280980e+04 1.035313809822534292e+00
6.075570563609660167e+04 1.077860147119092060e+00
6.075570589615039353e+04 1.086427209512443648e+00
6.075570615620419267e+04 9.422455055873687479e-01
6.075570641625798453e+04 1.043805465986611170e+00
6.075570667631177639e+04 8.837783443882478718e-01
6.075570693636557553e+04 1.007227498882153682e+00
6.075570719641938194e+04 1.112686817185892130e+00
6.075570745647317381e+04 1.094209467427474713e+00
6.075570771652696567e+04 1.048360436646657456e+00
6.075570797658076481e+04 1.031609450790752058e+00
6.075570823663455667e+04 9.788922831799892199e-01
6.075570849668834853e+04 1.018304423907540057e+00
6.075570875674214039e+04 9.796386868182536123e-01
6.075570901679593953e+04 1.021703628280246079e+00
6.075570927684973140e+04 1.013652580194369657e+00
6.075570953690352326e+04 9.959424540773931245e-01
6.075570979695732240e+04 1.044302946840926838e+00
6.075571005701112153e+04 1.008147560135817189e+00
6.075571031706492067e+04 9.747723514101596098e-01
6.075571057711871254e+04 9.992454320991893679e-01
6.075571083717251167e+04 1.032196417382212683e+00
6.075571109722630354e+04 1.035190865239026703e+00
6.075571135728009540e+04 1.009385521116881179e+00
6.075571161733389454e+04 1.081511343423366300e+00
6.075571187738768640e+04 1.017387403733685858e+00
6.075571213744147826e+04 1.146566427834111224e+00
6.075571239749527740e+04 1.038302868857605255e+00
6.075571265754906926e+04 9.981038887747604171e-01
6.075571291760286840e+04 1.096172466513776644e+00
6.075571317765666754e+04 1.037426421025031020e+00
6.075571474868715450e+04 1.049107411221556374e+00
6.075571500874785124e+04 1.058876353739075515e+00
6.075571526880854799e+04 9.506069366977948354e-01
6.075571552886924474e+04 1.078180017258691281e+00
6.075571578892994148e+04 9.822228613341988934e-01
6.075571604899063823e+04 1.071097921265758535e+00
6.075571630905133497e+04 1.017317271315339111e+00
6.075571656911203172e+04 1.091899425803820378e+00
6.075571682917273574e+04 1.112662685146370567e+00
6.075571708923342521e+04 1.040053062038457155e+00
6.075571734929412196e+04 1.040053360697680063e+00
6.075571760935482598e+04 1.045148176626380154e+00
6.075571786941552273e+04 8.794399176343000724e-01
6.075571812947621947e+04 9.958577599415174841e-01
6.075571838953690894e+04 9.718380755965767559e-01
6.075571864959761297e+04 1.029113411004199952e+00
6.075571890965830971e+04 1.095800039860211683e+00
6.075571916971899918e+04 1.012709958438774871e+00
6.075571942977970320e+04 1.001471015972460021e+00
6.075571968984039995e+04 9.669702060198412941e-01
6.075571994990109670e+04 9.392910213730228941e-01
6.075572020996180072e+04 9.571296696698469164e-01
6.075572047002249019e+04 9.794970410771363101e-01
6.075572073008318694e+04 1.015721042225076642e+00
6.075572099014388368e+04 1.017003645767765585e+00
6.075572125020458770e+04 1.008086686808848498e+00
6.075572151026528445e+04 1.034594135547159954e+00
6.075572177032597392e+04 9.588028366849000728e-01
6.075572203038667794e+04 9.894356846725754773e-01
6.075572229044737469e+04 1.047447091279957387e+00
6.075572255050806416e+04 1.015040398311329861e+00
6.075572281056877546e+04 1.047414732888977795e+00
6.075572307062946493e+04 1.078010375694951506e+00
6.075572333069016167e+04 9.973589973444593193e-01
6.075572359075086570e+04 1.086291085423013891e+00
6.075572385081155517e+04 1.024191963663107607e+00
6.075572411087225191e+04 1.113680231788396480e+00
6.075572437093294866e+04 1.051529895502013146e+00
6.075572463099365268e+04 9.769804075511769881e-01
6.075572489105434943e+04 9.113792690137559882e-01
6.075572515111503890e+04 9.778595780886087940e-01
6.075572541117574292e+04 9.595886654418106509e-01
6.075572567123643967e+04 9.864683091461357023e-01
6.075572593129713641e+04 9.872630598286852299e-01
6.075572619135784043e+04 1.128166147543337772e+00
6.075572645141852990e+04 1.094550510789021880e+00
6.075572671147922665e+04 1.030227641736385591e+00
6.075572697153993067e+04 1.018784456527895177e+00
6.075572723160062014e+04 1.025800918409538465e+00
6.075572749166131689e+04 9.700871516514181225e-01
6.075572775172202091e+04 9.828987652293618149e-01
6.075572801178271766e+04 1.067190911196393532e+00
6.075572827184341440e+04 9.995611671467843351e-01
6.075572853190411115e+04 9.507347262124238307e-01
6.075572879196480790e+04 1.035684207828394987e+00
6.075572905202550464e+04 1.060155681705616582e+00
6.075572931208620867e+04 1.020045263707477057e+00
6.075572957214690541e+04 9.740890735211410467e-01
6.075572983220759488e+04 1.074006327372536873e+00
6.075573009226829890e+04 1.012165331570056059e+00
6.075573035232899565e+04 1.076087250096819936e+00
6.075573061238968512e+04 1.001454652812046930e+00
6.075573087245038914e+04 9.482481187176818871e-01
6.075573113251108589e+04 1.000933026679008853e+00
6.075573139257178264e+04 1.033364971442962243e+00
6.075573165263248666e+04 9.352155450391906877e-01
6.075573191269317613e+04 1.029214295522846712e+00
6.075573217275387287e+04 9.381694636090466277e-01
6.075573243281457690e+04 1.002516293033916428e+00
6.075573269287527364e+04 1.023051906631632813e+00
6.075573295293597039e+04 9.264662381458191875e-01
6.075573321299666713e+04 9.491215439268703147e-01
6.075573347305736388e+04 1.014244473877818464e+00
6.075573373311806063e+04 1.035028795884886499e+00
6.075573399317875737e+04 1.042922892582317518e+00
6.075573425323946140e+04 1.035082691660622389e+00
6.075573451330015087e+04 1.028206789801043852e+00
6.075573477336085489e+04 1.050228377877087782e+00
6.075573503342155163e+04 9.722547672763943716e-01
6.075573529348224110e+04 1.062115689601189628e+00
6.075573555354294513e+04 1.015680701509780626e+00
6.075573581360364187e+04 1.049445109354096406e+00
6.075573607366434589e+04 9.775336140919359540e-01
6.075573633372504264e+04 1.050379352691832135e+00
6.075573659378573211e+04 1.047081204137362276e+00
6.075573685384643613e+04 1.048852680599623888e+00
6.075573711390713288e+04 9.805142608601361554e-01
6.075573737396782963e+04 1.009396347283520345e+00
6.075573763402853365e+04 9.822911341319827683e-01
6.075573789408922312e+04 1.001959705564812841e+00
6.075573815414991986e+04 1.009744410046143459e+00
6.075573841421062389e+04 1.040277386270694215e+00
6.075573867427131336e+04 9.919132106115610137e-01
6.075573893433201010e+04 1.092318839548467535e+00
6.075573919439271413e+04 1.008082750605896249e+00
6.075573945445341087e+04 9.920630029625897572e-01
6.075573971451411489e+04 1.041017971204958981e+00
6.075573997457480436e+04 1.002916367345821236e+00
6.075574023463550111e+04 9.161213097502902691e-01
6.075574049469620513e+04 9.613300461986541423e-01
6.075574075475690188e+04 1.044192152930624840e+00
6.075574101481759863e+04 1.012675758778591062e+00
6.075574127487829537e+04 1.024807712740317678e+00
6.075574153493899212e+04 1.067002307901712355e+00
6.075574179499969614e+04 1.045955649954867006e+00
6.075574205506038561e+04 9.885557513061281609e-01
6.075574231512108236e+04 1.016464253106814652e+00
6.075574257518178638e+04 9.913783170668202249e-01
6.075574283524248312e+04 9.786461134706254672e-01
6.075574309530317987e+04 9.976341879058456819e-01
6.075574483016229351e+04 1.064026372045117963e+00
6.075574509021608537e+04 1.047455505566799117e+00
6.075574535026989179e+04 9.665315087203806277e-01
6.075574561032369093e+04 1.079772434769809886e+00
6.075574587037748279e+04 9.193494696524171506e-01
6.075574613043128193e+04 1.034133256961841107e+00
6.075574639048507379e+04 9.737476939386784380e-01
6.075574665053887293e+04 9.996446638467619827e-01
6.075574691059266479e+04 1.033824878999396457e+00
6.075574717064645665e+04 9.459141585847670175e-01
6.075574743070025579e+04 1.074014383489680036e+00
6.075574769075404765e+04 9.852201770249687796e-01
6.075574795080784679e+04 1.014939919631895338e+00
6.075574821086163865e+04 1.005644643250800385e+00
6.075574847091544507e+04 9.690474182887194310e-01
6.075574873096924421e+04 1.138486208219311679e+00
6.075574899102303607e+04 1.009638674058737529e+00
6.075574925107683521e+04 9.933401798357364143e-01
6.075574951113062707e+04 1.021735408785935606e+00
6.075574977118442621e+04 1.040802894284866387e+00
6.075575003123821807e+04 9.948225268250014963e-01
6.075575029129201721e+04 9.135098063130984158e-01
6.075575055134580907e+04 9.715872518153417792e-01
6.075575081139960093e+04 9.258677232964642734e-01
6.075575107145340007e+04 1.096552996728049401e+00
6.075575133150719921e+04 1.000621931631088479e+00
6.075575159156100563e+04 1.043493790087850925e+00
6.075575185161479749e+04 9.949346413316249027e-01
6.075575211166859663e+04 9.832979387589531051e-01
6.075575237172238849e+04 9.861222763535223423e-01
6.075575263177618035e+04 9.871416626404666550e-01
6.075575289182997949e+04 9.091066549638074923e-01
6.075575315188377135e+04 9.994466328645298381e-01
6.075575341193757049e+04 9.891172664329705988e-01
6.075575367199136235e+04 9.628356431341791311e-01
6.075575393204516149e+04 1.019263955898170648e+00
6.075575419209895335e+04 1.096167545723389702e+00
6.075575445215275249e+04 9.907894408548028053e-01
6.075575471220655891e+04 9.355013862406237335e-01
6.075575497226035077e+04 1.014293695628491365e+00
6.075575523231414991e+04 1.051568413326283258e+00
6.075575549236794177e+04 1.029664511027168272e+00
6.075575575242174091e+04 9.910683556658559379e-01
6.075575601247553277e+04 9.970107873728690784e-01
6.075575627252933191e+04 1.002192613979553837e+00
6.075575653258312377e+04 1.004378114783873288e+00
6.075575679263691563e+04 1.092400942040568035e+00
6.075575705269071477e+04 9.880732491198908063e-01
6.075575731274451391e+04 9.549432035822303932e-01
6.075575757279832033e+04 9.494040103586081081e-01
6.075575783285211219e+04 1.001089860481111815e+00
6.075575809290591133e+04 1.047167911012642616e+00
6.075575835295970319e+04 1.015275855423937612e+00
6.075575861301350233e+04 1.020292428785953165e+00
6.075575887306729419e+04 9.309493686096236287e-01
6.075575913312109333e+04 9.586812447922871128e-01
6.075575939317488519e+04 1.042362078770180389e+00
6.075575965322867705e+04 9.479615918469866953e-01
6.075575991328247619e+04 1.066612201890445366e+00
6.075576017333626805e+04 1.013069173270223944e+00
6.075576043339007447e+04 1.043076685585885288e+00
6.075576069344387361e+04 9.245443642251349736e-01
6.075576095349767274e+04 1.074757044384703653e+00
6.075576121355146461e+04 9.122487155975829154e-01
6.075576147360526375e+04 9.732989630863398967e-01
6.075576173365905561e+04 1.088141506298881955e+00
6.075576199371285475e+04 1.025637922624254017e+00
6.075576225376664661e+04 9.446074548102418866e-01
6.075576251382044575e+04 1.079488200008786647e+00
6.075576277387423761e+04 1.031544516147902879e+00
6.075576303392802947e+04 9.330714774433654934e-01
6.075576329398183589e+04 1.087150136768155084e+00
6.075576355403563502e+04 9.548545778319703636e-01
6.075576381408943416e+04 9.422559916403308033e-01
6.075576407414322603e+04 9.613174619222386585e-01
6.075576433419702516e+04 9.709262501736843909e-01
6.075576459425081703e+04 1.015698938467035406e+00
6.075576485430461616e+04 9.614871017329692515e-01
6.075576511435840803e+04 9.049154140887673003e-01
6.075576537441220717e+04 9.064148685989937837e-01
6.075576563446599903e+04 9.189824321445940747e-01
6.075576589451979817e+04 9.867855401728693465e-01
6.075576615457359003e+04 9.623315224147679370e-01
6.075576641462739644e+04 9.709328744672771627e-01
6.075576667468119558e+04 1.000782384810016801e+00
6.075576693473499472e+04 1.015878871921203297e+00
6.075576719478878658e+04 1.046241209122364069e+00
6.075576745484258572e+04 9.534648287982808723e-01
6.075576771489637758e+04 9.480763313034928919e-01
6.075576797495017672e+04 1.043398509777642813e+00
6.075576823500396858e+04 9.020062145136522602e-01
6.075576849505776045e+04 1.016815149271627527e+00
6.075576875511155959e+04 1.043336760742588742e+00
6.075576901516535145e+04 1.038075995857886014e+00
6.075576927521915786e+04 1.086063625559935186e+00
6.075576953527295700e+04 9.812276865857196828e-01
6.075576979532675614e+04 9.813127827470027320e-01
6.075577005538054800e+04 9.339028215046589754e-01
6.075577031543434714e+04 1.055356904379674443e+00
6.075577057548813900e+04 9.893404535931933363e-01
6.075577083554193814e+04 1.036519116286328535e+00
6.075577109559573000e+04 1.082456641664633068e+00
6.075577135564952914e+04 9.836641606841195484e-01
6.075577161570332100e+04 8.878739855530389802e-01
6.075577187575712014e+04 1.012541633446410572e+00
6.075577213581091200e+04 9.661645975730861480e-01
6.075577239586471842e+04 1.023305461540208849e+00
6.075577265591851756e+04 1.019868788427680029e+00
6.075577291597231670e+04 9.931319711008919082e-01
6.075577317602610856e+04 1.089615514825486464e+00
