6.075547523418369383e+04 9.044030240213924987e-01
6.075547549424438330e+04 1.011686240380494040e+00
6.075547575430508005e+04 7.896868383441935091e-01
6.075547601436576224e+04 8.951386343605548523e-01
6.075547627442645899e+04 1.074589646044744384e+00
6.075547653448714846e+04 7.769564536676436539e-01
6.075547679454784520e+04 9.759707321611432729e-01
6.075547705460853467e+04 9.962329997308981833e-01
6.075547731466922414e+04 8.316707954198553354e-01
6.075547757472991361e+04 1.323935989955227654e+00
6.075547783479061036e+04 9.898596464939566353e-01
6.075547809485129255e+04 1.194288034277537491e+00
6.075547835491198930e+04 1.056317342736243559e+00
6.075547861497267877e+04 1.239071772743731481e+00
6.075547887503337552e+04 1.162063905294790311e+00
6.075547913509406499e+04 1.108867805874327095e+00
6.075547939515475446e+04 1.060662375117711109e+00
6.075547965521544393e+04 9.709720370055900940e-01
6.075547991527614067e+04 9.744781699113500562e-01
6.075548017533683014e+04 9.190068070875909712e-01
6.075548043539752689e+04 1.111285551364720625e+00
6.075548069545820908e+04 1.094996956188657222e+00
6.075548095551890583e+04 1.107490125717025320e+00
6.075548121557959530e+04 1.068600256365586532e+00
6.075548147564028477e+04 1.058186466111027846e+00
6.075548173570098152e+04 9.089223229596610221e-01
6.075548199576167099e+04 1.139669465278581262e+00
6.075548225582236773e+04 9.828047442233883713e-01
6.075548251588305720e+04 7.946873292527937283e-01
6.075548277594374667e+04 8.452995913392599148e-01
6.075548303600443614e+04 1.093514432767380251e+00
6.075548329606513289e+04 1.177568339177232692e+00
6.075548355612582236e+04 1.192043569362210897e+00
6.075548381618651911e+04 1.178485569868399585e+00
6.075548407624720130e+04 1.043999087591363617e+00
6.075548433630789805e+04 1.042406844216526407e+00
6.075548459636858752e+04 1.018738579711356174e+00
6.075548485642928426e+04 1.040619678079966581e+00
6.075548511648997373e+04 9.878490709030707251e-01
6.075548537655066320e+04 1.128836421101137688e+00
6.075548563661135267e+04 1.028066770089346438e+00
6.075548589667204942e+04 9.079699763089154052e-01
6.075548615673273162e+04 1.061201173950276466e+00
6.075548641679342836e+04 1.054677897481948845e+00
6.075548667685411783e+04 9.772988811988598812e-01
6.075548693691481458e+04 1.096187647829723222e+00
6.075548719697551132e+04 1.198810444849532031e+00
6.075548745703619352e+04 8.706920061535271538e-01
6.075548771709689026e+04 9.040825010669005790e-01
6.075548797715757973e+04 1.161376413427202214e+00
6.075548823721827648e+04 8.200082871116319838e-01
6.075548849727896595e+04 9.601127808320627510e-01
6.075548875733965542e+04 1.066406944804002555e+00
6.075548901740034489e+04 1.029256268305646316e+00
6.075548927746104164e+04 1.257219998919878678e+00
6.075548953752172383e+04 1.210863990744279084e+00
6.075548979758242058e+04 1.063113327231458571e+00
6.075549005764311732e+04 1.002862058305470816e+00
6.075549031770380680e+04 9.885089287458457274e-01
6.075549057776450354e+04 9.653214527562195002e-01
6.075549083782518574e+04 7.923185079025512056e-01
6.075549109788588248e+04 8.328872466628197690e-01
6.075549135794657195e+04 1.183157808758391161e+00
6.075549161800726870e+04 1.037599055018265215e+00
6.075549187806795817e+04 9.508075417105008587e-01
6.075549213812864764e+04 9.688139602280870788e-01
6.075549239818933711e+04 9.829376851651022706e-01
6.075549265825003386e+04 8.839094356728484092e-01
6.075549291831072333e+04 9.702275434100414708e-01
6.075549317837142007e+04 1.228913993097555668e+00
6.075549343843210954e+04 1.073801056244085617e+00
6.075549369849279901e+04 1.058437295533299904e+00
6.075549395855349576e+04 1.124816379192136173e+00
6.075549421861417795e+04 1.106749430875309415e+00
6.075549447867487470e+04 1.036092578420031440e+00
6.075549473873556417e+04 9.805528003015056004e-01
6.075549499879626092e+04 1.143144779209767314e+00
6.075549525885695766e+04 1.000286942735102214e+00
6.075549551891763986e+04 1.160039912186042077e+00
6.075549577897833660e+04 9.590076509363474333e-01
6.075549603903902607e+04 9.132565717888404544e-01
6.075549629909972282e+04 1.029159669974718527e+00
6.075549655916041229e+04 1.202347686979549302e+00
6.075549681922110176e+04 8.646331166718557171e-01
6.075549707928179851e+04 1.085342973496844721e+00
6.075549733934248798e+04 9.482591238912992937e-01
6.075549759940317745e+04 1.081164799013159206e+00
6.075549785946386692e+04 9.020896669314905081e-01
6.075549811952456366e+04 1.027810634265907686e+00
6.075549837958525313e+04 9.984247383458422220e-01
6.075549863964594988e+04 1.191486854305139120e+00
6.075549889970663935e+04 1.036707186999628272e+00
6.075549915976732882e+04 1.123986232114391637e+00
6.075549941982802557e+04 9.462672213340937999e-01
6.075549967988871504e+04 1.090832269263295684e+00
6.075549993994941178e+04 9.052964569383131765e-01
6.075550020001009398e+04 8.509327855098498539e-01
6.075550046007079072e+04 1.233200522875346872e+00
6.075550072013148747e+04 1.067246909376387221e+00
6.075550098019216966e+04 1.001767832203505515e+00
6.075550124025286641e+04 1.028129489847060762e+00
6.075550150031355588e+04 1.029376251944318810e+00
6.075550176037425263e+04 1.095626553865641784e+00
6.075550202043494210e+04 1.086123062021357999e+00
6.075550228049563157e+04 1.196840418030147735e+00
6.075550254055632831e+04 9.987497605616789675e-01
6.075550280061701778e+04 9.498029235787462943e-01
6.075550306067771453e+04 8.210785519921453002e-01
6.075550332073840400e+04 7.098710330855336759e-01
6.075550358079909347e+04 1.216773570948710859e+00
6.075550513883041276e+04 1.070704514616780179e+00
6.075550539889110951e+04 1.126828361124939448e+00
6.075550565895179898e+04 8.812469367225824746e-01
6.075550591901248845e+04 8.779507283948126961e-01
6.075550617907318519e+04 1.021874247952490489e+00
6.075550643913387466e+04 9.946749161638657188e-01
6.075550669919457141e+04 1.068499116698611751e+00
6.075550695925526088e+04 6.067255825478145015e-01
6.075550721931595035e+04 1.030222440185408095e+00
6.075550747937664710e+04 1.192703894931006259e+00
6.075550773943733657e+04 1.039916786593353182e+00
6.075550799949803331e+04 9.148929162007510829e-01
6.075550825955872278e+04 7.803046004743404707e-01
6.075550851961941225e+04 1.046106017427482771e+00
6.075550877968010900e+04 1.367538315056596288e+00
6.075550903974079847e+04 9.226714890750739029e-01
6.075550929980148794e+04 1.031327433292034357e+00
6.075550955986217741e+04 1.166420657863769028e+00
6.075550981992287416e+04 1.165874628220498810e+00
6.075551007998357090e+04 1.184223088628693965e+00
6.075551034004426037e+04 1.079156659342911828e+00
6.075551060010494984e+04 1.178494171811154123e+00
6.075551086016564659e+04 8.693319076189365280e-01
6.075551112022633606e+04 1.172277013480487406e+00
6.075551138028703281e+04 1.003031016598839420e+00
6.075551164034772228e+04 1.169931864957557188e+00
6.075551190040841175e+04 1.035729854111946624e+00
6.075551216046910849e+04 1.024305576237686033e+00
6.075551242052979796e+04 8.798703203080004975e-01
6.075551268059049471e+04 9.914606345900429663e-01
6.075551294065118418e+04 1.311625425975251780e+00
6.075551320071187365e+04 1.140040343026737402e+00
6.075551346077257040e+04 1.065669998864204437e+00
6.075551372083325987e+04 9.229491837923707864e-01
6.075551398089394934e+04 1.029417748887784034e+00
6.075551424095464608e+04 8.972896628024198407e-01
6.075551450101533555e+04 1.005634545642257516e+00
6.075551476107603230e+04 1.182187622945162442e+00
6.075551502113672177e+04 9.846909488143746891e-01
6.075551528119741124e+04 8.902159114933001494e-01
6.075551554125810799e+04 7.905595741354889405e-01
6.075551580131879746e+04 1.003363501838028249e+00
6.075551606137949420e+04 1.072583710478353769e+00
6.075551632144019095e+04 1.139421435673976912e+00
6.075551658150087314e+04 1.012909194895139420e+00
6.075551684156156989e+04 1.127051557777591917e+00
6.075551710162226664e+04 1.241586416683973848e+00
6.075551736168294883e+04 1.396062811691332284e+00
6.075551762174364558e+04 1.210995398822959368e+00
6.075551788180433505e+04 1.331350240140249275e+00
6.075551814186503179e+04 1.012102974969412372e+00
6.075551840192572854e+04 1.177026833153643759e+00
6.075551866198641073e+04 8.734617440356734486e-01
6.075551892204710748e+04 9.095314659231944487e-01
6.075551918210780423e+04 1.096588407998097869e+00
6.075551944216849370e+04 1.056424180721158068e+00
6.075551970222919044e+04 1.003119303084538894e+00
6.075551996228987991e+04 1.273968285992699290e+00
6.075552022235056938e+04 9.692075903233204892e-01
6.075552048241126613e+04 8.119974563512508681e-01
6.075552074247194832e+04 1.084386987531027025e+00
6.075552100253265235e+04 9.744873480317551850e-01
6.075552126259334182e+04 1.042907837053054454e+00
6.075552152265403129e+04 1.030809774800155676e+00
6.075552178271472803e+04 8.751147910973481325e-01
6.075552204277541750e+04 1.104900784333825881e+00
6.075552230283610697e+04 1.081244571134525767e+00
6.075552256289680372e+04 9.078768732945723396e-01
6.075552282295750047e+04 1.255064338323594875e+00
6.075552308301818994e+04 7.698682265280598624e-01
6.075552334307887941e+04 1.056260109067683972e+00
6.075552360313957615e+04 1.036149784485769443e+00
6.075552386320026562e+04 1.035204696271220248e+00
6.075552412326096237e+04 7.248067387273149365e-01
6.075552438332165912e+04 9.245585859090091896e-01
6.075552464338234131e+04 1.148409494679304421e+00
6.075552490344303806e+04 9.657153696658189457e-01
6.075552516350373480e+04 1.042094521429887122e+00
6.075552542356441700e+04 9.988779856898075682e-01
6.075552568362511374e+04 9.976678999819169613e-01
6.075552594368581049e+04 1.129194482410075695e+00
6.075552620374649996e+04 8.204014163806774285e-01
6.075552646380719671e+04 1.033597576688054742e+00
6.075552672386788618e+04 8.958165251038154864e-01
6.075552698392857565e+04 1.072960917546300408e+00
6.075552724398927239e+04 8.534170053640501852e-01
6.075552750404996914e+04 1.212393079310804866e+00
6.075552776411065861e+04 1.169729062445718837e+00
6.075552802417134808e+04 9.529692496715168604e-01
6.075552828423204483e+04 9.376611295768889631e-01
6.075552854429273430e+04 9.171358199641694853e-01
6.075552880435342377e+04 7.681619522568031710e-01
6.075552906441412051e+04 1.043215869275156971e+00
6.075552932447480998e+04 9.016761904692023322e-01
6.075552958453550673e+04 1.156743390752519085e+00
6.075552984459620347e+04 7.554263795043724139e-01
6.075553010465688567e+04 1.108452994901690136e+00
6.075553036471758242e+04 8.730016914647061865e-01
6.075553062477827916e+04 9.427097545379534704e-01
6.075553088483896863e+04 1.285056475684513533e+00
6.075553114489966538e+04 8.834462788511675546e-01
6.075553140496035485e+04 1.211754460965323466e+00
6.075553166502104432e+04 1.128549747032756123e+00
6.075553192508174106e+04 1.060005250214863359e+00
6.075553218514243054e+04 1.202488681353960143e+00
6.075553244520312728e+04 1.003070378771004023e+00
6.075553270526381675e+04 9.029347386192742020e-01
6.075553296532451350e+04 1.011310842184400149e+00
6.075553322538520297e+04 9.920438595287506267e-01
6.075553348544589244e+04 1.271174640251848675e+00
6.075553503087646095e+04 1.106581894061943183e+00
6.075553529093715770e+04 1.063862384618906365e+00
6.075553555099784717e+04 9.722912775795158336e-01
6.075553581105853664e+04 6.531037330740798730e-01
6.075553607111923338e+04 1.205731884208250282e+00
6.075553633117992285e+04 8.219022116416564439e-01
6.075553659124061960e+04 1.027010080404511250e+00
6.075553685130131635e+04 1.003029758521384540e+00
6.075553711136199854e+04 1.097784865404940913e+00
6.075553737142269529e+04 9.225790471152054417e-01
6.075553763148339203e+04 9.163765618878130237e-01
6.075553789154408878e+04 9.706613672457697906e-01
6.075553815160477825e+04 1.306803665369371981e+00
6.075553841166546772e+04 8.514311371942062667e-01
6.075553867172616447e+04 8.530636778229709893e-01
6.075553893178685394e+04 7.727495487222711956e-01
6.075553919184754341e+04 7.147140600833054025e-01
6.075553945190824015e+04 1.057952591284529564e+00
6.075553971196892962e+04 1.315417789987109787e+00
6.075553997202962637e+04 1.095470008826755937e+00
6.075554023209032312e+04 9.879099883132121951e-01
6.075554049215101259e+04 1.182168600575006057e+00
6.075554075221170206e+04 9.990774097135847187e-01
6.075554101227239880e+04 9.834317155585191594e-01
6.075554127233309555e+04 7.680519489896663332e-01
6.075554153239378502e+04 8.456087425823448633e-01
6.075554179245447449e+04 9.053278789453477193e-01
6.075554205251517124e+04 1.082861007819618582e+00
6.075554231257586798e+04 1.030426217034675629e+00
6.075554257263655018e+04 1.175791984368909748e+00
6.075554283269725420e+04 9.408727220861152762e-01
6.075554309275794367e+04 9.613687989339068096e-01
6.075554335281863314e+04 8.672710675825601179e-01
6.075554361287932988e+04 1.043973046620873868e+00
6.075554387294001936e+04 1.037096851805978437e+00
6.075554413300071610e+04 1.005988601442766806e+00
6.075554439306140557e+04 9.527093931955248340e-01
6.075554465312210232e+04 8.060625032968499193e-01
6.075554491318279906e+04 9.096370550306656089e-01
6.075554517324348853e+04 1.129391049609695941e+00
6.075554543330417800e+04 7.415548134841910555e-01
6.075554569336487475e+04 1.189684518648953082e+00
6.075554595342557150e+04 8.796401716501544010e-01
6.075554621348626097e+04 8.812501320180795572e-01
6.075554647354695044e+04 1.066504484497104555e+00
6.075554673360764718e+04 1.121904564636600821e+00
6.075554699366834393e+04 9.587660242297945112e-01
6.075554725372902612e+04 7.642380997894455685e-01
6.075554751378972287e+04 1.130955967105401028e+00
6.075554777385041962e+04 1.082119486393627650e+00
6.075554803391111636e+04 1.298907426352282846e+00
6.075554829397180583e+04 1.053408367447174143e+00
6.075554855403249530e+04 1.050354681368301790e+00
6.075554881409319205e+04 8.417274044256805032e-01
6.075554907415388152e+04 7.193554408300251168e-01
6.075554933421457827e+04 8.855870017661123805e-01
6.075554959427527501e+04 9.290243910722221221e-01
6.075554985433596448e+04 9.542623896282768081e-01
6.075555011439665395e+04 9.599259712109627918e-01
6.075555037445735070e+04 9.851301567735494258e-01
6.075555063451804017e+04 1.156347193183091093e+00
6.075555089457873692e+04 9.171192788084381320e-01
6.075555115463942639e+04 8.881623227655074393e-01
6.075555141470012313e+04 7.018535916335882918e-01
6.075555167476081988e+04 9.016558892258283997e-01
6.075555193482150935e+04 9.869443599374778664e-01
6.075555219488219882e+04 1.093982663200235406e+00
6.075555245494289557e+04 9.724218355318420270e-01
6.075555271500359231e+04 9.227641183809822678e-01
6.075555297506428906e+04 9.227777955591037751e-01
6.075555323512497125e+04 8.448512345146124147e-01
6.075555349518566800e+04 1.057494001116559446e+00
6.075555375524636474e+04 1.174984746321647178e+00
6.075555401530705421e+04 7.473975580587690626e-01
6.075555427536775096e+04 1.059839258126069161e+00
6.075555453542844043e+04 1.112461552316750701e+00
6.075555479548913718e+04 1.206307987372863710e+00
6.075555505554983392e+04 8.521866009284753130e-01
6.075555531561051612e+04 9.449394233913761543e-01
6.075555557567121286e+04 1.152464833941880817e+00
6.075555583573190961e+04 8.911353202145960717e-01
6.075555609579260636e+04 8.159503777067775854e-01
6.075555635585329583e+04 9.160077873339314003e-01
6.075555661591398530e+04 1.034451096089303634e+00
6.075555687597468204e+04 1.059782398208636955e+00
6.075555713603537879e+04 9.606283358215350621e-01
6.075555739609607554e+04 1.113691695028167894e+00
6.075555765615676501e+04 9.349666142970406435e-01
6.075555791621745448e+04 1.002583499367390774e+00
6.075555817627815122e+04 1.011231780814500381e+00
6.075555843633884797e+04 8.648349077516354066e-01
6.075555869639953016e+04 8.888194379740621542e-01
6.075555895646022691e+04 1.047378818708749826e+00
6.075555921652092366e+04 7.566534523254112576e-01
6.075555947658162040e+04 1.067240365269214397e+00
6.075555973664230987e+04 1.072883389109788865e+00
6.075555999670299934e+04 7.430831289483369462e-01
6.075556025676369609e+04 8.581147760755649667e-01
6.075556051682439283e+04 1.100331020847781005e+00
6.075556077688508958e+04 9.261126989590297010e-01
6.075556103694577905e+04 8.704555200078651911e-01
6.075556129700646852e+04 9.707199131086565735e-01
6.075556155706716527e+04 8.913010264634519952e-01
6.075556181712786201e+04 9.160776999589493874e-01
6.075556207718854421e+04 9.211356024984316271e-01
6.075556233724924095e+04 1.110956153241016153e+00
6.075556259730993770e+04 7.770609250337440210e-01
6.075556285737063445e+04 7.397502781173714848e-01
6.075556311743133119e+04 1.086582345281270179e+00
6.075556337749201339e+04 1.063286733643067139e+00
6.075556504896522529e+04 1.020732543372681267e+00
6.075556530902591476e+04 1.233151123121542181e+00
6.075556556908661150e+04 8.290362826142396724e-01
6.075556582914730097e+04 9.554114058357681127e-01
6.075556608920799772e+04 1.161903550510214655e+00
6.075556634926869447e+04 1.059262740796089508e+00
6.075556660932938394e+04 9.364790818522589211e-01
6.075556686939008068e+04 1.024298754609614059e+00
6.075556712945077015e+04 9.154787557589179059e-01
6.075556738951146690e+04 7.699615608649555965e-01
6.075556764957216365e+04 1.078523211965187523e+00
6.075556790963285312e+04 1.042239474598471993e+00
6.075556816969354986e+04 9.896757803518657637e-01
6.075556842975423933e+04 1.228217355520233367e+00
6.075556868981492880e+04 7.942012983410025040e-01
6.075556894987563282e+04 7.332239065885111096e-01
6.075556920993632230e+04 9.612761551994495335e-01
6.075556946999701904e+04 1.187993068404820773e+00
6.075556973005770851e+04 1.123783651132413963e+00
6.075556999011839798e+04 9.826066707203782169e-01
6.075557025017909473e+04 1.028706405236124111e+00
6.075557051023979147e+04 7.955071732257501527e-01
6.075557077030048822e+04 1.117747405281576567e+00
6.075557103036117769e+04 1.058639954106026959e+00
6.075557129042186716e+04 6.490147428907522276e-01
6.075557155048256391e+04 1.003233905646565116e+00
6.075557181054326065e+04 1.044583611686838998e+00
6.075557207060395740e+04 7.510145302400769163e-01
6.075557233066464687e+04 1.064978486350237175e+00
6.075557259072533634e+04 9.417979336662526402e-01
6.075557285078603309e+04 8.107627121221971933e-01
6.075557311084672983e+04 1.021381229090057463e+00
6.075557337090741930e+04 9.374565626193512857e-01
6.075557363096811605e+04 1.008105518874433226e+00
6.075557389102880552e+04 9.727786071434277870e-01
6.075557415108950227e+04 1.138689479927207815e+00
6.075557441115019901e+04 9.843322630926029104e-01
6.075557467121088848e+04 1.198019406819951227e+00
6.075557493127158523e+04 7.893724668805913725e-01
6.075557519133227470e+04 1.033085020853210745e+00
6.075557545139297144e+04 1.085754331250234683e+00
6.075557571145366819e+04 9.685164581823898500e-01
6.075557597151435766e+04 8.848530828150240612e-01
6.075557623157505441e+04 8.020292594989308910e-01
6.075557649163575115e+04 9.237835983220393787e-01
6.075557675169643335e+04 9.723556414363553335e-01
6.075557701175713009e+04 9.948796892973500450e-01
6.075557727181782684e+04 1.013023074129923984e+00
6.075557753187852359e+04 8.542733649586913280e-01
6.075557779193922033e+04 7.822572955340941769e-01
6.075557805199990980e+04 8.954234356205272860e-01
6.075557831206059927e+04 7.485574037504384437e-01
6.075557857212129602e+04 9.815468629436999715e-01
6.075557883218199277e+04 1.169414262084878642e+00
6.075557909224268951e+04 7.307254778535763329e-01
6.075557935230337898e+04 1.183681272750519931e+00
6.075557961236407573e+04 9.705936579136643649e-01
6.075557987242476520e+04 9.416040198451977039e-01
6.075558013248546195e+04 8.560705827802732593e-01
6.075558039254615869e+04 8.012754222339719679e-01
6.075558065260684816e+04 1.055327381616559812e+00
6.075558091266754491e+04 1.152467368441529194e+00
6.075558117272824165e+04 1.084753403244328895e+00
6.075558143278892385e+04 9.199749768812882644e-01
6.075558169284962059e+04 1.001585197591174037e+00
6.075558195291031734e+04 1.136192767217539368e+00
6.075558221297101409e+04 1.015368040332218724e+00
6.075558247303171083e+04 1.107589986585528541e+00
6.075558273309240030e+04 1.093014835583630662e+00
6.075558299315309705e+04 1.066313251855921296e+00
6.075558325321378652e+04 7.210487471883911814e-01
6.075558351327448327e+04 1.013238583868490528e+00
6.075558377333518001e+04 7.892462539318634285e-01
6.075558403339586948e+04 9.271575024662558340e-01
6.075558429345656623e+04 8.901034058120667058e-01
6.075558455351726298e+04 1.078853444856844757e+00
6.075558481357794517e+04 7.972728251131517840e-01
6.075558507363864192e+04 1.028324970648528680e+00
6.075558533369933866e+04 1.148805897456516734e+00
6.075558559376003541e+04 9.965374803184275931e-01
6.075558585382073215e+04 1.131742944064189293e+00
6.075558611388142162e+04 6.509460235997441835e-01
6.075558637394211837e+04 6.988728422865444490e-01
6.075558663400280784e+04 1.071872492661839704e+00
6.075558689406350459e+04 1.055845229888119574e+00
6.075558715412420133e+04 1.114273148495066978e+00
6.075558741418489080e+04 8.980561640989024319e-01
6.075558767424558755e+04 8.844367948616882469e-01
6.075558793430628430e+04 7.123698061789109914e-01
6.075558819436697377e+04 1.007528095536804003e+00
6.075558845442767051e+04 1.171785251764630775e+00
6.075558871448835998e+04 8.792242247601179672e-01
6.075558897454905673e+04 7.758630261520795823e-01
6.075558923460975348e+04 8.258506613655954842e-01
6.075558949467044295e+04 1.003742363156608031e+00
6.075558975473113969e+04 6.671719145692528441e-01
6.075559001479183644e+04 8.576926466179853881e-01
6.075559027485253318e+04 7.298209167254499086e-01
6.075559053491322265e+04 1.097815045369304965e+00
6.075559079497391212e+04 9.401039511381056313e-01
6.075559105503460887e+04 9.360294642545939903e-01
6.075559131509530562e+04 1.214035997256152521e+00
6.075559157515600236e+04 9.220339567895988742e-01
6.075559183521669911e+04 9.115936266706436975e-01
6.075559209527738858e+04 1.087585299828423224e+00
6.075559235533808533e+04 9.766593106484822151e-01
6.075559261539877480e+04 9.242692917117477647e-01
6.075559287545946427e+04 8.419414444036640299e-01
6.075559313552016101e+04 1.037354264990215436e+00
6.075559339558085776e+04 1.194157517145259195e+00
6.075559494101491873e+04 7.996527568633354788e-01
6.075559520107561548e+04 1.140715517892510356e+00
6.075559546113631222e+04 1.190363346028954439e+00
6.075559572119700897e+04 9.597060329405316947e-01
6.075559598125769844e+04 1.075174524216891081e+00
6.075559624131839519e+04 9.907972299707156205e-01
6.075559650137908466e+04 9.527881259553220294e-01
6.075559676143977413e+04 1.067710766685318946e+00
6.075559702150047087e+04 9.683389890666309618e-01
6.075559728156116762e+04 1.069236334369275010e+00
6.075559754162186437e+04 1.204910607851154225e+00
6.075559780168256111e+04 9.326104768170226933e-01
6.075559806174325058e+04 8.626998824461548088e-01
6.075559832180394733e+04 9.746972504604467513e-01
6.075559858186464407e+04 7.444630395610103424e-01
6.075559884192533355e+04 8.892898216990364757e-01
6.075559910198603029e+04 9.941319375546053827e-01
6.075559936204671976e+04 1.060286531300415502e+00
6.075559962210741651e+04 1.032676660763165222e+00
6.075559988216811325e+04 1.135046716849736681e+00
6.075560014222880272e+04 1.139445183398863026e+00
6.075560040228950675e+04 9.933461192062502665e-01
6.075560066235019622e+04 1.065344965226404650e+00
6.075560092241089296e+04 9.292704469835054715e-01
6.075560118247158971e+04 7.576846090435073178e-01
6.075560144253227918e+04 8.138604618565606907e-01
6.075560170259296865e+04 1.130243551776695110e+00
6.075560196265366540e+04 8.297481967823117088e-01
6.075560222271436214e+04 9.223213337015349067e-01
6.075560248277505889e+04 1.086924710322414889e+00
6.075560274283574836e+04 1.173181656771691950e+00
6.075560300289644510e+04 1.025608598307795605e+00
6.075560326295714185e+04 5.941931433954583675e-01
6.075560352301783860e+04 9.873657529022389356e-01
6.075560378307853534e+04 8.353375251946369984e-01
6.075560404313922481e+04 7.468063903828858763e-01
6.075560430319992156e+04 8.841745714257839284e-01
6.075560456326061831e+04 9.709796468782447842e-01
6.075560482332130050e+04 8.103921400827811539e-01
6.075560508338199725e+04 9.933107374357620367e-01
6.075560534344269399e+04 9.836189053035735430e-01
6.075560560350339074e+04 8.528991676014014978e-01
6.075560586356408749e+04 9.213260877949828176e-01
6.075560612362477696e+04 1.113335930769010940e+00
6.075560638368547370e+04 7.060757643901695024e-01
6.075560664374617045e+04 9.401439724180893354e-01
6.075560690380686719e+04 7.130586760650363676e-01
6.075560716386756394e+04 9.137942734546817825e-01
6.075560742392825341e+04 1.252489996726747989e+00
6.075560768398895016e+04 1.094250824520347054e+00
6.075560794404964690e+04 9.705427398510917403e-01
6.075560820411032910e+04 9.470928417485264816e-01
6.075560846417102584e+04 1.111539702653598916e+00
6.075560872423172259e+04 6.742831762593978207e-01
6.075560898429241934e+04 9.977652813997314185e-01
6.075560924435311608e+04 1.069585625290601305e+00
6.075560950441380555e+04 9.571106012641696914e-01
6.075560976447450230e+04 9.304685530188662179e-01
6.075561002453519905e+04 1.081848777933199557e+00
6.075561028459589579e+04 9.200492520507947969e-01
6.075561054465659254e+04 9.876653941032246253e-01
6.075561080471728201e+04 8.703883112249996001e-01
6.075561106477797875e+04 9.292072240869097000e-01
6.075561132483867550e+04 1.136350000820387729e+00
6.075561158489937225e+04 9.138051123567743073e-01
6.075561184496006899e+04 5.903468339019994904e-01
6.075561210502075846e+04 9.286937954628657899e-01
6.075561236508144793e+04 1.032976025742798898e+00
6.075561262514214468e+04 6.976203949108495950e-01
6.075561288520283415e+04 1.055633232024839385e+00
6.075561314526353090e+04 9.608061860384241593e-01
6.075561340532422764e+04 1.031145038169998251e+00
6.075561366538492439e+04 1.059198511403688814e+00
6.075561392544562113e+04 9.960201420204526368e-01
6.075561418550631060e+04 9.846922089020522240e-01
6.075561444556700735e+04 9.204727660953407886e-01
6.075561470562770410e+04 1.005581980582899382e+00
6.075561496568840084e+04 1.124724560369303239e+00
6.075561522574909759e+04 8.885715995425064184e-01
6.075561548580978706e+04 8.981640480804263804e-01
6.075561574587048381e+04 8.992199788015559081e-01
6.075561600593118055e+04 9.612827689973422185e-01
6.075561626599187002e+04 7.515187791271233930e-01
6.075561652605256677e+04 8.542854661006843431e-01
6.075561678611326352e+04 7.566959452629793415e-01
6.075561704617396026e+04 9.785473559157505941e-01
6.075561730623465701e+04 9.019710740663968718e-01
6.075561756629534648e+04 9.757076232629783297e-01
6.075561782635604322e+04 9.241139587376069331e-01
6.075561808641673269e+04 9.289644903321074842e-01
6.075561834647742944e+04 6.645129460263570209e-01
6.075561860653812619e+04 6.894645276872553019e-01
6.075561886659881566e+04 9.199159783444851302e-01
6.075561912665951240e+04 8.780524889420485701e-01
6.075561938672020915e+04 8.742957807362631284e-01
6.075561964678089862e+04 8.033888035076922618e-01
6.075561990684160264e+04 9.766172464335594050e-01
6.075562016690229211e+04 9.088758850028376690e-01
6.075562042696298886e+04 9.299501395536217130e-01
6.075562068702368560e+04 8.604229853586983223e-01
6.075562094708437508e+04 7.241277405067386708e-01
6.075562120714507182e+04 8.184175475454593673e-01
6.075562146720576857e+04 1.088562083660942648e+00
6.075562172726646531e+04 1.115823796712984484e+00
6.075562198732716206e+04 7.388828100650616237e-01
6.075562224738785153e+04 8.831849242728033733e-01
6.075562250744854828e+04 6.151596708879658593e-01
6.075562276750924502e+04 1.172055858693878072e+00
6.075562302756994177e+04 1.019261990938169937e+00
6.075562328763063852e+04 8.987449056254466218e-01
6.075562490904599690e+04 7.611302940351869495e-01
6.075562516909990518e+04 8.604551907257502741e-01
6.075562542915379890e+04 1.017413606556923700e+00
6.075562568920769263e+04 8.585391380554712182e-01
6.075562594926160091e+04 9.497711730903308780e-01
6.075562620931549463e+04 1.047523890262304969e+00
6.075562646936939564e+04 1.009977423313428879e+00
6.075562672942329664e+04 9.155687098186717776e-01
6.075562698947719036e+04 7.847960749168314543e-01
6.075562724953109864e+04 7.117730946001399328e-01
6.075562750958499237e+04 9.981813979033851147e-01
6.075562776963889337e+04 9.084063657487373433e-01
6.075562802969280165e+04 7.930955069420890791e-01
6.075562828974669537e+04 9.139764932507343786e-01
6.075562854980059637e+04 8.118275922284164947e-01
6.075562880985449738e+04 8.963540017733080401e-01
6.075562906990839110e+04 1.023191333022285487e+00
6.075562932996229938e+04 7.293754692524055949e-01
6.075562959001619311e+04 5.868274886555301384e-01
6.075562985007009411e+04 9.827359136373443604e-01
6.075563011012399511e+04 8.770922586177147817e-01
6.075563037017788884e+04 1.061008121897254464e+00
6.075563063023179711e+04 9.002624035791344514e-01
6.075563089028569084e+04 1.083750056182922084e+00
6.075563115033958456e+04 1.095774170542012094e+00
6.075563141039349284e+04 9.695037672933359829e-01
6.075563167044738657e+04 1.067989247222722815e+00
6.075563193050128757e+04 1.025875339822255539e+00
6.075563219055518857e+04 8.239750844909465854e-01
6.075563245060908230e+04 1.006404611746186006e+00
6.075563271066299058e+04 9.118348468748522784e-01
6.075563297071688430e+04 1.013752997840999814e+00
6.075563323077078530e+04 9.836976884547249389e-01
6.075563349082468631e+04 1.001450369292441689e+00
6.075563375087858003e+04 8.754288453038605589e-01
6.075563401093248831e+04 9.156826582839957540e-01
6.075563427098638203e+04 1.049368788050162316e+00
6.075563453104027576e+04 9.642069633889432945e-01
6.075563479109418404e+04 9.900851133327406295e-01
6.075563505114807776e+04 1.147904311490989926e+00
6.075563531120197877e+04 9.516401669883450820e-01
6.075563557125588704e+04 9.513194609741671970e-01
6.075563583130978077e+04 9.980177292207436102e-01
6.075563609136368905e+04 6.757808905890482221e-01
6.075563635141758277e+04 1.172656920044482520e+00
6.075563661147148377e+04 1.192030186196466168e+00
6.075563687152538478e+04 8.120576936158284687e-01
6.075563713157927850e+04 1.032634332852619963e+00
6.075563739163318678e+04 9.715324769316103781e-01
6.075563765168708051e+04 8.628137835570985903e-01
6.075563791174097423e+04 8.840409769629998804e-01
6.075563817179488251e+04 7.171977621338979647e-01
6.075563843184877624e+04 1.268026907917162216e+00
6.075563869190267724e+04 1.061602109670955363e+00
6.075563895195657824e+04 9.450574529692260528e-01
6.075563921201047197e+04 8.490505702760433593e-01
6.075563947206438024e+04 9.160981345302984247e-01
6.075563973211827397e+04 8.692927313521037203e-01
6.075563999217217497e+04 9.759988394255190158e-01
6.075564025222608325e+04 1.024964135273752630e+00
6.075564051227997697e+04 9.004305392945209929e-01
6.075564077233388525e+04 8.855406793681707134e-01
6.075564103238777898e+04 1.059696166196738787e+00
6.075564129244167270e+04 8.626272307308331388e-01
6.075564155249558098e+04 1.077380989298374336e+00
6.075564181254947471e+04 1.159272638567792280e+00
6.075564207260337571e+04 1.112289069170603550e+00
6.075564233265727671e+04 9.276858278617138298e-01
6.075564259271117044e+04 9.818135125540218278e-01
6.075564285276507871e+04 8.888486969118427616e-01
6.075564311281897244e+04 1.105251855959364926e+00
6.075564337287286617e+04 9.283969758768000347e-01
6.075564363292677444e+04 9.242089669534687690e-01
6.075564389298066817e+04 9.413837921255181485e-01
6.075564415303458372e+04 1.157381841685164447e+00
6.075564441308847745e+04 1.047452159717640940e+00
6.075564467314237118e+04 1.004269699329499055e+00
6.075564493319627945e+04 9.718100736744652579e-01
6.075564519325017318e+04 7.970002995124031431e-01
6.075564545330407418e+04 1.025057861606671894e+00
6.075564571335797518e+04 7.790310097086238228e-01
6.075564597341186891e+04 8.867499885098675261e-01
6.075564623346577719e+04 7.279627214533416213e-01
6.075564649351967091e+04 8.627693988300790817e-01
6.075564675357356464e+04 8.390530316876827488e-01
6.075564701362747292e+04 9.796910059162763362e-01
6.075564727368136664e+04 8.836627400310183011e-01
6.075564753373527492e+04 9.954892167857348761e-01
6.075564779378917592e+04 9.049631434825480270e-01
6.075564805384306965e+04 8.091278754657416084e-01
6.075564831389697792e+04 1.113630078910995191e+00
6.075564857395087165e+04 9.226776308752185907e-01
6.075564883400477265e+04 9.245913872873429140e-01
6.075564909405867365e+04 1.016283304980416746e+00
6.075564935411256738e+04 1.074569694634297745e+00
6.075564961416647566e+04 8.887492280792513855e-01
6.075564987422036938e+04 8.581436167324830722e-01
6.075565013427426311e+04 9.937576404174288669e-01
6.075565039432817866e+04 9.039525777453707445e-01
6.075565065438207239e+04 1.109610460823877709e+00
6.075565091443597339e+04 8.797333178885244909e-01
6.075565117448987439e+04 1.084513167255287458e+00
6.075565143454376812e+04 8.579357904076875263e-01
6.075565169459767640e+04 8.565939350286373433e-01
6.075565195465157012e+04 1.145493855413295181e+00
6.075565221470547112e+04 1.001261117933198719e+00
6.075565247475937213e+04 7.671958528756449569e-01
6.075565273481326585e+04 1.002294470097227164e+00
6.075565299486718141e+04 9.571291979632289282e-01
6.075565325492107513e+04 7.323053516004227603e-01
6.075565492676799477e+04 9.058169188502259717e-01
6.075565518682868424e+04 9.931471588779694493e-01
6.075565544688938098e+04 9.212922293701802934e-01
6.075565570695007773e+04 8.968495267418071792e-01
6.075565596701077448e+04 8.622039247665748141e-01
6.075565622707147122e+04 9.228781832325586576e-01
6.075565648713216069e+04 7.017266859023979508e-01
6.075565674719285744e+04 1.018479136168981114e+00
6.075565700725356146e+04 1.021525210462170596e+00
6.075565726731425821e+04 8.045847519810499504e-01
6.075565752737495495e+04 1.042904879679627417e+00
6.075565778743564442e+04 1.050902923451794369e+00
6.075565804749634117e+04 8.728067099501494175e-01
6.075565830755703792e+04 1.093960820239340714e+00
6.075565856761772739e+04 1.028258945913855360e+00
6.075565882767842413e+04 8.547127345972221901e-01
6.075565908773912088e+04 6.261353655503799631e-01
6.075565934779981762e+04 9.274230975785971998e-01
6.075565960786051437e+04 9.443893171913954054e-01
6.075565986792121112e+04 8.525950452207877728e-01
6.075566012798190786e+04 8.019617582290473612e-01
6.075566038804260461e+04 9.306054550082847321e-01
6.075566064810330136e+04 8.879150750546506154e-01
6.075566090816399810e+04 7.996824588486112217e-01
6.075566116822468757e+04 8.738324631443865620e-01
6.075566142828538432e+04 7.946293984940996369e-01
6.075566168834608106e+04 1.010330369413184215e+00
6.075566194840677781e+04 1.022234842318216153e+00
6.075566220846748183e+04 1.155624479088465995e+00
6.075566246852817130e+04 9.212226655775086481e-01
6.075566272858886805e+04 9.702566093269084924e-01
6.075566298864956480e+04 1.051535575216923979e+00
6.075566324871025427e+04 1.120668567081048561e+00
6.075566350877095101e+04 8.541918109931007086e-01
6.075566376883164776e+04 1.134942807391356334e+00
6.075566402889234450e+04 9.655124541953497008e-01
6.075566428895304125e+04 8.579452215576293117e-01
6.075566454901373800e+04 9.367728020265966293e-01
6.075566480907443474e+04 8.495054700710957807e-01
6.075566506913513149e+04 1.018341656456000166e+00
6.075566532919582824e+04 1.025041036922039295e+00
6.075566558925652498e+04 1.202127722975240731e+00
6.075566584931721445e+04 1.001145939934337425e+00
6.075566610937791120e+04 9.160323156461349647e-01
6.075566636943860794e+04 9.747013793807851600e-01
6.075566662949930469e+04 1.226118261332151960e+00
6.075566688956000144e+04 9.493164848213968554e-01
6.075566714962069818e+04 1.058026844583533688e+00
6.075566740968139493e+04 8.264066861799058694e-01
6.075566766974209168e+04 8.506523691442581248e-01
6.075566792980278115e+04 7.821557086534655090e-01
6.075566818986347789e+04 1.050350166199055080e+00
6.075566844992417464e+04 8.117397970230431081e-01
6.075566870998487866e+04 9.938996548126638464e-01
6.075566897004557541e+04 7.611983097064575210e-01
6.075566923010626488e+04 1.123769865936580681e+00
6.075566949016696162e+04 1.132501937042016404e+00
6.075566975022765837e+04 1.003059382006537437e+00
6.075567001028834784e+04 7.453341899399554826e-01
6.075567027034905186e+04 1.096720087031826552e+00
6.075567053040974133e+04 8.357104219088344887e-01
6.075567079047044535e+04 1.018974570589012973e+00
6.075567105053114210e+04 8.652642372873602383e-01
6.075567131059183157e+04 9.934324734065089757e-01
6.075567157065252832e+04 1.125929397956110467e+00
6.075567183071322506e+04 1.068595541358366763e+00
6.075567209077392181e+04 7.860360673428361533e-01
6.075567235083461856e+04 1.092966805189538926e+00
6.075567261089531530e+04 9.842770728463419161e-01
6.075567287095601205e+04 1.054621881710604336e+00
6.075567313101670879e+04 8.148386598523243984e-01
6.075567339107740554e+04 9.737547487848804417e-01
6.075567365113810229e+04 1.033909720488090045e+00
6.075567391119879176e+04 8.019020325672341354e-01
6.075567417125948850e+04 1.109910080242989983e+00
6.075567443132019253e+04 1.058783975862316984e+00
6.075567469138088200e+04 9.819150044852298365e-01
6.075567495144157874e+04 9.078543656317786814e-01
6.075567521150227549e+04 9.220316388849402189e-01
6.075567547156297223e+04 9.392788940936456221e-01
6.075567573162366898e+04 1.148222503370620151e+00
6.075567599168436573e+04 1.141461221738917953e+00
6.075567625174506247e+04 1.030688020237535918e+00
6.075567651180575922e+04 1.004765658900745873e+00
6.075567677186645597e+04 8.635378209825176343e-01
6.075567703192715271e+04 1.039183045423642371e+00
6.075567729198784218e+04 9.819706203020367452e-01
6.075567755204853893e+04 9.432801821275755838e-01
6.075567781210924295e+04 8.408007789194675841e-01
6.075567807216993242e+04 1.210466941565448318e+00
6.075567833223062917e+04 1.028673413282813698e+00
6.075567859229132591e+04 8.473200873126287558e-01
6.075567885235202266e+04 8.391643035204674472e-01
6.075567911241271941e+04 9.586008855279615215e-01
6.075567937247341615e+04 9.925662371274186491e-01
6.075567963253411290e+04 8.733504271916551209e-01
6.075567989259480964e+04 9.890653161989698683e-01
6.075568015265550639e+04 9.613067058900891526e-01
6.075568041271620314e+04 9.965284071929477738e-01
6.075568067277689261e+04 1.100470362375304934e+00
6.075568093283759663e+04 9.544184857023075841e-01
6.075568119289829338e+04 1.091863423708856029e+00
6.075568145295898285e+04 1.144845601871934626e+00
6.075568171301968687e+04 7.883215433415977635e-01
6.075568197308037634e+04 7.918819592664809726e-01
6.075568223314107308e+04 8.575163168379167367e-01
6.075568249320177711e+04 9.594877604228296830e-01
6.075568275326246658e+04 8.625849546324322326e-01
6.075568301332316332e+04 1.069135724081284433e+00
6.075568327338386007e+04 1.058502910692419086e+00
6.075568483179301256e+04 9.412801360830785891e-01
6.075568509184680443e+04 1.115990099891504439e+00
6.075568535190059629e+04 1.127739309731914163e+00
6.075568561195438815e+04 9.199926543448970762e-01
6.075568587200818729e+04 1.182401004408046186e+00
6.075568613206199370e+04 7.865609873913185224e-01
6.075568639211578557e+04 1.100843425386814900e+00
6.075568665216957743e+04 9.851464621348201556e-01
6.075568691222336929e+04 9.290287973480152450e-01
6.075568717227716115e+04 8.459814855669566258e-01
6.075568743233096029e+04 8.501274206346824958e-01
6.075568769238475215e+04 8.629578572868819020e-01
6.075568795243854402e+04 9.387356629526649732e-01
6.075568821249233588e+04 1.106087640602628097e+00
6.075568847254613502e+04 1.098016835686063786e+00
6.075568873259992688e+04 7.821017338522692208e-01
6.075568899265372602e+04 9.740214324399533163e-01
6.075568925270752516e+04 1.110498294899437077e+00
6.075568951276131702e+04 1.184073101830068087e+00
6.075568977281511616e+04 1.007241190334706271e+00
6.075569003286890802e+04 9.962042755365174695e-01
6.075569029292269988e+04 9.648778758051570481e-01
6.075569055297649174e+04 9.562790038417376959e-01
6.075569081303029088e+04 1.070702176546857842e+00
6.075569107308408275e+04 1.111977779404385691e+00
6.075569133313787461e+04 1.211377583604250407e+00
6.075569159319166647e+04 1.049950486818687079e+00
6.075569185324547288e+04 1.030365830701161389e+00
6.075569211329927202e+04 8.595669096144211707e-01
6.075569237335306389e+04 8.509268548005527455e-01
6.075569263340685575e+04 1.167403023612192614e+00
6.075569289346064761e+04 8.366910408882495265e-01
6.075569315351444675e+04 9.607214443980046648e-01
6.075569341356823861e+04 1.094120850639248799e+00
6.075569367362203047e+04 9.531671366956763203e-01
6.075569393367582234e+04 9.725325016290031765e-01
6.075569419372962147e+04 1.000473872806866504e+00
6.075569445378341334e+04 1.056118991056143042e+00
6.075569471383720520e+04 9.372366398128681997e-01
6.075569497389100434e+04 1.000714044437780892e+00
6.075569523394481075e+04 1.096551323063653660e+00
6.075569549399860261e+04 1.064169324795936067e+00
6.075569575405239448e+04 1.333966003866468686e+00
6.075569601410618634e+04 1.057783914757091104e+00
6.075569627415998548e+04 9.255548675863297658e-01
6.075569653421377734e+04 9.904880551521765275e-01
6.075569679426756920e+04 9.877936550467364407e-01
6.075569705432136107e+04 9.467451489820261079e-01
6.075569731437516020e+04 1.046722502445225578e+00
6.075569757442895207e+04 1.237688152631010841e+00
6.075569783448274393e+04 9.352286573882441223e-01
6.075569809453654307e+04 8.869957296890268461e-01
6.075569835459034948e+04 8.002871808126363895e-01
6.075569861464414134e+04 1.015634061367356900e+00
6.075569887469793321e+04 1.038586825311494710e+00
6.075569913475172507e+04 1.314370571225490503e+00
6.075569939480552421e+04 9.304359676166105153e-01
6.075569965485931607e+04 9.020788558389525313e-01
6.075569991491310793e+04 9.377524165888141416e-01
6.075570017496689979e+04 9.315700945389253640e-01
6.075570043502069893e+04 8.897739427727519024e-01
6.075570069507449080e+04 1.071409181298929036e+00
6.075570095512828993e+04 9.734571703268987131e-01
6.075570121518208907e+04 9.842597741851005777e-01
6.075570147523588821e+04 1.014719184553071418e+00
6.075570173528968007e+04 1.056987861311581733e+00
6.075570199534347194e+04 9.729277382335420610e-01
6.075570225539727107e+04 7.708803009827370767e-01
6.075570251545106294e+04 9.592239066098691147e-01
6.075570277550485480e+04 1.191715820662667680e+00
6.075570303555864666e+04 9.560215213723682881e-01
6.075570329561244580e+04 8.694204076750434718e-01
6.075570355566623766e+04 9.657635363422135688e-01
6.075570381572002952e+04 9.585092544898047295e-01
6.075570407577382866e+04 1.059511993530450669e+00
6.075570433582763508e+04 1.018704752683969650e+00
6.075570459588142694e+04 1.046877089656716997e+00
6.075570485593521880e+04 1.075224851538198800e+00
6.075570511598901066e+04 9.949830683205633797e-01
6.075570537604280980e+04 9.262065234428314975e-01
6.075570563609660167e+04 1.298804940748165881e+00
6.075570589615039353e+04 9.275398314838853020e-01
6.075570615620419267e+04 9.411290452898951608e-01
6.075570641625798453e+04 1.096774742586645868e+00
6.075570667631177639e+04 8.430810103829117219e-01
6.075570693636557553e+04 8.705917792888041573e-01
6.075570719641938194e+04 1.138575888181715623e+00
6.075570745647317381e+04 1.183968035744028313e+00
6.075570771652696567e+04 1.410063592200026639e+00
6.075570797658076481e+04 1.047953354472836329e+00
6.075570823663455667e+04 1.139325732643785782e+00
6.075570849668834853e+04 9.741867280160972919e-01
6.075570875674214039e+04 1.063225808697503716e+00
6.075570901679593953e+04 1.079763142574275081e+00
6.075570927684973140e+04 1.066380305931808214e+00
6.075570953690352326e+04 8.531839115623707226e-01
6.075570979695732240e+04 1.211583836397321479e+00
6.075571005701112153e+04 1.091502232874168365e+00
6.075571031706492067e+04 7.746322830097134293e-01
6.075571057711871254e+04 1.125458326447929647e+00
6.075571083717251167e+04 9.648803555274980681e-01
6.075571109722630354e+04 1.090884348486859334e+00
6.075571135728009540e+04 9.399180396105254465e-01
6.075571161733389454e+04 1.169238743676427550e+00
6.075571187738768640e+04 1.003726580710978533e+00
6.075571213744147826e+04 1.024474723264105602e+00
6.075571239749527740e+04 9.846060629026764932e-01
6.075571265754906926e+04 1.222835921993429942e+00
6.075571291760286840e+04 1.160670858476269940e+00
6.075571317765666754e+04 1.047521860437249597e+00
6.075571474868715450e+04 1.014735822024359857e+00
6.075571500874785124e+04 1.009051767421833334e+00
6.075571526880854799e+04 9.407663142656413902e-01
6.075571552886924474e+04 1.082887312571642280e+00
6.075571578892994148e+04 1.089803032143148886e+00
6.075571604899063823e+04 1.077749017246313334e+00
6.075571630905133497e+04 8.619769186775990688e-01
6.075571656911203172e+04 9.886532307032320777e-01
6.075571682917273574e+04 1.050834135262884939e+00
6.075571708923342521e+04 9.851497107597202429e-01
6.075571734929412196e+04 1.166022412849227363e+00
6.075571760935482598e+04 9.636704971421719002e-01
6.075571786941552273e+04 9.547485235348361909e-01
6.075571812947621947e+04 1.138563718086879284e+00
6.075571838953690894e+04 1.052965990668760732e+00
6.075571864959761297e+04 9.711677702991552419e-01
6.075571890965830971e+04 1.147521611075162706e+00
6.075571916971899918e+04 1.183968629043551379e+00
6.075571942977970320e+04 1.082026063564197838e+00
6.075571968984039995e+04 7.705320731300081549e-01
6.075571994990109670e+04 8.120081026989492967e-01
6.075572020996180072e+04 1.101819983137128034e+00
6.075572047002249019e+04 9.605003749063807383e-01
6.075572073008318694e+04 8.767925896702027933e-01
6.075572099014388368e+04 1.012537736004508471e+00
6.075572125020458770e+04 9.561987468801614876e-01
6.075572151026528445e+04 1.087320571073057129e+00
6.075572177032597392e+04 1.256355523662705309e+00
6.075572203038667794e+04 1.213539126254755907e+00
6.075572229044737469e+04 9.497471085336387508e-01
6.075572255050806416e+04 1.119547872060173921e+00
6.075572281056877546e+04 1.166329515947723605e+00
6.075572307062946493e+04 1.067158955850994406e+00
6.075572333069016167e+04 8.588162494322425511e-01
6.075572359075086570e+04 1.288053224615320680e+00
6.075572385081155517e+04 1.119772089477031329e+00
6.075572411087225191e+04 8.708822977381591723e-01
6.075572437093294866e+04 1.163127070298447530e+00
6.075572463099365268e+04 8.689053952610331644e-01
6.075572489105434943e+04 1.165582897517288385e+00
6.075572515111503890e+04 9.523510680324548394e-01
6.075572541117574292e+04 8.003880708246421394e-01
6.075572567123643967e+04 1.193315379644569907e+00
6.075572593129713641e+04 1.063354639647632549e+00
6.075572619135784043e+04 1.212393753917260453e+00
6.075572645141852990e+04 1.091739949125008158e+00
6.075572671147922665e+04 1.079862632244386944e+00
6.075572697153993067e+04 8.783192053406208011e-01
6.075572723160062014e+04 9.473322310581662187e-01
6.075572749166131689e+04 1.085951883882831925e+00
6.075572775172202091e+04 9.406828252246660638e-01
6.075572801178271766e+04 1.155595530206638077e+00
6.075572827184341440e+04 1.068464327349243570e+00
6.075572853190411115e+04 1.025178831657775236e+00
6.075572879196480790e+04 1.279284339391101977e+00
6.075572905202550464e+04 9.877025346751870938e-01
6.075572931208620867e+04 1.031828683858227569e+00
6.075572957214690541e+04 8.539856585953728985e-01
6.075572983220759488e+04 1.101025568150310274e+00
6.075573009226829890e+04 1.107796917109284074e+00
6.075573035232899565e+04 1.062034670540293879e+00
6.075573061238968512e+04 8.016119734381488282e-01
6.075573087245038914e+04 1.283853259502254041e+00
6.075573113251108589e+04 7.818922153055515301e-01
6.075573139257178264e+04 1.035381866633659387e+00
6.075573165263248666e+04 9.131016609607892631e-01
6.075573191269317613e+04 1.234576421297184590e+00
6.075573217275387287e+04 1.073231402784307731e+00
6.075573243281457690e+04 9.290423329495075544e-01
6.075573269287527364e+04 1.169298929402587284e+00
6.075573295293597039e+04 8.862356182218480427e-01
6.075573321299666713e+04 1.118866934842788208e+00
6.075573347305736388e+04 1.184894931607304747e+00
6.075573373311806063e+04 1.252758254452941200e+00
6.075573399317875737e+04 1.201290865700648025e+00
6.075573425323946140e+04 9.810822400381093988e-01
6.075573451330015087e+04 9.984321194498717578e-01
6.075573477336085489e+04 1.309322394640992204e+00
6.075573503342155163e+04 8.491366263191454378e-01
6.075573529348224110e+04 1.287391221570997057e+00
6.075573555354294513e+04 1.168938639319606843e+00
6.075573581360364187e+04 9.988461193748409128e-01
6.075573607366434589e+04 1.012567261129015295e+00
6.075573633372504264e+04 1.023293820610763349e+00
6.075573659378573211e+04 1.292230248038825691e+00
6.075573685384643613e+04 8.987140723160442768e-01
6.075573711390713288e+04 1.106438607565765730e+00
6.075573737396782963e+04 1.044972702655502461e+00
6.075573763402853365e+04 1.231011150527405507e+00
6.075573789408922312e+04 8.844006741621798229e-01
6.075573815414991986e+04 1.083095586941058341e+00
6.075573841421062389e+04 9.848651720838684787e-01
6.075573867427131336e+04 9.263929443492072702e-01
6.075573893433201010e+04 9.371740783196760294e-01
6.075573919439271413e+04 1.183120891766383131e+00
6.075573945445341087e+04 1.033269433728357223e+00
6.075573971451411489e+04 9.304687091727710246e-01
6.075573997457480436e+04 9.883931225410215182e-01
6.075574023463550111e+04 1.097264100441045276e+00
6.075574049469620513e+04 8.887773565753607219e-01
6.075574075475690188e+04 1.134144507495787879e+00
6.075574101481759863e+04 9.855726921500437276e-01
6.075574127487829537e+04 9.847296415326489694e-01
6.075574153493899212e+04 7.649521161006749281e-01
6.075574179499969614e+04 8.773840317878751627e-01
6.075574205506038561e+04 1.091207392147667488e+00
6.075574231512108236e+04 1.083859346874301410e+00
6.075574257518178638e+04 1.134074202134269793e+00
6.075574283524248312e+04 1.026505848692973455e+00
6.075574309530317987e+04 1.067483007049746080e+00
6.075574483016229351e+04 1.030536307957680142e+00
6.075574509021608537e+04 1.228027896501538319e+00
6.075574535026989179e+04 8.261417609053499644e-01
6.075574561032369093e+04 1.233598802660441640e+00
6.075574587037748279e+04 9.600927672785445344e-01
6.075574613043128193e+04 1.149669758153476051e+00
6.075574639048507379e+04 9.278232051901467159e-01
6.075574665053887293e+04 1.154068891065808344e+00
6.075574691059266479e+04 1.026293763239145118e+00
6.075574717064645665e+04 9.463507008164632195e-01
6.075574743070025579e+04 1.151616316305628551e+00
6.075574769075404765e+04 9.726058034157467613e-01
6.075574795080784679e+04 1.075600267228051132e+00
6.075574821086163865e+04 9.262405950263192800e-01
6.075574847091544507e+04 7.106357118680015628e-01
6.075574873096924421e+04 7.596251446778756744e-01
6.075574899102303607e+04 1.000278987226906446e+00
6.075574925107683521e+04 1.115502069019110420e+00
6.075574951113062707e+04 9.480017270746793345e-01
6.075574977118442621e+04 1.087222288221282529e+00
6.075575003123821807e+04 8.404531975742387528e-01
6.075575029129201721e+04 1.185033885332791082e+00
6.075575055134580907e+04 1.016125889224346990e+00
6.075575081139960093e+04 1.054861087856459267e+00
6.075575107145340007e+04 1.065789481620073920e+00
6.075575133150719921e+04 1.013333566521006590e+00
6.075575159156100563e+04 9.843429005066725024e-01
6.075575185161479749e+04 1.189626942005370669e+00
6.075575211166859663e+04 9.179565095785845452e-01
6.075575237172238849e+04 9.170864673492248320e-01
6.075575263177618035e+04 1.196899042759782539e+00
6.075575289182997949e+04 8.221604103068806957e-01
6.075575315188377135e+04 1.123589334628875225e+00
6.075575341193757049e+04 8.904024116077697837e-01
6.075575367199136235e+04 1.150060282667243694e+00
6.075575393204516149e+04 1.042444131382709527e+00
6.075575419209895335e+04 9.840831070828469640e-01
6.075575445215275249e+04 9.003215412417991947e-01
6.075575471220655891e+04 1.015035649735462453e+00
6.075575497226035077e+04 1.236747999003643184e+00
6.075575523231414991e+04 1.050522315817064012e+00
6.075575549236794177e+04 9.718706427339980358e-01
6.075575575242174091e+04 7.345910789742361446e-01
6.075575601247553277e+04 8.386810254905860962e-01
6.075575627252933191e+04 9.785485087747946009e-01
6.075575653258312377e+04 1.180414403314731908e+00
6.075575679263691563e+04 1.293071451422709517e+00
6.075575705269071477e+04 8.020008593003921105e-01
6.075575731274451391e+04 9.548347590580932298e-01
6.075575757279832033e+04 9.680113604202044142e-01
6.075575783285211219e+04 9.834353202568386632e-01
6.075575809290591133e+04 1.194691233364501670e+00
6.075575835295970319e+04 1.167663543185274433e+00
6.075575861301350233e+04 1.235476557513935036e+00
6.075575887306729419e+04 1.166295521931467016e+00
6.075575913312109333e+04 1.002498076689634532e+00
6.075575939317488519e+04 9.936708209141599246e-01
6.075575965322867705e+04 1.057743046566015588e+00
6.075575991328247619e+04 1.224278679728822539e+00
6.075576017333626805e+04 1.165530657921846291e+00
6.075576043339007447e+04 1.252631294011524288e+00
6.075576069344387361e+04 8.936401763570497314e-01
6.075576095349767274e+04 1.235298445224424890e+00
6.075576121355146461e+04 8.134647409745262570e-01
6.075576147360526375e+04 1.282109644519991321e+00
6.075576173365905561e+04 8.411236225470658523e-01
6.075576199371285475e+04 9.013512055172658854e-01
6.075576225376664661e+04 1.168269026603909078e+00
6.075576251382044575e+04 1.089990206553433261e+00
6.075576277387423761e+04 1.283382080549362980e+00
6.075576303392802947e+04 1.087780571584811007e+00
6.075576329398183589e+04 9.407779272697465167e-01
6.075576355403563502e+04 1.011453019673941967e+00
6.075576381408943416e+04 1.034582812784537120e+00
6.075576407414322603e+04 1.025566199287057723e+00
6.075576433419702516e+04 8.736863259946160420e-01
6.075576459425081703e+04 1.303637719886815427e+00
6.075576485430461616e+04 9.816041965129648217e-01
6.075576511435840803e+04 9.528829694408230688e-01
6.075576537441220717e+04 1.015210267637501218e+00
6.075576563446599903e+04 9.941876669491505059e-01
6.075576589451979817e+04 1.055266642141505118e+00
6.075576615457359003e+04 1.080830239146440386e+00
6.075576641462739644e+04 1.210654025366580955e+00
6.075576667468119558e+04 9.546476395352196942e-01
6.075576693473499472e+04 1.016063067427661393e+00
6.075576719478878658e+04 1.080570848850865850e+00
6.075576745484258572e+04 1.137648100599311984e+00
6.075576771489637758e+04 9.690138213905430398e-01
6.075576797495017672e+04 6.425577706080912721e-01
6.075576823500396858e+04 1.359784866860266117e+00
6.075576849505776045e+04 1.100048844181204633e+00
6.075576875511155959e+04 1.184279745164767084e+00
6.075576901516535145e+04 1.048302573300820439e+00
6.075576927521915786e+04 1.222068137021823819e+00
6.075576953527295700e+04 1.066161543557866187e+00
6.075576979532675614e+04 1.076177238967621408e+00
6.075577005538054800e+04 1.114085737066977222e+00
6.075577031543434714e+04 1.254604043678912539e+00
6.075577057548813900e+04 1.077912288751239123e+00
6.075577083554193814e+04 1.189534586683966833e+00
6.075577109559573000e+04 1.036762369571567088e+00
6.075577135564952914e+04 9.104439214404528302e-01
6.075577161570332100e+04 1.115097752284082810e+00
6.075577187575712014e+04 1.021431429671963320e+00
6.075577213581091200e+04 1.198535471697949051e+00
6.075577239586471842e+04 1.188530345883409556e+00
6.075577265591851756e+04 1.155323508248657038e+00
6.075577291597231670e+04 1.076555456034640423e+00
6.075577317602610856e+04 9.767939743953508724e-01
