6.075547523418369383e+04 9.306199151297612771e-01
6.075547549424438330e+04 1.082100768466880414e+00
6.075547575430508005e+04 8.700832610025590608e-01
6.075547601436576224e+04 9.469911129020792684e-01
6.075547627442645899e+04 8.684434044110876938e-01
6.075547653448714846e+04 1.046910147563044680e+00
6.075547679454784520e+04 1.098318775173761308e+00
6.075547705460853467e+04 9.655509387099168173e-01
6.075547731466922414e+04 1.170885241274268962e+00
6.075547757472991361e+04 1.206218791909781318e+00
6.075547783479061036e+04 9.359671664176992811e-01
6.075547809485129255e+04 8.930105062728055376e-01
6.075547835491198930e+04 8.795632814887236473e-01
6.075547861497267877e+04 7.904123938932771098e-01
6.075547887503337552e+04 9.871874106362278356e-01
6.075547913509406499e+04 7.206373898590336946e-01
6.075547939515475446e+04 9.402731727018445174e-01
6.075547965521544393e+04 1.349846027660936310e+00
6.075547991527614067e+04 1.056700399669908030e+00
6.075548017533683014e+04 1.306794008735113310e+00
6.075548043539752689e+04 1.229351946513445926e+00
6.075548069545820908e+04 1.107248128846989532e+00
6.075548095551890583e+04 1.055973113710700240e+00
6.075548121557959530e+04 1.007661689095219693e+00
6.075548147564028477e+04 1.106627544640035765e+00
6.075548173570098152e+04 9.643499359732113918e-01
6.075548199576167099e+04 9.578044097475980623e-01
6.075548225582236773e+04 8.368797608850926384e-01
6.075548251588305720e+04 1.161708701350417927e+00
6.075548277594374667e+04 9.852676687727001115e-01
6.075548303600443614e+04 9.115681110630199369e-01
6.075548329606513289e+04 7.533448128123856335e-01
6.075548355612582236e+04 8.699690765271025361e-01
6.075548381618651911e+04 9.239822959142462988e-01
6.075548407624720130e+04 1.140966298780571986e+00
6.075548433630789805e+04 1.126365182761620787e+00
6.075548459636858752e+04 1.182719186299876268e+00
6.075548485642928426e+04 9.730685645626822033e-01
6.075548511648997373e+04 1.053036101622274234e+00
6.075548537655066320e+04 1.260545573269181485e+00
6.075548563661135267e+04 9.640383151578020282e-01
6.075548589667204942e+04 1.180218299396830428e+00
6.075548615673273162e+04 1.010582369856599216e+00
6.075548641679342836e+04 1.064638948105174343e+00
6.075548667685411783e+04 9.024573809582064898e-01
6.075548693691481458e+04 1.247890420477872908e+00
6.075548719697551132e+04 1.039881953769137946e+00
6.075548745703619352e+04 6.980713214519580490e-01
6.075548771709689026e+04 9.472547223401276417e-01
6.075548797715757973e+04 8.948208767666432362e-01
6.075548823721827648e+04 9.784326498795300475e-01
6.075548849727896595e+04 9.058006869483621326e-01
6.075548875733965542e+04 1.175807444629891840e+00
6.075548901740034489e+04 6.401933820824481369e-01
6.075548927746104164e+04 7.778733828794013316e-01
6.075548953752172383e+04 9.757038072009995844e-01
6.075548979758242058e+04 1.003768992655697634e+00
6.075549005764311732e+04 1.128953715682385006e+00
6.075549031770380680e+04 1.231433297596331800e+00
6.075549057776450354e+04 9.155310414737499736e-01
6.075549083782518574e+04 8.869775576967694475e-01
6.075549109788588248e+04 1.140486751084418104e+00
6.075549135794657195e+04 9.827207197838977448e-01
6.075549161800726870e+04 9.890516013875135792e-01
6.075549187806795817e+04 9.232600594044251263e-01
6.075549213812864764e+04 6.913557567358925571e-01
6.075549239818933711e+04 1.290894505139660753e+00
6.075549265825003386e+04 8.557531087234435674e-01
6.075549291831072333e+04 9.614766456147119111e-01
6.075549317837142007e+04 9.686900244014945427e-01
6.075549343843210954e+04 1.012787355801852973e+00
6.075549369849279901e+04 9.834994609911832386e-01
6.075549395855349576e+04 1.099484408552654058e+00
6.075549421861417795e+04 1.056835765883668454e+00
6.075549447867487470e+04 1.052333633629783938e+00
6.075549473873556417e+04 1.149110504255321574e+00
6.075549499879626092e+04 9.711002539590639637e-01
6.075549525885695766e+04 1.107791519820196857e+00
6.075549551891763986e+04 8.961477242075038818e-01
6.075549577897833660e+04 1.069527727468144507e+00
6.075549603903902607e+04 9.812430029747030158e-01
6.075549629909972282e+04 1.028745618110218807e+00
6.075549655916041229e+04 9.369019280631479818e-01
6.075549681922110176e+04 1.073846387910134759e+00
6.075549707928179851e+04 9.203945222628773237e-01
6.075549733934248798e+04 8.815748320884360112e-01
6.075549759940317745e+04 8.699609252913543811e-01
6.075549785946386692e+04 7.685562693316628780e-01
6.075549811952456366e+04 9.930264701576347885e-01
6.075549837958525313e+04 9.217809012369939659e-01
6.075549863964594988e+04 8.406578357670964063e-01
6.075549889970663935e+04 1.134338727298820348e+00
6.075549915976732882e+04 8.825643530351189314e-01
6.075549941982802557e+04 1.067596618508540596e+00
6.075549967988871504e+04 1.010511100887877101e+00
6.075549993994941178e+04 7.155824873382515827e-01
6.075550020001009398e+04 9.801338805768634588e-01
6.075550046007079072e+04 9.521976954190392028e-01
6.075550072013148747e+04 9.166809359171274041e-01
6.075550098019216966e+04 1.137322769764501418e+00
6.075550124025286641e+04 1.150020794102804222e+00
6.075550150031355588e+04 1.184949339722139783e+00
6.075550176037425263e+04 1.071627887352891717e+00
6.075550202043494210e+04 7.970357499354059350e-01
6.075550228049563157e+04 9.113206640420558058e-01
6.075550254055632831e+04 1.134403688989554126e+00
6.075550280061701778e+04 7.544134279069509841e-01
6.075550306067771453e+04 5.170911230817945015e-01
6.075550332073840400e+04 1.112770934709632398e+00
6.075550358079909347e+04 6.634636378372377186e-01
6.075550513883041276e+04 8.857532299763070105e-01
6.075550539889110951e+04 9.224811929625553741e-01
6.075550565895179898e+04 1.009941400287918345e+00
6.075550591901248845e+04 9.881353314633846141e-01
6.075550617907318519e+04 9.333950089027303054e-01
6.075550643913387466e+04 1.031834487616435592e+00
6.075550669919457141e+04 9.177667329429736176e-01
6.075550695925526088e+04 9.023099090866647520e-01
6.075550721931595035e+04 1.017159344137968713e+00
6.075550747937664710e+04 7.233021420945203728e-01
6.075550773943733657e+04 9.627347674265234190e-01
6.075550799949803331e+04 1.017460531210385488e+00
6.075550825955872278e+04 1.019062100117521075e+00
6.075550851961941225e+04 1.067325339496916436e+00
6.075550877968010900e+04 7.940951951921804142e-01
6.075550903974079847e+04 8.577716207235631662e-01
6.075550929980148794e+04 9.486601284776473575e-01
6.075550955986217741e+04 9.945665888937846866e-01
6.075550981992287416e+04 8.875674600138813153e-01
6.075551007998357090e+04 6.379528796249744893e-01
6.075551034004426037e+04 8.934583074687316717e-01
6.075551060010494984e+04 8.991523054197342324e-01
6.075551086016564659e+04 8.888257938485859544e-01
6.075551112022633606e+04 7.661315909524546441e-01
6.075551138028703281e+04 1.126659152605802516e+00
6.075551164034772228e+04 9.475287611640563767e-01
6.075551190040841175e+04 7.782592378991787241e-01
6.075551216046910849e+04 1.026758312038409393e+00
6.075551242052979796e+04 1.242326754466208438e+00
6.075551268059049471e+04 9.781275119013251862e-01
6.075551294065118418e+04 1.153087503835628969e+00
6.075551320071187365e+04 9.933329291765137237e-01
6.075551346077257040e+04 6.650427421028795028e-01
6.075551372083325987e+04 1.063310457914387497e+00
6.075551398089394934e+04 9.299931330518358408e-01
6.075551424095464608e+04 9.086421640620809814e-01
6.075551450101533555e+04 9.570611239260857772e-01
6.075551476107603230e+04 9.126704942671242105e-01
6.075551502113672177e+04 1.100794505397547418e+00
6.075551528119741124e+04 1.006366915699856479e+00
6.075551554125810799e+04 9.296831504609439634e-01
6.075551580131879746e+04 1.072076578003545277e+00
6.075551606137949420e+04 1.051670100630515359e+00
6.075551632144019095e+04 1.022777497034220717e+00
6.075551658150087314e+04 7.378585077256046842e-01
6.075551684156156989e+04 7.031853370199993014e-01
6.075551710162226664e+04 9.832977840729832941e-01
6.075551736168294883e+04 8.502540574929384753e-01
6.075551762174364558e+04 9.358287541448104818e-01
6.075551788180433505e+04 9.339661510229974040e-01
6.075551814186503179e+04 8.669193315093319807e-01
6.075551840192572854e+04 7.815259157133712664e-01
6.075551866198641073e+04 7.546974165882045504e-01
6.075551892204710748e+04 1.057999260053823054e+00
6.075551918210780423e+04 7.998888516993974962e-01
6.075551944216849370e+04 1.015127324756557092e+00
6.075551970222919044e+04 7.879195591331892290e-01
6.075551996228987991e+04 9.408289867561213660e-01
6.075552022235056938e+04 8.519580769585528568e-01
6.075552048241126613e+04 7.697079381057287950e-01
6.075552074247194832e+04 9.180707799194310903e-01
6.075552100253265235e+04 9.786263672263737501e-01
6.075552126259334182e+04 9.079865936947522087e-01
6.075552152265403129e+04 7.062359446923838213e-01
6.075552178271472803e+04 1.026276615586794616e+00
6.075552204277541750e+04 9.179048009975202538e-01
6.075552230283610697e+04 1.029307621839541165e+00
6.075552256289680372e+04 1.110257395082387744e+00
6.075552282295750047e+04 9.645143289547897236e-01
6.075552308301818994e+04 1.037169077182177324e+00
6.075552334307887941e+04 8.972633602631282512e-01
6.075552360313957615e+04 8.787094511229228688e-01
6.075552386320026562e+04 9.483873703537819555e-01
6.075552412326096237e+04 9.525601197688708943e-01
6.075552438332165912e+04 7.949382565422297153e-01
6.075552464338234131e+04 8.262928723176325985e-01
6.075552490344303806e+04 8.410797748284434272e-01
6.075552516350373480e+04 8.970794806476818373e-01
6.075552542356441700e+04 8.843577300190516022e-01
6.075552568362511374e+04 1.042070285733566193e+00
6.075552594368581049e+04 6.526709414332078074e-01
6.075552620374649996e+04 1.130915106075155885e+00
6.075552646380719671e+04 1.133031533090576914e+00
6.075552672386788618e+04 1.102340761454213336e+00
6.075552698392857565e+04 9.234971332556871637e-01
6.075552724398927239e+04 1.014236910068571973e+00
6.075552750404996914e+04 8.898620657880638163e-01
6.075552776411065861e+04 9.147332512858004083e-01
6.075552802417134808e+04 9.751147995026867576e-01
6.075552828423204483e+04 9.793533881030132004e-01
6.075552854429273430e+04 9.179083844492642585e-01
6.075552880435342377e+04 1.072801522667266028e+00
6.075552906441412051e+04 9.208086507027876122e-01
6.075552932447480998e+04 6.221753732365855605e-01
6.075552958453550673e+04 8.806707110153669804e-01
6.075552984459620347e+04 7.837575899563148374e-01
6.075553010465688567e+04 1.122394432487433535e+00
6.075553036471758242e+04 8.035885045162673990e-01
6.075553062477827916e+04 7.144487508048654734e-01
6.075553088483896863e+04 8.100168054599568013e-01
6.075553114489966538e+04 1.139759764112186824e+00
6.075553140496035485e+04 1.072557401291052148e+00
6.075553166502104432e+04 7.542690246813703592e-01
6.075553192508174106e+04 5.927859559945842793e-01
6.075553218514243054e+04 6.992324238713915063e-01
6.075553244520312728e+04 8.927920307425706303e-01
6.075553270526381675e+04 8.780376581740469977e-01
6.075553296532451350e+04 9.528428760168377032e-01
6.075553322538520297e+04 9.403103935659220536e-01
6.075553348544589244e+04 8.902229236771491694e-01
6.075553503087646095e+04 7.132802415642628402e-01
6.075553529093715770e+04 1.108685802880155613e+00
6.075553555099784717e+04 1.096499233958500907e+00
6.075553581105853664e+04 9.461642819141331540e-01
6.075553607111923338e+04 7.152005072001933472e-01
6.075553633117992285e+04 9.355012672164693122e-01
6.075553659124061960e+04 8.524307052336523860e-01
6.075553685130131635e+04 9.745354188375946469e-01
6.075553711136199854e+04 1.084035389805614091e+00
6.075553737142269529e+04 9.587388847960306437e-01
6.075553763148339203e+04 8.486852170405828621e-01
6.075553789154408878e+04 9.050093644187869879e-01
6.075553815160477825e+04 8.189141882789580107e-01
6.075553841166546772e+04 1.050420882099741826e+00
6.075553867172616447e+04 7.702252638030981924e-01
6.075553893178685394e+04 5.904826091752615191e-01
6.075553919184754341e+04 9.522353592538373990e-01
6.075553945190824015e+04 7.097822787444031389e-01
6.075553971196892962e+04 5.918685403806875911e-01
6.075553997202962637e+04 1.276354755739111946e+00
6.075554023209032312e+04 9.211857151385132170e-01
6.075554049215101259e+04 8.024838822223810952e-01
6.075554075221170206e+04 8.373111401814073984e-01
6.075554101227239880e+04 7.947282046473342909e-01
6.075554127233309555e+04 9.729585586552508270e-01
6.075554153239378502e+04 1.209379208489822055e+00
6.075554179245447449e+04 1.100907147202388359e+00
6.075554205251517124e+04 9.212832254447613778e-01
6.075554231257586798e+04 1.190336907594958360e+00
6.075554257263655018e+04 7.967203066063222039e-01
6.075554283269725420e+04 1.042465911161202463e+00
6.075554309275794367e+04 1.006654834287057154e+00
6.075554335281863314e+04 8.252949997315990327e-01
6.075554361287932988e+04 1.021132751418494911e+00
6.075554387294001936e+04 9.976577830942638947e-01
6.075554413300071610e+04 9.216245012992992924e-01
6.075554439306140557e+04 8.713912595322426125e-01
6.075554465312210232e+04 8.331060045835205763e-01
6.075554491318279906e+04 8.510936652015513859e-01
6.075554517324348853e+04 1.197491283014552543e+00
6.075554543330417800e+04 9.919728057571594038e-01
6.075554569336487475e+04 1.231057458793039849e+00
6.075554595342557150e+04 1.108985445781454082e+00
6.075554621348626097e+04 8.781684984739165367e-01
6.075554647354695044e+04 1.014050076452793769e+00
6.075554673360764718e+04 1.096566899729731759e+00
6.075554699366834393e+04 8.409175171913654268e-01
6.075554725372902612e+04 1.044974493974070384e+00
6.075554751378972287e+04 9.520507136537159631e-01
6.075554777385041962e+04 1.107671708327488735e+00
6.075554803391111636e+04 1.205002273189872186e+00
6.075554829397180583e+04 1.083375248458306350e+00
6.075554855403249530e+04 8.114105233165636033e-01
6.075554881409319205e+04 1.032423328357907844e+00
6.075554907415388152e+04 6.360500922705080162e-01
6.075554933421457827e+04 9.338868074031101418e-01
6.075554959427527501e+04 7.282432112540777602e-01
6.075554985433596448e+04 1.125197209352726047e+00
6.075555011439665395e+04 9.695529120368566733e-01
6.075555037445735070e+04 9.674230750317381888e-01
6.075555063451804017e+04 9.584698807525123820e-01
6.075555089457873692e+04 1.050099046212723097e+00
6.075555115463942639e+04 1.016153891733825976e+00
6.075555141470012313e+04 1.200728709343216183e+00
6.075555167476081988e+04 1.076881467175718310e+00
6.075555193482150935e+04 9.986223600819975621e-01
6.075555219488219882e+04 1.002394325062990976e+00
6.075555245494289557e+04 1.148376033090265702e+00
6.075555271500359231e+04 1.104675755712542173e+00
6.075555297506428906e+04 8.505960650485518970e-01
6.075555323512497125e+04 8.771803891358068705e-01
6.075555349518566800e+04 1.139946444010045523e+00
6.075555375524636474e+04 1.011328011940037852e+00
6.075555401530705421e+04 1.070014687507403695e+00
6.075555427536775096e+04 8.984975631026603793e-01
6.075555453542844043e+04 9.767476383720118394e-01
6.075555479548913718e+04 8.779901384955524080e-01
6.075555505554983392e+04 9.343468506155311326e-01
6.075555531561051612e+04 1.165821150150507357e+00
6.075555557567121286e+04 1.080341494361139132e+00
6.075555583573190961e+04 9.120849090769145295e-01
6.075555609579260636e+04 8.318563279429506130e-01
6.075555635585329583e+04 1.063873404499180220e+00
6.075555661591398530e+04 8.583197821671160188e-01
6.075555687597468204e+04 8.343260817066858737e-01
6.075555713603537879e+04 1.030326690679974622e+00
6.075555739609607554e+04 8.259563958341101797e-01
6.075555765615676501e+04 9.917136396587811209e-01
6.075555791621745448e+04 8.088763904905509339e-01
6.075555817627815122e+04 9.698500013422503008e-01
6.075555843633884797e+04 1.070755852955130871e+00
6.075555869639953016e+04 1.144293921359060162e+00
6.075555895646022691e+04 7.157632292508571137e-01
6.075555921652092366e+04 7.188090871329840814e-01
6.075555947658162040e+04 9.375267556626660781e-01
6.075555973664230987e+04 1.008810891555964373e+00
6.075555999670299934e+04 9.890631207965677740e-01
6.075556025676369609e+04 8.806556581896041180e-01
6.075556051682439283e+04 9.732290829602514570e-01
6.075556077688508958e+04 1.030287480248215370e+00
6.075556103694577905e+04 7.749840840272822495e-01
6.075556129700646852e+04 9.872857723776694572e-01
6.075556155706716527e+04 8.464328984219174901e-01
6.075556181712786201e+04 1.114057312283228907e+00
6.075556207718854421e+04 7.488669858096791421e-01
6.075556233724924095e+04 9.343045707762615004e-01
6.075556259730993770e+04 1.071011005086827117e+00
6.075556285737063445e+04 1.193227736911561587e+00
6.075556311743133119e+04 1.134522276013395947e+00
6.075556337749201339e+04 7.227488150972318781e-01
6.075556504896522529e+04 8.689629275610518677e-01
6.075556530902591476e+04 7.191688692537062666e-01
6.075556556908661150e+04 9.458415939987917520e-01
6.075556582914730097e+04 8.926821017298262051e-01
6.075556608920799772e+04 9.840067359639816935e-01
6.075556634926869447e+04 7.575003593859046536e-01
6.075556660932938394e+04 9.579348290686008349e-01
6.075556686939008068e+04 7.536612752301373730e-01
6.075556712945077015e+04 7.804029943703804095e-01
6.075556738951146690e+04 6.831039082614946967e-01
6.075556764957216365e+04 1.112214869086914470e+00
6.075556790963285312e+04 1.159290424180899670e+00
6.075556816969354986e+04 1.018397662640813106e+00
6.075556842975423933e+04 1.045340014155118347e+00
6.075556868981492880e+04 1.100637807359209575e+00
6.075556894987563282e+04 8.693489464911825504e-01
6.075556920993632230e+04 9.162560317050761904e-01
6.075556946999701904e+04 8.352166406806955656e-01
6.075556973005770851e+04 9.964457724758204460e-01
6.075556999011839798e+04 1.007413078325410716e+00
6.075557025017909473e+04 1.064453862994750200e+00
6.075557051023979147e+04 8.978519803556106460e-01
6.075557077030048822e+04 8.631901956034553347e-01
6.075557103036117769e+04 9.305328766397067408e-01
6.075557129042186716e+04 1.021982321817278994e+00
6.075557155048256391e+04 1.098884586908529526e+00
6.075557181054326065e+04 1.055062766814246711e+00
6.075557207060395740e+04 9.155121595298568726e-01
6.075557233066464687e+04 1.033274985291656511e+00
6.075557259072533634e+04 8.791054943922649301e-01
6.075557285078603309e+04 1.063666078902617107e+00
6.075557311084672983e+04 9.857380222765882438e-01
6.075557337090741930e+04 1.033391809113922921e+00
6.075557363096811605e+04 1.036554742566481169e+00
6.075557389102880552e+04 6.470808932737556196e-01
6.075557415108950227e+04 1.026857011872905678e+00
6.075557441115019901e+04 6.817814396220239770e-01
6.075557467121088848e+04 9.018285579678819719e-01
6.075557493127158523e+04 9.452772628929637655e-01
6.075557519133227470e+04 1.038561030435250387e+00
6.075557545139297144e+04 7.599559068990012767e-01
6.075557571145366819e+04 8.078718097733729175e-01
6.075557597151435766e+04 1.080962612325466754e+00
6.075557623157505441e+04 8.979077173987689564e-01
6.075557649163575115e+04 1.019693475159579421e+00
6.075557675169643335e+04 9.060393723382836884e-01
6.075557701175713009e+04 9.387730483746121735e-01
6.075557727181782684e+04 9.530236166309019596e-01
6.075557753187852359e+04 1.000572857239009794e+00
6.075557779193922033e+04 8.608882692214759880e-01
6.075557805199990980e+04 9.879841486558439412e-01
6.075557831206059927e+04 5.614216834389026412e-01
6.075557857212129602e+04 9.957573145855811436e-01
6.075557883218199277e+04 8.662251409243626465e-01
6.075557909224268951e+04 8.335488735651035430e-01
6.075557935230337898e+04 9.619822915932760843e-01
6.075557961236407573e+04 8.040006749981335465e-01
6.075557987242476520e+04 8.180675400760022420e-01
6.075558013248546195e+04 1.019644077091598211e+00
6.075558039254615869e+04 6.754187063987586725e-01
6.075558065260684816e+04 9.118952743651340676e-01
6.075558091266754491e+04 7.329994608638136233e-01
6.075558117272824165e+04 8.230556286998466087e-01
6.075558143278892385e+04 5.639773333226533181e-01
6.075558169284962059e+04 1.093321210578802383e+00
6.075558195291031734e+04 8.126278558644719485e-01
6.075558221297101409e+04 1.080737374688316210e+00
6.075558247303171083e+04 1.010084641640498715e+00
6.075558273309240030e+04 8.577916461847473473e-01
6.075558299315309705e+04 1.007226193854154017e+00
6.075558325321378652e+04 8.006376811767648149e-01
6.075558351327448327e+04 9.456638886984288783e-01
6.075558377333518001e+04 9.278466787308226049e-01
6.075558403339586948e+04 9.573856943114400497e-01
6.075558429345656623e+04 9.064024171134335006e-01
6.075558455351726298e+04 7.291518741345988097e-01
6.075558481357794517e+04 8.638021786569842764e-01
6.075558507363864192e+04 6.968412365312476320e-01
6.075558533369933866e+04 7.508879955181757548e-01
6.075558559376003541e+04 8.707463292534570742e-01
6.075558585382073215e+04 6.271631699211059896e-01
6.075558611388142162e+04 6.736246183995221459e-01
6.075558637394211837e+04 9.653585807727493862e-01
6.075558663400280784e+04 8.224310984554633608e-01
6.075558689406350459e+04 8.766642438775412716e-01
6.075558715412420133e+04 7.403978416684300345e-01
6.075558741418489080e+04 8.065781285521702593e-01
6.075558767424558755e+04 5.922499505450028456e-01
6.075558793430628430e+04 1.088413491861929705e+00
6.075558819436697377e+04 1.078641154655393342e+00
6.075558845442767051e+04 7.759410874905587896e-01
6.075558871448835998e+04 8.296896603788633806e-01
6.075558897454905673e+04 1.006764869743120849e+00
6.075558923460975348e+04 6.852893274871107998e-01
6.075558949467044295e+04 9.837341835257766842e-01
6.075558975473113969e+04 7.740966580739463421e-01
6.075559001479183644e+04 7.229670846318098087e-01
6.075559027485253318e+04 8.789028938064804564e-01
6.075559053491322265e+04 9.561325675668506108e-01
6.075559079497391212e+04 1.006507290131318344e+00
6.075559105503460887e+04 6.161578282995725520e-01
6.075559131509530562e+04 1.026466295648277516e+00
6.075559157515600236e+04 5.259913335316728222e-01
6.075559183521669911e+04 8.643445899197533810e-01
6.075559209527738858e+04 9.163050398110610395e-01
6.075559235533808533e+04 9.226766858016581807e-01
6.075559261539877480e+04 7.527504773109717773e-01
6.075559287545946427e+04 8.076253169902584128e-01
6.075559313552016101e+04 8.008115578759750219e-01
6.075559339558085776e+04 1.001882353828329686e+00
6.075559494101491873e+04 8.461393175197379213e-01
6.075559520107561548e+04 1.007795897688903430e+00
6.075559546113631222e+04 1.013539868842018743e+00
6.075559572119700897e+04 9.797544010493809408e-01
6.075559598125769844e+04 1.004290778412003426e+00
6.075559624131839519e+04 8.345149128817360706e-01
6.075559650137908466e+04 8.519965614458568925e-01
6.075559676143977413e+04 6.152158264917791941e-01
6.075559702150047087e+04 6.535421018495082279e-01
6.075559728156116762e+04 1.078289984352482467e+00
6.075559754162186437e+04 9.120759491923452478e-01
6.075559780168256111e+04 1.170513940543883136e+00
6.075559806174325058e+04 6.963336872791037191e-01
6.075559832180394733e+04 9.554981244346165692e-01
6.075559858186464407e+04 1.260649998353351009e+00
6.075559884192533355e+04 8.695477601255383604e-01
6.075559910198603029e+04 1.120723392606250757e+00
6.075559936204671976e+04 1.050680176137905208e+00
6.075559962210741651e+04 7.691355030735076426e-01
6.075559988216811325e+04 1.097535154781273059e+00
6.075560014222880272e+04 9.367063694647833616e-01
6.075560040228950675e+04 7.498394890782484890e-01
6.075560066235019622e+04 8.532812396617319717e-01
6.075560092241089296e+04 9.776599916330646067e-01
6.075560118247158971e+04 8.203170007053587343e-01
6.075560144253227918e+04 7.251616845597311789e-01
6.075560170259296865e+04 9.627698980127178396e-01
6.075560196265366540e+04 8.568283286596765080e-01
6.075560222271436214e+04 9.837042524543884170e-01
6.075560248277505889e+04 1.351945267393958483e+00
6.075560274283574836e+04 1.055237636332349238e+00
6.075560300289644510e+04 9.451507866217013776e-01
6.075560326295714185e+04 8.389724190996323827e-01
6.075560352301783860e+04 7.844010309005429171e-01
6.075560378307853534e+04 9.262558994010666735e-01
6.075560404313922481e+04 9.261291913545572907e-01
6.075560430319992156e+04 9.061332732568212478e-01
6.075560456326061831e+04 9.787391024885326862e-01
6.075560482332130050e+04 1.010259672550895216e+00
6.075560508338199725e+04 1.071246157777161478e+00
6.075560534344269399e+04 9.622574314507498228e-01
6.075560560350339074e+04 6.726241366079469541e-01
6.075560586356408749e+04 6.911959659240979326e-01
6.075560612362477696e+04 9.541559634197106510e-01
6.075560638368547370e+04 1.090773130834653770e+00
6.075560664374617045e+04 1.004772980182562447e+00
6.075560690380686719e+04 9.093389601466077554e-01
6.075560716386756394e+04 6.931522016615596637e-01
6.075560742392825341e+04 7.952980548428755236e-01
6.075560768398895016e+04 8.661527555251873345e-01
6.075560794404964690e+04 8.132900221418577491e-01
6.075560820411032910e+04 8.816398860350396216e-01
6.075560846417102584e+04 8.860790415455975788e-01
6.075560872423172259e+04 8.673300374270985769e-01
6.075560898429241934e+04 1.279719467922354914e+00
6.075560924435311608e+04 9.527277742811075534e-01
6.075560950441380555e+04 9.689532439760514260e-01
6.075560976447450230e+04 9.939792403483278527e-01
6.075561002453519905e+04 8.639943404016900974e-01
6.075561028459589579e+04 9.989676184644541435e-01
6.075561054465659254e+04 8.392594127501998846e-01
6.075561080471728201e+04 6.084981289772256607e-01
6.075561106477797875e+04 7.438676544656331879e-01
6.075561132483867550e+04 9.422553400066595586e-01
6.075561158489937225e+04 8.798846379340142798e-01
6.075561184496006899e+04 9.646239709881286872e-01
6.075561210502075846e+04 8.472468987435984866e-01
6.075561236508144793e+04 7.964052554456150235e-01
6.075561262514214468e+04 1.009862691434681103e+00
6.075561288520283415e+04 1.201260740399934912e+00
6.075561314526353090e+04 9.519516807376948719e-01
6.075561340532422764e+04 8.470300075540241336e-01
6.075561366538492439e+04 1.059701062263311178e+00
6.075561392544562113e+04 9.102050378211038462e-01
6.075561418550631060e+04 1.062092485404506848e+00
6.075561444556700735e+04 7.727331613750418882e-01
6.075561470562770410e+04 9.628481326980516952e-01
6.075561496568840084e+04 8.189976616199946546e-01
6.075561522574909759e+04 6.904216500044814131e-01
6.075561548580978706e+04 9.337992124161395013e-01
6.075561574587048381e+04 8.610620733521988646e-01
6.075561600593118055e+04 6.639196740990479517e-01
6.075561626599187002e+04 1.045125373644416378e+00
6.075561652605256677e+04 8.899411177283647056e-01
6.075561678611326352e+04 9.006678811285894204e-01
6.075561704617396026e+04 8.266065846115978610e-01
6.075561730623465701e+04 8.043120911802569273e-01
6.075561756629534648e+04 4.695648561378217289e-01
6.075561782635604322e+04 8.590479193731741514e-01
6.075561808641673269e+04 8.547712991969628193e-01
6.075561834647742944e+04 1.026567183238271008e+00
6.075561860653812619e+04 9.664808571527426784e-01
6.075561886659881566e+04 8.929180451609830538e-01
6.075561912665951240e+04 6.680085804173453434e-01
6.075561938672020915e+04 6.675830222722245466e-01
6.075561964678089862e+04 8.746075756481933583e-01
6.075561990684160264e+04 1.006895258802387172e+00
6.075562016690229211e+04 9.887298736884669870e-01
6.075562042696298886e+04 7.537288794388170565e-01
6.075562068702368560e+04 1.119362182106224290e+00
6.075562094708437508e+04 9.748586585556573425e-01
6.075562120714507182e+04 7.594255116635930669e-01
6.075562146720576857e+04 9.606195015844304352e-01
6.075562172726646531e+04 1.080656939902557179e+00
6.075562198732716206e+04 9.458952465630785511e-01
6.075562224738785153e+04 9.895575931036842965e-01
6.075562250744854828e+04 8.317215963243335120e-01
6.075562276750924502e+04 9.922603604531646804e-01
6.075562302756994177e+04 8.570311554190599423e-01
6.075562328763063852e+04 8.843969655143493203e-01
6.075562490904599690e+04 1.245940201754776044e+00
6.075562516909990518e+04 9.808285043932755132e-01
6.075562542915379890e+04 9.067869200778581051e-01
6.075562568920769263e+04 9.835857316662240946e-01
6.075562594926160091e+04 8.957902665570993683e-01
6.075562620931549463e+04 9.641474128258674670e-01
6.075562646936939564e+04 9.270771441310196037e-01
6.075562672942329664e+04 1.144239605518055924e+00
6.075562698947719036e+04 8.833476809246384454e-01
6.075562724953109864e+04 7.601574648267978018e-01
6.075562750958499237e+04 8.959130185655008738e-01
6.075562776963889337e+04 8.780526006626369062e-01
6.075562802969280165e+04 1.101614371500545086e+00
6.075562828974669537e+04 9.112728792700193203e-01
6.075562854980059637e+04 6.597658192936505239e-01
6.075562880985449738e+04 7.100808491516765741e-01
6.075562906990839110e+04 7.629037055437551951e-01
6.075562932996229938e+04 9.899993025270038549e-01
6.075562959001619311e+04 8.446961772169094829e-01
6.075562985007009411e+04 7.482835443921220797e-01
6.075563011012399511e+04 9.757801693099544815e-01
6.075563037017788884e+04 6.931670434006671488e-01
6.075563063023179711e+04 1.110095815881761538e+00
6.075563089028569084e+04 1.004094932805922102e+00
6.075563115033958456e+04 1.046765727439893823e+00
6.075563141039349284e+04 8.960700994193717683e-01
6.075563167044738657e+04 6.648750453606047106e-01
6.075563193050128757e+04 7.655277840482038743e-01
6.075563219055518857e+04 7.628906062283703493e-01
6.075563245060908230e+04 9.917797935517208563e-01
6.075563271066299058e+04 8.614164532591772616e-01
6.075563297071688430e+04 9.268224906135130725e-01
6.075563323077078530e+04 1.151284352711387626e+00
6.075563349082468631e+04 1.121163608621968288e+00
6.075563375087858003e+04 1.080039866288953876e+00
6.075563401093248831e+04 7.559776305646286332e-01
6.075563427098638203e+04 9.596886885667761380e-01
6.075563453104027576e+04 9.010920908880555302e-01
6.075563479109418404e+04 1.000386908681490050e+00
6.075563505114807776e+04 8.526294078738008153e-01
6.075563531120197877e+04 7.571493426089469514e-01
6.075563557125588704e+04 1.062665200109706110e+00
6.075563583130978077e+04 9.298926062911694324e-01
6.075563609136368905e+04 9.222596270568362842e-01
6.075563635141758277e+04 1.009426408393691910e+00
6.075563661147148377e+04 1.012233329093559231e+00
6.075563687152538478e+04 9.881195900784723873e-01
6.075563713157927850e+04 7.872655375683187406e-01
6.075563739163318678e+04 5.960311792153510924e-01
6.075563765168708051e+04 8.347238737671835995e-01
6.075563791174097423e+04 6.328224119776515444e-01
6.075563817179488251e+04 7.945573002015757780e-01
6.075563843184877624e+04 8.398826908948748837e-01
6.075563869190267724e+04 9.342412145428541370e-01
6.075563895195657824e+04 5.540956381644039919e-01
6.075563921201047197e+04 6.012228381879938244e-01
6.075563947206438024e+04 7.829132036804244965e-01
6.075563973211827397e+04 7.579051822278812800e-01
6.075563999217217497e+04 9.768625805857038547e-01
6.075564025222608325e+04 7.517663440420339072e-01
6.075564051227997697e+04 1.064385770915804441e+00
6.075564077233388525e+04 6.922403002197974331e-01
6.075564103238777898e+04 9.342533581695922074e-01
6.075564129244167270e+04 9.841714631258084989e-01
6.075564155249558098e+04 9.417006602264043069e-01
6.075564181254947471e+04 1.006554275548519284e+00
6.075564207260337571e+04 8.209740476806317577e-01
6.075564233265727671e+04 8.634383604629494169e-01
6.075564259271117044e+04 1.009702529206477850e+00
6.075564285276507871e+04 8.922312623948041033e-01
6.075564311281897244e+04 9.750085974706164116e-01
6.075564337287286617e+04 1.006655983277692457e+00
6.075564363292677444e+04 9.100589535487572102e-01
6.075564389298066817e+04 7.460086798344433001e-01
6.075564415303458372e+04 8.860957828556933480e-01
6.075564441308847745e+04 1.058772136087784643e+00
6.075564467314237118e+04 1.262628360127926452e+00
6.075564493319627945e+04 1.045806789055980346e+00
6.075564519325017318e+04 6.840334500854698963e-01
6.075564545330407418e+04 8.817750901029074440e-01
6.075564571335797518e+04 8.807223755574674628e-01
6.075564597341186891e+04 1.200705119068450122e+00
6.075564623346577719e+04 1.069761995349107764e+00
6.075564649351967091e+04 9.594378952026816343e-01
6.075564675357356464e+04 6.625488946970522486e-01
6.075564701362747292e+04 1.001429086494688425e+00
6.075564727368136664e+04 7.488075836215274395e-01
6.075564753373527492e+04 8.158516784888595330e-01
6.075564779378917592e+04 7.429594160733548058e-01
6.075564805384306965e+04 7.993944791886494761e-01
6.075564831389697792e+04 9.163729350917318994e-01
6.075564857395087165e+04 1.047905050163628893e+00
6.075564883400477265e+04 7.138441660594154747e-01
6.075564909405867365e+04 6.750846819406903787e-01
6.075564935411256738e+04 8.185731639536196758e-01
6.075564961416647566e+04 1.026013948132699305e+00
6.075564987422036938e+04 8.018018756595856056e-01
6.075565013427426311e+04 1.218752317708724275e+00
6.075565039432817866e+04 9.806006930278873268e-01
6.075565065438207239e+04 9.520948216253533047e-01
6.075565091443597339e+04 8.551771486615076245e-01
6.075565117448987439e+04 5.727768630751477463e-01
6.075565143454376812e+04 1.021999884716778606e+00
6.075565169459767640e+04 6.637720643639861695e-01
6.075565195465157012e+04 9.455353781401681923e-01
6.075565221470547112e+04 9.904505294665081339e-01
6.075565247475937213e+04 1.204248166232750883e+00
6.075565273481326585e+04 9.679687334077098360e-01
6.075565299486718141e+04 1.162026116006485088e+00
6.075565325492107513e+04 9.558673898154514958e-01
6.075565492676799477e+04 1.128453577840095923e+00
6.075565518682868424e+04 6.567328399885141721e-01
6.075565544688938098e+04 6.799209525199264581e-01
6.075565570695007773e+04 1.104870316519157569e+00
6.075565596701077448e+04 8.975915017941661356e-01
6.075565622707147122e+04 7.378190187793514099e-01
6.075565648713216069e+04 8.982058092227893642e-01
6.075565674719285744e+04 6.721456843376406587e-01
6.075565700725356146e+04 8.654197517519479632e-01
6.075565726731425821e+04 9.378181680925491426e-01
6.075565752737495495e+04 7.284314770337372291e-01
6.075565778743564442e+04 7.362701144694184796e-01
6.075565804749634117e+04 8.161628739194750626e-01
6.075565830755703792e+04 1.236673126536606437e+00
6.075565856761772739e+04 9.500566122060438712e-01
6.075565882767842413e+04 1.183721270161226080e+00
6.075565908773912088e+04 8.261767107965924950e-01
6.075565934779981762e+04 6.677680835046408969e-01
6.075565960786051437e+04 1.070080126527893638e+00
6.075565986792121112e+04 9.749474466179063326e-01
6.075566012798190786e+04 1.040864029975050897e+00
6.075566038804260461e+04 9.128689660170540288e-01
6.075566064810330136e+04 1.017886632723643991e+00
6.075566090816399810e+04 9.053909159944679708e-01
6.075566116822468757e+04 9.485394363692637443e-01
6.075566142828538432e+04 1.028487711355801304e+00
6.075566168834608106e+04 1.095182859607957582e+00
6.075566194840677781e+04 9.771904234556995084e-01
6.075566220846748183e+04 1.038793718122736909e+00
6.075566246852817130e+04 1.019659495133364402e+00
6.075566272858886805e+04 1.046191661584261023e+00
6.075566298864956480e+04 8.071767806816816382e-01
6.075566324871025427e+04 8.871098238175600947e-01
6.075566350877095101e+04 7.525560828662782864e-01
6.075566376883164776e+04 9.313180832079789306e-01
6.075566402889234450e+04 1.214218473849414393e+00
6.075566428895304125e+04 9.556326644622649136e-01
6.075566454901373800e+04 1.159450943439000348e+00
6.075566480907443474e+04 9.662470346953810907e-01
6.075566506913513149e+04 8.718506513573797134e-01
6.075566532919582824e+04 8.852088119476206884e-01
6.075566558925652498e+04 9.738470738418205652e-01
6.075566584931721445e+04 8.735274916865914951e-01
6.075566610937791120e+04 9.173153967377706275e-01
6.075566636943860794e+04 9.442363624318363957e-01
6.075566662949930469e+04 8.585049057328085764e-01
6.075566688956000144e+04 1.170046219761248896e+00
6.075566714962069818e+04 1.010475078861807541e+00
6.075566740968139493e+04 8.164829712490335734e-01
6.075566766974209168e+04 9.247499059204062899e-01
6.075566792980278115e+04 8.875899960889324092e-01
6.075566818986347789e+04 8.895724016166879355e-01
6.075566844992417464e+04 8.864614799373116139e-01
6.075566870998487866e+04 9.746555003821961716e-01
6.075566897004557541e+04 1.090439485375418904e+00
6.075566923010626488e+04 9.534083179413165299e-01
6.075566949016696162e+04 9.851792752754360283e-01
6.075566975022765837e+04 1.134357584824786214e+00
6.075567001028834784e+04 1.027563919625321232e+00
6.075567027034905186e+04 7.865496703476266838e-01
6.075567053040974133e+04 9.287213969034749939e-01
6.075567079047044535e+04 9.651653225372450740e-01
6.075567105053114210e+04 9.135632512530140747e-01
6.075567131059183157e+04 8.983469740257381542e-01
6.075567157065252832e+04 7.188920231444153597e-01
6.075567183071322506e+04 9.383148677929553649e-01
6.075567209077392181e+04 9.579583306367468465e-01
6.075567235083461856e+04 9.616979610014927404e-01
6.075567261089531530e+04 1.091868613780694997e+00
6.075567287095601205e+04 8.964275797817189417e-01
6.075567313101670879e+04 1.058526441590382339e+00
6.075567339107740554e+04 1.264525533557319337e+00
6.075567365113810229e+04 6.534322910094328973e-01
6.075567391119879176e+04 7.281847016723118626e-01
6.075567417125948850e+04 7.055120360485859221e-01
6.075567443132019253e+04 8.567133785141073377e-01
6.075567469138088200e+04 1.004179579333549066e+00
6.075567495144157874e+04 9.589418698622300674e-01
6.075567521150227549e+04 1.011332759020238115e+00
6.075567547156297223e+04 1.214106605807303119e+00
6.075567573162366898e+04 1.188789644922697120e+00
6.075567599168436573e+04 9.101629973910095872e-01
6.075567625174506247e+04 8.098186594131213667e-01
6.075567651180575922e+04 9.368963777670838988e-01
6.075567677186645597e+04 1.149105271663622307e+00
6.075567703192715271e+04 9.677420290064754349e-01
6.075567729198784218e+04 1.181247224410557184e+00
6.075567755204853893e+04 9.457185749209917613e-01
6.075567781210924295e+04 1.157680737420836437e+00
6.075567807216993242e+04 9.799012751810893818e-01
6.075567833223062917e+04 8.673665868394855316e-01
6.075567859229132591e+04 8.557543531991114172e-01
6.075567885235202266e+04 8.524336297195777012e-01
6.075567911241271941e+04 8.676130375851088816e-01
6.075567937247341615e+04 7.912346105158201137e-01
6.075567963253411290e+04 9.614006962769917619e-01
6.075567989259480964e+04 9.455175341610705386e-01
6.075568015265550639e+04 1.023878300661464236e+00
6.075568041271620314e+04 8.593254503086952267e-01
6.075568067277689261e+04 1.176321111642231854e+00
6.075568093283759663e+04 9.043743119725767832e-01
6.075568119289829338e+04 8.307266048298203032e-01
6.075568145295898285e+04 9.613861268087862122e-01
6.075568171301968687e+04 8.053105047779677284e-01
6.075568197308037634e+04 6.446407795014386100e-01
6.075568223314107308e+04 8.263131893341960632e-01
6.075568249320177711e+04 1.042671554360393715e+00
6.075568275326246658e+04 1.023599760377006618e+00
6.075568301332316332e+04 7.899024829679740511e-01
6.075568327338386007e+04 7.438408473302690060e-01
6.075568483179301256e+04 8.552273075015278669e-01
6.075568509184680443e+04 8.236593364438421494e-01
6.075568535190059629e+04 9.198259517379069328e-01
6.075568561195438815e+04 1.037343154187427841e+00
6.075568587200818729e+04 8.585500502589544780e-01
6.075568613206199370e+04 9.573671176911433545e-01
6.075568639211578557e+04 9.563469363644726551e-01
6.075568665216957743e+04 1.115654680217760042e+00
6.075568691222336929e+04 8.774193844290651967e-01
6.075568717227716115e+04 1.158011001387134087e+00
6.075568743233096029e+04 9.642834934920022638e-01
6.075568769238475215e+04 1.207203258614497399e+00
6.075568795243854402e+04 1.033039147748753495e+00
6.075568821249233588e+04 1.021554351814360606e+00
6.075568847254613502e+04 8.419011472049896527e-01
6.075568873259992688e+04 9.551734428595605175e-01
6.075568899265372602e+04 8.328667455820688570e-01
6.075568925270752516e+04 9.917996577055726570e-01
6.075568951276131702e+04 8.687106236088351086e-01
6.075568977281511616e+04 8.843682130700939448e-01
6.075569003286890802e+04 9.427289159357520321e-01
6.075569029292269988e+04 8.740534871295271291e-01
6.075569055297649174e+04 9.635615783733985085e-01
6.075569081303029088e+04 1.095898731888751421e+00
6.075569107308408275e+04 1.083729737903524448e+00
6.075569133313787461e+04 1.023944611180241715e+00
6.075569159319166647e+04 9.984162181938410763e-01
6.075569185324547288e+04 8.421316463219291615e-01
6.075569211329927202e+04 1.097177517962431237e+00
6.075569237335306389e+04 1.129701398928128153e+00
6.075569263340685575e+04 1.144425391564062533e+00
6.075569289346064761e+04 9.965910733898164509e-01
6.075569315351444675e+04 8.934496657506041384e-01
6.075569341356823861e+04 8.084045442073305443e-01
6.075569367362203047e+04 6.750344966151192727e-01
6.075569393367582234e+04 1.022235872016763691e+00
6.075569419372962147e+04 1.094598653319940995e+00
6.075569445378341334e+04 1.172937848252418869e+00
6.075569471383720520e+04 7.609172975314626441e-01
6.075569497389100434e+04 1.078302586856110912e+00
6.075569523394481075e+04 9.845655681194097619e-01
6.075569549399860261e+04 1.105455699118432333e+00
6.075569575405239448e+04 7.035606931502407235e-01
6.075569601410618634e+04 8.954843686362397026e-01
6.075569627415998548e+04 1.006315562039240552e+00
6.075569653421377734e+04 9.500367831235603244e-01
6.075569679426756920e+04 1.056085081450472529e+00
6.075569705432136107e+04 1.015807507717488622e+00
6.075569731437516020e+04 1.108484112695053314e+00
6.075569757442895207e+04 9.931179515267062330e-01
6.075569783448274393e+04 9.219971316281795337e-01
6.075569809453654307e+04 9.494096088566752467e-01
6.075569835459034948e+04 1.047376789322224333e+00
6.075569861464414134e+04 8.603629583410155046e-01
6.075569887469793321e+04 9.575068935070626397e-01
6.075569913475172507e+04 1.086790063808337425e+00
6.075569939480552421e+04 8.859434292385183207e-01
6.075569965485931607e+04 9.874206656102265667e-01
6.075569991491310793e+04 8.564049206207140497e-01
6.075570017496689979e+04 9.148786181402496220e-01
6.075570043502069893e+04 9.752332768693041665e-01
6.075570069507449080e+04 9.443219215643697817e-01
6.075570095512828993e+04 8.443822372259125464e-01
6.075570121518208907e+04 7.402249490594219328e-01
6.075570147523588821e+04 8.097668187607686141e-01
6.075570173528968007e+04 9.114491864962448453e-01
6.075570199534347194e+04 7.974931492039747383e-01
6.075570225539727107e+04 8.331295045908897468e-01
6.075570251545106294e+04 1.063469697735284658e+00
6.075570277550485480e+04 8.565869427299960259e-01
6.075570303555864666e+04 9.602136825477114446e-01
6.075570329561244580e+04 9.368540400121746492e-01
6.075570355566623766e+04 8.809868965025460241e-01
6.075570381572002952e+04 9.311175400686592107e-01
6.075570407577382866e+04 8.477566469920150283e-01
6.075570433582763508e+04 1.045094592428114755e+00
6.075570459588142694e+04 7.696793850678085303e-01
6.075570485593521880e+04 1.064484817153544816e+00
6.075570511598901066e+04 8.135188797947401351e-01
6.075570537604280980e+04 1.009369677693602085e+00
6.075570563609660167e+04 1.179403357303347999e+00
6.075570589615039353e+04 8.700594792239021436e-01
6.075570615620419267e+04 9.113788195866211472e-01
6.075570641625798453e+04 8.705099629676728012e-01
6.075570667631177639e+04 8.239813451541226907e-01
6.075570693636557553e+04 7.343780326975225536e-01
6.075570719641938194e+04 8.128944860404327954e-01
6.075570745647317381e+04 8.918004209310638197e-01
6.075570771652696567e+04 9.205047853272004810e-01
6.075570797658076481e+04 9.849749337901254620e-01
6.075570823663455667e+04 9.766536437157476991e-01
6.075570849668834853e+04 1.119842791498501855e+00
6.075570875674214039e+04 9.933443304002507190e-01
6.075570901679593953e+04 8.672072915686608319e-01
6.075570927684973140e+04 9.374202948404823932e-01
6.075570953690352326e+04 9.892606827142172987e-01
6.075570979695732240e+04 8.909498444866171818e-01
6.075571005701112153e+04 8.721385498187583796e-01
6.075571031706492067e+04 9.845975857372096796e-01
6.075571057711871254e+04 1.057387998564039089e+00
6.075571083717251167e+04 1.106895172661361837e+00
6.075571109722630354e+04 7.397772783621681114e-01
6.075571135728009540e+04 8.215343529219518715e-01
6.075571161733389454e+04 9.004260681071044603e-01
6.075571187738768640e+04 1.025093188931573307e+00
6.075571213744147826e+04 1.047185426123020013e+00
6.075571239749527740e+04 1.050119890546253654e+00
6.075571265754906926e+04 9.244481068871890361e-01
6.075571291760286840e+04 1.051952700713433275e+00
6.075571317765666754e+04 9.361265957053108711e-01
6.075571474868715450e+04 9.250924192191043449e-01
6.075571500874785124e+04 1.065244493153257199e+00
6.075571526880854799e+04 1.039397732882774150e+00
6.075571552886924474e+04 9.800919704990643799e-01
6.075571578892994148e+04 1.102774357978136166e+00
6.075571604899063823e+04 1.150084126827093822e+00
6.075571630905133497e+04 9.048971374123305766e-01
6.075571656911203172e+04 1.146820238563044159e+00
6.075571682917273574e+04 9.638428645404524264e-01
6.075571708923342521e+04 8.967771664555341804e-01
6.075571734929412196e+04 1.023259028460169251e+00
6.075571760935482598e+04 6.849231911928046479e-01
6.075571786941552273e+04 8.195680649469631041e-01
6.075571812947621947e+04 1.080551723709553880e+00
6.075571838953690894e+04 9.084671868050931964e-01
6.075571864959761297e+04 8.891418606977971040e-01
6.075571890965830971e+04 1.024889144252473461e+00
6.075571916971899918e+04 8.307143287767952966e-01
6.075571942977970320e+04 1.058796714883375678e+00
6.075571968984039995e+04 1.078795804782904266e+00
6.075571994990109670e+04 1.070160007165154470e+00
6.075572020996180072e+04 1.037396384623070267e+00
6.075572047002249019e+04 1.114551769826400474e+00
6.075572073008318694e+04 9.469589306771570847e-01
6.075572099014388368e+04 7.969342941151769111e-01
6.075572125020458770e+04 9.993555036901906607e-01
6.075572151026528445e+04 1.022984973907122175e+00
6.075572177032597392e+04 1.079221700735767175e+00
6.075572203038667794e+04 1.109843124131541181e+00
6.075572229044737469e+04 9.947961937266054377e-01
6.075572255050806416e+04 1.115843080863139658e+00
6.075572281056877546e+04 8.545500262029325222e-01
6.075572307062946493e+04 1.219519793082722403e+00
6.075572333069016167e+04 1.036295072157344288e+00
6.075572359075086570e+04 1.054370042287181786e+00
6.075572385081155517e+04 1.106093076062237390e+00
6.075572411087225191e+04 6.357485840835154223e-01
6.075572437093294866e+04 1.085243019679075882e+00
6.075572463099365268e+04 1.183068356666248988e+00
6.075572489105434943e+04 1.067877381287792637e+00
6.075572515111503890e+04 1.176089766994476538e+00
6.075572541117574292e+04 6.746099597166652639e-01
6.075572567123643967e+04 1.117398793783409783e+00
6.075572593129713641e+04 1.079834076470641113e+00
6.075572619135784043e+04 8.348454861894599732e-01
6.075572645141852990e+04 7.286242895220327309e-01
6.075572671147922665e+04 6.306476863412942002e-01
6.075572697153993067e+04 1.032077407159184279e+00
6.075572723160062014e+04 8.618811416762001132e-01
6.075572749166131689e+04 1.037356459302644973e+00
6.075572775172202091e+04 8.216604627583095066e-01
6.075572801178271766e+04 1.158740666549314291e+00
6.075572827184341440e+04 1.030774031989023509e+00
6.075572853190411115e+04 7.762197019514288643e-01
6.075572879196480790e+04 9.682031886885431593e-01
6.075572905202550464e+04 9.141904595597225569e-01
6.075572931208620867e+04 8.993955125293696673e-01
6.075572957214690541e+04 7.705210118113254847e-01
6.075572983220759488e+04 9.556223413581250714e-01
6.075573009226829890e+04 7.059333802806626590e-01
6.075573035232899565e+04 6.434263284183118214e-01
6.075573061238968512e+04 9.912217076098247537e-01
6.075573087245038914e+04 1.170265067755406507e+00
6.075573113251108589e+04 1.166774812342624257e+00
6.075573139257178264e+04 1.022665308985954091e+00
6.075573165263248666e+04 8.716872558632420276e-01
6.075573191269317613e+04 8.599541038827273054e-01
6.075573217275387287e+04 1.150331139943619352e+00
6.075573243281457690e+04 1.196276775262258951e+00
6.075573269287527364e+04 8.331190829317550728e-01
6.075573295293597039e+04 9.964995720553682101e-01
6.075573321299666713e+04 1.243071473472280308e+00
6.075573347305736388e+04 9.220963634375515250e-01
6.075573373311806063e+04 1.056226104953025713e+00
6.075573399317875737e+04 1.006870129333834241e+00
6.075573425323946140e+04 7.450144225393484643e-01
6.075573451330015087e+04 9.169015147163136481e-01
6.075573477336085489e+04 1.000254863180132903e+00
6.075573503342155163e+04 9.215422161565278714e-01
6.075573529348224110e+04 8.089743345534644581e-01
6.075573555354294513e+04 1.064843287871522159e+00
6.075573581360364187e+04 1.237407348478819502e+00
6.075573607366434589e+04 1.039221563904677570e+00
6.075573633372504264e+04 1.115955484949934018e+00
6.075573659378573211e+04 9.374040565249802670e-01
6.075573685384643613e+04 1.100497252376761992e+00
6.075573711390713288e+04 1.217279499254321884e+00
6.075573737396782963e+04 1.526980068400489277e+00
6.075573763402853365e+04 1.186658924552620675e+00
6.075573789408922312e+04 1.023133791031330064e+00
6.075573815414991986e+04 9.821545526063752973e-01
6.075573841421062389e+04 1.156126941644956663e+00
6.075573867427131336e+04 1.001375119390661927e+00
6.075573893433201010e+04 9.064881340192075809e-01
6.075573919439271413e+04 9.066596904877349816e-01
6.075573945445341087e+04 1.074577287435073636e+00
6.075573971451411489e+04 1.065097691135472147e+00
6.075573997457480436e+04 1.034581882027411082e+00
6.075574023463550111e+04 9.338658650386937321e-01
6.075574049469620513e+04 1.072996322710754402e+00
6.075574075475690188e+04 1.186075578161574606e+00
6.075574101481759863e+04 1.029487732629425167e+00
6.075574127487829537e+04 9.779924021648023214e-01
6.075574153493899212e+04 1.168674824353516550e+00
6.075574179499969614e+04 1.094854227186587980e+00
6.075574205506038561e+04 1.231611362055615277e+00
6.075574231512108236e+04 1.129082087090150788e+00
6.075574257518178638e+04 9.438385718671560287e-01
6.075574283524248312e+04 1.206911232208413898e+00
6.075574309530317987e+04 9.435664822877113389e-01
6.075574483016229351e+04 7.635248356338983911e-01
6.075574509021608537e+04 1.204966720308920269e+00
6.075574535026989179e+04 1.071442023796560949e+00
6.075574561032369093e+04 9.848094954480351992e-01
6.075574587037748279e+04 1.126220926070879980e+00
6.075574613043128193e+04 1.130841862922459251e+00
6.075574639048507379e+04 1.021315503657070245e+00
6.075574665053887293e+04 8.527612699992311862e-01
6.075574691059266479e+04 9.023806512974307248e-01
6.075574717064645665e+04 9.754020342059327442e-01
6.075574743070025579e+04 6.694149941411070559e-01
6.075574769075404765e+04 8.516245031678814081e-01
6.075574795080784679e+04 8.093421533952742664e-01
6.075574821086163865e+04 7.988279894276968385e-01
6.075574847091544507e+04 9.661680344832133116e-01
6.075574873096924421e+04 7.806726273394239968e-01
6.075574899102303607e+04 1.203782232516085182e+00
6.075574925107683521e+04 1.342258954616200262e+00
6.075574951113062707e+04 1.254799639665406863e+00
6.075574977118442621e+04 1.070100142216397376e+00
6.075575003123821807e+04 1.120878179623688187e+00
6.075575029129201721e+04 1.346243343774786494e+00
6.075575055134580907e+04 1.211103693011499116e+00
6.075575081139960093e+04 1.013139590207996266e+00
6.075575107145340007e+04 1.136000609957453999e+00
6.075575133150719921e+04 1.042321104320721892e+00
6.075575159156100563e+04 1.095288041992949601e+00
6.075575185161479749e+04 1.010288956735899468e+00
6.075575211166859663e+04 9.978290935156663988e-01
6.075575237172238849e+04 9.232792503504384518e-01
6.075575263177618035e+04 1.247719031796015843e+00
6.075575289182997949e+04 9.488042473720388337e-01
6.075575315188377135e+04 9.048495017825498588e-01
6.075575341193757049e+04 9.048142608766593931e-01
6.075575367199136235e+04 1.218184296165785829e+00
6.075575393204516149e+04 1.025364722966515929e+00
6.075575419209895335e+04 8.447362485939053922e-01
6.075575445215275249e+04 1.018922119912390567e+00
6.075575471220655891e+04 1.074438833797510817e+00
6.075575497226035077e+04 7.698216057105070620e-01
6.075575523231414991e+04 1.156639946252366880e+00
6.075575549236794177e+04 9.374560211689724198e-01
6.075575575242174091e+04 1.005123582356399536e+00
6.075575601247553277e+04 1.316290825590495484e+00
6.075575627252933191e+04 1.107738313534566199e+00
6.075575653258312377e+04 1.140862025973539806e+00
6.075575679263691563e+04 8.813156385399777415e-01
6.075575705269071477e+04 1.122529170539819265e+00
6.075575731274451391e+04 7.684663303150570668e-01
6.075575757279832033e+04 1.196375391084377515e+00
6.075575783285211219e+04 9.997632259787766484e-01
6.075575809290591133e+04 8.462962593071051698e-01
6.075575835295970319e+04 1.211795644070724709e+00
6.075575861301350233e+04 1.224966683887414476e+00
6.075575887306729419e+04 1.192118507365607316e+00
6.075575913312109333e+04 1.000786226562631276e+00
6.075575939317488519e+04 1.034977749430627147e+00
6.075575965322867705e+04 1.056372628838041949e+00
6.075575991328247619e+04 1.292987328553497406e+00
6.075576017333626805e+04 1.080118704258243634e+00
6.075576043339007447e+04 1.201316554806837633e+00
6.075576069344387361e+04 1.240117545225614348e+00
6.075576095349767274e+04 9.442542750810491992e-01
6.075576121355146461e+04 9.527163853659050829e-01
6.075576147360526375e+04 1.163208492469782307e+00
6.075576173365905561e+04 1.373072429432139252e+00
6.075576199371285475e+04 1.066781228661298986e+00
6.075576225376664661e+04 1.076633168233523508e+00
6.075576251382044575e+04 9.731027016097245630e-01
6.075576277387423761e+04 1.023862575511348183e+00
6.075576303392802947e+04 1.012025133044619940e+00
6.075576329398183589e+04 9.579245622141687733e-01
6.075576355403563502e+04 8.133068060606702954e-01
6.075576381408943416e+04 1.189987764392044678e+00
6.075576407414322603e+04 1.038498470293524933e+00
6.075576433419702516e+04 9.887315431719126968e-01
6.075576459425081703e+04 1.370223030021053834e+00
6.075576485430461616e+04 8.937197449358543766e-01
6.075576511435840803e+04 9.569673756386366525e-01
6.075576537441220717e+04 9.631610156615566520e-01
6.075576563446599903e+04 8.684126533548994775e-01
6.075576589451979817e+04 1.172255311013082002e+00
6.075576615457359003e+04 1.014459949934615635e+00
6.075576641462739644e+04 1.190623877395797559e+00
6.075576667468119558e+04 1.045651121335702260e+00
6.075576693473499472e+04 9.467439982136593990e-01
6.075576719478878658e+04 9.315881836171302499e-01
6.075576745484258572e+04 1.197073793547835274e+00
6.075576771489637758e+04 9.843028390431697305e-01
6.075576797495017672e+04 1.201693345422383485e+00
6.075576823500396858e+04 1.050368264505998406e+00
6.075576849505776045e+04 1.199847443030972238e+00
6.075576875511155959e+04 9.379273118877320403e-01
6.075576901516535145e+04 1.058573772153524217e+00
6.075576927521915786e+04 1.155511716807141154e+00
6.075576953527295700e+04 1.024069396903747542e+00
6.075576979532675614e+04 9.848991338490094005e-01
6.075577005538054800e+04 9.395562544584363796e-01
6.075577031543434714e+04 1.150691393748153324e+00
6.075577057548813900e+04 1.116093273474307868e+00
6.075577083554193814e+04 1.068001523459789270e+00
6.075577109559573000e+04 1.142537945690349499e+00
6.075577135564952914e+04 1.161066334667125277e+00
6.075577161570332100e+04 1.202893338414879887e+00
6.075577187575712014e+04 1.506153103118268888e+00
6.075577213581091200e+04 1.195518145031758461e+00
6.075577239586471842e+04 1.050469071362081230e+00
6.075577265591851756e+04 1.058177862348421483e+00
6.075577291597231670e+04 1.038516343070365000e+00
6.075577317602610856e+04 1.046638227536238475e+00
