6.075547523418369383e+04 1.022776503824585737e+00
6.075547549424438330e+04 9.438181409729911042e-01
6.075547575430508005e+04 9.610951532714190337e-01
6.075547601436576224e+04 9.411441802382608524e-01
6.075547627442645899e+04 1.053501783808764580e+00
6.075547653448714846e+04 1.012524344161499945e+00
6.075547679454784520e+04 1.052701006950972351e+00
6.075547705460853467e+04 1.030437310245520433e+00
6.075547731466922414e+04 1.007277143881255999e+00
6.075547757472991361e+04 1.024311392798483267e+00
6.075547783479061036e+04 1.049990906303897020e+00
6.075547809485129255e+04 9.360272798187210253e-01
6.075547835491198930e+04 1.044593317116608633e+00
6.075547861497267877e+04 1.040416489031875225e+00
6.075547887503337552e+04 1.090182474786346667e+00
6.075547913509406499e+04 1.012851445557524599e+00
6.075547939515475446e+04 1.015956599282060502e+00
6.075547965521544393e+04 1.014202280813282897e+00
6.075547991527614067e+04 1.059549981911132921e+00
6.075548017533683014e+04 1.001193040437683202e+00
6.075548043539752689e+04 9.976719457530240920e-01
6.075548069545820908e+04 9.918606908300120484e-01
6.075548095551890583e+04 1.034825906526620987e+00
6.075548121557959530e+04 9.283307579079476124e-01
6.075548147564028477e+04 1.034745966497622183e+00
6.075548173570098152e+04 9.455587029365113416e-01
6.075548199576167099e+04 9.961792219598099019e-01
6.075548225582236773e+04 9.881009601727041014e-01
6.075548251588305720e+04 1.006663950262347340e+00
6.075548277594374667e+04 1.036084253345602058e+00
6.075548303600443614e+04 1.025057974877170652e+00
6.075548329606513289e+04 9.834623345212573087e-01
6.075548355612582236e+04 1.017188416191621814e+00
6.075548381618651911e+04 1.018470284848157714e+00
6.075548407624720130e+04 9.613088176635946613e-01
6.075548433630789805e+04 8.954327503059013038e-01
6.075548459636858752e+04 9.367939443426538393e-01
6.075548485642928426e+04 1.016692964086059359e+00
6.075548511648997373e+04 9.854159279273054795e-01
6.075548537655066320e+04 1.069046342493950030e+00
6.075548563661135267e+04 9.972938718461905605e-01
6.075548589667204942e+04 1.047367659305443288e+00
6.075548615673273162e+04 1.025862572965558828e+00
6.075548641679342836e+04 9.895114576400313444e-01
6.075548667685411783e+04 9.887549333955861774e-01
6.075548693691481458e+04 1.038577257832676404e+00
6.075548719697551132e+04 1.029276461361896766e+00
6.075548745703619352e+04 9.506978735374098655e-01
6.075548771709689026e+04 9.700297352754270186e-01
6.075548797715757973e+04 9.886224116229218595e-01
6.075548823721827648e+04 9.757313149495623339e-01
6.075548849727896595e+04 9.546284404120292111e-01
6.075548875733965542e+04 9.099740506445446186e-01
6.075548901740034489e+04 9.779872936688315255e-01
6.075548927746104164e+04 9.476937109975679396e-01
6.075548953752172383e+04 9.762663381769537407e-01
6.075548979758242058e+04 1.072060145911809537e+00
6.075549005764311732e+04 1.004831758234649763e+00
6.075549031770380680e+04 1.009323918928569208e+00
6.075549057776450354e+04 9.878861312327670285e-01
6.075549083782518574e+04 1.002339380796564150e+00
6.075549109788588248e+04 1.004299918856145002e+00
6.075549135794657195e+04 9.632628926681193748e-01
6.075549161800726870e+04 1.039392229797049039e+00
6.075549187806795817e+04 1.021105790402213609e+00
6.075549213812864764e+04 1.017263570917765092e+00
6.075549239818933711e+04 1.036465960739881620e+00
6.075549265825003386e+04 1.014052858835954307e+00
6.075549291831072333e+04 1.051003365684443525e+00
6.075549317837142007e+04 9.647222830938062543e-01
6.075549343843210954e+04 9.879310636707597792e-01
6.075549369849279901e+04 1.050271192365810569e+00
6.075549395855349576e+04 1.066335606846544826e+00
6.075549421861417795e+04 1.041281908261004086e+00
6.075549447867487470e+04 9.975113095413931097e-01
6.075549473873556417e+04 1.020086083524308629e+00
6.075549499879626092e+04 1.003030653701997066e+00
6.075549525885695766e+04 1.032261586527017272e+00
6.075549551891763986e+04 1.041678144309835075e+00
6.075549577897833660e+04 9.403420697651082572e-01
6.075549603903902607e+04 9.773762666287794110e-01
6.075549629909972282e+04 1.083719328906783685e+00
6.075549655916041229e+04 9.798453501586522618e-01
6.075549681922110176e+04 1.098724607903470485e+00
6.075549707928179851e+04 1.037289631614823460e+00
6.075549733934248798e+04 1.004713551012875072e+00
6.075549759940317745e+04 9.681921386337596358e-01
6.075549785946386692e+04 1.042526861085690149e+00
6.075549811952456366e+04 1.007770050765456116e+00
6.075549837958525313e+04 9.687894087444739455e-01
6.075549863964594988e+04 9.908831967590083778e-01
6.075549889970663935e+04 9.844704818980856142e-01
6.075549915976732882e+04 1.020009001362268020e+00
6.075549941982802557e+04 1.010104388593827007e+00
6.075549967988871504e+04 9.261489227322189377e-01
6.075549993994941178e+04 9.981585894657269975e-01
6.075550020001009398e+04 1.051684678752304869e+00
6.075550046007079072e+04 1.003748123969203876e+00
6.075550072013148747e+04 1.066556389345717282e+00
6.075550098019216966e+04 9.915199021537416391e-01
6.075550124025286641e+04 1.007915666367663388e+00
6.075550150031355588e+04 1.066554067304665399e+00
6.075550176037425263e+04 9.953625233457656929e-01
6.075550202043494210e+04 1.089578305892892729e+00
6.075550228049563157e+04 9.046593445023322078e-01
6.075550254055632831e+04 1.042303055916367294e+00
6.075550280061701778e+04 9.714254961008961242e-01
6.075550306067771453e+04 9.553136444872891708e-01
6.075550332073840400e+04 9.708488004327783250e-01
6.075550358079909347e+04 9.824743189054164771e-01
6.075550513883041276e+04 1.008843112908633932e+00
6.075550539889110951e+04 9.975496910469590084e-01
6.075550565895179898e+04 9.364347155689706215e-01
6.075550591901248845e+04 9.712714362398299217e-01
6.075550617907318519e+04 9.747758762014787637e-01
6.075550643913387466e+04 9.963621558362313335e-01
6.075550669919457141e+04 1.022282933069092348e+00
6.075550695925526088e+04 9.635081691267287640e-01
6.075550721931595035e+04 9.823781027655928977e-01
6.075550747937664710e+04 1.012281902806228429e+00
6.075550773943733657e+04 9.887814098024879650e-01
6.075550799949803331e+04 1.016542584378337999e+00
6.075550825955872278e+04 9.439295140232680792e-01
6.075550851961941225e+04 9.972791859972702788e-01
6.075550877968010900e+04 1.010783654545872823e+00
6.075550903974079847e+04 1.026160747429095910e+00
6.075550929980148794e+04 1.020477644745033885e+00
6.075550955986217741e+04 9.459251605480090141e-01
6.075550981992287416e+04 9.607282227853239931e-01
6.075551007998357090e+04 9.369263085119566847e-01
6.075551034004426037e+04 9.974044971087580036e-01
6.075551060010494984e+04 1.043156241051772737e+00
6.075551086016564659e+04 9.648873230077492646e-01
6.075551112022633606e+04 9.982979669872713568e-01
6.075551138028703281e+04 1.008224620130395710e+00
6.075551164034772228e+04 1.055280623252864647e+00
6.075551190040841175e+04 9.837168722453529801e-01
6.075551216046910849e+04 9.938230981197379021e-01
6.075551242052979796e+04 9.761134289736509428e-01
6.075551268059049471e+04 9.977439840868327359e-01
6.075551294065118418e+04 9.725926263115993731e-01
6.075551320071187365e+04 9.820940449949223661e-01
6.075551346077257040e+04 1.049741417153139622e+00
6.075551372083325987e+04 1.072090301405651980e+00
6.075551398089394934e+04 9.969526292662346245e-01
6.075551424095464608e+04 1.023372121200701867e+00
6.075551450101533555e+04 1.003005527544045261e+00
6.075551476107603230e+04 9.776103791442055657e-01
6.075551502113672177e+04 9.786029094209044432e-01
6.075551528119741124e+04 9.565386917699020275e-01
6.075551554125810799e+04 9.752711879500070014e-01
6.075551580131879746e+04 9.558253413953249344e-01
6.075551606137949420e+04 9.630086671025575029e-01
6.075551632144019095e+04 9.843873492488918187e-01
6.075551658150087314e+04 1.041253678988441234e+00
6.075551684156156989e+04 9.671878768613819677e-01
6.075551710162226664e+04 9.382260963507639273e-01
6.075551736168294883e+04 9.701653613444342072e-01
6.075551762174364558e+04 9.861466492094566050e-01
6.075551788180433505e+04 1.051011081544181547e+00
6.075551814186503179e+04 9.907057558380091278e-01
6.075551840192572854e+04 9.998450750093341721e-01
6.075551866198641073e+04 1.076239030775199224e+00
6.075551892204710748e+04 1.005121691580771914e+00
6.075551918210780423e+04 9.394260013190057768e-01
6.075551944216849370e+04 9.972655812019475263e-01
6.075551970222919044e+04 9.828020711339582327e-01
6.075551996228987991e+04 9.573154545199304977e-01
6.075552022235056938e+04 9.506904127577590069e-01
6.075552048241126613e+04 1.028299869104090547e+00
6.075552074247194832e+04 1.036043756130607729e+00
6.075552100253265235e+04 9.853520406299202117e-01
6.075552126259334182e+04 1.053481830818385978e+00
6.075552152265403129e+04 9.898080487786595771e-01
6.075552178271472803e+04 9.379830845053245270e-01
6.075552204277541750e+04 1.043463595056266513e+00
6.075552230283610697e+04 1.056469708801539786e+00
6.075552256289680372e+04 1.067656718341144950e+00
6.075552282295750047e+04 1.021911164752167922e+00
6.075552308301818994e+04 9.710836382341887507e-01
6.075552334307887941e+04 9.685436749433502523e-01
6.075552360313957615e+04 1.000691461524907400e+00
6.075552386320026562e+04 9.803199068642820535e-01
6.075552412326096237e+04 9.664548644448158754e-01
6.075552438332165912e+04 9.230250277796792080e-01
6.075552464338234131e+04 9.662586178043522933e-01
6.075552490344303806e+04 1.007814021501054258e+00
6.075552516350373480e+04 1.055735775864840242e+00
6.075552542356441700e+04 9.904016488458466938e-01
6.075552568362511374e+04 1.036165963715010463e+00
6.075552594368581049e+04 1.020193251195683271e+00
6.075552620374649996e+04 9.604130082092835474e-01
6.075552646380719671e+04 1.018064879472514672e+00
6.075552672386788618e+04 1.019518315990791457e+00
6.075552698392857565e+04 9.147337435636566649e-01
6.075552724398927239e+04 9.634125539630346013e-01
6.075552750404996914e+04 9.930815377233579433e-01
6.075552776411065861e+04 1.006336937766266315e+00
6.075552802417134808e+04 1.000423863492212240e+00
6.075552828423204483e+04 1.006989438968081352e+00
6.075552854429273430e+04 9.344285915866002989e-01
6.075552880435342377e+04 9.741169458746093968e-01
6.075552906441412051e+04 9.179831272218262894e-01
6.075552932447480998e+04 9.484481248662984809e-01
6.075552958453550673e+04 9.648493282287086137e-01
6.075552984459620347e+04 9.924646650826729477e-01
6.075553010465688567e+04 9.720781476266824317e-01
6.075553036471758242e+04 1.022761539803874076e+00
6.075553062477827916e+04 9.675925316340815430e-01
6.075553088483896863e+04 9.354851470541960534e-01
6.075553114489966538e+04 9.557078046579879915e-01
6.075553140496035485e+04 1.002847608087606091e+00
6.075553166502104432e+04 1.056516216494628235e+00
6.075553192508174106e+04 9.184595795588635925e-01
6.075553218514243054e+04 9.353594682404487992e-01
6.075553244520312728e+04 9.491940220345748136e-01
6.075553270526381675e+04 1.001812203561203374e+00
6.075553296532451350e+04 9.086329451044473648e-01
6.075553322538520297e+04 1.060728023468562320e+00
6.075553348544589244e+04 1.000489028073649145e+00
6.075553503087646095e+04 8.941588150607624463e-01
6.075553529093715770e+04 1.041700620482835182e+00
6.075553555099784717e+04 9.637601085491824815e-01
6.075553581105853664e+04 9.282795492934856618e-01
6.075553607111923338e+04 9.365667088142913821e-01
6.075553633117992285e+04 1.017921307421579824e+00
6.075553659124061960e+04 9.624692505111164254e-01
6.075553685130131635e+04 9.559102989277363793e-01
6.075553711136199854e+04 1.006685434152735592e+00
6.075553737142269529e+04 9.979573851740591861e-01
6.075553763148339203e+04 1.053265242794872769e+00
6.075553789154408878e+04 9.743778669643464729e-01
6.075553815160477825e+04 9.473848235324432432e-01
6.075553841166546772e+04 1.030510684964776491e+00
6.075553867172616447e+04 1.042910468057496765e+00
6.075553893178685394e+04 1.036001099345081444e+00
6.075553919184754341e+04 9.772357771106380264e-01
6.075553945190824015e+04 1.000407808060184589e+00
6.075553971196892962e+04 1.036640059487661913e+00
6.075553997202962637e+04 1.083892213924949166e+00
6.075554023209032312e+04 1.050519315751886174e+00
6.075554049215101259e+04 9.865740377952803009e-01
6.075554075221170206e+04 1.026694814818441825e+00
6.075554101227239880e+04 9.814246384234474041e-01
6.075554127233309555e+04 9.864258870589763806e-01
6.075554153239378502e+04 9.113122807778637480e-01
6.075554179245447449e+04 1.008050759899227433e+00
6.075554205251517124e+04 9.157172411531623313e-01
6.075554231257586798e+04 9.843805226257839047e-01
6.075554257263655018e+04 9.781372576608751146e-01
6.075554283269725420e+04 9.276033643130345840e-01
6.075554309275794367e+04 1.012374188886844495e+00
6.075554335281863314e+04 1.034198088701293372e+00
6.075554361287932988e+04 9.728540586419990310e-01
6.075554387294001936e+04 1.034869941659308790e+00
6.075554413300071610e+04 9.488742612943751320e-01
6.075554439306140557e+04 9.873864772086474728e-01
6.075554465312210232e+04 1.007058952958355569e+00
6.075554491318279906e+04 9.576234635594086386e-01
6.075554517324348853e+04 1.091376946636102074e+00
6.075554543330417800e+04 9.996994621877585141e-01
6.075554569336487475e+04 1.029802371574604747e+00
6.075554595342557150e+04 9.898257031796493521e-01
6.075554621348626097e+04 9.382315100923749318e-01
6.075554647354695044e+04 9.653088196369349339e-01
6.075554673360764718e+04 1.000845329049782961e+00
6.075554699366834393e+04 9.746351203047390888e-01
6.075554725372902612e+04 9.908887178742846746e-01
6.075554751378972287e+04 1.003466303129601389e+00
6.075554777385041962e+04 1.005495067013163046e+00
6.075554803391111636e+04 1.049247924257224573e+00
6.075554829397180583e+04 9.626974380827764133e-01
6.075554855403249530e+04 1.001402942447411792e+00
6.075554881409319205e+04 1.011529490124168928e+00
6.075554907415388152e+04 9.975682138598452875e-01
6.075554933421457827e+04 9.951840677675080071e-01
6.075554959427527501e+04 1.033078184825605650e+00
6.075554985433596448e+04 1.008990820840564462e+00
6.075555011439665395e+04 1.001036548516913705e+00
6.075555037445735070e+04 8.926756669857273119e-01
6.075555063451804017e+04 9.876408833185490455e-01
6.075555089457873692e+04 9.298948867322534007e-01
6.075555115463942639e+04 1.001641860083086755e+00
6.075555141470012313e+04 9.029956128277801808e-01
6.075555167476081988e+04 9.640028723613960349e-01
6.075555193482150935e+04 1.006774276919978561e+00
6.075555219488219882e+04 9.418672735627541259e-01
6.075555245494289557e+04 9.416567573531616775e-01
6.075555271500359231e+04 9.878135249780904958e-01
6.075555297506428906e+04 9.966158080273302966e-01
6.075555323512497125e+04 9.339188646523938209e-01
6.075555349518566800e+04 1.045932293497387588e+00
6.075555375524636474e+04 9.811867048326405882e-01
6.075555401530705421e+04 1.062060004057781892e+00
6.075555427536775096e+04 9.712462067146045985e-01
6.075555453542844043e+04 9.599422497664287235e-01
6.075555479548913718e+04 9.784796225080080179e-01
6.075555505554983392e+04 1.006132015390410528e+00
6.075555531561051612e+04 9.710075275029754760e-01
6.075555557567121286e+04 9.891525780457790518e-01
6.075555583573190961e+04 9.620054917280507212e-01
6.075555609579260636e+04 1.010159408721485574e+00
6.075555635585329583e+04 9.053145284256076675e-01
6.075555661591398530e+04 9.569200816966918488e-01
6.075555687597468204e+04 9.675487315891621032e-01
6.075555713603537879e+04 9.666740263901282271e-01
6.075555739609607554e+04 9.360202419634697790e-01
6.075555765615676501e+04 1.012482825911036999e+00
6.075555791621745448e+04 1.047505925825512829e+00
6.075555817627815122e+04 9.994755716786912769e-01
6.075555843633884797e+04 9.945308881307043380e-01
6.075555869639953016e+04 9.650562691237770663e-01
6.075555895646022691e+04 9.607122151536352517e-01
6.075555921652092366e+04 1.009941325021189940e+00
6.075555947658162040e+04 9.751892440377443183e-01
6.075555973664230987e+04 9.589067576500992507e-01
6.075555999670299934e+04 1.030448813357117688e+00
6.075556025676369609e+04 9.181429900846267422e-01
6.075556051682439283e+04 1.020575360029626788e+00
6.075556077688508958e+04 9.613359372817635862e-01
6.075556103694577905e+04 1.007638040974037086e+00
6.075556129700646852e+04 9.234995994875826453e-01
6.075556155706716527e+04 9.331999856525943216e-01
6.075556181712786201e+04 9.675838270652670214e-01
6.075556207718854421e+04 1.006480943125422245e+00
6.075556233724924095e+04 1.001127358435272452e+00
6.075556259730993770e+04 1.029923903469032842e+00
6.075556285737063445e+04 1.030505152419693093e+00
6.075556311743133119e+04 1.034343912590327097e+00
6.075556337749201339e+04 9.971866587643216651e-01
6.075556504896522529e+04 9.969888792525856136e-01
6.075556530902591476e+04 9.642620824216634468e-01
6.075556556908661150e+04 1.028473757918503262e+00
6.075556582914730097e+04 1.039616064545407559e+00
6.075556608920799772e+04 1.109178283677728638e+00
6.075556634926869447e+04 9.241258523315152296e-01
6.075556660932938394e+04 9.568967059241719753e-01
6.075556686939008068e+04 9.802962406650044258e-01
6.075556712945077015e+04 9.768628614930706666e-01
6.075556738951146690e+04 1.022017459145882823e+00
6.075556764957216365e+04 1.055351041184304117e+00
6.075556790963285312e+04 9.746782872519624830e-01
6.075556816969354986e+04 9.893144566420633002e-01
6.075556842975423933e+04 1.003188280863144932e+00
6.075556868981492880e+04 9.847657542283995147e-01
6.075556894987563282e+04 9.431491992088503196e-01
6.075556920993632230e+04 9.846329343309194737e-01
6.075556946999701904e+04 9.456687284403348936e-01
6.075556973005770851e+04 9.817593593319760004e-01
6.075556999011839798e+04 9.663471420651038590e-01
6.075557025017909473e+04 1.007207982751298081e+00
6.075557051023979147e+04 1.003366825953995400e+00
6.075557077030048822e+04 9.604387092389653491e-01
6.075557103036117769e+04 9.613362256152493401e-01
6.075557129042186716e+04 9.411149649372252401e-01
6.075557155048256391e+04 1.034591683226318226e+00
6.075557181054326065e+04 9.730624978690599614e-01
6.075557207060395740e+04 9.876063308853585410e-01
6.075557233066464687e+04 1.043891668707433551e+00
6.075557259072533634e+04 1.026804771492277002e+00
6.075557285078603309e+04 1.015494060186682868e+00
6.075557311084672983e+04 9.882070867272162440e-01
6.075557337090741930e+04 9.651380111087717317e-01
6.075557363096811605e+04 1.031074751006211487e+00
6.075557389102880552e+04 9.930832546049110920e-01
6.075557415108950227e+04 9.743273264089892249e-01
6.075557441115019901e+04 9.740680199222601088e-01
6.075557467121088848e+04 9.947888324685771888e-01
6.075557493127158523e+04 1.019473255241344134e+00
6.075557519133227470e+04 9.890926343229109463e-01
6.075557545139297144e+04 9.727727699847257270e-01
6.075557571145366819e+04 1.004075211381246779e+00
6.075557597151435766e+04 1.001448377722294003e+00
6.075557623157505441e+04 9.925669430229838719e-01
6.075557649163575115e+04 9.957212141080243883e-01
6.075557675169643335e+04 1.050607738568607896e+00
6.075557701175713009e+04 1.022222960651691270e+00
6.075557727181782684e+04 1.029905741306661460e+00
6.075557753187852359e+04 9.661407160985411302e-01
6.075557779193922033e+04 1.014691186314697235e+00
6.075557805199990980e+04 9.659624627947639430e-01
6.075557831206059927e+04 9.555197074273988900e-01
6.075557857212129602e+04 1.049873427649410162e+00
6.075557883218199277e+04 1.025305553368733857e+00
6.075557909224268951e+04 9.550946599356954225e-01
6.075557935230337898e+04 9.540030174063526269e-01
6.075557961236407573e+04 9.509445769299353923e-01
6.075557987242476520e+04 9.754711296203107951e-01
6.075558013248546195e+04 9.431964742880152297e-01
6.075558039254615869e+04 1.004375004626923085e+00
6.075558065260684816e+04 9.716554844370042243e-01
6.075558091266754491e+04 9.526003462416551271e-01
6.075558117272824165e+04 9.823125126758711634e-01
6.075558143278892385e+04 1.000511223653542281e+00
6.075558169284962059e+04 1.003519409826030939e+00
6.075558195291031734e+04 9.789282815209676691e-01
6.075558221297101409e+04 9.861279130351808808e-01
6.075558247303171083e+04 9.912399998894291242e-01
6.075558273309240030e+04 1.017033739337827924e+00
6.075558299315309705e+04 1.039133874344795538e+00
6.075558325321378652e+04 9.658044724430318029e-01
6.075558351327448327e+04 9.895766822943821150e-01
6.075558377333518001e+04 9.732573906771558869e-01
6.075558403339586948e+04 9.284375586010861214e-01
6.075558429345656623e+04 9.469787082834745240e-01
6.075558455351726298e+04 1.016815652649411428e+00
6.075558481357794517e+04 9.629906352485331222e-01
6.075558507363864192e+04 1.010866901901538162e+00
6.075558533369933866e+04 9.755104724954941631e-01
6.075558559376003541e+04 9.409895433541276555e-01
6.075558585382073215e+04 9.464402641549812811e-01
6.075558611388142162e+04 9.665269516675640826e-01
6.075558637394211837e+04 9.864389337749055464e-01
6.075558663400280784e+04 9.853351680761868181e-01
6.075558689406350459e+04 9.785215638210114086e-01
6.075558715412420133e+04 1.004362872406325380e+00
6.075558741418489080e+04 9.628887067907514474e-01
6.075558767424558755e+04 9.882521189495339087e-01
6.075558793430628430e+04 1.001919830642941545e+00
6.075558819436697377e+04 9.613929306253811147e-01
6.075558845442767051e+04 1.004933605509960248e+00
6.075558871448835998e+04 9.925465932676068581e-01
6.075558897454905673e+04 9.625355481080162257e-01
6.075558923460975348e+04 9.479629811077823209e-01
6.075558949467044295e+04 9.782647492335756478e-01
6.075558975473113969e+04 9.918460651766313196e-01
6.075559001479183644e+04 1.085002232698824010e+00
6.075559027485253318e+04 9.768181887158315924e-01
6.075559053491322265e+04 9.527571663431871896e-01
6.075559079497391212e+04 9.756633841042112731e-01
6.075559105503460887e+04 9.655295866726422149e-01
6.075559131509530562e+04 1.001087597919944505e+00
6.075559157515600236e+04 9.740344876496203064e-01
6.075559183521669911e+04 9.905260926221240991e-01
6.075559209527738858e+04 1.032757019235019280e+00
6.075559235533808533e+04 1.028118410792888682e+00
6.075559261539877480e+04 9.941030579878212814e-01
6.075559287545946427e+04 9.962357641462538105e-01
6.075559313552016101e+04 9.764693318446836523e-01
6.075559339558085776e+04 1.073568329997379056e+00
6.075559494101491873e+04 9.180762441498589999e-01
6.075559520107561548e+04 1.052794454549774716e+00
6.075559546113631222e+04 1.044413347224812494e+00
6.075559572119700897e+04 1.042916954820974684e+00
6.075559598125769844e+04 1.028989028717790299e+00
6.075559624131839519e+04 1.010586624090177299e+00
6.075559650137908466e+04 9.768646582547096946e-01
6.075559676143977413e+04 9.260698338191083456e-01
6.075559702150047087e+04 9.521313898038673562e-01
6.075559728156116762e+04 1.005576762078068231e+00
6.075559754162186437e+04 9.937801198121555268e-01
6.075559780168256111e+04 9.920255920006111339e-01
6.075559806174325058e+04 9.576388304011528296e-01
6.075559832180394733e+04 1.002489404183915411e+00
6.075559858186464407e+04 1.007017797188278330e+00
6.075559884192533355e+04 9.984517518088156240e-01
6.075559910198603029e+04 9.768042406061959726e-01
6.075559936204671976e+04 9.918098900493627079e-01
6.075559962210741651e+04 1.015623092746190670e+00
6.075559988216811325e+04 1.052614153042045197e+00
6.075560014222880272e+04 1.027937430358841997e+00
6.075560040228950675e+04 9.977276164188341179e-01
6.075560066235019622e+04 1.020575479345710690e+00
6.075560092241089296e+04 9.528144919144945213e-01
6.075560118247158971e+04 9.841094558759563293e-01
6.075560144253227918e+04 9.526323995224734720e-01
6.075560170259296865e+04 9.979344718151877958e-01
6.075560196265366540e+04 9.734973189141027383e-01
6.075560222271436214e+04 9.955280744092220857e-01
6.075560248277505889e+04 1.004956904199020062e+00
6.075560274283574836e+04 1.024946405397090698e+00
6.075560300289644510e+04 9.924190021612769863e-01
6.075560326295714185e+04 9.668405846911064527e-01
6.075560352301783860e+04 9.920624139036385847e-01
6.075560378307853534e+04 9.519118143659569542e-01
6.075560404313922481e+04 9.495592734151667713e-01
6.075560430319992156e+04 1.038954069214230058e+00
6.075560456326061831e+04 9.750290679679798345e-01
6.075560482332130050e+04 9.756541960104934130e-01
6.075560508338199725e+04 9.918290960786636523e-01
6.075560534344269399e+04 9.931494112601213509e-01
6.075560560350339074e+04 9.534266619624501837e-01
6.075560586356408749e+04 1.021788254621837533e+00
6.075560612362477696e+04 1.025513013795528172e+00
6.075560638368547370e+04 9.734960340106129095e-01
6.075560664374617045e+04 1.026011024895373547e+00
6.075560690380686719e+04 9.938935153576863302e-01
6.075560716386756394e+04 1.041670861812965754e+00
6.075560742392825341e+04 1.033703361131418141e+00
6.075560768398895016e+04 1.003957471586374384e+00
6.075560794404964690e+04 1.045200221600605772e+00
6.075560820411032910e+04 1.004699132934338435e+00
6.075560846417102584e+04 9.734289558301217893e-01
6.075560872423172259e+04 9.807974066288024373e-01
6.075560898429241934e+04 9.880794606858680496e-01
6.075560924435311608e+04 8.982654433148802298e-01
6.075560950441380555e+04 1.006477397476743807e+00
6.075560976447450230e+04 9.904949862974831154e-01
6.075561002453519905e+04 1.061406473644255444e+00
6.075561028459589579e+04 1.000451575587851583e+00
6.075561054465659254e+04 9.809658424036195035e-01
6.075561080471728201e+04 1.025229313683167831e+00
6.075561106477797875e+04 1.007680345783115161e+00
6.075561132483867550e+04 1.004214190805197138e+00
6.075561158489937225e+04 9.898070801217160319e-01
6.075561184496006899e+04 1.022602956638786420e+00
6.075561210502075846e+04 9.826130892313752474e-01
6.075561236508144793e+04 9.576869294933165744e-01
6.075561262514214468e+04 1.028871330584436139e+00
6.075561288520283415e+04 1.002634199262158132e+00
6.075561314526353090e+04 1.005337493547216576e+00
6.075561340532422764e+04 9.715888160507748506e-01
6.075561366538492439e+04 1.064722734209015975e+00
6.075561392544562113e+04 9.413684613700852299e-01
6.075561418550631060e+04 1.020284826340636997e+00
6.075561444556700735e+04 9.850942360551753207e-01
6.075561470562770410e+04 9.715181138262651839e-01
6.075561496568840084e+04 1.020486478213918913e+00
6.075561522574909759e+04 9.996924405821825399e-01
6.075561548580978706e+04 1.032615633010769196e+00
6.075561574587048381e+04 9.682877553386975977e-01
6.075561600593118055e+04 9.785242493366144156e-01
6.075561626599187002e+04 9.823003088711577124e-01
6.075561652605256677e+04 1.026353878070098036e+00
6.075561678611326352e+04 9.378370189593521200e-01
6.075561704617396026e+04 9.681855392718382580e-01
6.075561730623465701e+04 9.837555059603538821e-01
6.075561756629534648e+04 9.761866988771965570e-01
6.075561782635604322e+04 1.008204728931206606e+00
6.075561808641673269e+04 9.662307630877566833e-01
6.075561834647742944e+04 9.749633908307507868e-01
6.075561860653812619e+04 9.909214161974582158e-01
6.075561886659881566e+04 9.863762732480795270e-01
6.075561912665951240e+04 9.731543445188352015e-01
6.075561938672020915e+04 1.072361719602845653e+00
6.075561964678089862e+04 1.018370691540386730e+00
6.075561990684160264e+04 1.052029185798798450e+00
6.075562016690229211e+04 9.943319991917308753e-01
6.075562042696298886e+04 1.054012600361795338e+00
6.075562068702368560e+04 1.017471221602344933e+00
6.075562094708437508e+04 1.012402631120033147e+00
6.075562120714507182e+04 1.059944429991444004e+00
6.075562146720576857e+04 9.358597634229657292e-01
6.075562172726646531e+04 9.829228554195575951e-01
6.075562198732716206e+04 9.062158464409644232e-01
6.075562224738785153e+04 9.973699342184734196e-01
6.075562250744854828e+04 1.073600284712779462e+00
6.075562276750924502e+04 9.901970146746335022e-01
6.075562302756994177e+04 1.007824439013196738e+00
6.075562328763063852e+04 1.033825424540109728e+00
6.075562490904599690e+04 9.935841411442047910e-01
6.075562516909990518e+04 1.009091523004665758e+00
6.075562542915379890e+04 1.058221066169097391e+00
6.075562568920769263e+04 9.813751984539018647e-01
6.075562594926160091e+04 1.000611803286507451e+00
6.075562620931549463e+04 1.004535486133149913e+00
6.075562646936939564e+04 9.729838263599309700e-01
6.075562672942329664e+04 1.017244400674394811e+00
6.075562698947719036e+04 9.882567552241580122e-01
6.075562724953109864e+04 9.406828414410631778e-01
6.075562750958499237e+04 9.701115191414392269e-01
6.075562776963889337e+04 9.993870180107673473e-01
6.075562802969280165e+04 9.923438789304612762e-01
6.075562828974669537e+04 9.942674957416539616e-01
6.075562854980059637e+04 9.968267395016843224e-01
6.075562880985449738e+04 1.009098836076437244e+00
6.075562906990839110e+04 1.009311566278420891e+00
6.075562932996229938e+04 1.021382591440021859e+00
6.075562959001619311e+04 9.839793443274574836e-01
6.075562985007009411e+04 9.860477422674260861e-01
6.075563011012399511e+04 9.877599370700275161e-01
6.075563037017788884e+04 9.693377876292298412e-01
6.075563063023179711e+04 9.389162895357292538e-01
6.075563089028569084e+04 9.854826543360319935e-01
6.075563115033958456e+04 9.590507447230710580e-01
6.075563141039349284e+04 1.051534767856094010e+00
6.075563167044738657e+04 1.067473168722148591e+00
6.075563193050128757e+04 9.571297897102987173e-01
6.075563219055518857e+04 1.022051262976388264e+00
6.075563245060908230e+04 9.504590722932022562e-01
6.075563271066299058e+04 1.015746903553945479e+00
6.075563297071688430e+04 1.046740318176663020e+00
6.075563323077078530e+04 9.268965427911529664e-01
6.075563349082468631e+04 9.750287946007729634e-01
6.075563375087858003e+04 9.754822907264714127e-01
6.075563401093248831e+04 9.564452776800246303e-01
6.075563427098638203e+04 9.619825939510431301e-01
6.075563453104027576e+04 1.002962173415249181e+00
6.075563479109418404e+04 1.004862111845375994e+00
6.075563505114807776e+04 9.423506437334713270e-01
6.075563531120197877e+04 9.694146175431627155e-01
6.075563557125588704e+04 1.023659888136445151e+00
6.075563583130978077e+04 9.541412515663161287e-01
6.075563609136368905e+04 9.820933941024827529e-01
6.075563635141758277e+04 1.003732201239394772e+00
6.075563661147148377e+04 9.990042813126831511e-01
6.075563687152538478e+04 9.823186683182755230e-01
6.075563713157927850e+04 9.972540590706225894e-01
6.075563739163318678e+04 1.024758894012200106e+00
6.075563765168708051e+04 9.583284719054639966e-01
6.075563791174097423e+04 1.034428694902582935e+00
6.075563817179488251e+04 9.435665064988807416e-01
6.075563843184877624e+04 9.989353172747845733e-01
6.075563869190267724e+04 1.053013272771819331e+00
6.075563895195657824e+04 9.553606604251874135e-01
6.075563921201047197e+04 9.985385802188307958e-01
6.075563947206438024e+04 9.573948773122276101e-01
6.075563973211827397e+04 1.000634982985189048e+00
6.075563999217217497e+04 1.002233757425865290e+00
6.075564025222608325e+04 1.022042352132081833e+00
6.075564051227997697e+04 9.803994792883672371e-01
6.075564077233388525e+04 1.000486595888389729e+00
6.075564103238777898e+04 9.840057184853223671e-01
6.075564129244167270e+04 9.607300159709400988e-01
6.075564155249558098e+04 9.416045220272536431e-01
6.075564181254947471e+04 9.463977471667913699e-01
6.075564207260337571e+04 9.852578457690518432e-01
6.075564233265727671e+04 1.013800606993705999e+00
6.075564259271117044e+04 9.749511430732739070e-01
6.075564285276507871e+04 1.055449289259423162e+00
6.075564311281897244e+04 1.027322249438398893e+00
6.075564337287286617e+04 1.040802951870548387e+00
6.075564363292677444e+04 9.775752638331919320e-01
6.075564389298066817e+04 1.026933133234674278e+00
6.075564415303458372e+04 1.001622850791462405e+00
6.075564441308847745e+04 9.996275453205728523e-01
6.075564467314237118e+04 1.074385832290550180e+00
6.075564493319627945e+04 1.024766713916867911e+00
6.075564519325017318e+04 9.876328018143324394e-01
6.075564545330407418e+04 9.871680199523167332e-01
6.075564571335797518e+04 9.918866522052791623e-01
6.075564597341186891e+04 1.002715493616660236e+00
6.075564623346577719e+04 1.016138791284278975e+00
6.075564649351967091e+04 9.718567532252313512e-01
6.075564675357356464e+04 9.238826270790937434e-01
6.075564701362747292e+04 9.727777415917557846e-01
6.075564727368136664e+04 9.818183271493541309e-01
6.075564753373527492e+04 9.811111406534054336e-01
6.075564779378917592e+04 9.892924041239758992e-01
6.075564805384306965e+04 1.018031017462079690e+00
6.075564831389697792e+04 9.979622159624139677e-01
6.075564857395087165e+04 1.011365957919984737e+00
6.075564883400477265e+04 1.040263301101504334e+00
6.075564909405867365e+04 1.018008974722218074e+00
6.075564935411256738e+04 9.916202817734595110e-01
6.075564961416647566e+04 9.848752519025127938e-01
6.075564987422036938e+04 1.003437664362893500e+00
6.075565013427426311e+04 1.013106034285795376e+00
6.075565039432817866e+04 1.011364318923525740e+00
6.075565065438207239e+04 1.024681895287010702e+00
6.075565091443597339e+04 9.064663585752542607e-01
6.075565117448987439e+04 9.389151604499901271e-01
6.075565143454376812e+04 1.014638758148862951e+00
6.075565169459767640e+04 9.887608541286085906e-01
6.075565195465157012e+04 1.002891067207668740e+00
6.075565221470547112e+04 1.008792690583520946e+00
6.075565247475937213e+04 1.002014638946856273e+00
6.075565273481326585e+04 1.008339892595604859e+00
6.075565299486718141e+04 1.041733499188005174e+00
6.075565325492107513e+04 1.039184151375895926e+00
6.075565492676799477e+04 9.558467207432431723e-01
6.075565518682868424e+04 1.028694027372576425e+00
6.075565544688938098e+04 9.751977443201759188e-01
6.075565570695007773e+04 1.009639936800423632e+00
6.075565596701077448e+04 9.860196328840128421e-01
6.075565622707147122e+04 1.079937919366374732e+00
6.075565648713216069e+04 9.995429341516446353e-01
6.075565674719285744e+04 1.061789501280336001e+00
6.075565700725356146e+04 9.811428964833095456e-01
6.075565726731425821e+04 1.026776282976112675e+00
6.075565752737495495e+04 1.043838380323155235e+00
6.075565778743564442e+04 1.002056774731010069e+00
6.075565804749634117e+04 1.015758090973663430e+00
6.075565830755703792e+04 9.722533683928361592e-01
6.075565856761772739e+04 9.841411984611454500e-01
6.075565882767842413e+04 1.039586095829298173e+00
6.075565908773912088e+04 9.822598143834938567e-01
6.075565934779981762e+04 1.020155867021956819e+00
6.075565960786051437e+04 1.049661082571561099e+00
6.075565986792121112e+04 9.311059619597531478e-01
6.075566012798190786e+04 1.007778159701445686e+00
6.075566038804260461e+04 9.799506240737230200e-01
6.075566064810330136e+04 1.020273570171346789e+00
6.075566090816399810e+04 1.001083470280472953e+00
6.075566116822468757e+04 1.012007761978825471e+00
6.075566142828538432e+04 9.902477749516009897e-01
6.075566168834608106e+04 1.065188777796268305e+00
6.075566194840677781e+04 9.525941314563016737e-01
6.075566220846748183e+04 1.017528015023168919e+00
6.075566246852817130e+04 9.715191273322005827e-01
6.075566272858886805e+04 1.028140626114993683e+00
6.075566298864956480e+04 1.062501499757374512e+00
6.075566324871025427e+04 9.642316538003570248e-01
6.075566350877095101e+04 1.051509578660613009e+00
6.075566376883164776e+04 9.761055536703266977e-01
6.075566402889234450e+04 9.930741825561724134e-01
6.075566428895304125e+04 9.917381388088915006e-01
6.075566454901373800e+04 1.065272209613816079e+00
6.075566480907443474e+04 1.011393053156508959e+00
6.075566506913513149e+04 9.909684029057154175e-01
6.075566532919582824e+04 9.595195566143960297e-01
6.075566558925652498e+04 1.002513163701914012e+00
6.075566584931721445e+04 9.937894766699255644e-01
6.075566610937791120e+04 9.775364013755805104e-01
6.075566636943860794e+04 9.503880200849721405e-01
6.075566662949930469e+04 9.797982539578797834e-01
6.075566688956000144e+04 9.379479111485050646e-01
6.075566714962069818e+04 1.037707491103291968e+00
6.075566740968139493e+04 9.993432831418405105e-01
6.075566766974209168e+04 9.294225827255268024e-01
6.075566792980278115e+04 1.059882754808937788e+00
6.075566818986347789e+04 1.017816259824855463e+00
6.075566844992417464e+04 1.076797698057389230e+00
6.075566870998487866e+04 9.836131758282514737e-01
6.075566897004557541e+04 1.039280675732233039e+00
6.075566923010626488e+04 1.004013091452423678e+00
6.075566949016696162e+04 1.009936800808365787e+00
6.075566975022765837e+04 1.056161630049600175e+00
6.075567001028834784e+04 9.998651519352302897e-01
6.075567027034905186e+04 9.677885604101702510e-01
6.075567053040974133e+04 1.040632136649838335e+00
6.075567079047044535e+04 1.008957496485103134e+00
6.075567105053114210e+04 9.965397124754487024e-01
6.075567131059183157e+04 1.047680055820047640e+00
6.075567157065252832e+04 1.087807605234783592e+00
6.075567183071322506e+04 1.036611651985218874e+00
6.075567209077392181e+04 1.095946808296042407e+00
6.075567235083461856e+04 1.013158898313013312e+00
6.075567261089531530e+04 9.846298457535860305e-01
6.075567287095601205e+04 1.036641158810524654e+00
6.075567313101670879e+04 9.450123441652644729e-01
6.075567339107740554e+04 1.010418903793872891e+00
6.075567365113810229e+04 9.844067481976367384e-01
6.075567391119879176e+04 9.465687606021238043e-01
6.075567417125948850e+04 1.013158309103399546e+00
6.075567443132019253e+04 9.916914346991722029e-01
6.075567469138088200e+04 9.957266500259978059e-01
6.075567495144157874e+04 1.001548083280646262e+00
6.075567521150227549e+04 1.026777893270081510e+00
6.075567547156297223e+04 1.038836396209477764e+00
6.075567573162366898e+04 9.980889435817810185e-01
6.075567599168436573e+04 1.092894395217353543e+00
6.075567625174506247e+04 9.810344316971334466e-01
6.075567651180575922e+04 1.045715495152400365e+00
6.075567677186645597e+04 1.022543976019711032e+00
6.075567703192715271e+04 1.014972808754809552e+00
6.075567729198784218e+04 1.022363597973759974e+00
6.075567755204853893e+04 9.805809376331167115e-01
6.075567781210924295e+04 9.464983619871986109e-01
6.075567807216993242e+04 1.028897010116157196e+00
6.075567833223062917e+04 1.027057930721128276e+00
6.075567859229132591e+04 1.039328900635948072e+00
6.075567885235202266e+04 1.025957883967216988e+00
6.075567911241271941e+04 1.043315783687747800e+00
6.075567937247341615e+04 1.071666063790200241e+00
6.075567963253411290e+04 1.022987538404686036e+00
6.075567989259480964e+04 1.060003677844040260e+00
6.075568015265550639e+04 1.017240421020701779e+00
6.075568041271620314e+04 1.008374826192198981e+00
6.075568067277689261e+04 1.051857099946981178e+00
6.075568093283759663e+04 1.006501136132384122e+00
6.075568119289829338e+04 9.869790409845479173e-01
6.075568145295898285e+04 9.880307562415614475e-01
6.075568171301968687e+04 9.986548239401052962e-01
6.075568197308037634e+04 1.004477832034962770e+00
6.075568223314107308e+04 1.023855377375077147e+00
6.075568249320177711e+04 9.850865460266172713e-01
6.075568275326246658e+04 9.742452136698908083e-01
6.075568301332316332e+04 1.009793217296572232e+00
6.075568327338386007e+04 1.068015616425422420e+00
6.075568483179301256e+04 1.057514427491480946e+00
6.075568509184680443e+04 1.021078718714488742e+00
6.075568535190059629e+04 1.017044388624936735e+00
6.075568561195438815e+04 9.998886850758925693e-01
6.075568587200818729e+04 1.095846973802177216e+00
6.075568613206199370e+04 1.028743798583708458e+00
6.075568639211578557e+04 9.808237262487107255e-01
6.075568665216957743e+04 1.075706930345416090e+00
6.075568691222336929e+04 1.042563655553932378e+00
6.075568717227716115e+04 1.027627592012303914e+00
6.075568743233096029e+04 1.066203468726808046e+00
6.075568769238475215e+04 1.052455974347940248e+00
6.075568795243854402e+04 1.060025685342407709e+00
6.075568821249233588e+04 9.965789064046377543e-01
6.075568847254613502e+04 1.091016968515866381e+00
6.075568873259992688e+04 1.071728854722741264e+00
6.075568899265372602e+04 1.008447395446115058e+00
6.075568925270752516e+04 9.728553244485005358e-01
6.075568951276131702e+04 1.046730433868070520e+00
6.075568977281511616e+04 1.008107979046199310e+00
6.075569003286890802e+04 1.057015672900059489e+00
6.075569029292269988e+04 9.901429048463813443e-01
6.075569055297649174e+04 9.974510583688679377e-01
6.075569081303029088e+04 1.035491949671320855e+00
6.075569107308408275e+04 1.006966415811016979e+00
6.075569133313787461e+04 1.039006538854436723e+00
6.075569159319166647e+04 9.820058217764667807e-01
6.075569185324547288e+04 9.785055895876891841e-01
6.075569211329927202e+04 1.028317286504068839e+00
6.075569237335306389e+04 1.031596385505511249e+00
6.075569263340685575e+04 1.097121786896577689e+00
6.075569289346064761e+04 9.811817015219428395e-01
6.075569315351444675e+04 9.988302055451550032e-01
6.075569341356823861e+04 9.956790528268186780e-01
6.075569367362203047e+04 1.011446793742773576e+00
6.075569393367582234e+04 1.010537047150839696e+00
6.075569419372962147e+04 9.946451699838925187e-01
6.075569445378341334e+04 1.100348241832781460e+00
6.075569471383720520e+04 9.899408611047105788e-01
6.075569497389100434e+04 1.005284380512256215e+00
6.075569523394481075e+04 9.556019107017617031e-01
6.075569549399860261e+04 1.006158014585751825e+00
6.075569575405239448e+04 1.038652826470274571e+00
6.075569601410618634e+04 1.036471198660137594e+00
6.075569627415998548e+04 1.017239779375530562e+00
6.075569653421377734e+04 1.012732597072835583e+00
6.075569679426756920e+04 1.048419529380357096e+00
6.075569705432136107e+04 1.010469752680970501e+00
6.075569731437516020e+04 9.652976147039500354e-01
6.075569757442895207e+04 9.778129419867542804e-01
6.075569783448274393e+04 9.355041942441030267e-01
6.075569809453654307e+04 1.012092203938958379e+00
6.075569835459034948e+04 9.603144958427330957e-01
6.075569861464414134e+04 1.043613640130142572e+00
6.075569887469793321e+04 9.699582642954701628e-01
6.075569913475172507e+04 1.032736335879529177e+00
6.075569939480552421e+04 1.058696112964072622e+00
6.075569965485931607e+04 1.000555533955851173e+00
6.075569991491310793e+04 1.012846536194199398e+00
6.075570017496689979e+04 1.008743360557405655e+00
6.075570043502069893e+04 9.782363612815774268e-01
6.075570069507449080e+04 1.010228887947499876e+00
6.075570095512828993e+04 1.014897667094333711e+00
6.075570121518208907e+04 9.686280814650858328e-01
6.075570147523588821e+04 9.897065408117975416e-01
6.075570173528968007e+04 1.003223467566782157e+00
6.075570199534347194e+04 1.027523582077166431e+00
6.075570225539727107e+04 1.032236967321345844e+00
6.075570251545106294e+04 1.016181703232845734e+00
6.075570277550485480e+04 1.003249486223543041e+00
6.075570303555864666e+04 9.730483546308043019e-01
6.075570329561244580e+04 9.896918883634358011e-01
6.075570355566623766e+04 1.047606702128319522e+00
6.075570381572002952e+04 9.731871048601979934e-01
6.075570407577382866e+04 9.921065713653525187e-01
6.075570433582763508e+04 1.015228069454816362e+00
6.075570459588142694e+04 9.984110287957863594e-01
6.075570485593521880e+04 1.045850346662596131e+00
6.075570511598901066e+04 1.037501724083674803e+00
6.075570537604280980e+04 1.051674909939263269e+00
6.075570563609660167e+04 1.027148570586643883e+00
6.075570589615039353e+04 1.023292901135123056e+00
6.075570615620419267e+04 1.046678304989556718e+00
6.075570641625798453e+04 1.023660070103623143e+00
6.075570667631177639e+04 1.010648668540780726e+00
6.075570693636557553e+04 1.022307022713466962e+00
6.075570719641938194e+04 1.040333860896322182e+00
6.075570745647317381e+04 9.407930366970231884e-01
6.075570771652696567e+04 1.056574575167246399e+00
6.075570797658076481e+04 1.020637202114998976e+00
6.075570823663455667e+04 1.037333716815466378e+00
6.075570849668834853e+04 1.013209340000588599e+00
6.075570875674214039e+04 1.036271065936891000e+00
6.075570901679593953e+04 1.042392314288648203e+00
6.075570927684973140e+04 9.992567618227979898e-01
6.075570953690352326e+04 9.948437103863263520e-01
6.075570979695732240e+04 1.049541770413307651e+00
6.075571005701112153e+04 1.000468389221221166e+00
6.075571031706492067e+04 1.061906467551442468e+00
6.075571057711871254e+04 1.021217792769127497e+00
6.075571083717251167e+04 1.016462853904249286e+00
6.075571109722630354e+04 9.620164975664482476e-01
6.075571135728009540e+04 9.460424514534059304e-01
6.075571161733389454e+04 1.011085187632237536e+00
6.075571187738768640e+04 9.947085912485343906e-01
6.075571213744147826e+04 1.014238538280713309e+00
6.075571239749527740e+04 1.045231117250768893e+00
6.075571265754906926e+04 1.006391635713840937e+00
6.075571291760286840e+04 9.962474839585162556e-01
6.075571317765666754e+04 9.845448989211945667e-01
6.075571474868715450e+04 1.019312768675632475e+00
6.075571500874785124e+04 1.022411231905661744e+00
6.075571526880854799e+04 1.062643346295393476e+00
6.075571552886924474e+04 1.028368622994189074e+00
6.075571578892994148e+04 1.026077484667081263e+00
6.075571604899063823e+04 1.044766521384998592e+00
6.075571630905133497e+04 1.060806824585291075e+00
6.075571656911203172e+04 1.058287792097952318e+00
6.075571682917273574e+04 1.007317805840256764e+00
6.075571708923342521e+04 9.538401678475177947e-01
6.075571734929412196e+04 1.026289353523895720e+00
6.075571760935482598e+04 1.052290172941793056e+00
6.075571786941552273e+04 9.736735036942369970e-01
6.075571812947621947e+04 1.003862156471937661e+00
6.075571838953690894e+04 1.031960037180549294e+00
6.075571864959761297e+04 9.658183223422537322e-01
6.075571890965830971e+04 1.005157332184345442e+00
6.075571916971899918e+04 1.061675670219405454e+00
6.075571942977970320e+04 9.631081697464668467e-01
6.075571968984039995e+04 1.037322825084250999e+00
6.075571994990109670e+04 1.011925920145098301e+00
6.075572020996180072e+04 1.029662303021985359e+00
6.075572047002249019e+04 9.785560329653407718e-01
6.075572073008318694e+04 1.068410404533326252e+00
6.075572099014388368e+04 9.920507780820310151e-01
6.075572125020458770e+04 1.022244643111481555e+00
6.075572151026528445e+04 1.005401409257302925e+00
6.075572177032597392e+04 1.026835224524787593e+00
6.075572203038667794e+04 1.048581576599530774e+00
6.075572229044737469e+04 1.047959932930422777e+00
6.075572255050806416e+04 1.061616575562805753e+00
6.075572281056877546e+04 1.022947536727244700e+00
6.075572307062946493e+04 1.043613581206533469e+00
6.075572333069016167e+04 1.013911010568724125e+00
6.075572359075086570e+04 9.977307370607226833e-01
6.075572385081155517e+04 9.722110944380377706e-01
6.075572411087225191e+04 9.387847564235255460e-01
6.075572437093294866e+04 1.051284800059282709e+00
6.075572463099365268e+04 1.038765509452238112e+00
6.075572489105434943e+04 9.782681550621782351e-01
6.075572515111503890e+04 9.728090414734154034e-01
6.075572541117574292e+04 1.048211498503151873e+00
6.075572567123643967e+04 9.901811900676952272e-01
6.075572593129713641e+04 1.047470740469687911e+00
6.075572619135784043e+04 1.070568690211722185e+00
6.075572645141852990e+04 1.022448756832484040e+00
6.075572671147922665e+04 9.803425178853992783e-01
6.075572697153993067e+04 9.751889845975700855e-01
6.075572723160062014e+04 1.005010015147454805e+00
6.075572749166131689e+04 1.015529186002530393e+00
6.075572775172202091e+04 9.633269152392289758e-01
6.075572801178271766e+04 9.282540177266707104e-01
6.075572827184341440e+04 1.032701801046672196e+00
6.075572853190411115e+04 9.402043231667253087e-01
6.075572879196480790e+04 1.035915220890260224e+00
6.075572905202550464e+04 1.002505506718746275e+00
6.075572931208620867e+04 9.748258799549207598e-01
6.075572957214690541e+04 9.739791507371798884e-01
6.075572983220759488e+04 9.962038881061321405e-01
6.075573009226829890e+04 1.028799390284224735e+00
6.075573035232899565e+04 1.003702386230178822e+00
6.075573061238968512e+04 9.952090313666477339e-01
6.075573087245038914e+04 1.037568125367983374e+00
6.075573113251108589e+04 1.017706360830373580e+00
6.075573139257178264e+04 9.972090724747560975e-01
6.075573165263248666e+04 1.040193910695334401e+00
6.075573191269317613e+04 1.011317779360685121e+00
6.075573217275387287e+04 9.973502122768025391e-01
6.075573243281457690e+04 1.043871328686838629e+00
6.075573269287527364e+04 9.643806003113013503e-01
6.075573295293597039e+04 1.052945924125082477e+00
6.075573321299666713e+04 9.463273873821418380e-01
6.075573347305736388e+04 1.039165651816979841e+00
6.075573373311806063e+04 9.876389830200982267e-01
6.075573399317875737e+04 1.001450002699299624e+00
6.075573425323946140e+04 1.049624064896558462e+00
6.075573451330015087e+04 9.770638701291241013e-01
6.075573477336085489e+04 1.008432779979191896e+00
6.075573503342155163e+04 1.038877580237111742e+00
6.075573529348224110e+04 9.680584435787381592e-01
6.075573555354294513e+04 1.037542558354393574e+00
6.075573581360364187e+04 1.067013494393501460e+00
6.075573607366434589e+04 9.995401560045901190e-01
6.075573633372504264e+04 9.689188014913229230e-01
6.075573659378573211e+04 1.019314756377762476e+00
6.075573685384643613e+04 1.004980184880645666e+00
6.075573711390713288e+04 1.003547191943063188e+00
6.075573737396782963e+04 9.941745004692457144e-01
6.075573763402853365e+04 9.785622968496633378e-01
6.075573789408922312e+04 1.072542798756716431e+00
6.075573815414991986e+04 9.673172054984634505e-01
6.075573841421062389e+04 1.004168934809501534e+00
6.075573867427131336e+04 9.778833517657394836e-01
6.075573893433201010e+04 1.009967847824214671e+00
6.075573919439271413e+04 1.008349189056987116e+00
6.075573945445341087e+04 1.015067474314246931e+00
6.075573971451411489e+04 1.021312071809488575e+00
6.075573997457480436e+04 9.783862179845542739e-01
6.075574023463550111e+04 1.014200083957608634e+00
6.075574049469620513e+04 9.824974857512627224e-01
6.075574075475690188e+04 9.871872842325790653e-01
6.075574101481759863e+04 9.882874941192787421e-01
6.075574127487829537e+04 1.018060529431105143e+00
6.075574153493899212e+04 1.006046643908654614e+00
6.075574179499969614e+04 1.019155939743033423e+00
6.075574205506038561e+04 1.042050153707651861e+00
6.075574231512108236e+04 9.539934697852093803e-01
6.075574257518178638e+04 1.020023111594865250e+00
6.075574283524248312e+04 1.046596071555179863e+00
6.075574309530317987e+04 9.960439025474170371e-01
6.075574483016229351e+04 1.011104188312020646e+00
6.075574509021608537e+04 1.007580801924079950e+00
6.075574535026989179e+04 1.009715116767888610e+00
6.075574561032369093e+04 9.214555508657217286e-01
6.075574587037748279e+04 1.033063434480995024e+00
6.075574613043128193e+04 1.021989458468391510e+00
6.075574639048507379e+04 1.006399901037712263e+00
6.075574665053887293e+04 9.832165685024372159e-01
6.075574691059266479e+04 9.459838273499366901e-01
6.075574717064645665e+04 9.837905286858015241e-01
6.075574743070025579e+04 1.010870556715732338e+00
6.075574769075404765e+04 1.025544373983586999e+00
6.075574795080784679e+04 9.593787454440866336e-01
6.075574821086163865e+04 1.013878071224068256e+00
6.075574847091544507e+04 9.570630008400322630e-01
6.075574873096924421e+04 9.287203595791022614e-01
6.075574899102303607e+04 1.007098871543208540e+00
6.075574925107683521e+04 9.562273617218343125e-01
6.075574951113062707e+04 1.046717624875979968e+00
6.075574977118442621e+04 1.013823665884621361e+00
6.075575003123821807e+04 9.927706275456705809e-01
6.075575029129201721e+04 1.023120758336161895e+00
6.075575055134580907e+04 9.825068880206737632e-01
6.075575081139960093e+04 1.007109573711975514e+00
6.075575107145340007e+04 1.054108077108045993e+00
6.075575133150719921e+04 1.030256458761653837e+00
6.075575159156100563e+04 1.043732843956002077e+00
6.075575185161479749e+04 1.014959822235158349e+00
6.075575211166859663e+04 1.038009216342037355e+00
6.075575237172238849e+04 1.007762870403314581e+00
6.075575263177618035e+04 9.682108008027539015e-01
6.075575289182997949e+04 1.006156414878590422e+00
6.075575315188377135e+04 1.023508548164226095e+00
6.075575341193757049e+04 9.964312408029447621e-01
6.075575367199136235e+04 9.937097959171623529e-01
6.075575393204516149e+04 9.967389247039539768e-01
6.075575419209895335e+04 1.048819250178720353e+00
6.075575445215275249e+04 1.012258083568447598e+00
6.075575471220655891e+04 1.031629945456918662e+00
6.075575497226035077e+04 9.729974570707363712e-01
6.075575523231414991e+04 1.011502369591310346e+00
6.075575549236794177e+04 9.452255675465911500e-01
6.075575575242174091e+04 1.001894202675995382e+00
6.075575601247553277e+04 9.809386414109473318e-01
6.075575627252933191e+04 9.342014901220145884e-01
6.075575653258312377e+04 9.855295399257473221e-01
6.075575679263691563e+04 1.066790078432558353e+00
6.075575705269071477e+04 1.012394237480642722e+00
6.075575731274451391e+04 1.028858114542750890e+00
6.075575757279832033e+04 9.665436085347582917e-01
6.075575783285211219e+04 1.005010648020930208e+00
6.075575809290591133e+04 9.577361831141847359e-01
6.075575835295970319e+04 9.855185562764818830e-01
6.075575861301350233e+04 9.475949179048042126e-01
6.075575887306729419e+04 1.036909454836016264e+00
6.075575913312109333e+04 9.786774824665810391e-01
6.075575939317488519e+04 1.044506509816064632e+00
6.075575965322867705e+04 1.043913489312476406e+00
6.075575991328247619e+04 9.890923289469306656e-01
6.075576017333626805e+04 1.040923084935082787e+00
6.075576043339007447e+04 1.004951027492191784e+00
6.075576069344387361e+04 9.779004542852670623e-01
6.075576095349767274e+04 9.918633721656758828e-01
6.075576121355146461e+04 9.943115812095613126e-01
6.075576147360526375e+04 1.069504525664054517e+00
6.075576173365905561e+04 1.016639751946472492e+00
6.075576199371285475e+04 9.875611730552097400e-01
6.075576225376664661e+04 9.865554267413234601e-01
6.075576251382044575e+04 1.000818480408890210e+00
6.075576277387423761e+04 1.029699649373603920e+00
6.075576303392802947e+04 9.572177789091016464e-01
6.075576329398183589e+04 1.005669311522625842e+00
6.075576355403563502e+04 1.060493541401318796e+00
6.075576381408943416e+04 1.073203759251654121e+00
6.075576407414322603e+04 9.591524840030345445e-01
6.075576433419702516e+04 1.024243345108419190e+00
6.075576459425081703e+04 9.889094916554179715e-01
6.075576485430461616e+04 9.584109055235078278e-01
6.075576511435840803e+04 1.005822425758087668e+00
6.075576537441220717e+04 1.047695918499079726e+00
6.075576563446599903e+04 1.007365113306227578e+00
6.075576589451979817e+04 9.854980939350771463e-01
6.075576615457359003e+04 1.017895458105482209e+00
6.075576641462739644e+04 1.015083412786365713e+00
6.075576667468119558e+04 1.007630957001522720e+00
6.075576693473499472e+04 1.062021730387663787e+00
6.075576719478878658e+04 9.746599361312308085e-01
6.075576745484258572e+04 1.062656361850364606e+00
6.075576771489637758e+04 9.653250630293898071e-01
6.075576797495017672e+04 1.058059081160517056e+00
6.075576823500396858e+04 9.333121649442922552e-01
6.075576849505776045e+04 1.045462101761496676e+00
6.075576875511155959e+04 1.024984966933020436e+00
6.075576901516535145e+04 1.013068450324695613e+00
6.075576927521915786e+04 9.984578558624755962e-01
6.075576953527295700e+04 1.041354624514331695e+00
6.075576979532675614e+04 1.042484477346594218e+00
6.075577005538054800e+04 9.871778379820738136e-01
6.075577031543434714e+04 9.814290056119989725e-01
6.075577057548813900e+04 1.004347104077812691e+00
6.075577083554193814e+04 9.742538506541807974e-01
6.075577109559573000e+04 1.010866812507836832e+00
6.075577135564952914e+04 1.051400646002223827e+00
6.075577161570332100e+04 1.035795900273939862e+00
6.075577187575712014e+04 9.332181468522361412e-01
6.075577213581091200e+04 9.804889916312649056e-01
6.075577239586471842e+04 1.033263551596190322e+00
6.075577265591851756e+04 9.640600414854472167e-01
6.075577291597231670e+04 1.025669683421320144e+00
6.075577317602610856e+04 1.001658804539549585e+00
