6.075547523418369383e+04 1.078407572288720306e+00
6.075547549424438330e+04 1.050944552240804741e+00
6.075547575430508005e+04 1.001832533163621974e+00
6.075547601436576224e+04 9.325139134561636345e-01
6.075547627442645899e+04 9.982469551910996275e-01
6.075547653448714846e+04 9.602763831204992329e-01
6.075547679454784520e+04 1.148053631842497646e+00
6.075547705460853467e+04 9.678245063952647387e-01
6.075547731466922414e+04 9.868175432980431649e-01
6.075547757472991361e+04 1.007929708358137777e+00
6.075547783479061036e+04 1.055952586838331708e+00
6.075547809485129255e+04 1.068559191696984989e+00
6.075547835491198930e+04 1.053940668669098413e+00
6.075547861497267877e+04 1.054696095654340304e+00
6.075547887503337552e+04 9.842134427992481616e-01
6.075547913509406499e+04 1.028007351248705570e+00
6.075547939515475446e+04 1.035401662508779186e+00
6.075547965521544393e+04 1.080218878745318856e+00
6.075547991527614067e+04 9.176333168703969534e-01
6.075548017533683014e+04 9.578418081019237640e-01
6.075548043539752689e+04 1.044544945963733262e+00
6.075548069545820908e+04 1.030394504003835587e+00
6.075548095551890583e+04 1.006205378697494490e+00
6.075548121557959530e+04 9.708735420369274394e-01
6.075548147564028477e+04 9.649592135052897923e-01
6.075548173570098152e+04 9.741991725811131042e-01
6.075548199576167099e+04 1.048295902596660500e+00
6.075548225582236773e+04 1.102599750777753851e+00
6.075548251588305720e+04 1.014787911853854530e+00
6.075548277594374667e+04 9.429698300613311712e-01
6.075548303600443614e+04 1.089358354582385058e+00
6.075548329606513289e+04 1.118793273860093862e+00
6.075548355612582236e+04 1.042811732207136854e+00
6.075548381618651911e+04 1.066754204851748433e+00
6.075548407624720130e+04 1.000965365881505864e+00
6.075548433630789805e+04 9.382328479881197891e-01
6.075548459636858752e+04 9.226266537280009006e-01
6.075548485642928426e+04 1.066496610445986759e+00
6.075548511648997373e+04 1.051690722346564133e+00
6.075548537655066320e+04 1.027519790351402840e+00
6.075548563661135267e+04 9.852495984148765817e-01
6.075548589667204942e+04 9.356522298901314150e-01
6.075548615673273162e+04 1.100048902776718629e+00
6.075548641679342836e+04 9.815756212819116699e-01
6.075548667685411783e+04 1.024686265737946078e+00
6.075548693691481458e+04 9.607342977583523957e-01
6.075548719697551132e+04 9.517295650261052842e-01
6.075548745703619352e+04 9.493511416482763865e-01
6.075548771709689026e+04 9.987455059214090936e-01
6.075548797715757973e+04 1.138213267289068353e+00
6.075548823721827648e+04 1.089608610291678659e+00
6.075548849727896595e+04 1.008297916034713859e+00
6.075548875733965542e+04 9.431399056514626622e-01
6.075548901740034489e+04 1.005647967253919139e+00
6.075548927746104164e+04 9.564641139875295073e-01
6.075548953752172383e+04 1.044315912095022281e+00
6.075548979758242058e+04 1.013077252540345752e+00
6.075549005764311732e+04 1.074856612723892102e+00
6.075549031770380680e+04 9.769981895812447359e-01
6.075549057776450354e+04 1.142224437333066556e+00
6.075549083782518574e+04 1.043798143700244596e+00
6.075549109788588248e+04 1.009014579810362466e+00
6.075549135794657195e+04 9.629143747520337859e-01
6.075549161800726870e+04 1.079661422950762395e+00
6.075549187806795817e+04 9.904731091803549159e-01
6.075549213812864764e+04 1.001939509344134782e+00
6.075549239818933711e+04 8.364001225663241224e-01
6.075549265825003386e+04 9.257037585990884887e-01
6.075549291831072333e+04 8.824054189573040663e-01
6.075549317837142007e+04 1.028459522776716595e+00
6.075549343843210954e+04 9.860133547381381147e-01
6.075549369849279901e+04 1.026382430611617158e+00
6.075549395855349576e+04 1.041673504500072678e+00
6.075549421861417795e+04 9.718654715353959306e-01
6.075549447867487470e+04 1.053368470750041253e+00
6.075549473873556417e+04 9.367448473835673362e-01
6.075549499879626092e+04 1.009541083314410503e+00
6.075549525885695766e+04 1.017377748959096273e+00
6.075549551891763986e+04 9.951497575008888541e-01
6.075549577897833660e+04 1.000258838310534859e+00
6.075549603903902607e+04 1.010731858523209015e+00
6.075549629909972282e+04 1.126207858841568488e+00
6.075549655916041229e+04 9.597955002184801465e-01
6.075549681922110176e+04 9.226027015988191859e-01
6.075549707928179851e+04 1.092445650106603772e+00
6.075549733934248798e+04 9.959290869311895333e-01
6.075549759940317745e+04 1.029565519294181497e+00
6.075549785946386692e+04 1.009152234817362936e+00
6.075549811952456366e+04 1.020911329147753399e+00
6.075549837958525313e+04 9.995628007338041021e-01
6.075549863964594988e+04 1.085027923107008574e+00
6.075549889970663935e+04 9.630574348530558382e-01
6.075549915976732882e+04 9.165165895232982862e-01
6.075549941982802557e+04 1.010836177917924017e+00
6.075549967988871504e+04 1.038200414895738888e+00
6.075549993994941178e+04 9.158996794013595233e-01
6.075550020001009398e+04 1.064785253213138771e+00
6.075550046007079072e+04 9.614738435232961233e-01
6.075550072013148747e+04 1.070067266956911123e+00
6.075550098019216966e+04 9.858243637953942873e-01
6.075550124025286641e+04 8.087572785873167192e-01
6.075550150031355588e+04 1.074827843123954629e+00
6.075550176037425263e+04 9.709194603726049033e-01
6.075550202043494210e+04 1.041823028040308019e+00
6.075550228049563157e+04 1.004014104630737370e+00
6.075550254055632831e+04 1.013432726539805762e+00
6.075550280061701778e+04 1.052829504953562090e+00
6.075550306067771453e+04 9.633184192470146678e-01
6.075550332073840400e+04 1.045030585288619029e+00
6.075550358079909347e+04 1.120954703753665571e+00
6.075550513883041276e+04 9.928216238475411348e-01
6.075550539889110951e+04 1.063736553113925565e+00
6.075550565895179898e+04 9.093714812643932666e-01
6.075550591901248845e+04 9.978990951779951324e-01
6.075550617907318519e+04 9.354918354686779791e-01
6.075550643913387466e+04 9.871237132749307586e-01
6.075550669919457141e+04 1.064392137145082851e+00
6.075550695925526088e+04 1.023595306523981785e+00
6.075550721931595035e+04 9.338825602464548847e-01
6.075550747937664710e+04 9.877843966032220369e-01
6.075550773943733657e+04 9.394167180761384683e-01
6.075550799949803331e+04 1.082385482231924989e+00
6.075550825955872278e+04 9.782813063286851518e-01
6.075550851961941225e+04 9.945921492313639645e-01
6.075550877968010900e+04 1.070208165960317759e+00
6.075550903974079847e+04 9.328602853123080241e-01
6.075550929980148794e+04 1.018597786079387779e+00
6.075550955986217741e+04 1.021472285314804163e+00
6.075550981992287416e+04 9.834134857136355157e-01
6.075551007998357090e+04 9.288573054192734713e-01
6.075551034004426037e+04 1.043939575461797720e+00
6.075551060010494984e+04 9.333343470426752608e-01
6.075551086016564659e+04 9.485239339694221394e-01
6.075551112022633606e+04 1.087359136547366933e+00
6.075551138028703281e+04 1.068613769855944806e+00
6.075551164034772228e+04 9.373953156842312895e-01
6.075551190040841175e+04 1.016876112127192755e+00
6.075551216046910849e+04 9.664584341388940958e-01
6.075551242052979796e+04 1.076752290325627470e+00
6.075551268059049471e+04 9.101360063355526941e-01
6.075551294065118418e+04 1.007520044928859715e+00
6.075551320071187365e+04 1.094104343957532866e+00
6.075551346077257040e+04 9.911107468340504267e-01
6.075551372083325987e+04 9.771494476334993129e-01
6.075551398089394934e+04 9.956172912928855645e-01
6.075551424095464608e+04 8.918983614892928014e-01
6.075551450101533555e+04 1.043230334983310970e+00
6.075551476107603230e+04 9.856184331208533989e-01
6.075551502113672177e+04 1.012202287278179069e+00
6.075551528119741124e+04 9.940426841177059103e-01
6.075551554125810799e+04 1.005390950149462670e+00
6.075551580131879746e+04 9.909498243731216238e-01
6.075551606137949420e+04 9.570931399745676860e-01
6.075551632144019095e+04 1.083423241368917767e+00
6.075551658150087314e+04 9.922365562159719543e-01
6.075551684156156989e+04 1.025572725210611713e+00
6.075551710162226664e+04 1.061380649417663413e+00
6.075551736168294883e+04 1.130100505275912104e+00
6.075551762174364558e+04 1.078717102646046477e+00
6.075551788180433505e+04 9.832895435251384209e-01
6.075551814186503179e+04 1.003691487002919658e+00
6.075551840192572854e+04 1.020971408858773577e+00
6.075551866198641073e+04 1.009402752883384657e+00
6.075551892204710748e+04 9.835090724009704077e-01
6.075551918210780423e+04 9.350720506313754399e-01
6.075551944216849370e+04 1.166703532476479177e+00
6.075551970222919044e+04 9.140603050349839220e-01
6.075551996228987991e+04 1.086880641838272155e+00
6.075552022235056938e+04 9.854342165209407645e-01
6.075552048241126613e+04 9.898744859110730765e-01
6.075552074247194832e+04 9.754523995057096108e-01
6.075552100253265235e+04 1.008948860237659506e+00
6.075552126259334182e+04 1.056594970310030357e+00
6.075552152265403129e+04 9.765964394290276296e-01
6.075552178271472803e+04 9.068823351210826278e-01
6.075552204277541750e+04 9.580200272067805889e-01
6.075552230283610697e+04 1.028477626514686660e+00
6.075552256289680372e+04 1.096093405868591608e+00
6.075552282295750047e+04 1.001405492701455291e+00
6.075552308301818994e+04 1.014083901866321469e+00
6.075552334307887941e+04 9.105675788868905496e-01
6.075552360313957615e+04 8.971374598053452054e-01
6.075552386320026562e+04 1.124276366756427503e+00
6.075552412326096237e+04 9.264097868793172985e-01
6.075552438332165912e+04 9.071975539048123816e-01
6.075552464338234131e+04 9.205748859321027933e-01
6.075552490344303806e+04 1.069781978421053159e+00
6.075552516350373480e+04 1.113118502773641216e+00
6.075552542356441700e+04 8.964882809820484688e-01
6.075552568362511374e+04 9.338611681216834048e-01
6.075552594368581049e+04 9.646105721565293445e-01
6.075552620374649996e+04 9.023067561690242266e-01
6.075552646380719671e+04 9.273947716491630633e-01
6.075552672386788618e+04 9.488330936420067419e-01
6.075552698392857565e+04 9.983563063861882192e-01
6.075552724398927239e+04 9.383397388832801500e-01
6.075552750404996914e+04 9.666976117535887036e-01
6.075552776411065861e+04 1.044797708570635697e+00
6.075552802417134808e+04 1.017234754839773547e+00
6.075552828423204483e+04 9.762487072280563449e-01
6.075552854429273430e+04 1.053727099522111965e+00
6.075552880435342377e+04 9.456731874606465471e-01
6.075552906441412051e+04 1.042999511445739103e+00
6.075552932447480998e+04 9.732173794675169631e-01
6.075552958453550673e+04 9.560776725997808256e-01
6.075552984459620347e+04 9.197593983728165057e-01
6.075553010465688567e+04 9.181994238021160548e-01
6.075553036471758242e+04 9.953880926854017375e-01
6.075553062477827916e+04 9.736257474359463204e-01
6.075553088483896863e+04 9.999049591595926545e-01
6.075553114489966538e+04 9.823896762167951824e-01
6.075553140496035485e+04 8.984573748388487990e-01
6.075553166502104432e+04 8.932012272641408623e-01
6.075553192508174106e+04 9.012879737575628658e-01
6.075553218514243054e+04 1.022765134338280202e+00
6.075553244520312728e+04 9.616146138749899208e-01
6.075553270526381675e+04 9.379405499623185705e-01
6.075553296532451350e+04 1.011681591782536582e+00
6.075553322538520297e+04 9.733794285899572962e-01
6.075553348544589244e+04 9.543899416973297134e-01
6.075553503087646095e+04 8.605473033957469209e-01
6.075553529093715770e+04 9.658197881407484253e-01
6.075553555099784717e+04 9.783713631598622840e-01
6.075553581105853664e+04 1.039293684537071494e+00
6.075553607111923338e+04 8.719691485702236733e-01
6.075553633117992285e+04 1.003142079889239424e+00
6.075553659124061960e+04 1.003856973162391419e+00
6.075553685130131635e+04 9.940628687477751635e-01
6.075553711136199854e+04 1.032648700789956298e+00
6.075553737142269529e+04 9.843641589513664192e-01
6.075553763148339203e+04 9.331340708900478509e-01
6.075553789154408878e+04 9.963315969581063580e-01
6.075553815160477825e+04 1.001031982219356742e+00
6.075553841166546772e+04 1.029430859267507437e+00
6.075553867172616447e+04 1.018640438186622088e+00
6.075553893178685394e+04 1.033502853539480348e+00
6.075553919184754341e+04 1.013484758352147352e+00
6.075553945190824015e+04 1.035862527507541708e+00
6.075553971196892962e+04 9.245146645857510448e-01
6.075553997202962637e+04 8.829442418614193988e-01
6.075554023209032312e+04 8.698709425848853982e-01
6.075554049215101259e+04 9.126233982272089484e-01
6.075554075221170206e+04 9.463128127882450835e-01
6.075554101227239880e+04 8.769605188884049829e-01
6.075554127233309555e+04 1.044390798635461026e+00
6.075554153239378502e+04 9.696138892628215489e-01
6.075554179245447449e+04 1.011007305281930613e+00
6.075554205251517124e+04 9.261178863286412266e-01
6.075554231257586798e+04 9.414095321450353104e-01
6.075554257263655018e+04 9.917792479618547929e-01
6.075554283269725420e+04 9.847721302921687014e-01
6.075554309275794367e+04 9.694412821835656224e-01
6.075554335281863314e+04 8.476787942940574583e-01
6.075554361287932988e+04 9.167418843861978583e-01
6.075554387294001936e+04 1.050771864291984992e+00
6.075554413300071610e+04 1.008295122587860693e+00
6.075554439306140557e+04 9.272633601735348341e-01
6.075554465312210232e+04 8.376539930137067991e-01
6.075554491318279906e+04 9.605951077039164288e-01
6.075554517324348853e+04 1.104325398213809706e+00
6.075554543330417800e+04 1.009848783043479026e+00
6.075554569336487475e+04 9.983060113665618296e-01
6.075554595342557150e+04 1.009021418909370915e+00
6.075554621348626097e+04 9.158307495220775474e-01
6.075554647354695044e+04 1.018340614939246436e+00
6.075554673360764718e+04 9.193296134006756493e-01
6.075554699366834393e+04 9.449314631969262246e-01
6.075554725372902612e+04 9.852872251640101275e-01
6.075554751378972287e+04 1.006800647477414934e+00
6.075554777385041962e+04 9.525434077302961100e-01
6.075554803391111636e+04 9.673587635276674757e-01
6.075554829397180583e+04 9.114119253883693483e-01
6.075554855403249530e+04 9.692531442232136252e-01
6.075554881409319205e+04 9.750459468775121152e-01
6.075554907415388152e+04 8.060852097614678025e-01
6.075554933421457827e+04 1.024721611864938708e+00
6.075554959427527501e+04 9.046658648479206644e-01
6.075554985433596448e+04 9.532221373239678774e-01
6.075555011439665395e+04 9.871807668094075838e-01
6.075555037445735070e+04 9.650793540368867163e-01
6.075555063451804017e+04 9.479763419384771295e-01
6.075555089457873692e+04 9.734139888550545905e-01
6.075555115463942639e+04 8.414442384696979582e-01
6.075555141470012313e+04 8.903021318003702111e-01
6.075555167476081988e+04 9.700562111413599808e-01
6.075555193482150935e+04 9.530262160470002186e-01
6.075555219488219882e+04 9.673591347525420936e-01
6.075555245494289557e+04 9.901694531663818299e-01
6.075555271500359231e+04 1.042667449969418847e+00
6.075555297506428906e+04 1.117147908043355509e+00
6.075555323512497125e+04 8.479380187275465941e-01
6.075555349518566800e+04 8.838176751192410308e-01
6.075555375524636474e+04 9.163692092425919089e-01
6.075555401530705421e+04 9.320192206159327863e-01
6.075555427536775096e+04 9.860883563905502580e-01
6.075555453542844043e+04 9.698413542858562719e-01
6.075555479548913718e+04 9.680031496462671026e-01
6.075555505554983392e+04 8.449089030204484096e-01
6.075555531561051612e+04 9.009092690569717732e-01
6.075555557567121286e+04 1.007050898165110953e+00
6.075555583573190961e+04 9.426358263209138055e-01
6.075555609579260636e+04 1.010837525709268103e+00
6.075555635585329583e+04 1.021579468507863853e+00
6.075555661591398530e+04 8.635787537176771167e-01
6.075555687597468204e+04 9.944582583155339162e-01
6.075555713603537879e+04 1.022450897245997359e+00
6.075555739609607554e+04 8.038195906297566085e-01
6.075555765615676501e+04 9.721718166914996573e-01
6.075555791621745448e+04 9.544004334281238622e-01
6.075555817627815122e+04 1.035971019825405293e+00
6.075555843633884797e+04 9.794002863497883737e-01
6.075555869639953016e+04 9.366940772827173634e-01
6.075555895646022691e+04 9.116660544854613413e-01
6.075555921652092366e+04 9.315079464064985881e-01
6.075555947658162040e+04 9.746419133046099192e-01
6.075555973664230987e+04 9.895380197529194399e-01
6.075555999670299934e+04 1.038785349325575424e+00
6.075556025676369609e+04 9.742579540793183668e-01
6.075556051682439283e+04 9.440757539458214387e-01
6.075556077688508958e+04 9.461050023009923704e-01
6.075556103694577905e+04 1.010557652062355150e+00
6.075556129700646852e+04 1.063686651320945531e+00
6.075556155706716527e+04 9.909183575553532908e-01
6.075556181712786201e+04 9.411153182243406912e-01
6.075556207718854421e+04 9.052068515818930683e-01
6.075556233724924095e+04 9.408290999212960415e-01
6.075556259730993770e+04 9.538534611749334147e-01
6.075556285737063445e+04 8.179689591865535458e-01
6.075556311743133119e+04 9.322158717963440200e-01
6.075556337749201339e+04 9.678209760929457062e-01
6.075556504896522529e+04 9.114296403462422980e-01
6.075556530902591476e+04 9.877054145565443699e-01
6.075556556908661150e+04 9.477490488625780474e-01
6.075556582914730097e+04 9.401755470811417048e-01
6.075556608920799772e+04 8.981482717854668563e-01
6.075556634926869447e+04 9.470718100826789332e-01
6.075556660932938394e+04 9.315499414728943828e-01
6.075556686939008068e+04 9.961132104428939149e-01
6.075556712945077015e+04 9.660211504938598370e-01
6.075556738951146690e+04 9.315442810181737698e-01
6.075556764957216365e+04 9.910528278855637030e-01
6.075556790963285312e+04 8.863307219198396369e-01
6.075556816969354986e+04 9.467918661909300315e-01
6.075556842975423933e+04 9.751578031029360938e-01
6.075556868981492880e+04 1.020284297537998652e+00
6.075556894987563282e+04 9.376419758066271148e-01
6.075556920993632230e+04 9.786847504381113172e-01
6.075556946999701904e+04 9.109746489045478235e-01
6.075556973005770851e+04 9.684907504075608298e-01
6.075556999011839798e+04 9.396222254063734125e-01
6.075557025017909473e+04 9.997831018374820911e-01
6.075557051023979147e+04 8.925933528418957819e-01
6.075557077030048822e+04 9.799307836494242085e-01
6.075557103036117769e+04 9.944003203555926707e-01
6.075557129042186716e+04 9.860514516631931903e-01
6.075557155048256391e+04 1.000946714746048460e+00
6.075557181054326065e+04 9.940374675773387958e-01
6.075557207060395740e+04 8.860462808409839131e-01
6.075557233066464687e+04 8.805694255722448238e-01
6.075557259072533634e+04 9.939481046527832708e-01
6.075557285078603309e+04 9.519834043660611034e-01
6.075557311084672983e+04 8.358169881089806408e-01
6.075557337090741930e+04 9.415922953807297491e-01
6.075557363096811605e+04 9.751256165484774030e-01
6.075557389102880552e+04 9.553451298132645819e-01
6.075557415108950227e+04 1.005591403669430672e+00
6.075557441115019901e+04 9.091387520230467256e-01
6.075557467121088848e+04 9.280528153050270346e-01
6.075557493127158523e+04 1.013690265922093658e+00
6.075557519133227470e+04 8.982645963755369056e-01
6.075557545139297144e+04 9.136218082003197960e-01
6.075557571145366819e+04 1.127732102221536081e+00
6.075557597151435766e+04 9.200383174188044855e-01
6.075557623157505441e+04 9.546568709374887440e-01
6.075557649163575115e+04 1.035830449781423912e+00
6.075557675169643335e+04 9.759843784568883462e-01
6.075557701175713009e+04 9.944909185239269034e-01
6.075557727181782684e+04 9.840212367509025837e-01
6.075557753187852359e+04 1.008813073418264983e+00
6.075557779193922033e+04 9.745944746891276322e-01
6.075557805199990980e+04 9.441514090091883693e-01
6.075557831206059927e+04 9.925985323204581379e-01
6.075557857212129602e+04 8.344488571053096937e-01
6.075557883218199277e+04 9.459178044659773965e-01
6.075557909224268951e+04 9.546396182027526711e-01
6.075557935230337898e+04 9.118205258606644215e-01
6.075557961236407573e+04 7.956472552112968666e-01
6.075557987242476520e+04 9.792389029687821322e-01
6.075558013248546195e+04 9.843755403118285008e-01
6.075558039254615869e+04 9.195152036732635592e-01
6.075558065260684816e+04 8.959944013041741817e-01
6.075558091266754491e+04 1.005915865359454653e+00
6.075558117272824165e+04 7.783925717271809042e-01
6.075558143278892385e+04 1.010135162329385938e+00
6.075558169284962059e+04 1.064720487466973564e+00
6.075558195291031734e+04 9.768409215644758836e-01
6.075558221297101409e+04 9.149142129732458217e-01
6.075558247303171083e+04 9.808098690102191597e-01
6.075558273309240030e+04 8.900781804335621272e-01
6.075558299315309705e+04 1.033808791662850668e+00
6.075558325321378652e+04 9.005809243426909916e-01
6.075558351327448327e+04 9.913968735580961367e-01
6.075558377333518001e+04 1.011304575417863783e+00
6.075558403339586948e+04 9.759867874642622620e-01
6.075558429345656623e+04 9.000561201937510303e-01
6.075558455351726298e+04 9.658499838874701204e-01
6.075558481357794517e+04 8.571053918724814702e-01
6.075558507363864192e+04 1.134349478676332179e+00
6.075558533369933866e+04 9.252524274546899408e-01
6.075558559376003541e+04 1.068582233185218389e+00
6.075558585382073215e+04 1.003334639552806662e+00
6.075558611388142162e+04 9.088243544738462409e-01
6.075558637394211837e+04 9.223858198836204503e-01
6.075558663400280784e+04 9.603246202366805262e-01
6.075558689406350459e+04 9.365065449054537083e-01
6.075558715412420133e+04 9.498205468948487384e-01
6.075558741418489080e+04 9.574094150533889458e-01
6.075558767424558755e+04 9.122528946691339513e-01
6.075558793430628430e+04 1.104766862584821263e+00
6.075558819436697377e+04 9.097954864793315055e-01
6.075558845442767051e+04 1.038979424410902963e+00
6.075558871448835998e+04 8.781206369652220234e-01
6.075558897454905673e+04 9.470222628096175432e-01
6.075558923460975348e+04 8.912673230077657882e-01
6.075558949467044295e+04 8.281359735186699655e-01
6.075558975473113969e+04 9.337566870793003737e-01
6.075559001479183644e+04 1.061120326619540144e+00
6.075559027485253318e+04 1.002427792856973587e+00
6.075559053491322265e+04 1.062862310951547373e+00
6.075559079497391212e+04 9.585001918022635348e-01
6.075559105503460887e+04 9.463450921257100523e-01
6.075559131509530562e+04 9.602923572945805120e-01
6.075559157515600236e+04 9.881891970485027210e-01
6.075559183521669911e+04 1.009274481313357841e+00
6.075559209527738858e+04 8.848375445648513082e-01
6.075559235533808533e+04 1.009090556933887273e+00
6.075559261539877480e+04 9.779222282795227983e-01
6.075559287545946427e+04 8.938960139336014077e-01
6.075559313552016101e+04 8.778461059996732763e-01
6.075559339558085776e+04 8.850015141468557944e-01
6.075559494101491873e+04 9.452017890710830983e-01
6.075559520107561548e+04 9.000099141673741920e-01
6.075559546113631222e+04 8.523370598139961007e-01
6.075559572119700897e+04 9.590544750639031779e-01
6.075559598125769844e+04 9.954559823976912858e-01
6.075559624131839519e+04 9.577779168271896015e-01
6.075559650137908466e+04 9.328653635956041246e-01
6.075559676143977413e+04 8.451795406518606280e-01
6.075559702150047087e+04 9.191350976106589243e-01
6.075559728156116762e+04 8.954925464231260346e-01
6.075559754162186437e+04 9.349877178846005554e-01
6.075559780168256111e+04 8.968043677636672317e-01
6.075559806174325058e+04 9.699776077825196241e-01
6.075559832180394733e+04 1.000295810164059329e+00
6.075559858186464407e+04 1.003640961575887891e+00
6.075559884192533355e+04 9.597765897833094861e-01
6.075559910198603029e+04 9.353579206096850340e-01
6.075559936204671976e+04 9.490183977507107294e-01
6.075559962210741651e+04 9.331247235441701982e-01
6.075559988216811325e+04 8.859304812899563286e-01
6.075560014222880272e+04 9.368811302828796705e-01
6.075560040228950675e+04 8.207416543374856932e-01
6.075560066235019622e+04 1.050703955430363212e+00
6.075560092241089296e+04 9.368442750383467743e-01
6.075560118247158971e+04 9.723407007714932604e-01
6.075560144253227918e+04 8.511254378794916864e-01
6.075560170259296865e+04 1.038230545142393879e+00
6.075560196265366540e+04 9.360630146782651373e-01
6.075560222271436214e+04 8.490707473528573690e-01
6.075560248277505889e+04 9.431073418864568403e-01
6.075560274283574836e+04 9.208837113234698002e-01
6.075560300289644510e+04 9.846157176499252817e-01
6.075560326295714185e+04 8.879120480792053183e-01
6.075560352301783860e+04 9.200309829209537549e-01
6.075560378307853534e+04 9.600993473611068030e-01
6.075560404313922481e+04 9.359325558192468364e-01
6.075560430319992156e+04 9.125779760951726605e-01
6.075560456326061831e+04 9.955779637084333222e-01
6.075560482332130050e+04 9.921163262566827790e-01
6.075560508338199725e+04 9.495153676293647260e-01
6.075560534344269399e+04 9.522701895424413587e-01
6.075560560350339074e+04 9.230790945539484316e-01
6.075560586356408749e+04 8.804709484066622904e-01
6.075560612362477696e+04 9.175262182194839911e-01
6.075560638368547370e+04 9.133040617806822414e-01
6.075560664374617045e+04 9.252851383655245066e-01
6.075560690380686719e+04 9.173412700326890601e-01
6.075560716386756394e+04 8.992095132724674533e-01
6.075560742392825341e+04 8.667391307272687140e-01
6.075560768398895016e+04 1.029830276653591836e+00
6.075560794404964690e+04 1.012023687071402556e+00
6.075560820411032910e+04 8.418686922374367665e-01
6.075560846417102584e+04 8.818089037835196153e-01
6.075560872423172259e+04 9.642110244006172337e-01
6.075560898429241934e+04 9.049841468677571887e-01
6.075560924435311608e+04 9.493990162477787820e-01
6.075560950441380555e+04 8.879911665143273014e-01
6.075560976447450230e+04 9.723147261999385282e-01
6.075561002453519905e+04 9.216607743977178746e-01
6.075561028459589579e+04 9.169291419621379280e-01
6.075561054465659254e+04 9.018351448433348239e-01
6.075561080471728201e+04 1.007351463453276086e+00
6.075561106477797875e+04 8.412951592064983330e-01
6.075561132483867550e+04 1.015330338180046255e+00
6.075561158489937225e+04 1.058823725059280685e+00
6.075561184496006899e+04 9.073255880504600412e-01
6.075561210502075846e+04 9.506948159661027242e-01
6.075561236508144793e+04 9.501346235737490042e-01
6.075561262514214468e+04 8.883348211180804865e-01
6.075561288520283415e+04 8.773844335110395631e-01
6.075561314526353090e+04 9.408211940597057676e-01
6.075561340532422764e+04 9.319834138180617122e-01
6.075561366538492439e+04 8.569605240143017832e-01
6.075561392544562113e+04 9.683361357468841524e-01
6.075561418550631060e+04 9.689081989003599515e-01
6.075561444556700735e+04 7.613715048241523897e-01
6.075561470562770410e+04 8.712068861800035258e-01
6.075561496568840084e+04 1.019615937979109210e+00
6.075561522574909759e+04 8.546664786760518329e-01
6.075561548580978706e+04 9.201678730169154941e-01
6.075561574587048381e+04 9.660264082860998691e-01
6.075561600593118055e+04 8.788813357186711084e-01
6.075561626599187002e+04 9.654215779363654049e-01
6.075561652605256677e+04 9.706025652794780800e-01
6.075561678611326352e+04 9.972684774271282082e-01
6.075561704617396026e+04 9.209210573926546184e-01
6.075561730623465701e+04 9.556998864371555324e-01
6.075561756629534648e+04 9.735049686638782562e-01
6.075561782635604322e+04 1.099656407372226585e+00
6.075561808641673269e+04 1.042411472903769676e+00
6.075561834647742944e+04 9.130789310107423340e-01
6.075561860653812619e+04 9.519946151255601619e-01
6.075561886659881566e+04 1.007366044989678855e+00
6.075561912665951240e+04 9.679943097335899083e-01
6.075561938672020915e+04 8.521678255361897492e-01
6.075561964678089862e+04 9.918605347351454604e-01
6.075561990684160264e+04 9.694413907270451602e-01
6.075562016690229211e+04 9.302413450968815001e-01
6.075562042696298886e+04 9.778390526241635961e-01
6.075562068702368560e+04 9.677636353968357419e-01
6.075562094708437508e+04 9.699515096554706117e-01
6.075562120714507182e+04 8.642484845199622789e-01
6.075562146720576857e+04 9.474174033712950971e-01
6.075562172726646531e+04 9.117995138474843664e-01
6.075562198732716206e+04 9.513911358029776277e-01
6.075562224738785153e+04 8.692225387939270798e-01
6.075562250744854828e+04 9.477307353443535920e-01
6.075562276750924502e+04 9.691676605314683002e-01
6.075562302756994177e+04 9.621922137362313165e-01
6.075562328763063852e+04 9.217461401221973549e-01
6.075562490904599690e+04 9.217435652572127935e-01
6.075562516909990518e+04 8.814480280189588290e-01
6.075562542915379890e+04 9.172963878143155503e-01
6.075562568920769263e+04 8.891942816265302474e-01
6.075562594926160091e+04 8.589033334742532944e-01
6.075562620931549463e+04 9.106276485163748990e-01
6.075562646936939564e+04 1.030604678273612462e+00
6.075562672942329664e+04 1.032903568542931971e+00
6.075562698947719036e+04 9.434452245835366346e-01
6.075562724953109864e+04 9.807891387934802863e-01
6.075562750958499237e+04 9.182615248476428960e-01
6.075562776963889337e+04 9.361330289407274741e-01
6.075562802969280165e+04 1.033206836532186257e+00
6.075562828974669537e+04 9.436813258902900792e-01
6.075562854980059637e+04 9.688071295579883113e-01
6.075562880985449738e+04 8.181234648818851429e-01
6.075562906990839110e+04 8.818262605070019688e-01
6.075562932996229938e+04 9.791793265240957833e-01
6.075562959001619311e+04 9.458889144555031603e-01
6.075562985007009411e+04 8.087454519824799348e-01
6.075563011012399511e+04 9.108280835065258874e-01
6.075563037017788884e+04 9.348122306261288372e-01
6.075563063023179711e+04 7.962047304193650143e-01
6.075563089028569084e+04 1.058350180860031076e+00
6.075563115033958456e+04 9.770152920800868612e-01
6.075563141039349284e+04 9.179815995498602499e-01
6.075563167044738657e+04 9.435629087948728122e-01
6.075563193050128757e+04 9.547848283206173958e-01
6.075563219055518857e+04 9.923452695459676898e-01
6.075563245060908230e+04 9.173662406098541666e-01
6.075563271066299058e+04 9.346921452742666947e-01
6.075563297071688430e+04 9.584706460322011123e-01
6.075563323077078530e+04 9.833633570825915937e-01
6.075563349082468631e+04 8.516821187484945321e-01
6.075563375087858003e+04 9.540690196516862231e-01
6.075563401093248831e+04 9.293536589654257662e-01
6.075563427098638203e+04 9.396648726872969259e-01
6.075563453104027576e+04 9.047977852482615990e-01
6.075563479109418404e+04 9.508887573360683687e-01
6.075563505114807776e+04 9.034707947641198444e-01
6.075563531120197877e+04 9.065448356146532660e-01
6.075563557125588704e+04 8.810158727818013791e-01
6.075563583130978077e+04 9.548843506807851433e-01
6.075563609136368905e+04 9.298888161606004843e-01
6.075563635141758277e+04 9.361884011682557460e-01
6.075563661147148377e+04 9.905038301029738257e-01
6.075563687152538478e+04 8.370149312069505854e-01
6.075563713157927850e+04 1.068369747290329519e+00
6.075563739163318678e+04 9.080497390741439911e-01
6.075563765168708051e+04 9.521268806598341961e-01
6.075563791174097423e+04 9.031688685556381602e-01
6.075563817179488251e+04 9.822927995498015319e-01
6.075563843184877624e+04 9.028972295032594575e-01
6.075563869190267724e+04 1.068182532147468278e+00
6.075563895195657824e+04 1.025258694613886190e+00
6.075563921201047197e+04 8.612018230466381707e-01
6.075563947206438024e+04 9.564882888730444899e-01
6.075563973211827397e+04 7.992231774810808487e-01
6.075563999217217497e+04 1.012882138896682438e+00
6.075564025222608325e+04 9.678180605801524061e-01
6.075564051227997697e+04 9.320910454350660457e-01
6.075564077233388525e+04 9.324623131167562029e-01
6.075564103238777898e+04 9.987830570045258538e-01
6.075564129244167270e+04 1.017477566638294029e+00
6.075564155249558098e+04 8.771443529287100693e-01
6.075564181254947471e+04 1.008215932771345580e+00
6.075564207260337571e+04 9.829229008033433246e-01
6.075564233265727671e+04 9.377764660421411547e-01
6.075564259271117044e+04 8.685837100390634280e-01
6.075564285276507871e+04 9.598816074990348390e-01
6.075564311281897244e+04 9.105142088733548800e-01
6.075564337287286617e+04 9.914179688065192231e-01
6.075564363292677444e+04 8.484023602683805620e-01
6.075564389298066817e+04 8.607951358685222987e-01
6.075564415303458372e+04 9.573879564809982812e-01
6.075564441308847745e+04 9.905099352535856605e-01
6.075564467314237118e+04 9.383674693308982073e-01
6.075564493319627945e+04 8.545510337411752477e-01
6.075564519325017318e+04 1.013494807956168975e+00
6.075564545330407418e+04 9.130649152630526677e-01
6.075564571335797518e+04 8.017497904532209230e-01
6.075564597341186891e+04 9.754441308623346130e-01
6.075564623346577719e+04 8.518907607874240950e-01
6.075564649351967091e+04 9.448251139604156856e-01
6.075564675357356464e+04 1.009134838301204207e+00
6.075564701362747292e+04 8.318601662407384412e-01
6.075564727368136664e+04 9.958367767489314515e-01
6.075564753373527492e+04 8.889623878331635032e-01
6.075564779378917592e+04 8.515838870898627677e-01
6.075564805384306965e+04 9.655448288325980677e-01
6.075564831389697792e+04 9.312789817912318080e-01
6.075564857395087165e+04 1.007179100826698370e+00
6.075564883400477265e+04 8.612411847117593666e-01
6.075564909405867365e+04 9.096177600066092106e-01
6.075564935411256738e+04 1.028372170709287658e+00
6.075564961416647566e+04 9.633830943583919781e-01
6.075564987422036938e+04 1.037718976788226000e+00
6.075565013427426311e+04 1.012948779944532252e+00
6.075565039432817866e+04 9.789912519571838390e-01
6.075565065438207239e+04 1.077384985861077338e+00
6.075565091443597339e+04 8.955594700411001474e-01
6.075565117448987439e+04 9.845773164376543374e-01
6.075565143454376812e+04 9.097279188772584568e-01
6.075565169459767640e+04 9.648523389545313744e-01
6.075565195465157012e+04 9.519153626946800228e-01
6.075565221470547112e+04 9.639962236077123103e-01
6.075565247475937213e+04 8.547665402165403048e-01
6.075565273481326585e+04 9.368943612907456586e-01
6.075565299486718141e+04 1.022701073727327659e+00
6.075565325492107513e+04 8.356034165131441815e-01
6.075565492676799477e+04 1.099691364313351682e+00
6.075565518682868424e+04 8.602015775273463838e-01
6.075565544688938098e+04 9.301329381728556944e-01
6.075565570695007773e+04 9.554631070134701476e-01
6.075565596701077448e+04 9.472924224339802635e-01
6.075565622707147122e+04 9.674545217462479085e-01
6.075565648713216069e+04 9.945137207763093956e-01
6.075565674719285744e+04 1.009817250119224408e+00
6.075565700725356146e+04 8.433030786951295488e-01
6.075565726731425821e+04 9.640602057617677634e-01
6.075565752737495495e+04 9.111170525425374978e-01
6.075565778743564442e+04 9.074365039774278108e-01
6.075565804749634117e+04 1.068892923148670127e+00
6.075565830755703792e+04 9.572848967995608582e-01
6.075565856761772739e+04 8.827051080442293030e-01
6.075565882767842413e+04 1.090078160294123188e+00
6.075565908773912088e+04 9.431065464941925658e-01
6.075565934779981762e+04 9.786175617182608644e-01
6.075565960786051437e+04 9.839703997359752208e-01
6.075565986792121112e+04 9.329711880785046541e-01
6.075566012798190786e+04 9.605349765238213600e-01
6.075566038804260461e+04 9.310781994613035462e-01
6.075566064810330136e+04 8.267666313821948609e-01
6.075566090816399810e+04 9.130858455791286410e-01
6.075566116822468757e+04 8.439089911952495360e-01
6.075566142828538432e+04 9.582030426644245757e-01
6.075566168834608106e+04 9.521675251417048846e-01
6.075566194840677781e+04 9.494235658534210254e-01
6.075566220846748183e+04 9.717370784260284111e-01
6.075566246852817130e+04 1.050288761973611207e+00
6.075566272858886805e+04 1.031899184286235061e+00
6.075566298864956480e+04 1.024774807730882697e+00
6.075566324871025427e+04 9.221827465317874450e-01
6.075566350877095101e+04 7.993330647122042221e-01
6.075566376883164776e+04 9.279090555618402236e-01
6.075566402889234450e+04 1.102480025075317061e+00
6.075566428895304125e+04 1.056858409667860155e+00
6.075566454901373800e+04 1.011229680888449778e+00
6.075566480907443474e+04 9.362268977453582774e-01
6.075566506913513149e+04 1.020875061758473867e+00
6.075566532919582824e+04 1.018555472002790063e+00
6.075566558925652498e+04 9.949255017154539082e-01
6.075566584931721445e+04 9.865068610607714561e-01
6.075566610937791120e+04 1.052083233653230199e+00
6.075566636943860794e+04 8.457822823435758863e-01
6.075566662949930469e+04 1.052312774230331982e+00
6.075566688956000144e+04 1.089771586479949095e+00
6.075566714962069818e+04 9.691892738267099405e-01
6.075566740968139493e+04 8.260681546482470106e-01
6.075566766974209168e+04 8.659101070556638469e-01
6.075566792980278115e+04 8.997460353323830651e-01
6.075566818986347789e+04 8.877780933084852277e-01
6.075566844992417464e+04 8.108681507580817183e-01
6.075566870998487866e+04 9.733435983662050983e-01
6.075566897004557541e+04 1.002797484886581714e+00
6.075566923010626488e+04 1.050296393561769071e+00
6.075566949016696162e+04 9.783735374916142646e-01
6.075566975022765837e+04 9.321101024993367901e-01
6.075567001028834784e+04 9.631086706663303243e-01
6.075567027034905186e+04 9.051517385466344434e-01
6.075567053040974133e+04 9.447747354489909322e-01
6.075567079047044535e+04 9.390918472136374762e-01
6.075567105053114210e+04 8.195779503117217590e-01
6.075567131059183157e+04 8.107487376709178184e-01
6.075567157065252832e+04 1.066742105684839625e+00
6.075567183071322506e+04 8.953120295797697414e-01
6.075567209077392181e+04 8.604966602138834908e-01
6.075567235083461856e+04 1.088771936044891753e+00
6.075567261089531530e+04 9.712100711694426902e-01
6.075567287095601205e+04 9.541489459305784182e-01
6.075567313101670879e+04 1.035222430740423416e+00
6.075567339107740554e+04 1.008803206952952669e+00
6.075567365113810229e+04 1.015062794727653372e+00
6.075567391119879176e+04 1.036705973931152158e+00
6.075567417125948850e+04 9.286132221625090777e-01
6.075567443132019253e+04 9.329429271772035070e-01
6.075567469138088200e+04 1.135033262801176113e+00
6.075567495144157874e+04 1.015377225279327611e+00
6.075567521150227549e+04 9.950349706168877262e-01
6.075567547156297223e+04 9.289562585202565392e-01
6.075567573162366898e+04 9.608598577322247092e-01
6.075567599168436573e+04 9.709148916820948827e-01
6.075567625174506247e+04 9.594330469277306817e-01
6.075567651180575922e+04 9.903506270732347350e-01
6.075567677186645597e+04 9.195663806251346273e-01
6.075567703192715271e+04 1.073749004304552113e+00
6.075567729198784218e+04 8.962516252674258554e-01
6.075567755204853893e+04 9.485930136918007127e-01
6.075567781210924295e+04 9.561892011786402579e-01
6.075567807216993242e+04 9.454270732109051334e-01
6.075567833223062917e+04 9.122710780979949030e-01
6.075567859229132591e+04 9.714342057113506401e-01
6.075567885235202266e+04 9.241529271149437896e-01
6.075567911241271941e+04 9.953141818760680160e-01
6.075567937247341615e+04 8.025541932935438272e-01
6.075567963253411290e+04 9.414322509332486710e-01
6.075567989259480964e+04 9.700040837562929896e-01
6.075568015265550639e+04 9.008196454658266017e-01
6.075568041271620314e+04 9.748115874891426502e-01
6.075568067277689261e+04 9.726125265313168011e-01
6.075568093283759663e+04 9.773814981129751445e-01
6.075568119289829338e+04 8.625239631125064532e-01
6.075568145295898285e+04 1.001112442938642433e+00
6.075568171301968687e+04 8.867199987926931426e-01
6.075568197308037634e+04 9.480049722559631409e-01
6.075568223314107308e+04 9.352476315263855700e-01
6.075568249320177711e+04 9.178029949264242537e-01
6.075568275326246658e+04 9.650317372059139531e-01
6.075568301332316332e+04 1.102082368607418372e+00
6.075568327338386007e+04 9.668772900809938786e-01
6.075568483179301256e+04 1.019369479102076870e+00
6.075568509184680443e+04 9.122985123871636404e-01
6.075568535190059629e+04 1.003388173657172588e+00
6.075568561195438815e+04 9.215922745523419390e-01
6.075568587200818729e+04 9.667520201654876688e-01
6.075568613206199370e+04 1.012790588432189276e+00
6.075568639211578557e+04 1.062022300132957620e+00
6.075568665216957743e+04 8.491939908075871735e-01
6.075568691222336929e+04 9.221711822764517841e-01
6.075568717227716115e+04 9.333163774775201649e-01
6.075568743233096029e+04 9.670537850254414813e-01
6.075568769238475215e+04 9.032002724037154762e-01
6.075568795243854402e+04 8.932180093130716036e-01
6.075568821249233588e+04 9.540312875157950234e-01
6.075568847254613502e+04 9.876875947065006933e-01
6.075568873259992688e+04 9.342733434878804921e-01
6.075568899265372602e+04 9.895728226297891839e-01
6.075568925270752516e+04 9.542600726512407983e-01
6.075568951276131702e+04 9.599675596298760105e-01
6.075568977281511616e+04 9.956040705587845263e-01
6.075569003286890802e+04 9.441916831322879622e-01
6.075569029292269988e+04 9.881442842459369214e-01
6.075569055297649174e+04 9.679020740233207354e-01
6.075569081303029088e+04 9.714442227414018527e-01
6.075569107308408275e+04 8.885985860311859108e-01
6.075569133313787461e+04 8.523475025948562545e-01
6.075569159319166647e+04 9.539522977502786771e-01
6.075569185324547288e+04 9.380036511496283591e-01
6.075569211329927202e+04 8.920644750877766427e-01
6.075569237335306389e+04 9.668845232991585270e-01
6.075569263340685575e+04 1.008955626393772009e+00
6.075569289346064761e+04 9.262939775793271879e-01
6.075569315351444675e+04 9.280633620563227826e-01
6.075569341356823861e+04 9.482519877055282098e-01
6.075569367362203047e+04 9.759123919522249002e-01
6.075569393367582234e+04 1.003490874529694876e+00
6.075569419372962147e+04 8.857647041702972901e-01
6.075569445378341334e+04 9.594084591343360335e-01
6.075569471383720520e+04 9.486448861052882986e-01
6.075569497389100434e+04 1.037803820288698997e+00
6.075569523394481075e+04 1.096507176604108791e+00
6.075569549399860261e+04 8.108123305411041315e-01
6.075569575405239448e+04 9.834374828506396993e-01
6.075569601410618634e+04 9.124521341351468084e-01
6.075569627415998548e+04 9.136799083076921901e-01
6.075569653421377734e+04 9.302626315522580791e-01
6.075569679426756920e+04 9.077982751616353596e-01
6.075569705432136107e+04 9.945809636102160844e-01
6.075569731437516020e+04 9.484625151655964315e-01
6.075569757442895207e+04 9.079652377982739830e-01
6.075569783448274393e+04 9.653878695774507079e-01
6.075569809453654307e+04 8.862970549485562621e-01
6.075569835459034948e+04 9.138639083509894068e-01
6.075569861464414134e+04 9.339765447507352158e-01
6.075569887469793321e+04 1.000545914990573992e+00
6.075569913475172507e+04 9.638742788571684761e-01
6.075569939480552421e+04 1.093521585516359140e+00
6.075569965485931607e+04 1.008955762128813882e+00
6.075569991491310793e+04 1.169678080342634985e+00
6.075570017496689979e+04 9.027901029968036228e-01
6.075570043502069893e+04 9.816316657008266056e-01
6.075570069507449080e+04 1.061738069881035917e+00
6.075570095512828993e+04 9.746773486669791930e-01
6.075570121518208907e+04 1.001509809079716096e+00
6.075570147523588821e+04 9.240318100888584851e-01
6.075570173528968007e+04 9.193339198797335632e-01
6.075570199534347194e+04 9.681004680720683986e-01
6.075570225539727107e+04 8.672342479018531058e-01
6.075570251545106294e+04 1.031811682852328049e+00
6.075570277550485480e+04 1.050847123216499979e+00
6.075570303555864666e+04 1.065752948364493191e+00
6.075570329561244580e+04 9.837110152293169207e-01
6.075570355566623766e+04 1.027602468485698806e+00
6.075570381572002952e+04 9.185835555098433858e-01
6.075570407577382866e+04 1.030178532925533297e+00
6.075570433582763508e+04 1.007607252288026167e+00
6.075570459588142694e+04 9.801667322269036475e-01
6.075570485593521880e+04 9.981740768713025513e-01
6.075570511598901066e+04 1.050918995376413090e+00
6.075570537604280980e+04 9.299498102067196292e-01
6.075570563609660167e+04 8.386098071785907937e-01
6.075570589615039353e+04 9.874367963552083127e-01
6.075570615620419267e+04 1.000624600627850969e+00
6.075570641625798453e+04 9.819331529662790325e-01
6.075570667631177639e+04 1.060974562395290643e+00
6.075570693636557553e+04 9.658910555057380609e-01
6.075570719641938194e+04 9.709641388361980319e-01
6.075570745647317381e+04 9.562586946369625585e-01
6.075570771652696567e+04 1.015068275912260676e+00
6.075570797658076481e+04 1.057936368249333459e+00
6.075570823663455667e+04 1.017562718390899734e+00
6.075570849668834853e+04 1.007940290715001241e+00
6.075570875674214039e+04 9.958520627523304025e-01
6.075570901679593953e+04 9.550997878336772162e-01
6.075570927684973140e+04 9.516289946803467847e-01
6.075570953690352326e+04 9.104946208947937158e-01
6.075570979695732240e+04 9.852896982666730086e-01
6.075571005701112153e+04 9.093598767983963604e-01
6.075571031706492067e+04 9.885789676895944122e-01
6.075571057711871254e+04 1.072467614245343315e+00
6.075571083717251167e+04 9.664064215871085439e-01
6.075571109722630354e+04 9.878233981402746444e-01
6.075571135728009540e+04 9.039438729660608240e-01
6.075571161733389454e+04 9.172940214887259636e-01
6.075571187738768640e+04 9.702109766309647831e-01
6.075571213744147826e+04 9.379582135502250173e-01
6.075571239749527740e+04 9.015887590803491891e-01
6.075571265754906926e+04 9.471141848072619496e-01
6.075571291760286840e+04 1.109614953444083563e+00
6.075571317765666754e+04 9.316700543372271603e-01
6.075571474868715450e+04 8.079633209553184203e-01
6.075571500874785124e+04 9.582167918083800418e-01
6.075571526880854799e+04 9.270190231151937965e-01
6.075571552886924474e+04 9.744701883222002259e-01
6.075571578892994148e+04 9.809843432569366195e-01
6.075571604899063823e+04 9.019869023447131262e-01
6.075571630905133497e+04 9.140862641880678208e-01
6.075571656911203172e+04 8.535935959537473972e-01
6.075571682917273574e+04 9.839022181294028169e-01
6.075571708923342521e+04 9.864552685719359948e-01
6.075571734929412196e+04 9.645197353677820162e-01
6.075571760935482598e+04 9.797240761155037170e-01
6.075571786941552273e+04 9.339446463915997976e-01
6.075571812947621947e+04 1.039371107787269377e+00
6.075571838953690894e+04 1.010938267447991423e+00
6.075571864959761297e+04 9.728409851775996486e-01
6.075571890965830971e+04 9.420076541520280289e-01
6.075571916971899918e+04 9.692398466158286263e-01
6.075571942977970320e+04 9.860434879044127632e-01
6.075571968984039995e+04 9.491445192071799042e-01
6.075571994990109670e+04 9.777293196382836893e-01
6.075572020996180072e+04 1.017662173797063252e+00
6.075572047002249019e+04 9.524139695125438676e-01
6.075572073008318694e+04 9.155429714196483548e-01
6.075572099014388368e+04 1.019900033341666568e+00
6.075572125020458770e+04 1.065242398932465528e+00
6.075572151026528445e+04 8.998584293662820199e-01
6.075572177032597392e+04 9.863463080711608599e-01
6.075572203038667794e+04 9.886256658667069708e-01
6.075572229044737469e+04 9.611440420112001837e-01
6.075572255050806416e+04 9.675468819071091353e-01
6.075572281056877546e+04 9.297873003179895068e-01
6.075572307062946493e+04 9.059879708877854876e-01
6.075572333069016167e+04 1.057277887619687551e+00
6.075572359075086570e+04 1.013028813589755162e+00
6.075572385081155517e+04 1.013254095038849556e+00
6.075572411087225191e+04 9.424546907554296471e-01
6.075572437093294866e+04 9.046110884946751973e-01
6.075572463099365268e+04 1.016711465288105076e+00
6.075572489105434943e+04 9.809241285219177930e-01
6.075572515111503890e+04 9.559260193873984068e-01
6.075572541117574292e+04 1.053630404213265814e+00
6.075572567123643967e+04 9.910853146682420123e-01
6.075572593129713641e+04 1.008485110230613158e+00
6.075572619135784043e+04 9.165478036676383278e-01
6.075572645141852990e+04 1.057114190435028966e+00
6.075572671147922665e+04 1.028656783577056810e+00
6.075572697153993067e+04 9.004710187334057370e-01
6.075572723160062014e+04 1.064511109606561812e+00
6.075572749166131689e+04 8.473899906656603420e-01
6.075572775172202091e+04 9.942370807162671520e-01
6.075572801178271766e+04 9.770649617544001631e-01
6.075572827184341440e+04 8.203370074229147102e-01
6.075572853190411115e+04 9.512057185025168948e-01
6.075572879196480790e+04 1.018593372393565177e+00
6.075572905202550464e+04 1.016410220385581153e+00
6.075572931208620867e+04 1.007476672949264351e+00
6.075572957214690541e+04 9.020429949825017335e-01
6.075572983220759488e+04 9.813725344675873208e-01
6.075573009226829890e+04 8.974821135043601350e-01
6.075573035232899565e+04 1.010472666247048901e+00
6.075573061238968512e+04 1.146099665652717814e+00
6.075573087245038914e+04 1.081514792914507250e+00
6.075573113251108589e+04 9.233085207119433591e-01
6.075573139257178264e+04 8.703913943299482758e-01
6.075573165263248666e+04 1.039708586435409865e+00
6.075573191269317613e+04 9.558809853149390356e-01
6.075573217275387287e+04 9.501691084090631012e-01
6.075573243281457690e+04 9.243059597482535805e-01
6.075573269287527364e+04 9.970349330519568953e-01
6.075573295293597039e+04 1.036131557515811652e+00
6.075573321299666713e+04 9.930050477529230868e-01
6.075573347305736388e+04 9.696445724430007296e-01
6.075573373311806063e+04 9.928593074018842168e-01
6.075573399317875737e+04 1.024731155036986641e+00
6.075573425323946140e+04 8.632320455952854354e-01
6.075573451330015087e+04 1.069397870145885721e+00
6.075573477336085489e+04 9.838066943440783030e-01
6.075573503342155163e+04 9.153727315777029361e-01
6.075573529348224110e+04 9.675114589218088978e-01
6.075573555354294513e+04 9.687545677449829196e-01
6.075573581360364187e+04 1.018699675977579266e+00
6.075573607366434589e+04 9.619363046521888228e-01
6.075573633372504264e+04 9.745086671973557380e-01
6.075573659378573211e+04 9.399947374496017138e-01
6.075573685384643613e+04 9.613157979807409603e-01
6.075573711390713288e+04 9.793170799029788931e-01
6.075573737396782963e+04 1.021995211461257158e+00
6.075573763402853365e+04 9.260792889064972666e-01
6.075573789408922312e+04 9.087611661160575061e-01
6.075573815414991986e+04 8.766866138669907604e-01
6.075573841421062389e+04 9.599638680683141301e-01
6.075573867427131336e+04 9.031352305028239602e-01
6.075573893433201010e+04 9.231399175302273941e-01
6.075573919439271413e+04 1.061334226875801257e+00
6.075573945445341087e+04 9.260179346544157308e-01
6.075573971451411489e+04 1.013689640338644393e+00
6.075573997457480436e+04 9.757870175701717219e-01
6.075574023463550111e+04 1.032584103592608660e+00
6.075574049469620513e+04 9.942226857604891110e-01
6.075574075475690188e+04 9.854757033694558910e-01
6.075574101481759863e+04 1.010095653493717105e+00
6.075574127487829537e+04 9.301581896352812961e-01
6.075574153493899212e+04 8.436645355478148423e-01
6.075574179499969614e+04 9.645058299960340698e-01
6.075574205506038561e+04 9.835998650791872855e-01
6.075574231512108236e+04 1.060364096433882741e+00
6.075574257518178638e+04 9.348312323081460207e-01
6.075574283524248312e+04 1.036392102318504982e+00
6.075574309530317987e+04 1.036533937349506607e+00
6.075574483016229351e+04 1.032465444082916850e+00
6.075574509021608537e+04 1.076215228203986074e+00
6.075574535026989179e+04 9.854425284014461939e-01
6.075574561032369093e+04 1.002158371248525137e+00
6.075574587037748279e+04 9.995413335948121203e-01
6.075574613043128193e+04 1.052166827670772964e+00
6.075574639048507379e+04 9.278976767029504247e-01
6.075574665053887293e+04 1.043599110782714501e+00
6.075574691059266479e+04 9.130983280004292268e-01
6.075574717064645665e+04 1.076814039367199216e+00
6.075574743070025579e+04 9.844603329570326133e-01
6.075574769075404765e+04 1.077139045872038015e+00
6.075574795080784679e+04 1.045521885855736466e+00
6.075574821086163865e+04 1.009562640317200000e+00
6.075574847091544507e+04 9.597782704486258476e-01
6.075574873096924421e+04 1.006690421918336797e+00
6.075574899102303607e+04 9.655036559965762821e-01
6.075574925107683521e+04 9.946446671992291710e-01
6.075574951113062707e+04 1.014694062643813899e+00
6.075574977118442621e+04 1.029049863919555774e+00
6.075575003123821807e+04 9.528121183410991346e-01
6.075575029129201721e+04 8.934394671758922879e-01
6.075575055134580907e+04 1.087911314057218082e+00
6.075575081139960093e+04 1.006269292239843738e+00
6.075575107145340007e+04 9.768585073812671160e-01
6.075575133150719921e+04 1.027997383903237916e+00
6.075575159156100563e+04 1.035204796015576356e+00
6.075575185161479749e+04 1.022249530998796896e+00
6.075575211166859663e+04 9.963817617995269771e-01
6.075575237172238849e+04 9.847944279637704801e-01
6.075575263177618035e+04 1.087013592915172744e+00
6.075575289182997949e+04 1.037295855632742292e+00
6.075575315188377135e+04 1.006248714134974742e+00
6.075575341193757049e+04 9.774858773570507253e-01
6.075575367199136235e+04 9.940382108404839379e-01
6.075575393204516149e+04 1.061513111804909260e+00
6.075575419209895335e+04 1.046650133895609125e+00
6.075575445215275249e+04 9.434580336795781452e-01
6.075575471220655891e+04 9.598695870572605537e-01
6.075575497226035077e+04 1.041292711337532095e+00
6.075575523231414991e+04 1.089391490525981387e+00
6.075575549236794177e+04 9.900573574044824188e-01
6.075575575242174091e+04 9.916882759195917441e-01
6.075575601247553277e+04 1.165400989426919276e+00
6.075575627252933191e+04 9.871213579492440493e-01
6.075575653258312377e+04 1.041856623327137576e+00
6.075575679263691563e+04 9.774765239019492791e-01
6.075575705269071477e+04 9.688064824363339378e-01
6.075575731274451391e+04 9.717176216846631354e-01
6.075575757279832033e+04 9.613272442628117975e-01
6.075575783285211219e+04 1.067895286899814167e+00
6.075575809290591133e+04 1.100825616549219843e+00
6.075575835295970319e+04 1.058709814975477004e+00
6.075575861301350233e+04 1.033731577585218275e+00
6.075575887306729419e+04 9.785672525938016175e-01
6.075575913312109333e+04 9.998084183744441189e-01
6.075575939317488519e+04 1.064367282647012081e+00
6.075575965322867705e+04 9.820569554570394155e-01
6.075575991328247619e+04 1.130186254875564567e+00
6.075576017333626805e+04 1.070831641947101565e+00
6.075576043339007447e+04 9.244457702078472394e-01
6.075576069344387361e+04 1.033208017942050638e+00
6.075576095349767274e+04 1.032079835383473032e+00
6.075576121355146461e+04 9.401596391612435655e-01
6.075576147360526375e+04 1.020277034884046197e+00
6.075576173365905561e+04 1.154878549141924227e+00
6.075576199371285475e+04 1.034531391633790154e+00
6.075576225376664661e+04 9.998287609492138017e-01
6.075576251382044575e+04 1.048790494973238063e+00
6.075576277387423761e+04 1.107944072224662957e+00
6.075576303392802947e+04 1.019824395365568126e+00
6.075576329398183589e+04 1.027666504786397095e+00
6.075576355403563502e+04 1.039071343629588418e+00
6.075576381408943416e+04 1.080647655788953720e+00
6.075576407414322603e+04 8.867987121667441075e-01
6.075576433419702516e+04 9.382910105158003278e-01
6.075576459425081703e+04 1.093926076129583480e+00
6.075576485430461616e+04 1.018089461460126133e+00
6.075576511435840803e+04 1.008097743232566845e+00
6.075576537441220717e+04 1.001623522467768312e+00
6.075576563446599903e+04 9.440488350834692621e-01
6.075576589451979817e+04 1.087306527772199383e+00
6.075576615457359003e+04 8.852081437534745634e-01
6.075576641462739644e+04 9.314108846778167417e-01
6.075576667468119558e+04 9.401508842054697723e-01
6.075576693473499472e+04 1.078917931178169365e+00
6.075576719478878658e+04 9.842517752994778268e-01
6.075576745484258572e+04 1.012631772996655188e+00
6.075576771489637758e+04 1.006595041632755816e+00
6.075576797495017672e+04 9.802253054524924236e-01
6.075576823500396858e+04 9.641035770009722672e-01
6.075576849505776045e+04 9.420665032991004662e-01
6.075576875511155959e+04 8.897361250974209490e-01
6.075576901516535145e+04 1.043699896406498739e+00
6.075576927521915786e+04 1.028564267773455221e+00
6.075576953527295700e+04 1.034884808867270189e+00
6.075576979532675614e+04 8.876739288327706312e-01
6.075577005538054800e+04 1.057303913788276262e+00
6.075577031543434714e+04 1.098249544062792404e+00
6.075577057548813900e+04 1.119577203758236328e+00
6.075577083554193814e+04 1.022078442061940651e+00
6.075577109559573000e+04 1.078415353787806508e+00
6.075577135564952914e+04 9.966361883403097588e-01
6.075577161570332100e+04 9.551851008828797784e-01
6.075577187575712014e+04 1.026455815867222787e+00
6.075577213581091200e+04 9.525806096197861894e-01
6.075577239586471842e+04 1.000479915953095933e+00
6.075577265591851756e+04 1.000522255094668411e+00
6.075577291597231670e+04 1.013705168546301660e+00
6.075577317602610856e+04 1.015015693290139298e+00
