6.075585120116569306e+04 9.923582981803775738e-01
6.075585146121949219e+04 1.070181208205225554e+00
6.075585172127328406e+04 1.087886160013004089e+00
6.075585198132708319e+04 1.088591626190472672e+00
6.075585224138088233e+04 1.022436484454995798e+00
6.075585250143468147e+04 9.994460845765222867e-01
6.075585276148847333e+04 1.171795965610884505e+00
6.075585302154227247e+04 9.477881748187103605e-01
6.075585328159607161e+04 1.046264167345686280e+00
6.075585354164987803e+04 1.117348053369704219e+00
6.075585380170368444e+04 1.061419534682205956e+00
6.075585406175747630e+04 8.847249988346896910e-01
6.075585432181127544e+04 9.861429017828722277e-01
6.075585458186507458e+04 1.001205054433117247e+00
6.075585484191887372e+04 1.045897702510010463e+00
6.075585510197266558e+04 1.008559349224479318e+00
6.075585536202646472e+04 1.073937188105966278e+00
6.075585562208026386e+04 1.066535655884746747e+00
6.075585588213406299e+04 1.000459735857519572e+00
6.075585614218786213e+04 1.100983846200827676e+00
6.075585640224165400e+04 1.005723404156726675e+00
6.075585666229546041e+04 9.704473934769132226e-01
6.075585692234926682e+04 1.103296780708640012e+00
6.075585718240306596e+04 1.010146691500910965e+00
6.075585744245685783e+04 1.038321510449514040e+00
6.075585770251065696e+04 1.032741850116372095e+00
6.075585796256445610e+04 1.025318993984844385e+00
6.075585822261825524e+04 1.100687607022901693e+00
6.075585848267205438e+04 1.074115581166751321e+00
6.075585874272584624e+04 1.093989743860068087e+00
6.075585900277964538e+04 9.569177033071392113e-01
6.075585926283344452e+04 1.112304847590277479e+00
6.075585952288725093e+04 1.017560098188128981e+00
6.075585978294105735e+04 1.106520787237043058e+00
6.075586004299484921e+04 1.118608900565238651e+00
6.075586030304864835e+04 1.016141083382224419e+00
6.075586056310244749e+04 1.009226376520431234e+00
6.075586082315624662e+04 9.379896085440974085e-01
6.075586108321004576e+04 9.676318627227680214e-01
6.075586134326383763e+04 1.112023531958434175e+00
6.075586160331763676e+04 1.061986191568153215e+00
6.075586186337143590e+04 9.475513723205450933e-01
6.075586212342523504e+04 9.348353816725398779e-01
6.075586238347903418e+04 1.039563896501628726e+00
6.075586264353283332e+04 1.045421230423233538e+00
6.075586290358663973e+04 1.039858232653363856e+00
6.075586316364043887e+04 1.011291703126533825e+00
6.075586342369423801e+04 1.050439773375442032e+00
6.075586368374803715e+04 9.806756879610132316e-01
6.075586394380182901e+04 1.033399587482054294e+00
6.075586420385562815e+04 9.985905768726962561e-01
6.075586446390942729e+04 1.020312997348437722e+00
6.075586472396322642e+04 1.007072236495041295e+00
6.075586498401702556e+04 1.091047936530126661e+00
6.075586524407081743e+04 1.064739834202852231e+00
6.075586550412462384e+04 1.200282965725976592e+00
6.075586576417843025e+04 1.054792756489747019e+00
6.075586602423222939e+04 1.011118973523307485e+00
6.075586628428602853e+04 1.114119508043466489e+00
6.075586654433982039e+04 1.072817173608274111e+00
6.075586680439361953e+04 8.633196689811640789e-01
6.075586706444741867e+04 1.059412939281317634e+00
6.075586732450121781e+04 1.110992148859504480e+00
6.075586758455501695e+04 1.057202585231714398e+00
6.075586784460881609e+04 1.038664040073103312e+00
6.075586810466260795e+04 1.036234301183838857e+00
6.075586836471640709e+04 9.899636191078754477e-01
6.075586862477021350e+04 1.014390604820148534e+00
6.075586888482401991e+04 9.840902362534292847e-01
6.075586914487781905e+04 1.154817800242353698e+00
6.075586940493161092e+04 1.080884082427620685e+00
6.075586966498541005e+04 9.892970191401542213e-01
6.075586992503920919e+04 1.115438782902717918e+00
6.075587018509300833e+04 9.446762101972409065e-01
6.075587044514680747e+04 1.081853511076146246e+00
6.075587070520060661e+04 9.561976129989601114e-01
6.075587096525439847e+04 1.035256045765888810e+00
6.075587122530819761e+04 1.059840880891893322e+00
6.075587148536199675e+04 1.003334950541286297e+00
6.075587174541581044e+04 1.052246276412097226e+00
6.075587200546960958e+04 8.612825373437553722e-01
6.075587226552340871e+04 1.113445863226923294e+00
6.075587252557720058e+04 9.946968817974078947e-01
6.075587278563099972e+04 9.706282330045017392e-01
6.075587304568479885e+04 1.008596881909851195e+00
6.075587330573859799e+04 9.535830084337006962e-01
6.075587356579239713e+04 1.068769973468654433e+00
6.075587382584619627e+04 1.045322020849860145e+00
6.075587408589998813e+04 1.093468523256405200e+00
6.075587434595378727e+04 1.015078481157100532e+00
6.075587460600759368e+04 1.026219244566559441e+00
6.075587486606140010e+04 9.339399036518594155e-01
6.075587512611519924e+04 1.051531538156915468e+00
6.075587538616899838e+04 9.935354139618424174e-01
6.075587564622279751e+04 9.994997763264864554e-01
6.075587590627658938e+04 1.017547745075297883e+00
6.075587616633038851e+04 1.078629505833107682e+00
6.075587642638418765e+04 1.080168469707134093e+00
6.075587668643798679e+04 1.045499291897193261e+00
6.075587694649178593e+04 1.000963094527093977e+00
6.075587720654558507e+04 1.084579724979712223e+00
6.075587746659937693e+04 9.459708311922985224e-01
6.075587772665318334e+04 9.705375415050212506e-01
6.075587798670698976e+04 1.031793059572031490e+00
6.075587824676078890e+04 1.015420502655665524e+00
6.075587850681458804e+04 1.033080975041732019e+00
6.075587876686838717e+04 9.513720510685937937e-01
6.075587902692218631e+04 9.664556872993559367e-01
6.075587928697597818e+04 1.006688321283309984e+00
6.075587954702977731e+04 9.432238361451711350e-01
6.075588115586427011e+04 9.242211995810890590e-01
6.075588141592496686e+04 1.012139528642401087e+00
6.075588167598567088e+04 1.021091807202085588e+00
6.075588193604636763e+04 1.039694629597806008e+00
6.075588219610707165e+04 1.000367496429965142e+00
6.075588245616777567e+04 1.022301467798296448e+00
6.075588271622847242e+04 1.016937085008254416e+00
6.075588297628917644e+04 1.004352160403995997e+00
6.075588323634988046e+04 1.006048000238426665e+00
6.075588349641056993e+04 1.036803322917404069e+00
6.075588375647127395e+04 1.054581289355647655e+00
6.075588401653197798e+04 1.037678408680712039e+00
6.075588427659268200e+04 1.004480013690211448e+00
6.075588453665338602e+04 9.688314465916768592e-01
6.075588479671408277e+04 9.070571726229651466e-01
6.075588505677478679e+04 9.417803912567584979e-01
6.075588531683548354e+04 1.083364492328563911e+00
6.075588557689618756e+04 1.014794569545207858e+00
6.075588583695689158e+04 1.185407337746971601e+00
6.075588609701758833e+04 1.068354219968453478e+00
6.075588635707829235e+04 9.615085114525563359e-01
6.075588661713899637e+04 1.009658187064131685e+00
6.075588687719969312e+04 1.099503106778835448e+00
6.075588713726038986e+04 8.811156944460848406e-01
6.075588739732109389e+04 9.655183871106111093e-01
6.075588765738179791e+04 1.011689729879314381e+00
6.075588791744250193e+04 8.933734938151357552e-01
6.075588817750319868e+04 9.844483992165461439e-01
6.075588843756390270e+04 1.050569944805455735e+00
6.075588869762460672e+04 1.040047779812468098e+00
6.075588895768530347e+04 9.977974948760952589e-01
6.075588921774600749e+04 9.957434771400148765e-01
6.075588947780670424e+04 9.934563953866735186e-01
6.075588973786740826e+04 1.012206326300554959e+00
6.075588999792811228e+04 9.625621869270984954e-01
6.075589025798880903e+04 1.066529755625870601e+00
6.075589051804952032e+04 1.014120368783686166e+00
6.075589077811021707e+04 9.608978335005137206e-01
6.075589103817091382e+04 1.017049281530079785e+00
6.075589129823161784e+04 1.083090238985907838e+00
6.075589155829231458e+04 9.854842231547408238e-01
6.075589181835301861e+04 9.144963311915592641e-01
6.075589207841372263e+04 8.980228122356118670e-01
6.075589233847442665e+04 1.014099156446435890e+00
6.075589259853513067e+04 1.019763782148431330e+00
6.075589285859582742e+04 9.789471843259295314e-01
6.075589311865652417e+04 1.019524780767399719e+00
6.075589337871722819e+04 1.106878049117811846e+00
6.075589363877793221e+04 1.056114745008174260e+00
6.075589389883863623e+04 9.981416415503808759e-01
6.075589415889933298e+04 1.049672235373305451e+00
6.075589441896003700e+04 9.716739601842523388e-01
6.075589467902074102e+04 1.039176714649433064e+00
6.075589493908143777e+04 1.017387814523899037e+00
6.075589519914213452e+04 1.122658115463596396e+00
6.075589545920283854e+04 9.669437769241406855e-01
6.075589571926354256e+04 1.056501178130687224e+00
6.075589597932424658e+04 9.993524921614346246e-01
6.075589623938494333e+04 8.863980654456533603e-01
6.075589649944564735e+04 1.131299206350180553e+00
6.075589675950635137e+04 1.078074028358167569e+00
6.075589701956705539e+04 1.032990497065245039e+00
6.075589727962775942e+04 9.642757111182215235e-01
6.075589753968844889e+04 9.842080497363294711e-01
6.075589779974915291e+04 9.486014434770362325e-01
6.075589805980985693e+04 9.756119194377317339e-01
6.075589831987055368e+04 1.000980118172236422e+00
6.075589857993125770e+04 9.281683410898120545e-01
6.075589883999196172e+04 9.541762539777477459e-01
6.075589910005266574e+04 9.735539777467087097e-01
6.075589936011336977e+04 1.045889932528172084e+00
6.075589962017406651e+04 9.748150936129813537e-01
6.075589988023477054e+04 1.110501086735758536e+00
6.075590014029546728e+04 8.964302253506569729e-01
6.075590040035617130e+04 1.054268411713426890e+00
6.075590066041687533e+04 1.012598727015505240e+00
6.075590092047757207e+04 9.839249225376662800e-01
6.075590118053827609e+04 1.004514428383233904e+00
6.075590144059898012e+04 1.050995261894200672e+00
6.075590170065967686e+04 1.021370180699516572e+00
6.075590196072038816e+04 9.437180308877558543e-01
6.075590222078108491e+04 1.023265951408978580e+00
6.075590248084178893e+04 9.084433309672317325e-01
6.075590274090249295e+04 1.058745461748108241e+00
6.075590300096318242e+04 9.888299513893651360e-01
6.075590326102388644e+04 9.712795087137855443e-01
6.075590352108459047e+04 9.419161199416705710e-01
6.075590378114529449e+04 1.040224415464419350e+00
6.075590404120599851e+04 1.019590761626757436e+00
6.075590430126669526e+04 1.061734446350318217e+00
6.075590456132739928e+04 1.031279353195268200e+00
6.075590482138810330e+04 9.648451625321613490e-01
6.075590508144880732e+04 9.151794785504189234e-01
6.075590534150951135e+04 9.242625267820615553e-01
6.075590560157020809e+04 1.050247846046741707e+00
6.075590586163091211e+04 1.081383577196544987e+00
6.075590612169160886e+04 1.032981633357417328e+00
6.075590638175230561e+04 1.002958392345765670e+00
6.075590664181300963e+04 1.008568111996889893e+00
6.075590690187371365e+04 1.068384177897825582e+00
6.075590716193441767e+04 9.416608673148901820e-01
6.075590742199512169e+04 9.906579664866766999e-01
6.075590768205581844e+04 1.037555143075410635e+00
6.075590794211652246e+04 1.005646060288261756e+00
6.075590820217722649e+04 9.805627176081174179e-01
6.075590846223793051e+04 9.010495866893317718e-01
6.075590872229863453e+04 9.984290658443775168e-01
6.075590898235933128e+04 1.025159372213376718e+00
6.075590924242003530e+04 1.061940320637969837e+00
6.075590950248073932e+04 9.701636059957124969e-01
6.075591106051386305e+04 9.838938296578053633e-01
6.075591132057445793e+04 9.315012140509154603e-01
6.075591158063505281e+04 1.008891087071702053e+00
6.075591184069564770e+04 1.047948133842302232e+00
6.075591210075624258e+04 9.282245177682922899e-01
6.075591236081683746e+04 9.532996255003975961e-01
6.075591262087743235e+04 9.720916157896714038e-01
6.075591288093802723e+04 9.823541692514075052e-01
6.075591314099862211e+04 9.678183864832348160e-01
6.075591340105922427e+04 9.726929600315898927e-01
6.075591366111981915e+04 9.564270868383084601e-01
6.075591392118041404e+04 1.052491957186153959e+00
6.075591418124100892e+04 1.029578104882674650e+00
6.075591444130160380e+04 9.049928154700451755e-01
6.075591470136219868e+04 1.055490821427234716e+00
6.075591496142279357e+04 1.081060833389462683e+00
6.075591522148338845e+04 9.341724741126610221e-01
6.075591548154399061e+04 1.001468341300246312e+00
6.075591574160458549e+04 1.034669471912390559e+00
6.075591600166518037e+04 9.426120327939980781e-01
6.075591626172577526e+04 9.702833636247105709e-01
6.075591652178637742e+04 1.073088175622705309e+00
6.075591678184697230e+04 9.852923957537412791e-01
6.075591704190756718e+04 9.444996007440543684e-01
6.075591730196816206e+04 1.043639635321244485e+00
6.075591756202875695e+04 1.052567842505888862e+00
6.075591782208935183e+04 9.113973330469621326e-01
6.075591808214994671e+04 9.185305190653331175e-01
6.075591834221054160e+04 1.039971683970485561e+00
6.075591860227113648e+04 1.003871793781471178e+00
6.075591886233173136e+04 9.791241933182849300e-01
6.075591912239232624e+04 9.614374914870927880e-01
6.075591938245292840e+04 1.056794090052722179e+00
6.075591964251352329e+04 9.101606818601721827e-01
6.075591990257411817e+04 1.014248828552583470e+00
6.075592016263471305e+04 9.595375204100716759e-01
6.075592042269530793e+04 1.079294978713825071e+00
6.075592068275590282e+04 9.611622007332463191e-01
6.075592094281649770e+04 9.118529194094404655e-01
6.075592120287709986e+04 9.334066194054703169e-01
6.075592146293769474e+04 1.012348775614316354e+00
6.075592172299828962e+04 9.903392292522060769e-01
6.075592198305888451e+04 1.080596139291495117e+00
6.075592224311948667e+04 9.867501740397220944e-01
6.075592250318008155e+04 1.071910951711823268e+00
6.075592276324067643e+04 1.010552041210631691e+00
6.075592302330127131e+04 9.774076385443405401e-01
6.075592328336186620e+04 1.018314774953958501e+00
6.075592354342246108e+04 9.679561182788617435e-01
6.075592380348305596e+04 1.047040555323092148e+00
6.075592406354365812e+04 9.109253744039862433e-01
6.075592432360425300e+04 1.012284763516514197e+00
6.075592458366484789e+04 1.044576065588782132e+00
6.075592484372544277e+04 9.410052638427913729e-01
6.075592510378604493e+04 9.420983658862729371e-01
6.075592536384663981e+04 9.383979980293616352e-01
6.075592562390723469e+04 9.755504200351525768e-01
6.075592588396782958e+04 9.997129514477424150e-01
6.075592614402842446e+04 8.937989398000036889e-01
6.075592640408901934e+04 9.318205857543151449e-01
6.075592666414961423e+04 9.780366674193181620e-01
6.075592692421020911e+04 9.349288130004713704e-01
6.075592718427081127e+04 1.025867818898283934e+00
6.075592744433140615e+04 9.819224408169192619e-01
6.075592770439200103e+04 1.001376489827237259e+00
6.075592796445260319e+04 1.107238591889568635e+00
6.075592822451319807e+04 1.060725162762202967e+00
6.075592848457379296e+04 9.235959696368737371e-01
6.075592874463438784e+04 9.797189546790782133e-01
6.075592900469498272e+04 9.251410100756195520e-01
6.075592926475557761e+04 9.970531617892629539e-01
6.075592952481617249e+04 9.994711237191847841e-01
6.075592978487676737e+04 8.743640055372169373e-01
6.075593004493736953e+04 9.245501585167225089e-01
6.075593030499796441e+04 9.612163796253488934e-01
6.075593056505855930e+04 1.002250311492176582e+00
6.075593082511916145e+04 1.013263102884321309e+00
6.075593108517975634e+04 1.029386937553961712e+00
6.075593134524035122e+04 9.609622223978995237e-01
6.075593160530094610e+04 9.577351913329389399e-01
6.075593186536154099e+04 1.041724118893073481e+00
6.075593212542213587e+04 1.018089515043575588e+00
6.075593238548273075e+04 1.145187691092846904e+00
6.075593264554332563e+04 8.800322369562084690e-01
6.075593290560392779e+04 9.247397925003851826e-01
6.075593316566452268e+04 9.859638221902041755e-01
6.075593342572511756e+04 1.142516167703542473e+00
6.075593368578571244e+04 9.975315440742618112e-01
6.075593394584631460e+04 9.493188032152061195e-01
6.075593420590690948e+04 9.433729872576828157e-01
6.075593446596750437e+04 9.297857693271702750e-01
6.075593472602809925e+04 1.065160848363234436e+00
6.075593498608869413e+04 1.010746975667547565e+00
6.075593524614928901e+04 1.003883278551893410e+00
6.075593550620988390e+04 1.049735177947986875e+00
6.075593576627048606e+04 9.701766308313756193e-01
6.075593602633108094e+04 1.006520886501087952e+00
6.075593628639167582e+04 9.304254360852245442e-01
6.075593654645227070e+04 1.037309690059614820e+00
6.075593680651287286e+04 1.082950143713208524e+00
6.075593706657346775e+04 9.664281181525609110e-01
6.075593732663406263e+04 9.812500362402249987e-01
6.075593758669465751e+04 9.597149410664407299e-01
6.075593784675525239e+04 1.076121151969952283e+00
6.075593810681584728e+04 9.369574482924277747e-01
6.075593836687644216e+04 1.087169147855457707e+00
6.075593862693704432e+04 1.000743980070587957e+00
6.075593888699763920e+04 1.067407828360603439e+00
6.075593914705823408e+04 9.880855317491379353e-01
6.075593940711883624e+04 1.038629525485902150e+00
6.075594106598430517e+04 9.924815374511971600e-01
6.075594132604500919e+04 9.063952597443712955e-01
6.075594158610571321e+04 8.963851601821499759e-01
6.075594184616640996e+04 9.148820129520939259e-01
6.075594210622711398e+04 9.982168707241881878e-01
6.075594236628781800e+04 1.062840903535386516e+00
6.075594262634852203e+04 9.499293367342210859e-01
6.075594288640922605e+04 9.400658264972500122e-01
6.075594314646992279e+04 1.043287385281300939e+00
6.075594340653063409e+04 9.370464125341110284e-01
6.075594366659133811e+04 1.039430264532603676e+00
6.075594392665203486e+04 9.518339838040877909e-01
6.075594418671273888e+04 1.003330805429047734e+00
6.075594444677344291e+04 1.073973168010038393e+00
6.075594470683414693e+04 9.290697859428620475e-01
6.075594496689485095e+04 1.075153506335695619e+00
6.075594522695554770e+04 8.974949367431561686e-01
6.075594548701625172e+04 8.804596573783889379e-01
6.075594574707695574e+04 1.054604810258763736e+00
6.075594600713765976e+04 9.708109925450132405e-01
6.075594626719836378e+04 9.814589385966980828e-01
6.075594652725906053e+04 9.846645694080665701e-01
6.075594678731976455e+04 1.032422372610713124e+00
6.075594704738046858e+04 1.088952021910136736e+00
6.075594730744116532e+04 9.658893004682566064e-01
6.075594756750187662e+04 1.035625779749452358e+00
6.075594782756257337e+04 9.617589771763763729e-01
6.075594808762328466e+04 9.266708168626225373e-01
6.075594834768398869e+04 9.957355264727573152e-01
6.075594860774468543e+04 1.043261391790096360e+00
6.075594886780538945e+04 8.495960471795017677e-01
6.075594912786609348e+04 9.505331065848214855e-01
6.075594938792679750e+04 9.908738450936134257e-01
6.075594964798750152e+04 9.303742627563577061e-01
6.075594990804819827e+04 9.978464240207320923e-01
6.075595016810890229e+04 9.311233080118439531e-01
6.075595042816960631e+04 9.955006973545416082e-01
6.075595068823031033e+04 9.084400977056595883e-01
6.075595094829101436e+04 9.240737189784952177e-01
6.075595120835171110e+04 9.683624350240638279e-01
6.075595146841241512e+04 1.064587843291918245e+00
6.075595172847312642e+04 1.044324313008213156e+00
6.075595198853382317e+04 9.784503100385338881e-01
6.075595224859452719e+04 8.414368534057438120e-01
6.075595250865523121e+04 1.067207748610486284e+00
6.075595276871593524e+04 1.050044093439850279e+00
6.075595302877663926e+04 7.923362028063221096e-01
6.075595328883733600e+04 9.719017515714396538e-01
6.075595354889804003e+04 1.033555465095298498e+00
6.075595380895874405e+04 9.125612898506869630e-01
6.075595406901944807e+04 9.424473786712928014e-01
6.075595432908015209e+04 1.066762814268860549e+00
6.075595458914084884e+04 1.064734595051599619e+00
6.075595484920156014e+04 9.947784926584520848e-01
6.075595510926226416e+04 1.029816383419829506e+00
6.075595536932296091e+04 9.085814279076450672e-01
6.075595562938366493e+04 9.312740215290182810e-01
6.075595588944436895e+04 9.388250221065210788e-01
6.075595614950507297e+04 1.015833702169118391e+00
6.075595640956577699e+04 8.220577270080838828e-01
6.075595666962647374e+04 9.984335948682452333e-01
6.075595692968717776e+04 1.010941181729902105e+00
6.075595718974788178e+04 8.897751311358498283e-01
6.075595744980858581e+04 9.937120512704483710e-01
6.075595770986929710e+04 9.830589958201505496e-01
6.075595796992999385e+04 1.032480440401444488e+00
6.075595822999069787e+04 9.853236431361462877e-01
6.075595849005140190e+04 1.049150812072256578e+00
6.075595875011209864e+04 1.025349592734772664e+00
6.075595901017280994e+04 8.948178847796049995e-01
6.075595927023350669e+04 9.780102866767608205e-01
6.075595953029421071e+04 1.067386763789153870e+00
6.075595979035491473e+04 8.640666923328764737e-01
6.075596005041561148e+04 1.026123323716741309e+00
6.075596031047632277e+04 1.021256603720835932e+00
6.075596057053702680e+04 8.512777599341151413e-01
6.075596083059773082e+04 9.496077810697115540e-01
6.075596109065843484e+04 1.015594486449534095e+00
6.075596135071913159e+04 9.698517166646367649e-01
6.075596161077983561e+04 1.085968923740527003e+00
6.075596187084053963e+04 1.007203647037823835e+00
6.075596213090124365e+04 1.020881744163540716e+00
6.075596239096194768e+04 8.842700809495172010e-01
6.075596265102265170e+04 9.631166740898189360e-01
6.075596291108335572e+04 9.899469350835897741e-01
6.075596317114405974e+04 9.293313890284212730e-01
6.075596343120475649e+04 9.456887596094402104e-01
6.075596369126546051e+04 9.089180348728587155e-01
6.075596395132616453e+04 9.920900704051418550e-01
6.075596421138686856e+04 1.004595970558891826e+00
6.075596447144757258e+04 9.967749420411531336e-01
6.075596473150827660e+04 8.833376727829314046e-01
6.075596499156898062e+04 1.022244278180973298e+00
6.075596525162968464e+04 1.009659460842286194e+00
6.075596551169038867e+04 1.011204359833550503e+00
6.075596577175109269e+04 9.939794800323086266e-01
6.075596603181178943e+04 9.518621939479394722e-01
6.075596629187249346e+04 1.016032071462552144e+00
6.075596655193319748e+04 9.939680939373684021e-01
6.075596681199390150e+04 9.776620903322255085e-01
6.075596707205460552e+04 8.999390251335829261e-01
6.075596733211530955e+04 8.931547086744253683e-01
6.075596759217601357e+04 1.082795135013067345e+00
6.075596785223671759e+04 1.006695018364767824e+00
6.075596811229741434e+04 1.057207355313525721e+00
6.075596837235811836e+04 1.054496597080893938e+00
6.075596863241882238e+04 9.726447962987924134e-01
6.075596889247953368e+04 1.115883158576375989e+00
6.075596915254023770e+04 9.098692632330906971e-01
6.075596941260093445e+04 9.425919537619183997e-01
6.075597102105359954e+04 8.600276296846606217e-01
6.075597128111420170e+04 9.761554728376532486e-01
6.075597154117479658e+04 1.058304537606077789e+00
6.075597180123539147e+04 9.282015466100019818e-01
6.075597206129598635e+04 9.911968959393773204e-01
6.075597232135658123e+04 9.392765368345592503e-01
6.075597258141718339e+04 1.038765072370121612e+00
6.075597284147777827e+04 1.087404340887445864e+00
6.075597310153837316e+04 1.017976501481813845e+00
6.075597336159897532e+04 9.984368625199291358e-01
6.075597362165957020e+04 8.791959403227977976e-01
6.075597388172016508e+04 9.929256569689791645e-01
6.075597414178077452e+04 1.004631939566441368e+00
6.075597440184136940e+04 8.354061227361522235e-01
6.075597466190196428e+04 9.097912449522110867e-01
6.075597492196255916e+04 8.016232427077417677e-01
6.075597518202315405e+04 9.772969889787410658e-01
6.075597544208374893e+04 9.467641491250229357e-01
6.075597570214434381e+04 1.030293773755659670e+00
6.075597596220494597e+04 1.008577742895312657e+00
6.075597622226554813e+04 9.785589662479691198e-01
6.075597648232614301e+04 9.670157263685413840e-01
6.075597674238673790e+04 1.006183237067832748e+00
6.075597700244734006e+04 1.066566471775718172e+00
6.075597726250793494e+04 1.023702249962121558e+00
6.075597752256853710e+04 1.010170858241446146e+00
6.075597778262913198e+04 9.256869385029501407e-01
6.075597804268972686e+04 1.010078362966141841e+00
6.075597830275032175e+04 9.596070220399469664e-01
6.075597856281091663e+04 8.816248631576019124e-01
6.075597882287151151e+04 9.926930937551590173e-01
6.075597908293212095e+04 9.123936824227393272e-01
6.075597934299271583e+04 9.497003733758857535e-01
6.075597960305331071e+04 1.050311465601256211e+00
6.075597986311390559e+04 1.003774171635625878e+00
6.075598012317450775e+04 9.256689775084115945e-01
6.075598038323510264e+04 9.578797358423085662e-01
6.075598064329570479e+04 8.969130864978185347e-01
6.075598090335629968e+04 1.029551908189822562e+00
6.075598116341689456e+04 8.081250707774331188e-01
6.075598142347748944e+04 9.969416310152315885e-01
6.075598168353808433e+04 1.071505907076370390e+00
6.075598194359869376e+04 1.022805765558704838e+00
6.075598220365928864e+04 1.046567923698270119e+00
6.075598246371988353e+04 9.664813992761497330e-01
6.075598272378047841e+04 9.985308259632488248e-01
6.075598298384108057e+04 9.614863275318282776e-01
6.075598324390167545e+04 9.684715911137248279e-01
6.075598350396227761e+04 9.175004425942876463e-01
6.075598376402287249e+04 1.031383141076293031e+00
6.075598402408346738e+04 9.858673571796539026e-01
6.075598428414406226e+04 1.018674748650027828e+00
6.075598454420465714e+04 9.769658625141554031e-01
6.075598480426526658e+04 8.860220578415342052e-01
6.075598506432586146e+04 9.620277923328218739e-01
6.075598532438645634e+04 8.982835949189934555e-01
6.075598558444705122e+04 9.375699504266884476e-01
6.075598584450765338e+04 9.301006860013762978e-01
6.075598610456825554e+04 1.066179621162995250e+00
6.075598636462885042e+04 8.232219549453513308e-01
6.075598662468944531e+04 9.463745385979477343e-01
6.075598688475004019e+04 9.832109585723909362e-01
6.075598714481063507e+04 1.001541238862387440e+00
6.075598740487123723e+04 1.075743573583656909e+00
6.075598766493183211e+04 9.502493163235538054e-01
6.075598792499243427e+04 9.045427783270092448e-01
6.075598818505302916e+04 1.043492779560551087e+00
6.075598844511362404e+04 9.751684103686422134e-01
6.075598870517423347e+04 8.945274479669500511e-01
6.075598896523482836e+04 9.688660019543110513e-01
6.075598922529542324e+04 1.008395470586146203e+00
6.075598948535601812e+04 8.754779971905113367e-01
6.075598974541661300e+04 1.005744296029817741e+00
6.075599000547721516e+04 8.621102600935617311e-01
6.075599026553781005e+04 9.855382268088030973e-01
6.075599052559840493e+04 9.559323562246725414e-01
6.075599078565900709e+04 8.796349692256402175e-01
6.075599104571960197e+04 9.276668017015287093e-01
6.075599130578020413e+04 9.963692514519192356e-01
6.075599156584080629e+04 1.016481139880863749e+00
6.075599182590140117e+04 1.075672887364607089e+00
6.075599208596199605e+04 9.561131149824273479e-01
6.075599234602259094e+04 9.576265680419600024e-01
6.075599260608319310e+04 1.001621842227960801e+00
6.075599286614378798e+04 9.503628763007589964e-01
6.075599312620438286e+04 1.042399381457493890e+00
6.075599338626497774e+04 9.966143471963216927e-01
6.075599364632558718e+04 9.817511978550036433e-01
6.075599390638618206e+04 1.032339931602778593e+00
6.075599416644677694e+04 1.042562554542906472e+00
6.075599442650737910e+04 9.706483831153160935e-01
6.075599468656797399e+04 1.035755720021618309e+00
6.075599494662857614e+04 9.479008186071248288e-01
6.075599520668917103e+04 1.013083751224554074e+00
6.075599546674976591e+04 9.190124575014184671e-01
6.075599572681036079e+04 1.010650492632636288e+00
6.075599598687096295e+04 1.002715858133703231e+00
6.075599624693155783e+04 1.042498238681770273e+00
6.075599650699215999e+04 1.095537443031670222e+00
6.075599676705275488e+04 9.693064270099056579e-01
6.075599702711334976e+04 1.000765982744110660e+00
6.075599728717395192e+04 1.017768674534125672e+00
6.075599754723455408e+04 9.710868341790529490e-01
6.075599780729514896e+04 1.044917554733091558e+00
6.075599806735574384e+04 8.900648498451718682e-01
6.075599832741634600e+04 9.784862145608219652e-01
6.075599858747694088e+04 9.410015032011421754e-01
6.075599884753753577e+04 1.048337285371064409e+00
6.075599910759813065e+04 8.425043814325736680e-01
6.075599936765874008e+04 8.842583347694369378e-01
6.075600091310295102e+04 1.044076527704022039e+00
6.075600117316365504e+04 1.052512150125720414e+00
6.075600143322435179e+04 1.133463378103944930e+00
6.075600169328505581e+04 1.020109374974772276e+00
6.075600195334576711e+04 9.896225827435077838e-01
6.075600221340647113e+04 9.160042108938674099e-01
6.075600247346717515e+04 9.612183132105958094e-01
6.075600273352787190e+04 1.100267399384357692e+00
6.075600299358858319e+04 9.875118730320564531e-01
6.075600325364928722e+04 9.642198430545156906e-01
6.075600351370998396e+04 1.018914793589901446e+00
6.075600377377069526e+04 1.064099384772100310e+00
6.075600403383139928e+04 9.776265024048667041e-01
6.075600429389210331e+04 1.098463786958142396e+00
6.075600455395280733e+04 1.003098381222306879e+00
6.075600481401350407e+04 1.020252067105790639e+00
6.075600507407421537e+04 9.751895091739123389e-01
6.075600533413491939e+04 9.186449355584304088e-01
6.075600559419562342e+04 9.987313811890929927e-01
6.075600585425632744e+04 8.639538614959637597e-01
6.075600611431703146e+04 9.854470381082935937e-01
6.075600637437773548e+04 9.901533087571371405e-01
6.075600663443843951e+04 9.901733529923465449e-01
6.075600689449914353e+04 1.044010549569138302e+00
6.075600715455985483e+04 9.854836778201614411e-01
6.075600741462055157e+04 9.016711547310245489e-01
6.075600767468125559e+04 9.754515877996194906e-01
6.075600793474195962e+04 9.242781366183646652e-01
6.075600819480266364e+04 1.025335870917819747e+00
6.075600845486336766e+04 8.153951957960903218e-01
6.075600871492407168e+04 1.086949054746054077e+00
6.075600897498478298e+04 9.137688330103989065e-01
6.075600923504548700e+04 9.285445842621595780e-01
6.075600949510618375e+04 9.714047277458478513e-01
6.075600975516688777e+04 9.704071761180395050e-01
6.075601001522759907e+04 9.564104369470650679e-01
6.075601027528830309e+04 9.814459000459538895e-01
6.075601053534900711e+04 9.154176526183585016e-01
6.075601079540970386e+04 1.007177974986334545e+00
6.075601105547041516e+04 1.025173635862579147e+00
6.075601131553111918e+04 9.913627047606244913e-01
6.075601157559181593e+04 9.723240783004313270e-01
6.075601183565252722e+04 9.496683055178776200e-01
6.075601209571323125e+04 9.469618433852396988e-01
6.075601235577393527e+04 9.999374369312030719e-01
6.075601261583463929e+04 9.243501270970938544e-01
6.075601287589534331e+04 1.037984109894315665e+00
6.075601313595604734e+04 9.973663655237410275e-01
6.075601339601675136e+04 1.116008430552673625e+00
6.075601365607746266e+04 1.047043898386755156e+00
6.075601391613816668e+04 8.791750670185055627e-01
6.075601417619886342e+04 9.268429922624614736e-01
6.075601443625956745e+04 1.006388099779869094e+00
6.075601469632027874e+04 9.926218450212596078e-01
6.075601495638097549e+04 1.005956012155044377e+00
6.075601521644168679e+04 9.697095716408288268e-01
6.075601547650239081e+04 1.022677161878432051e+00
6.075601573656309483e+04 1.006334007248550266e+00
6.075601599662379886e+04 1.003240846589185109e+00
6.075601625668450288e+04 9.578995130790535217e-01
6.075601651674520690e+04 9.176534022467880414e-01
6.075601677680591092e+04 9.473674224148365131e-01
6.075601703686661494e+04 1.078211153168658010e+00
6.075601729692732624e+04 9.248022638196904399e-01
6.075601755698802299e+04 9.627133005177619385e-01
6.075601781704872701e+04 1.076914875849326769e+00
6.075601807710943831e+04 9.534517547891566691e-01
6.075601833717014233e+04 1.159065014920239056e+00
6.075601859723084635e+04 1.047216176581639013e+00
6.075601885729155038e+04 9.380640434553556561e-01
6.075601911735225440e+04 9.444220898744678516e-01
6.075601937741295842e+04 9.305908722678742917e-01
6.075601963747365517e+04 9.207585474380818313e-01
6.075601989753436646e+04 1.032167155308436168e+00
6.075602015759507049e+04 8.798100172284192277e-01
6.075602041765577451e+04 9.134398659527404041e-01
6.075602067771648581e+04 1.082228044998116312e+00
6.075602093777718255e+04 9.319057871646141411e-01
6.075602119783788658e+04 9.519431674598681781e-01
6.075602145789859787e+04 1.092959718501180344e+00
6.075602171795930190e+04 1.090841742554042648e+00
6.075602197802000592e+04 1.047848167355392990e+00
6.075602223808070994e+04 1.012816651252046674e+00
6.075602249814141396e+04 9.530991641278447890e-01
6.075602275820211798e+04 8.850290862142929926e-01
6.075602301826282201e+04 1.026346869646572069e+00
6.075602327832352603e+04 9.000129190762871101e-01
6.075602353838423005e+04 1.027083782526604816e+00
6.075602379844494135e+04 1.083647989823304236e+00
6.075602405850564537e+04 9.591825500320865228e-01
6.075602431856634212e+04 1.045500038724375136e+00
6.075602457862704614e+04 9.829267235198070329e-01
6.075602483868775744e+04 1.022524823463492938e+00
6.075602509874846146e+04 1.004279715556392283e+00
6.075602535880916548e+04 1.084764102154348375e+00
6.075602561886986950e+04 9.504011115210464489e-01
6.075602587893057353e+04 1.002172842879699655e+00
6.075602613899127755e+04 1.017224712279600762e+00
6.075602639905198885e+04 1.130818525051205947e+00
6.075602665911269287e+04 1.085225461879581577e+00
6.075602691917338962e+04 1.059853524224922738e+00
6.075602717923410091e+04 1.052596785681083835e+00
6.075602743929480494e+04 1.101358764961517522e+00
6.075602769935550168e+04 9.777116463050655737e-01
6.075602795941621298e+04 9.870640864813317039e-01
6.075602821947691700e+04 8.729884704414034857e-01
6.075602847953762102e+04 9.595273241958433008e-01
6.075602873959833232e+04 1.089244391451270166e+00
6.075602899965902907e+04 1.059162014526695339e+00
6.075602925971973309e+04 9.998284784001738590e-01
6.075603093119423283e+04 1.070352898307801226e+00
6.075603119125482772e+04 9.844104748513585745e-01
6.075603145131542988e+04 1.069745955883725896e+00
6.075603171137602476e+04 9.016957133669417646e-01
6.075603197143662692e+04 8.276262089946659906e-01
6.075603223149722908e+04 1.063617047047101805e+00
6.075603249155782396e+04 1.032778111618626538e+00
6.075603275161842612e+04 1.034741330125294567e+00
6.075603301167902100e+04 9.797564873927089302e-01
6.075603327173962316e+04 1.000408696319526225e+00
6.075603353180022532e+04 1.017351462731996170e+00
6.075603379186082020e+04 1.005539646252116004e+00
6.075603405192141508e+04 9.723537245190481126e-01
6.075603431198201724e+04 8.928748052865448370e-01
6.075603457204261213e+04 1.031938793858647507e+00
6.075603483210320701e+04 9.411782871392450067e-01
6.075603509216381644e+04 9.488510377935464035e-01
6.075603535222441133e+04 9.537910433263382393e-01
6.075603561228501349e+04 1.073205748997006381e+00
6.075603587234560837e+04 1.055009079856969567e+00
6.075603613240621053e+04 1.066896875534457001e+00
6.075603639246681269e+04 9.157050535521208401e-01
6.075603665252740757e+04 1.095195086837765786e+00
6.075603691258800245e+04 9.308902911281372594e-01
6.075603717264860461e+04 9.578968629434629900e-01
6.075603743270919949e+04 1.098731610148233617e+00
6.075603769276979438e+04 1.089941095212757283e+00
6.075603795283040381e+04 9.696707478821666726e-01
6.075603821289099869e+04 9.326087607144599723e-01
6.075603847295160085e+04 1.009994736589602482e+00
6.075603873301219573e+04 9.850412790427572896e-01
6.075603899307279789e+04 1.018381173853248889e+00
6.075603925313340005e+04 1.013441641328447718e+00
6.075603951319399494e+04 9.770195418947438259e-01
6.075603977325458982e+04 9.223673282876115875e-01
6.075604003331519198e+04 9.883019770912960800e-01
6.075604029337578686e+04 9.665424662688331114e-01
6.075604055343638902e+04 1.003864675162600140e+00
6.075604081349698390e+04 1.013848221150503770e+00
6.075604107355758606e+04 1.026597219146081263e+00
6.075604133361818822e+04 9.166735150656972753e-01
6.075604159367878310e+04 1.130112960905311104e+00
6.075604185373938526e+04 1.027111044729680067e+00
6.075604211379998742e+04 1.039609473955339425e+00
6.075604237386058230e+04 1.063231791447054153e+00
6.075604263392118446e+04 9.683311938541501185e-01
6.075604289398177934e+04 9.127150819529958881e-01
6.075604315404237423e+04 1.002660495894310611e+00
6.075604341410297639e+04 1.012352341379144649e+00
6.075604367416357127e+04 9.539611139736670076e-01
6.075604393422418070e+04 9.481477123063737356e-01
6.075604419428477559e+04 9.748678120612012110e-01
6.075604445434537047e+04 1.102491404845419076e+00
6.075604471440597990e+04 1.045004824352907757e+00
6.075604497446657479e+04 8.687273388189640233e-01
6.075604523452717694e+04 9.630389418635137977e-01
6.075604549458777183e+04 1.029638038664189681e+00
6.075604575464836671e+04 1.084892197352786303e+00
6.075604601470896887e+04 9.994211315965904063e-01
6.075604627476956375e+04 9.419051743376044561e-01
6.075604653483016591e+04 1.075230877693863718e+00
6.075604679489076807e+04 9.427084685289578436e-01
6.075604705495136295e+04 1.085633940885410320e+00
6.075604731501196511e+04 9.668500902629771909e-01
6.075604757507256727e+04 1.005052284759589964e+00
6.075604783513316943e+04 1.045139025068160477e+00
6.075604809519376431e+04 9.611977300479657149e-01
6.075604835525435919e+04 1.040315884385031753e+00
6.075604861531496135e+04 1.042169171830052754e+00
6.075604887537555624e+04 1.072216478977113141e+00
6.075604913543615839e+04 1.084559538782051469e+00
6.075604939549675328e+04 9.224924812539126995e-01
6.075604965555735544e+04 9.863319317450246482e-01
6.075604991561795759e+04 9.541943023942754953e-01
6.075605017567855248e+04 9.561750157502059144e-01
6.075605043573915464e+04 1.007203508574147088e+00
6.075605069579975680e+04 9.467132858647906435e-01
6.075605095586035168e+04 1.023997060799831660e+00
6.075605121592095384e+04 1.030526786108866277e+00
6.075605147598154872e+04 9.524261023217636124e-01
6.075605173604215088e+04 1.069761594867467025e+00
6.075605199610274576e+04 9.026147763400766966e-01
6.075605225616334792e+04 1.030206705328056582e+00
6.075605251622395008e+04 1.051057148146468334e+00
6.075605277628454496e+04 1.039166702582024815e+00
6.075605303634514712e+04 1.115816801806388536e+00
6.075605329640574200e+04 9.413512857391070909e-01
6.075605355646635144e+04 1.063668873832014805e+00
6.075605381652694632e+04 1.002938350351822772e+00
6.075605407658754848e+04 1.008464998497995202e+00
6.075605433664814336e+04 1.026381540237412793e+00
6.075605459670873825e+04 1.036248994249318267e+00
6.075605485676934040e+04 9.582418889999945177e-01
6.075605511682993529e+04 9.409628606219916369e-01
6.075605537689054472e+04 1.047872122476866341e+00
6.075605563695113960e+04 9.895745526150034888e-01
6.075605589701174176e+04 1.060597080839758233e+00
6.075605615707233665e+04 1.073124334874830277e+00
6.075605641713293880e+04 9.224629136877778857e-01
6.075605667719354096e+04 9.223168053236029396e-01
6.075605693725413585e+04 1.012108773970451736e+00
6.075605719731473800e+04 1.027261151762141944e+00
6.075605745737533289e+04 1.044572204514866876e+00
6.075605771743593505e+04 1.044846187060931797e+00
6.075605797749652993e+04 9.684750096076186754e-01
6.075605823755713209e+04 1.057325470103331888e+00
6.075605849761773425e+04 1.062673227194123937e+00
6.075605875767832913e+04 1.029454428951446232e+00
6.075605901773893129e+04 1.025148622874860305e+00
6.075605927779953345e+04 1.035055300394391198e+00
6.075606082322710427e+04 9.555890927327619355e-01
6.075606108328780829e+04 8.716615858338309097e-01
6.075606134334851231e+04 1.049544657918002777e+00
6.075606160340922361e+04 1.049247982804940360e+00
6.075606186346992035e+04 1.031554896507952845e+00
6.075606212353063165e+04 1.093563169768814403e+00
6.075606238359133567e+04 9.105423957225904363e-01
6.075606264365204697e+04 1.039305383626368817e+00
6.075606290371275099e+04 9.743140371289492618e-01
6.075606316377345502e+04 1.020569998140530066e+00
6.075606342383415904e+04 8.894266571370463836e-01
6.075606368389486306e+04 9.041363977189245116e-01
6.075606394395557436e+04 1.006444783569805823e+00
6.075606420401627838e+04 1.025588796821072624e+00
6.075606446407698240e+04 9.793837987627364017e-01
6.075606472413768643e+04 9.299695287810360034e-01
6.075606498419839772e+04 1.048866458354721809e+00
6.075606524425910175e+04 1.092488551038525602e+00
6.075606550431981304e+04 9.953522640097240970e-01
6.075606576438050979e+04 1.046756816537729007e+00
6.075606602444122109e+04 1.091935232838362468e+00
6.075606628450192511e+04 1.087299614533993930e+00
6.075606654456262913e+04 9.786373763781225366e-01
6.075606680462333316e+04 1.002327107464761280e+00
6.075606706468404445e+04 1.108765073114720945e+00
6.075606732474474848e+04 9.992639970329784127e-01
6.075606758480545250e+04 1.036813583519195392e+00
6.075606784486615652e+04 9.956908986410212270e-01
6.075606810492686054e+04 1.011045395062852181e+00
6.075606836498757184e+04 1.114807933656498218e+00
6.075606862504827586e+04 9.714494959764177207e-01
6.075606888510898716e+04 1.063825473941544253e+00
6.075606914516968391e+04 9.265173398858792542e-01
6.075606940523039520e+04 1.025641636474732277e+00
6.075606966529109923e+04 1.053901794691889826e+00
6.075606992535180325e+04 9.167620488729287809e-01
6.075607018541250727e+04 8.578711503377896008e-01
6.075607044547321857e+04 9.394249428634116050e-01
6.075607070553392259e+04 9.135645590263036242e-01
6.075607096559463389e+04 9.603458371765217771e-01
6.075607122565533064e+04 1.107857117145254255e+00
6.075607148571604193e+04 1.013344561458149329e+00
6.075607174577674596e+04 9.974978261253323319e-01
6.075607200583745725e+04 9.605547781126457796e-01
6.075607226589816128e+04 9.667641996504242607e-01
6.075607252595886530e+04 9.197996913021254661e-01
6.075607278601956932e+04 1.108670212361460017e+00
6.075607304608028062e+04 1.055214799849327978e+00
6.075607330614097737e+04 9.403333501397975747e-01
6.075607356620169594e+04 1.021758315495845837e+00
6.075607382626239269e+04 9.287438589589505078e-01
6.075607408632310398e+04 8.638461187439910871e-01
6.075607434638380801e+04 9.392226606914818587e-01
6.075607460644451203e+04 9.715591991065197774e-01
6.075607486650521605e+04 9.754803535354533706e-01
6.075607512656592735e+04 9.603038116975138871e-01
6.075607538662663137e+04 1.030641056047113535e+00
6.075607564668734267e+04 1.114678419482452609e+00
6.075607590674803942e+04 1.067374673456733092e+00
6.075607616680875071e+04 1.068924080185295722e+00
6.075607642686945474e+04 9.138257032665703106e-01
6.075607668693016603e+04 1.000914960038846946e+00
6.075607694699087006e+04 1.089216702704921103e+00
6.075607720705157408e+04 1.004433097541789888e+00
6.075607746711227810e+04 1.133180390341335775e+00
6.075607772717298940e+04 9.657323954254186660e-01
6.075607798723368614e+04 1.030784740592554982e+00
6.075607824729439744e+04 1.055917302250211298e+00
6.075607850735510146e+04 1.008486852384528287e+00
6.075607876741581276e+04 1.078921166000745169e+00
6.075607902747651679e+04 9.020709743919134160e-01
6.075607928753722081e+04 9.782517061697432181e-01
6.075607954759792483e+04 1.016294474684694249e+00
6.075607980765863613e+04 9.389096739277511539e-01
6.075608006771934015e+04 1.098880567955581755e+00
6.075608032778005145e+04 8.952158656358147892e-01
6.075608058784074819e+04 1.035606775307097216e+00
6.075608084790145949e+04 9.375786994522370410e-01
6.075608110796216351e+04 1.082100803576559800e+00
6.075608136802286754e+04 9.976608668760564846e-01
6.075608162808357156e+04 1.045716165260506703e+00
6.075608188814428286e+04 1.063588476211679401e+00
6.075608214820498688e+04 9.889028510763426816e-01
6.075608240826569818e+04 1.053048905915269007e+00
6.075608266832639492e+04 1.118165010352440980e+00
6.075608292838710622e+04 1.080904092486256296e+00
6.075608318844781024e+04 1.099168196842382983e+00
6.075608344850852154e+04 1.007985496292562511e+00
6.075608370856922556e+04 9.890750738769865658e-01
6.075608396862992959e+04 9.412221429996846522e-01
6.075608422869064088e+04 9.778739378392572457e-01
6.075608448875134491e+04 1.007497680549297892e+00
6.075608474881204893e+04 1.028325816991669139e+00
6.075608500887276023e+04 8.494557716211202925e-01
6.075608526893346425e+04 9.603640528197161519e-01
6.075608552899416827e+04 1.110342390316676919e+00
6.075608578905487957e+04 8.687800747234906140e-01
6.075608604911557632e+04 1.080705746590927552e+00
6.075608630917628761e+04 9.775536385504942638e-01
6.075608656923699164e+04 1.145612551207470853e+00
6.075608682929770293e+04 1.030112582927777076e+00
6.075608708935840696e+04 1.053341664755156559e+00
6.075608734941911098e+04 1.052803447457287156e+00
6.075608760947981500e+04 1.020146521282444763e+00
6.075608786954052630e+04 1.023229314065680295e+00
6.075608812960123760e+04 1.032625431891383005e+00
6.075608838966194162e+04 1.053989165297689823e+00
6.075608864972264564e+04 1.048130023863715454e+00
6.075608890978334966e+04 1.081268354014203181e+00
6.075608916984406096e+04 9.636169396284631761e-01
6.075609076569380704e+04 9.353188074220252224e-01
6.075609102575441648e+04 9.788596674044809376e-01
6.075609128581501136e+04 1.073348328565389087e+00
6.075609154587561352e+04 1.016988452264616427e+00
6.075609180593621568e+04 9.239929845799271790e-01
6.075609206599681784e+04 1.035843482386045400e+00
6.075609232605741272e+04 1.028738079067420319e+00
6.075609258611801488e+04 1.088850429144555099e+00
6.075609284617860976e+04 9.002325712112938527e-01
6.075609310623921192e+04 9.825430953704766823e-01
6.075609336629981408e+04 1.045543085739004452e+00
6.075609362636040896e+04 9.519473580404486102e-01
6.075609388642101840e+04 9.417026123280244354e-01
6.075609414648161328e+04 9.266996085656148407e-01
6.075609440654221544e+04 9.765121988225873295e-01
6.075609466660281760e+04 1.025748366996838357e+00
6.075609492666341976e+04 9.764715807480552900e-01
6.075609518672402191e+04 9.913971536109692506e-01
6.075609544678461680e+04 1.024535383119786980e+00
6.075609570684521896e+04 9.611599612792049996e-01
6.075609596690581384e+04 1.031960676575410130e+00
6.075609622696641600e+04 9.649447830512760671e-01
6.075609648702701088e+04 1.039104748716729087e+00
6.075609674708762032e+04 9.719021252971575819e-01
6.075609700714822247e+04 9.298975079444877778e-01
6.075609726720881736e+04 1.040183715908790330e+00
6.075609752726942679e+04 8.992732734504349512e-01
6.075609778733002167e+04 9.283285393985383216e-01
6.075609804739062383e+04 1.039484130008529350e+00
6.075609830745121872e+04 1.061930471419779254e+00
6.075609856751182087e+04 1.051218339783633215e+00
6.075609882757242303e+04 1.056394306187276033e+00
6.075609908763301792e+04 9.358593559439248866e-01
6.075609934769362008e+04 1.031996666663104190e+00
6.075609960775422223e+04 1.009666561755381053e+00
6.075609986781482439e+04 9.252312526432727724e-01
6.075610012787541928e+04 1.055235234993579629e+00
6.075610038793602143e+04 9.614574788174186093e-01
6.075610064799663087e+04 9.932553401269336169e-01
6.075610090805722575e+04 1.059539597435116720e+00
6.075610116811782791e+04 9.259936075755142992e-01
6.075610142817842279e+04 1.052828445889883557e+00
6.075610168823902495e+04 1.077980929472701854e+00
6.075610194829962711e+04 9.044043398451747651e-01
6.075610220836022199e+04 1.013729184818781492e+00
6.075610246842083143e+04 9.825716354392132201e-01
6.075610272848142631e+04 1.031141299919500431e+00
6.075610298854202847e+04 9.640259080266617708e-01
6.075610324860263063e+04 9.314731669344007425e-01
6.075610350866323279e+04 8.748756122673443381e-01
6.075610376872383495e+04 1.047010644231666010e+00
6.075610402878442983e+04 1.059510314826440647e+00
6.075610428884503199e+04 1.112127790530931470e+00
6.075610454890563415e+04 9.144291503964084855e-01
6.075610480896622903e+04 1.123916753039884808e+00
6.075610506902683119e+04 8.971526017715957257e-01
6.075610532908743335e+04 1.019093657783512574e+00
6.075610558914803551e+04 9.913704132066583075e-01
6.075610584920863766e+04 9.596567283987893493e-01
6.075610610926923255e+04 1.023925193599948269e+00
6.075610636932984198e+04 9.803472198157064943e-01
6.075610662939043686e+04 1.007010721112589824e+00
6.075610688945103902e+04 1.034385036841389161e+00
6.075610714951164118e+04 1.014725406502522853e+00
6.075610740957223607e+04 9.973017600480487133e-01
6.075610766963283822e+04 9.742077477564041743e-01
6.075610792969343311e+04 1.037841546123092984e+00
6.075610818975403527e+04 1.028611715693279693e+00
6.075610844981464470e+04 9.263278125147785813e-01
6.075610870987523958e+04 1.164089422188886447e+00
6.075610896993584174e+04 1.008629404854156864e+00
6.075610922999644390e+04 1.061057121953647986e+00
6.075610949005704606e+04 9.974996760226508830e-01
6.075610975011764822e+04 9.326550766294954276e-01
6.075611001017824310e+04 1.025135950194186796e+00
6.075611027023884526e+04 8.916612410771435071e-01
6.075611053029944742e+04 8.917990597351075355e-01
6.075611079036004230e+04 9.965749121857890858e-01
6.075611105042064446e+04 9.955471136660218878e-01
6.075611131048124662e+04 1.002694260501598711e+00
6.075611157054184878e+04 1.140597929440549718e+00
6.075611183060245094e+04 1.019374512256474796e+00
6.075611209066305310e+04 1.063743302838091154e+00
6.075611235072365525e+04 9.976866210705577220e-01
6.075611261078425741e+04 1.041403623546764745e+00
6.075611287084485230e+04 9.748904406271591272e-01
6.075611313090545445e+04 1.037763977498374457e+00
6.075611339096604934e+04 9.664409167974747916e-01
6.075611365102665150e+04 1.135625152093385992e+00
6.075611391108725365e+04 1.122086079536948722e+00
6.075611417114785581e+04 1.079779041646247606e+00
6.075611443120845797e+04 1.134803385700102529e+00
6.075611469126906013e+04 1.061756764463748892e+00
6.075611495132966229e+04 9.714779817842276177e-01
6.075611521139026445e+04 9.803100087227174519e-01
6.075611547145085933e+04 1.014198329563710255e+00
6.075611573151146149e+04 1.061029636975922896e+00
6.075611599157206365e+04 1.075919404751108033e+00
6.075611625163265853e+04 1.056747169375099382e+00
6.075611651169326069e+04 1.067544021575640212e+00
6.075611677175386285e+04 9.759123422718132268e-01
6.075611703181446501e+04 9.918750770301931752e-01
6.075611729187506717e+04 9.119694048810402798e-01
6.075611755193566933e+04 9.604111138757870370e-01
6.075611781199626421e+04 1.126489090176965524e+00
6.075611807205687364e+04 1.028748616394441040e+00
6.075611833211747580e+04 9.712416816493136817e-01
6.075611859217807068e+04 1.082949017600221886e+00
6.075611885223867284e+04 9.906190192772422742e-01
6.075611911229926773e+04 1.036281302739038512e+00
6.075612077117233275e+04 1.065117652579728347e+00
6.075612103123303677e+04 1.023206108215386489e+00
6.075612129129374080e+04 1.014875032588149262e+00
6.075612155135445209e+04 1.073405958102261248e+00
6.075612181141516339e+04 1.124980584840414188e+00
6.075612207147586741e+04 1.004014239151097110e+00
6.075612233153657144e+04 1.006709891066077445e+00
6.075612259159728274e+04 1.104135668634475653e+00
6.075612285165798676e+04 1.123754660054464782e+00
6.075612311171869806e+04 1.016191321572246675e+00
6.075612337177940935e+04 9.776830591766308975e-01
6.075612363184010610e+04 1.087164337012039184e+00
6.075612389190081740e+04 9.519009878260136226e-01
6.075612415196152870e+04 1.107746785126526357e+00
6.075612441202222544e+04 9.987813825965810022e-01
6.075612467208293674e+04 9.587768701719029396e-01
6.075612493214364804e+04 1.008659891530066632e+00
6.075612519220435206e+04 1.038111925619549014e+00
6.075612545226506336e+04 9.797745193160698474e-01
6.075612571232576738e+04 1.060589640821983481e+00
6.075612597238647140e+04 1.073925494467075969e+00
6.075612623244718270e+04 1.078201028714401932e+00
6.075612649250789400e+04 1.148464095993323220e+00
6.075612675256859802e+04 1.073842348129100177e+00
6.075612701262930204e+04 1.053262680584179600e+00
6.075612727269001334e+04 9.741956723714808586e-01
6.075612753275071736e+04 1.032241057910074034e+00
6.075612779281142139e+04 1.007435597289539908e+00
6.075612805287213268e+04 9.856080428248750191e-01
6.075612831293283671e+04 1.013269385929741695e+00
6.075612857299354800e+04 1.122616796674400730e+00
6.075612883305425930e+04 1.080410365632475056e+00
6.075612909311495605e+04 1.121106076609554858e+00
6.075612935317566735e+04 1.044432577937998374e+00
6.075612961323637865e+04 9.922704116358163073e-01
6.075612987329708267e+04 9.893939387539474328e-01
6.075613013335779397e+04 1.046166868771360114e+00
6.075613039341849799e+04 1.059358780397577915e+00
6.075613065347920201e+04 1.076690082169010187e+00
6.075613091353991331e+04 1.120500055528794059e+00
6.075613117360061733e+04 1.023492403450429356e+00
6.075613143366133590e+04 9.910712476124260428e-01
6.075613169372203265e+04 1.097331396590843777e+00
6.075613195378274395e+04 1.067807494347109865e+00
6.075613221384345525e+04 1.191719870909115464e+00
6.075613247390415199e+04 1.004223680406995722e+00
6.075613273396486329e+04 9.604070136775771926e-01
6.075613299402557459e+04 1.027150274465008506e+00
6.075613325408627861e+04 8.907878807176096148e-01
6.075613351414698991e+04 9.352765890165158913e-01
6.075613377420769393e+04 9.886966970797839149e-01
6.075613403426840523e+04 1.068993933115690798e+00
6.075613429432910925e+04 9.336710142324186057e-01
6.075613455438982055e+04 1.040773153428180775e+00
6.075613481445053185e+04 1.106612739171779047e+00
6.075613507451122859e+04 1.090946506736117705e+00
6.075613533457193989e+04 1.007281997228305359e+00
6.075613559463265119e+04 1.042444482446610587e+00
6.075613585469334794e+04 1.041965394966313685e+00
6.075613611475405924e+04 8.862510080888167385e-01
6.075613637481477053e+04 9.937750452623523856e-01
6.075613663487548183e+04 1.035265603681341684e+00
6.075613689493618585e+04 1.004841748090329778e+00
6.075613715499688988e+04 9.345068141145750351e-01
6.075613741505760117e+04 1.037911949924966271e+00
6.075613767511830520e+04 9.326318761472726093e-01
6.075613793517901649e+04 9.587605748989995735e-01
6.075613819523972779e+04 9.985461727246274233e-01
6.075613845530043181e+04 1.088781851940041179e+00
6.075613871536113584e+04 9.989371886698873437e-01
6.075613897542184714e+04 9.230223563415931309e-01
6.075613923548255116e+04 1.089225683117038823e+00
6.075613949554325518e+04 9.091306076156522309e-01
6.075613975560396648e+04 1.114378950231629029e+00
6.075614001566467778e+04 1.055161234599693909e+00
6.075614027572538907e+04 9.753889000972965073e-01
6.075614053578608582e+04 9.452529674722246478e-01
6.075614079584679712e+04 1.081539284150337954e+00
6.075614105590750842e+04 1.011988533586074768e+00
6.075614131596821244e+04 9.904912190223137403e-01
6.075614157602892374e+04 1.014930305598084503e+00
6.075614183608962776e+04 1.018769116492297400e+00
6.075614209615033906e+04 1.019340105255149620e+00
6.075614235621104308e+04 1.051163219824153616e+00
6.075614261627174710e+04 1.047260306135764596e+00
6.075614287633246568e+04 1.034513516030002078e+00
6.075614313639316970e+04 9.667897715757993726e-01
6.075614339645387372e+04 1.074364122998009208e+00
6.075614365651458502e+04 9.942901828848333956e-01
6.075614391657528904e+04 9.467012443024966917e-01
6.075614417663600034e+04 8.575567013733359500e-01
6.075614443669670436e+04 1.139126170682413397e+00
6.075614469675741566e+04 1.092066679356787029e+00
6.075614495681812696e+04 1.122948801736188384e+00
6.075614521687882370e+04 9.740981820852273598e-01
6.075614547693953500e+04 1.033454657127196752e+00
6.075614573700024630e+04 1.024247627855168208e+00
6.075614599706095760e+04 1.007264847926796714e+00
6.075614625712166162e+04 1.054495554753802411e+00
6.075614651718236564e+04 9.216674806098305028e-01
6.075614677724307694e+04 1.026243384429817551e+00
6.075614703730378824e+04 1.027958308829218348e+00
6.075614729736448498e+04 1.069775028990844756e+00
6.075614755742519628e+04 9.302843448968541873e-01
6.075614781748590758e+04 9.359797915036252025e-01
6.075614807754661888e+04 9.201499388255943712e-01
6.075614833760732290e+04 1.048328431179047060e+00
6.075614859766802692e+04 1.070360357898938020e+00
6.075614885772873822e+04 9.595807292287743540e-01
6.075614911778944952e+04 9.793012697866124716e-01
