6.075547523418369383e+04 1.029222648372562832e+00
6.075547549424438330e+04 1.025183938301024611e+00
6.075547575430508005e+04 9.747967202061287306e-01
6.075547601436576224e+04 9.840548577848322598e-01
6.075547627442645899e+04 9.692958018408476262e-01
6.075547653448714846e+04 1.013675429353114277e+00
6.075547679454784520e+04 1.041904630540106513e+00
6.075547705460853467e+04 9.411759917134485676e-01
6.075547731466922414e+04 1.012156697781376957e+00
6.075547757472991361e+04 9.631840692109131519e-01
6.075547783479061036e+04 9.932814343260424339e-01
6.075547809485129255e+04 1.038124884035125595e+00
6.075547835491198930e+04 1.019369119630143095e+00
6.075547861497267877e+04 9.667948690009069423e-01
6.075547887503337552e+04 1.018356719610383321e+00
6.075547913509406499e+04 9.578403285437600001e-01
6.075547939515475446e+04 9.900086109998279538e-01
6.075547965521544393e+04 1.002350314075496351e+00
6.075547991527614067e+04 9.709391495658311610e-01
6.075548017533683014e+04 1.067444407513792992e+00
6.075548043539752689e+04 1.029142249938743481e+00
6.075548069545820908e+04 1.038318818531850152e+00
6.075548095551890583e+04 1.019713285673699898e+00
6.075548121557959530e+04 9.694982081193339596e-01
6.075548147564028477e+04 9.712381413467889857e-01
6.075548173570098152e+04 9.931090444380689108e-01
6.075548199576167099e+04 1.004061631569143520e+00
6.075548225582236773e+04 9.776706878893955954e-01
6.075548251588305720e+04 9.947009206183762275e-01
6.075548277594374667e+04 9.884426364482875593e-01
6.075548303600443614e+04 9.766313109395498016e-01
6.075548329606513289e+04 9.593051642751235786e-01
6.075548355612582236e+04 9.604019600139699353e-01
6.075548381618651911e+04 9.443010166770088309e-01
6.075548407624720130e+04 9.752304732119669861e-01
6.075548433630789805e+04 1.015575749996502353e+00
6.075548459636858752e+04 9.965043117348685309e-01
6.075548485642928426e+04 9.770697322423707032e-01
6.075548511648997373e+04 9.765710507834357568e-01
6.075548537655066320e+04 1.056546890642304781e+00
6.075548563661135267e+04 9.984704570342539665e-01
6.075548589667204942e+04 9.749444943663603258e-01
6.075548615673273162e+04 9.630935748920363970e-01
6.075548641679342836e+04 9.760789548514359204e-01
6.075548667685411783e+04 9.466943327114124562e-01
6.075548693691481458e+04 9.896890906977326985e-01
6.075548719697551132e+04 9.679715954221415064e-01
6.075548745703619352e+04 9.314765856514641840e-01
6.075548771709689026e+04 1.024137744504568959e+00
6.075548797715757973e+04 9.826276110462424107e-01
6.075548823721827648e+04 9.715457740786361818e-01
6.075548849727896595e+04 9.823345799780397458e-01
6.075548875733965542e+04 1.031584085662936134e+00
6.075548901740034489e+04 9.731901984327496757e-01
6.075548927746104164e+04 1.023173000375424246e+00
6.075548953752172383e+04 9.748784993786671071e-01
6.075548979758242058e+04 9.676998689457481095e-01
6.075549005764311732e+04 9.708290102132858257e-01
6.075549031770380680e+04 1.012702034645560190e+00
6.075549057776450354e+04 9.498718654773340431e-01
6.075549083782518574e+04 1.000502393016616365e+00
6.075549109788588248e+04 1.012132025724233886e+00
6.075549135794657195e+04 9.804298612723608697e-01
6.075549161800726870e+04 9.836735785289010270e-01
6.075549187806795817e+04 1.023863018252681112e+00
6.075549213812864764e+04 9.113137916268592154e-01
6.075549239818933711e+04 1.039995779279103250e+00
6.075549265825003386e+04 9.785239065502285838e-01
6.075549291831072333e+04 9.870326298610647697e-01
6.075549317837142007e+04 9.918233526749961060e-01
6.075549343843210954e+04 1.004291823668704620e+00
6.075549369849279901e+04 1.004409098133562050e+00
6.075549395855349576e+04 9.856411896753377588e-01
6.075549421861417795e+04 1.009340068792852430e+00
6.075549447867487470e+04 9.939335540072383735e-01
6.075549473873556417e+04 9.921719152128223307e-01
6.075549499879626092e+04 9.215421497103269965e-01
6.075549525885695766e+04 9.855054300298947689e-01
6.075549551891763986e+04 9.318364915124554004e-01
6.075549577897833660e+04 9.550854820221491570e-01
6.075549603903902607e+04 1.006596248301631968e+00
6.075549629909972282e+04 9.732875543966186260e-01
6.075549655916041229e+04 9.605364990108540280e-01
6.075549681922110176e+04 9.951016982263295452e-01
6.075549707928179851e+04 9.375943052434265734e-01
6.075549733934248798e+04 9.604859618698604606e-01
6.075549759940317745e+04 1.033828828162133728e+00
6.075549785946386692e+04 9.394973521895051416e-01
6.075549811952456366e+04 9.742144772816049292e-01
6.075549837958525313e+04 9.466881463017179366e-01
6.075549863964594988e+04 9.196791650807875085e-01
6.075549889970663935e+04 9.887672312139191844e-01
6.075549915976732882e+04 9.756875637941239132e-01
6.075549941982802557e+04 1.024935376267408271e+00
6.075549967988871504e+04 1.011092247478662109e+00
6.075549993994941178e+04 9.486297995892072343e-01
6.075550020001009398e+04 9.326234540356679314e-01
6.075550046007079072e+04 9.835037649903793922e-01
6.075550072013148747e+04 9.636629054167135111e-01
6.075550098019216966e+04 1.003957263308479231e+00
6.075550124025286641e+04 9.899937658925427320e-01
6.075550150031355588e+04 9.745456359386907019e-01
6.075550176037425263e+04 1.016169038217179521e+00
6.075550202043494210e+04 9.468470762510142746e-01
6.075550228049563157e+04 9.712493347822560574e-01
6.075550254055632831e+04 1.014775318323564379e+00
6.075550280061701778e+04 9.152066626017021367e-01
6.075550306067771453e+04 9.195720628230643623e-01
6.075550332073840400e+04 1.009944775778344406e+00
6.075550358079909347e+04 9.309199205604922200e-01
6.075550513883041276e+04 9.833986502120153350e-01
6.075550539889110951e+04 9.828374739738502397e-01
6.075550565895179898e+04 9.344647508753354259e-01
6.075550591901248845e+04 9.624474450980496920e-01
6.075550617907318519e+04 9.630549418729379418e-01
6.075550643913387466e+04 1.024382519748083142e+00
6.075550669919457141e+04 9.998903517420879572e-01
6.075550695925526088e+04 9.836078798311170823e-01
6.075550721931595035e+04 1.014948871164128352e+00
6.075550747937664710e+04 9.932953268518763812e-01
6.075550773943733657e+04 9.962802666188861345e-01
6.075550799949803331e+04 9.711472952348728649e-01
6.075550825955872278e+04 1.031257807194238207e+00
6.075550851961941225e+04 9.832355725866136487e-01
6.075550877968010900e+04 9.417479520272027393e-01
6.075550903974079847e+04 9.860031413512635456e-01
6.075550929980148794e+04 1.011557839984510654e+00
6.075550955986217741e+04 9.605221219639561436e-01
6.075550981992287416e+04 9.996694047703909014e-01
6.075551007998357090e+04 9.559759360119975957e-01
6.075551034004426037e+04 9.740217240939070820e-01
6.075551060010494984e+04 9.880597741304402160e-01
6.075551086016564659e+04 9.547135500012385867e-01
6.075551112022633606e+04 9.937663300140261446e-01
6.075551138028703281e+04 1.022283718330173619e+00
6.075551164034772228e+04 9.554559815525601740e-01
6.075551190040841175e+04 9.586425837366557845e-01
6.075551216046910849e+04 9.746601606211089397e-01
6.075551242052979796e+04 9.766139512466532890e-01
6.075551268059049471e+04 1.000560529291255163e+00
6.075551294065118418e+04 9.997653073134575852e-01
6.075551320071187365e+04 9.798591293723439843e-01
6.075551346077257040e+04 9.632353546480771911e-01
6.075551372083325987e+04 1.008117630535134035e+00
6.075551398089394934e+04 1.004447001890214297e+00
6.075551424095464608e+04 1.005306517065983840e+00
6.075551450101533555e+04 9.829213628952241377e-01
6.075551476107603230e+04 9.878809885130871438e-01
6.075551502113672177e+04 1.047310840009860522e+00
6.075551528119741124e+04 1.019539266853269011e+00
6.075551554125810799e+04 9.854022781519935492e-01
6.075551580131879746e+04 9.803501828734118018e-01
6.075551606137949420e+04 1.016636507581181625e+00
6.075551632144019095e+04 1.037532642959171136e+00
6.075551658150087314e+04 9.578432254172474236e-01
6.075551684156156989e+04 9.599292619546931915e-01
6.075551710162226664e+04 9.919388753935854952e-01
6.075551736168294883e+04 1.007070834040213470e+00
6.075551762174364558e+04 1.035952812426413239e+00
6.075551788180433505e+04 1.002994785617600026e+00
6.075551814186503179e+04 9.704573779266479905e-01
6.075551840192572854e+04 9.770682333297920907e-01
6.075551866198641073e+04 9.660514582179727805e-01
6.075551892204710748e+04 1.025468281137052129e+00
6.075551918210780423e+04 1.007487532992313417e+00
6.075551944216849370e+04 9.775942838051757677e-01
6.075551970222919044e+04 9.487272847706473833e-01
6.075551996228987991e+04 1.006358370499510935e+00
6.075552022235056938e+04 9.835272328724299351e-01
6.075552048241126613e+04 9.631364978399110655e-01
6.075552074247194832e+04 9.950288705692783564e-01
6.075552100253265235e+04 9.538210984763101363e-01
6.075552126259334182e+04 9.785928414238524997e-01
6.075552152265403129e+04 1.010089627781995070e+00
6.075552178271472803e+04 1.056936033447407164e+00
6.075552204277541750e+04 9.768264154162421553e-01
6.075552230283610697e+04 9.952459746599664481e-01
6.075552256289680372e+04 1.002746100919666317e+00
6.075552282295750047e+04 9.365587109891114759e-01
6.075552308301818994e+04 1.021095196345952694e+00
6.075552334307887941e+04 9.871578396835032354e-01
6.075552360313957615e+04 9.731079536385616180e-01
6.075552386320026562e+04 1.001328421959881476e+00
6.075552412326096237e+04 9.864950890943632311e-01
6.075552438332165912e+04 9.899091678462773602e-01
6.075552464338234131e+04 9.787570893915771286e-01
6.075552490344303806e+04 9.880650385803053659e-01
6.075552516350373480e+04 9.851516303993838042e-01
6.075552542356441700e+04 9.796186146365016834e-01
6.075552568362511374e+04 1.026251031783476986e+00
6.075552594368581049e+04 9.777203913500884802e-01
6.075552620374649996e+04 1.003992120392198872e+00
6.075552646380719671e+04 9.748484238953287750e-01
6.075552672386788618e+04 1.014204410845812143e+00
6.075552698392857565e+04 1.002500496443842870e+00
6.075552724398927239e+04 1.015821397429589990e+00
6.075552750404996914e+04 9.891671066163514325e-01
6.075552776411065861e+04 1.002102398369574932e+00
6.075552802417134808e+04 9.831655787814477243e-01
6.075552828423204483e+04 9.985706428207016261e-01
6.075552854429273430e+04 9.683013709890028187e-01
6.075552880435342377e+04 1.021976309119438708e+00
6.075552906441412051e+04 9.899678384668615383e-01
6.075552932447480998e+04 9.203466147828567312e-01
6.075552958453550673e+04 9.747930637623090089e-01
6.075552984459620347e+04 9.807550479836134594e-01
6.075553010465688567e+04 1.002734937848216878e+00
6.075553036471758242e+04 9.625540388953316429e-01
6.075553062477827916e+04 9.770610694466400625e-01
6.075553088483896863e+04 9.507790045519599609e-01
6.075553114489966538e+04 1.059977969228217853e+00
6.075553140496035485e+04 9.941340610552055201e-01
6.075553166502104432e+04 9.706897744200834177e-01
6.075553192508174106e+04 9.291807247341258291e-01
6.075553218514243054e+04 9.599279235981272862e-01
6.075553244520312728e+04 9.706001999795483837e-01
6.075553270526381675e+04 1.025359649366202275e+00
6.075553296532451350e+04 9.768109105581906926e-01
6.075553322538520297e+04 9.425577721258900921e-01
6.075553348544589244e+04 9.888645691304068785e-01
6.075553503087646095e+04 9.938719033314642459e-01
6.075553529093715770e+04 1.027753461486224484e+00
6.075553555099784717e+04 9.856906105695287801e-01
6.075553581105853664e+04 9.978538397815600591e-01
6.075553607111923338e+04 9.768200196768510590e-01
6.075553633117992285e+04 1.014100765950370242e+00
6.075553659124061960e+04 9.765753654946552897e-01
6.075553685130131635e+04 9.883906378587026254e-01
6.075553711136199854e+04 9.729643774593831340e-01
6.075553737142269529e+04 9.394214749041346346e-01
6.075553763148339203e+04 9.404187042008438357e-01
6.075553789154408878e+04 9.860543404423303127e-01
6.075553815160477825e+04 9.908536810933894490e-01
6.075553841166546772e+04 9.918075762046315580e-01
6.075553867172616447e+04 9.416446791673157568e-01
6.075553893178685394e+04 9.189849959068948637e-01
6.075553919184754341e+04 9.640131797254629653e-01
6.075553945190824015e+04 9.711522408182499122e-01
6.075553971196892962e+04 9.294407855409569930e-01
6.075553997202962637e+04 1.061951940994878774e+00
6.075554023209032312e+04 9.833672239011620464e-01
6.075554049215101259e+04 9.680499741325725438e-01
6.075554075221170206e+04 9.754397401533442258e-01
6.075554101227239880e+04 9.697797112136592457e-01
6.075554127233309555e+04 1.016331885771537769e+00
6.075554153239378502e+04 9.764254149544276951e-01
6.075554179245447449e+04 9.977210007717596252e-01
6.075554205251517124e+04 9.835897014974279706e-01
6.075554231257586798e+04 1.032280936139804872e+00
6.075554257263655018e+04 9.946489663287929606e-01
6.075554283269725420e+04 1.023747618259030601e+00
6.075554309275794367e+04 9.959369020739603506e-01
6.075554335281863314e+04 9.965309822242182092e-01
6.075554361287932988e+04 9.491894996745841029e-01
6.075554387294001936e+04 1.043621300458613010e+00
6.075554413300071610e+04 9.731227831535794737e-01
6.075554439306140557e+04 1.021201092586382142e+00
6.075554465312210232e+04 9.969651513580944924e-01
6.075554491318279906e+04 9.366508335309631228e-01
6.075554517324348853e+04 9.653202952084091182e-01
6.075554543330417800e+04 9.594837177525317173e-01
6.075554569336487475e+04 1.027905317750972491e+00
6.075554595342557150e+04 9.960975376749011678e-01
6.075554621348626097e+04 1.008777892834035184e+00
6.075554647354695044e+04 1.029628588355097740e+00
6.075554673360764718e+04 1.016342262713183953e+00
6.075554699366834393e+04 1.011621364666273282e+00
6.075554725372902612e+04 1.042029471352273307e+00
6.075554751378972287e+04 9.879016056581955141e-01
6.075554777385041962e+04 9.371971675071660846e-01
6.075554803391111636e+04 1.001036850186479699e+00
6.075554829397180583e+04 9.997135105959019663e-01
6.075554855403249530e+04 9.122798096218978081e-01
6.075554881409319205e+04 1.000683063501145442e+00
6.075554907415388152e+04 8.987212426870433424e-01
6.075554933421457827e+04 9.630714833516086371e-01
6.075554959427527501e+04 9.570486615054326629e-01
6.075554985433596448e+04 1.026287153917441186e+00
6.075555011439665395e+04 1.007622206977727197e+00
6.075555037445735070e+04 9.880646072869071483e-01
6.075555063451804017e+04 9.759220295104092946e-01
6.075555089457873692e+04 1.026482082339587265e+00
6.075555115463942639e+04 9.335793726840982965e-01
6.075555141470012313e+04 9.964099774338351923e-01
6.075555167476081988e+04 1.042867009928653887e+00
6.075555193482150935e+04 9.840948124040914680e-01
6.075555219488219882e+04 9.863370077150072079e-01
6.075555245494289557e+04 9.853763902339831571e-01
6.075555271500359231e+04 1.037965399298847791e+00
6.075555297506428906e+04 9.770093206350940473e-01
6.075555323512497125e+04 9.601076215997218499e-01
6.075555349518566800e+04 1.029565287260645334e+00
6.075555375524636474e+04 9.879897952858974763e-01
6.075555401530705421e+04 9.879197497655770599e-01
6.075555427536775096e+04 9.392528000179281022e-01
6.075555453542844043e+04 9.768672773591184910e-01
6.075555479548913718e+04 9.764737051395716572e-01
6.075555505554983392e+04 9.999053468442301584e-01
6.075555531561051612e+04 9.805788394670931218e-01
6.075555557567121286e+04 9.763566451695198101e-01
6.075555583573190961e+04 1.017821106130041287e+00
6.075555609579260636e+04 9.902216138090598196e-01
6.075555635585329583e+04 9.917326787269199473e-01
6.075555661591398530e+04 9.687784063259285983e-01
6.075555687597468204e+04 1.008690201655846774e+00
6.075555713603537879e+04 9.996132235342038985e-01
6.075555739609607554e+04 1.005330862500997791e+00
6.075555765615676501e+04 1.025996365383063269e+00
6.075555791621745448e+04 9.111985193375337078e-01
6.075555817627815122e+04 9.608055987071802972e-01
6.075555843633884797e+04 1.000595469822648464e+00
6.075555869639953016e+04 9.962026361310226674e-01
6.075555895646022691e+04 9.518677625999301117e-01
6.075555921652092366e+04 9.743012919014334416e-01
6.075555947658162040e+04 9.881633456164834461e-01
6.075555973664230987e+04 9.905252191817983665e-01
6.075555999670299934e+04 9.565417333810523060e-01
6.075556025676369609e+04 9.896327661517329011e-01
6.075556051682439283e+04 1.005286872063153369e+00
6.075556077688508958e+04 1.006222434494795426e+00
6.075556103694577905e+04 9.787965446306274853e-01
6.075556129700646852e+04 9.878122389537024040e-01
6.075556155706716527e+04 1.008987131538204851e+00
6.075556181712786201e+04 1.044276122390338513e+00
6.075556207718854421e+04 9.479625686842348964e-01
6.075556233724924095e+04 9.839135769707729740e-01
6.075556259730993770e+04 9.837220114448815833e-01
6.075556285737063445e+04 9.781134183729455200e-01
6.075556311743133119e+04 1.039501348260743141e+00
6.075556337749201339e+04 9.277156955786572956e-01
6.075556504896522529e+04 9.939244478043820497e-01
6.075556530902591476e+04 9.920971681435909462e-01
6.075556556908661150e+04 9.690317430413206701e-01
6.075556582914730097e+04 1.022112933841854865e+00
6.075556608920799772e+04 9.707226820358458852e-01
6.075556634926869447e+04 9.790587628754368055e-01
6.075556660932938394e+04 1.017064338507469134e+00
6.075556686939008068e+04 9.930582473837338275e-01
6.075556712945077015e+04 9.696463956215655156e-01
6.075556738951146690e+04 9.126162479153516749e-01
6.075556764957216365e+04 1.004904072819085226e+00
6.075556790963285312e+04 9.993053132760055801e-01
6.075556816969354986e+04 1.022718796187422452e+00
6.075556842975423933e+04 9.598776436713652993e-01
6.075556868981492880e+04 9.845420701180175316e-01
6.075556894987563282e+04 9.410135682684380720e-01
6.075556920993632230e+04 9.779469106112070875e-01
6.075556946999701904e+04 9.960078221416361899e-01
6.075556973005770851e+04 9.633648488083308425e-01
6.075556999011839798e+04 9.771171143733963227e-01
6.075557025017909473e+04 9.924591890378360315e-01
6.075557051023979147e+04 9.467103374740678534e-01
6.075557077030048822e+04 9.582515727754546964e-01
6.075557103036117769e+04 1.041838171826015458e+00
6.075557129042186716e+04 1.034419734721633510e+00
6.075557155048256391e+04 1.021900966998888105e+00
6.075557181054326065e+04 9.608917880582946713e-01
6.075557207060395740e+04 9.557065822475538930e-01
6.075557233066464687e+04 9.983010946143239250e-01
6.075557259072533634e+04 9.586928657066484671e-01
6.075557285078603309e+04 9.753775271731272012e-01
6.075557311084672983e+04 9.871368976962390240e-01
6.075557337090741930e+04 1.036620579955111143e+00
6.075557363096811605e+04 1.027043665983221832e+00
6.075557389102880552e+04 9.809021065025125274e-01
6.075557415108950227e+04 1.045890209300832208e+00
6.075557441115019901e+04 9.445862520975059073e-01
6.075557467121088848e+04 1.023394138860008740e+00
6.075557493127158523e+04 1.025873746863662950e+00
6.075557519133227470e+04 9.994063313662674419e-01
6.075557545139297144e+04 9.368991923942582289e-01
6.075557571145366819e+04 9.395767220063364622e-01
6.075557597151435766e+04 9.626628137072141822e-01
6.075557623157505441e+04 9.161569447342783334e-01
6.075557649163575115e+04 1.036178386873241930e+00
6.075557675169643335e+04 9.818669407889545342e-01
6.075557701175713009e+04 9.947310367400710174e-01
6.075557727181782684e+04 9.510643071856742514e-01
6.075557753187852359e+04 9.413791490095465564e-01
6.075557779193922033e+04 9.982628274641356381e-01
6.075557805199990980e+04 1.043373815639842883e+00
6.075557831206059927e+04 9.525108377348739941e-01
6.075557857212129602e+04 9.590537230795959101e-01
6.075557883218199277e+04 1.007966929589163119e+00
6.075557909224268951e+04 9.522501318471826570e-01
6.075557935230337898e+04 1.023768295145881968e+00
6.075557961236407573e+04 9.558375351646143381e-01
6.075557987242476520e+04 9.672706672219409940e-01
6.075558013248546195e+04 1.030070897935293273e+00
6.075558039254615869e+04 9.629653287404987827e-01
6.075558065260684816e+04 9.841982558679784887e-01
6.075558091266754491e+04 1.020999994611100581e+00
6.075558117272824165e+04 9.572096600791419885e-01
6.075558143278892385e+04 9.308933645730802509e-01
6.075558169284962059e+04 1.036547997919498920e+00
6.075558195291031734e+04 9.908804520543169625e-01
6.075558221297101409e+04 9.931807353845808484e-01
6.075558247303171083e+04 9.744496380969097649e-01
6.075558273309240030e+04 9.823922305171535196e-01
6.075558299315309705e+04 9.583596586608741363e-01
6.075558325321378652e+04 8.904991167663299789e-01
6.075558351327448327e+04 9.715075016919385575e-01
6.075558377333518001e+04 9.989278188515272605e-01
6.075558403339586948e+04 9.825786391800622743e-01
6.075558429345656623e+04 9.793011093818079216e-01
6.075558455351726298e+04 9.894571804216172328e-01
6.075558481357794517e+04 1.006184254656380839e+00
6.075558507363864192e+04 9.369312624469446904e-01
6.075558533369933866e+04 9.893016030849114406e-01
6.075558559376003541e+04 9.971693487759959451e-01
6.075558585382073215e+04 9.565243518677413181e-01
6.075558611388142162e+04 1.005543696057114467e+00
6.075558637394211837e+04 1.039911776276130961e+00
6.075558663400280784e+04 1.003116718030463428e+00
6.075558689406350459e+04 1.037610354700165827e+00
6.075558715412420133e+04 1.017207568280438901e+00
6.075558741418489080e+04 1.001718386781649484e+00
6.075558767424558755e+04 9.830283531819407061e-01
6.075558793430628430e+04 9.837694483552444913e-01
6.075558819436697377e+04 9.685510013913171123e-01
6.075558845442767051e+04 9.239326234756404244e-01
6.075558871448835998e+04 9.849878707325483429e-01
6.075558897454905673e+04 1.002781415450722635e+00
6.075558923460975348e+04 9.496427414512405019e-01
6.075558949467044295e+04 9.810456506454743320e-01
6.075558975473113969e+04 9.729535097678038147e-01
6.075559001479183644e+04 9.553277722272299766e-01
6.075559027485253318e+04 9.492754482160309371e-01
6.075559053491322265e+04 9.465467401212844800e-01
6.075559079497391212e+04 9.461362574531242409e-01
6.075559105503460887e+04 9.314872645618962332e-01
6.075559131509530562e+04 1.035199774652759475e+00
6.075559157515600236e+04 9.670151266361485254e-01
6.075559183521669911e+04 9.935619629745845449e-01
6.075559209527738858e+04 1.011364749148630171e+00
6.075559235533808533e+04 9.590723443843225393e-01
6.075559261539877480e+04 9.757981901722626583e-01
6.075559287545946427e+04 1.019606886570531223e+00
6.075559313552016101e+04 9.865150290244115716e-01
6.075559339558085776e+04 9.843554831068834776e-01
6.075559494101491873e+04 9.521579975041419841e-01
6.075559520107561548e+04 9.774050774427645027e-01
6.075559546113631222e+04 1.005261261569741160e+00
6.075559572119700897e+04 9.533261217496261652e-01
6.075559598125769844e+04 9.523295783737802944e-01
6.075559624131839519e+04 9.652224662472618233e-01
6.075559650137908466e+04 9.527553338158306628e-01
6.075559676143977413e+04 9.479463125512738175e-01
6.075559702150047087e+04 1.006076793733305719e+00
6.075559728156116762e+04 1.033724937410188671e+00
6.075559754162186437e+04 9.688419392739249236e-01
6.075559780168256111e+04 1.029168620681143897e+00
6.075559806174325058e+04 9.673592230056257124e-01
6.075559832180394733e+04 1.027179196192619770e+00
6.075559858186464407e+04 1.006793549229721529e+00
6.075559884192533355e+04 9.981554465111082131e-01
6.075559910198603029e+04 1.037293751857949475e+00
6.075559936204671976e+04 9.937750990822266095e-01
6.075559962210741651e+04 9.376233694011180120e-01
6.075559988216811325e+04 1.018325687008767355e+00
6.075560014222880272e+04 1.002573389228743617e+00
6.075560040228950675e+04 9.778930630135655999e-01
6.075560066235019622e+04 1.011638272531720562e+00
6.075560092241089296e+04 9.582319539826952282e-01
6.075560118247158971e+04 9.751525892551717867e-01
6.075560144253227918e+04 9.690842674980097993e-01
6.075560170259296865e+04 1.039344093504494637e+00
6.075560196265366540e+04 9.579147851410532155e-01
6.075560222271436214e+04 9.478919746388756451e-01
6.075560248277505889e+04 9.972267498602888081e-01
6.075560274283574836e+04 9.597167655994706115e-01
6.075560300289644510e+04 9.640842825469926325e-01
6.075560326295714185e+04 9.800095194771597518e-01
6.075560352301783860e+04 9.761303459267830496e-01
6.075560378307853534e+04 9.988516375827388716e-01
6.075560404313922481e+04 9.628436574002855464e-01
6.075560430319992156e+04 9.761415724729778365e-01
6.075560456326061831e+04 9.586964123485284262e-01
6.075560482332130050e+04 9.964254454247606363e-01
6.075560508338199725e+04 1.003804335876216980e+00
6.075560534344269399e+04 9.565886520069714072e-01
6.075560560350339074e+04 9.577147410531234861e-01
6.075560586356408749e+04 9.286729826199855431e-01
6.075560612362477696e+04 9.483023924321970499e-01
6.075560638368547370e+04 1.001851797614447870e+00
6.075560664374617045e+04 9.702267890455172905e-01
6.075560690380686719e+04 9.690996869914078049e-01
6.075560716386756394e+04 9.520018394717083554e-01
6.075560742392825341e+04 9.862826883400818145e-01
6.075560768398895016e+04 1.002152101113433558e+00
6.075560794404964690e+04 9.925228976167339567e-01
6.075560820411032910e+04 9.528303729895056806e-01
6.075560846417102584e+04 9.830840522567544371e-01
6.075560872423172259e+04 9.539804322508222967e-01
6.075560898429241934e+04 1.027591811515732534e+00
6.075560924435311608e+04 9.847488298934685691e-01
6.075560950441380555e+04 9.991394644594989716e-01
6.075560976447450230e+04 9.162341493003391957e-01
6.075561002453519905e+04 9.424431605738510243e-01
6.075561028459589579e+04 1.051586970960789014e+00
6.075561054465659254e+04 9.324181521878747159e-01
6.075561080471728201e+04 9.627708716544728373e-01
6.075561106477797875e+04 9.565719753481706222e-01
6.075561132483867550e+04 9.993791198030863576e-01
6.075561158489937225e+04 9.484487105435638332e-01
6.075561184496006899e+04 1.001735707596540736e+00
6.075561210502075846e+04 9.826116419036139416e-01
6.075561236508144793e+04 9.845324158441256523e-01
6.075561262514214468e+04 9.907062023718273824e-01
6.075561288520283415e+04 9.684648285337874585e-01
6.075561314526353090e+04 9.771259807996420799e-01
6.075561340532422764e+04 9.743358376516688679e-01
6.075561366538492439e+04 1.020827078071988359e+00
6.075561392544562113e+04 9.747723549237383711e-01
6.075561418550631060e+04 1.037593345175875204e+00
6.075561444556700735e+04 9.457185429654403341e-01
6.075561470562770410e+04 1.018028990571206105e+00
6.075561496568840084e+04 9.940461210271559489e-01
6.075561522574909759e+04 9.635207702198117508e-01
6.075561548580978706e+04 1.010752425432382973e+00
6.075561574587048381e+04 1.019782502082985154e+00
6.075561600593118055e+04 9.380086524129104264e-01
6.075561626599187002e+04 1.014606028084513722e+00
6.075561652605256677e+04 9.712763043065262281e-01
6.075561678611326352e+04 1.014652905614944922e+00
6.075561704617396026e+04 9.687920663693423418e-01
6.075561730623465701e+04 1.004743219228498186e+00
6.075561756629534648e+04 9.327106860074939609e-01
6.075561782635604322e+04 9.783044833112112260e-01
6.075561808641673269e+04 9.846710410772433475e-01
6.075561834647742944e+04 9.716850671282001306e-01
6.075561860653812619e+04 1.049125789299972356e+00
6.075561886659881566e+04 9.634842168961789133e-01
6.075561912665951240e+04 9.607441846166119293e-01
6.075561938672020915e+04 9.455863200201582996e-01
6.075561964678089862e+04 9.620992550090390338e-01
6.075561990684160264e+04 9.863291781808141145e-01
6.075562016690229211e+04 9.773149622772041578e-01
6.075562042696298886e+04 9.759770659128522707e-01
6.075562068702368560e+04 9.860145676989254815e-01
6.075562094708437508e+04 9.916446814329915593e-01
6.075562120714507182e+04 9.629118045442300877e-01
6.075562146720576857e+04 1.000340104206442815e+00
6.075562172726646531e+04 1.000184235827177748e+00
6.075562198732716206e+04 9.696837978389515333e-01
6.075562224738785153e+04 1.018831268548944680e+00
6.075562250744854828e+04 9.565225570594455551e-01
6.075562276750924502e+04 1.049518421221502296e+00
6.075562302756994177e+04 9.958410497974041764e-01
6.075562328763063852e+04 9.572547646247968611e-01
6.075562490904599690e+04 9.690509369801107997e-01
6.075562516909990518e+04 9.548636309207318984e-01
6.075562542915379890e+04 9.879176369768807309e-01
6.075562568920769263e+04 9.960149626312276849e-01
6.075562594926160091e+04 9.748777335485457884e-01
6.075562620931549463e+04 9.804291275592266208e-01
6.075562646936939564e+04 9.816734434891224437e-01
6.075562672942329664e+04 1.030186352879657097e+00
6.075562698947719036e+04 1.000679985953679907e+00
6.075562724953109864e+04 9.374982785990513268e-01
6.075562750958499237e+04 9.943909274338001980e-01
6.075562776963889337e+04 9.654918181972749203e-01
6.075562802969280165e+04 1.022761813450206780e+00
6.075562828974669537e+04 9.856782282391783889e-01
6.075562854980059637e+04 9.506176784385734768e-01
6.075562880985449738e+04 9.527214325858011090e-01
6.075562906990839110e+04 9.714531581634358037e-01
6.075562932996229938e+04 9.732794106180608917e-01
6.075562959001619311e+04 9.463429936131656506e-01
6.075562985007009411e+04 9.917259335495778316e-01
6.075563011012399511e+04 9.868895618533366498e-01
6.075563037017788884e+04 9.129603238934406173e-01
6.075563063023179711e+04 1.024931960361390004e+00
6.075563089028569084e+04 9.601276614559247635e-01
6.075563115033958456e+04 9.598940463897935871e-01
6.075563141039349284e+04 9.649311050790133626e-01
6.075563167044738657e+04 9.700528982691901669e-01
6.075563193050128757e+04 9.822055491492686086e-01
6.075563219055518857e+04 9.729447165042981460e-01
6.075563245060908230e+04 9.573349838957567748e-01
6.075563271066299058e+04 1.021423165066374539e+00
6.075563297071688430e+04 9.664703416318278784e-01
6.075563323077078530e+04 9.939410717017723718e-01
6.075563349082468631e+04 1.012493454560016160e+00
6.075563375087858003e+04 9.936842445572412474e-01
6.075563401093248831e+04 1.005187897116176954e+00
6.075563427098638203e+04 9.576507434604062396e-01
6.075563453104027576e+04 9.581781104502249402e-01
6.075563479109418404e+04 1.001606216446843112e+00
6.075563505114807776e+04 9.718360505412604322e-01
6.075563531120197877e+04 9.956362367044460093e-01
6.075563557125588704e+04 9.961561288395053282e-01
6.075563583130978077e+04 9.940396959633892582e-01
6.075563609136368905e+04 9.785613921448209629e-01
6.075563635141758277e+04 1.015168144967508068e+00
6.075563661147148377e+04 1.027832019761493632e+00
6.075563687152538478e+04 1.036503486662519569e+00
6.075563713157927850e+04 9.733697944512592626e-01
6.075563739163318678e+04 9.404526793431957632e-01
6.075563765168708051e+04 9.432640821426061528e-01
6.075563791174097423e+04 9.327737516697461873e-01
6.075563817179488251e+04 9.876523871348580341e-01
6.075563843184877624e+04 9.808348580462563637e-01
6.075563869190267724e+04 9.994741141777159221e-01
6.075563895195657824e+04 9.607550144352062782e-01
6.075563921201047197e+04 9.398856446277527033e-01
6.075563947206438024e+04 9.991539273597208615e-01
6.075563973211827397e+04 9.670768349949124820e-01
6.075563999217217497e+04 1.036842121939169692e+00
6.075564025222608325e+04 9.508101228676313355e-01
6.075564051227997697e+04 1.036244493672060729e+00
6.075564077233388525e+04 9.832752977026159025e-01
6.075564103238777898e+04 9.721526646883166256e-01
6.075564129244167270e+04 1.010208391669257022e+00
6.075564155249558098e+04 9.667842362845852078e-01
6.075564181254947471e+04 1.001103223511655926e+00
6.075564207260337571e+04 9.723552344499121203e-01
6.075564233265727671e+04 9.559380676718982617e-01
6.075564259271117044e+04 9.715377729806436991e-01
6.075564285276507871e+04 9.975677465754752005e-01
6.075564311281897244e+04 9.811760664887061445e-01
6.075564337287286617e+04 9.816619697835156089e-01
6.075564363292677444e+04 9.601221447361748540e-01
6.075564389298066817e+04 9.685203980430754367e-01
6.075564415303458372e+04 9.665870888168300867e-01
6.075564441308847745e+04 9.558838418952838589e-01
6.075564467314237118e+04 9.539155160702398328e-01
6.075564493319627945e+04 9.762560731373904899e-01
6.075564519325017318e+04 9.460045672154262508e-01
6.075564545330407418e+04 1.009319179016110901e+00
6.075564571335797518e+04 9.740849383188819877e-01
6.075564597341186891e+04 1.004125920546331097e+00
6.075564623346577719e+04 1.023229835545976796e+00
6.075564649351967091e+04 9.785070370341817370e-01
6.075564675357356464e+04 1.015599225103822167e+00
6.075564701362747292e+04 1.009371097176873899e+00
6.075564727368136664e+04 9.967380798357334815e-01
6.075564753373527492e+04 1.006714565342927248e+00
6.075564779378917592e+04 9.789498742297183531e-01
6.075564805384306965e+04 9.936705589347486489e-01
6.075564831389697792e+04 9.936490078064155185e-01
6.075564857395087165e+04 1.034912158980000108e+00
6.075564883400477265e+04 9.755643701304166360e-01
6.075564909405867365e+04 9.383364423613618222e-01
6.075564935411256738e+04 9.929260075573502764e-01
6.075564961416647566e+04 1.001452651478284661e+00
6.075564987422036938e+04 9.558730980908446417e-01
6.075565013427426311e+04 1.034354647695169716e+00
6.075565039432817866e+04 1.006824523125350979e+00
6.075565065438207239e+04 9.938708375244590387e-01
6.075565091443597339e+04 1.013778621524803247e+00
6.075565117448987439e+04 9.746428265740257890e-01
6.075565143454376812e+04 1.053924515443284138e+00
6.075565169459767640e+04 9.768891348129306040e-01
6.075565195465157012e+04 1.023765086203225927e+00
6.075565221470547112e+04 9.937568497750737251e-01
6.075565247475937213e+04 1.013410524697606840e+00
6.075565273481326585e+04 9.844363862546361421e-01
6.075565299486718141e+04 1.024158114590801860e+00
6.075565325492107513e+04 9.621005388704175765e-01
6.075565492676799477e+04 1.036968084435895499e+00
6.075565518682868424e+04 9.473824495652406474e-01
6.075565544688938098e+04 9.482567188499448907e-01
6.075565570695007773e+04 1.021292748971054598e+00
6.075565596701077448e+04 9.387505783407852356e-01
6.075565622707147122e+04 1.030524666271804834e+00
6.075565648713216069e+04 9.755892457617134639e-01
6.075565674719285744e+04 9.799514320111742949e-01
6.075565700725356146e+04 9.909631621872357909e-01
6.075565726731425821e+04 1.049909477063075691e+00
6.075565752737495495e+04 9.976450240575570616e-01
6.075565778743564442e+04 9.636918628961516076e-01
6.075565804749634117e+04 9.852881564216970922e-01
6.075565830755703792e+04 1.011322004332346092e+00
6.075565856761772739e+04 9.237516068491440357e-01
6.075565882767842413e+04 1.001051477116120747e+00
6.075565908773912088e+04 1.014890137658068570e+00
6.075565934779981762e+04 9.413935328544585923e-01
6.075565960786051437e+04 1.005522697698629120e+00
6.075565986792121112e+04 9.907773338123042617e-01
6.075566012798190786e+04 1.011424258221363948e+00
6.075566038804260461e+04 9.986713880779941599e-01
6.075566064810330136e+04 1.064009801619621332e+00
6.075566090816399810e+04 9.922509076120719085e-01
6.075566116822468757e+04 1.029927443774474316e+00
6.075566142828538432e+04 9.774324837439243296e-01
6.075566168834608106e+04 1.004561081572408865e+00
6.075566194840677781e+04 1.006624146654464091e+00
6.075566220846748183e+04 1.003091689377421103e+00
6.075566246852817130e+04 9.972272187914701380e-01
6.075566272858886805e+04 9.865912576994407823e-01
6.075566298864956480e+04 1.011675501841587499e+00
6.075566324871025427e+04 1.013814845587373004e+00
6.075566350877095101e+04 9.703148100461088665e-01
6.075566376883164776e+04 9.739791484001322219e-01
6.075566402889234450e+04 1.030027741075467462e+00
6.075566428895304125e+04 9.683991973255510199e-01
6.075566454901373800e+04 1.046720614561219120e+00
6.075566480907443474e+04 9.723850569992810167e-01
6.075566506913513149e+04 9.746370932143786359e-01
6.075566532919582824e+04 9.764281760141092503e-01
6.075566558925652498e+04 1.011758505059049407e+00
6.075566584931721445e+04 9.933221390879412027e-01
6.075566610937791120e+04 9.777502080293887232e-01
6.075566636943860794e+04 1.011770930227189336e+00
6.075566662949930469e+04 9.767648083169323536e-01
6.075566688956000144e+04 1.009416800602252362e+00
6.075566714962069818e+04 1.003779841237381509e+00
6.075566740968139493e+04 1.007811396192609843e+00
6.075566766974209168e+04 9.921891666539014443e-01
6.075566792980278115e+04 9.951511461221920207e-01
6.075566818986347789e+04 9.565508159985101067e-01
6.075566844992417464e+04 9.772015216782056202e-01
6.075566870998487866e+04 1.013700228972110429e+00
6.075566897004557541e+04 9.813913173398380874e-01
6.075566923010626488e+04 9.320169692495070546e-01
6.075566949016696162e+04 1.006927237100798678e+00
6.075566975022765837e+04 9.941265680244365521e-01
6.075567001028834784e+04 1.010230246416739863e+00
6.075567027034905186e+04 9.488486398040398839e-01
6.075567053040974133e+04 9.779704678152988384e-01
6.075567079047044535e+04 9.857389965630919404e-01
6.075567105053114210e+04 9.441220798695830752e-01
6.075567131059183157e+04 9.768388372391245689e-01
6.075567157065252832e+04 9.600460624236908380e-01
6.075567183071322506e+04 9.721276567584297146e-01
6.075567209077392181e+04 1.031084734284181348e+00
6.075567235083461856e+04 1.020641173967333559e+00
6.075567261089531530e+04 1.004851609327674256e+00
6.075567287095601205e+04 9.732174542933376138e-01
6.075567313101670879e+04 1.007351710264651423e+00
6.075567339107740554e+04 1.055184746303110321e+00
6.075567365113810229e+04 9.515382920720827364e-01
6.075567391119879176e+04 9.562672168571695330e-01
6.075567417125948850e+04 1.034655652308337004e+00
6.075567443132019253e+04 9.616811066019971266e-01
6.075567469138088200e+04 9.918840867113233317e-01
6.075567495144157874e+04 1.004705111521349226e+00
6.075567521150227549e+04 9.794408767566330498e-01
6.075567547156297223e+04 1.006251322493866729e+00
6.075567573162366898e+04 1.030509920000098001e+00
6.075567599168436573e+04 9.773670116280653852e-01
6.075567625174506247e+04 9.831867418962381144e-01
6.075567651180575922e+04 1.065023229536615101e+00
6.075567677186645597e+04 1.001190793894846998e+00
6.075567703192715271e+04 9.943976171414282694e-01
6.075567729198784218e+04 1.030872274644736963e+00
6.075567755204853893e+04 1.014094536861167128e+00
6.075567781210924295e+04 1.031091466828060188e+00
6.075567807216993242e+04 1.008417437846425013e+00
6.075567833223062917e+04 9.640494652033949619e-01
6.075567859229132591e+04 9.652247398240041409e-01
6.075567885235202266e+04 9.880123679362805555e-01
6.075567911241271941e+04 9.952034503232677354e-01
6.075567937247341615e+04 9.445194761157383878e-01
6.075567963253411290e+04 1.000107844784954514e+00
6.075567989259480964e+04 1.043123712194930830e+00
6.075568015265550639e+04 9.932633874330855095e-01
6.075568041271620314e+04 9.986832885539022042e-01
6.075568067277689261e+04 1.041849172299714743e+00
6.075568093283759663e+04 1.006380168574452449e+00
6.075568119289829338e+04 1.051338092771410215e+00
6.075568145295898285e+04 1.039054561218529349e+00
6.075568171301968687e+04 1.023029940497188317e+00
6.075568197308037634e+04 9.633012609455420261e-01
6.075568223314107308e+04 1.007055937007180102e+00
6.075568249320177711e+04 1.084847424225966694e+00
6.075568275326246658e+04 9.993310730720230683e-01
6.075568301332316332e+04 9.801694127523040700e-01
6.075568327338386007e+04 9.757116392196384380e-01
6.075568483179301256e+04 1.007136344515590087e+00
6.075568509184680443e+04 9.516158790724714711e-01
6.075568535190059629e+04 9.958300076581411142e-01
6.075568561195438815e+04 1.002542308777842006e+00
6.075568587200818729e+04 9.956517796372873486e-01
6.075568613206199370e+04 1.005873876903112363e+00
6.075568639211578557e+04 1.008128085140745034e+00
6.075568665216957743e+04 1.073954917743615400e+00
6.075568691222336929e+04 9.700194302278266623e-01
6.075568717227716115e+04 1.011237576912847880e+00
6.075568743233096029e+04 1.022692538645507465e+00
6.075568769238475215e+04 9.900422913024670146e-01
6.075568795243854402e+04 9.633737765711439804e-01
6.075568821249233588e+04 1.018806728746148860e+00
6.075568847254613502e+04 1.010642270264545228e+00
6.075568873259992688e+04 9.907456182790304045e-01
6.075568899265372602e+04 9.839359662797450001e-01
6.075568925270752516e+04 1.002678900945173313e+00
6.075568951276131702e+04 9.538387021442741309e-01
6.075568977281511616e+04 9.557791019988698400e-01
6.075569003286890802e+04 1.000260646959499677e+00
6.075569029292269988e+04 9.724764793511426753e-01
6.075569055297649174e+04 9.821256725296292345e-01
6.075569081303029088e+04 9.993069785825569040e-01
6.075569107308408275e+04 9.875287520000542996e-01
6.075569133313787461e+04 9.846605775213070899e-01
6.075569159319166647e+04 9.592509395935125971e-01
6.075569185324547288e+04 9.804166107744246572e-01
6.075569211329927202e+04 1.016471422309466854e+00
6.075569237335306389e+04 9.890628019850687958e-01
6.075569263340685575e+04 1.017521399895331413e+00
6.075569289346064761e+04 9.729109103638757805e-01
6.075569315351444675e+04 9.805037730330702361e-01
6.075569341356823861e+04 1.013769269524321670e+00
6.075569367362203047e+04 9.833373349143464948e-01
6.075569393367582234e+04 1.062027220293001228e+00
6.075569419372962147e+04 9.750667096680389889e-01
6.075569445378341334e+04 1.011758965295523671e+00
6.075569471383720520e+04 9.666621637046913795e-01
6.075569497389100434e+04 1.025209327859910813e+00
6.075569523394481075e+04 9.994311946990218631e-01
6.075569549399860261e+04 1.082971570560817165e+00
6.075569575405239448e+04 9.707986061540555545e-01
6.075569601410618634e+04 9.981688079390198531e-01
6.075569627415998548e+04 1.038005266025051831e+00
6.075569653421377734e+04 9.432192083060736421e-01
6.075569679426756920e+04 1.012317212798622412e+00
6.075569705432136107e+04 1.009923965982308935e+00
6.075569731437516020e+04 1.077109894023134729e+00
6.075569757442895207e+04 1.015366807320890130e+00
6.075569783448274393e+04 1.023706988691057029e+00
6.075569809453654307e+04 1.018364059267476529e+00
6.075569835459034948e+04 1.004419757615165665e+00
6.075569861464414134e+04 9.547160816748101464e-01
6.075569887469793321e+04 9.789367150978608434e-01
6.075569913475172507e+04 1.047536738323658678e+00
6.075569939480552421e+04 9.920905825173823578e-01
6.075569965485931607e+04 9.825465669223404364e-01
6.075569991491310793e+04 9.475891553427771008e-01
6.075570017496689979e+04 1.021965625939551092e+00
6.075570043502069893e+04 1.004435997219260690e+00
6.075570069507449080e+04 9.998787197197894772e-01
6.075570095512828993e+04 1.007432098950734822e+00
6.075570121518208907e+04 1.008786595053113855e+00
6.075570147523588821e+04 1.033942551366206830e+00
6.075570173528968007e+04 1.035954009361708783e+00
6.075570199534347194e+04 1.003958463701162485e+00
6.075570225539727107e+04 9.677310705219920317e-01
6.075570251545106294e+04 1.036315402366991156e+00
6.075570277550485480e+04 9.863661259594300734e-01
6.075570303555864666e+04 1.018053216163111729e+00
6.075570329561244580e+04 1.005370547199774700e+00
6.075570355566623766e+04 9.877063221346085164e-01
6.075570381572002952e+04 1.037126818080666091e+00
6.075570407577382866e+04 9.961945114632257958e-01
6.075570433582763508e+04 9.973103589819722892e-01
6.075570459588142694e+04 9.864576125235124948e-01
6.075570485593521880e+04 1.036110439568438402e+00
6.075570511598901066e+04 1.000577254618444156e+00
6.075570537604280980e+04 1.004837509256122141e+00
6.075570563609660167e+04 1.077021741966538659e+00
6.075570589615039353e+04 1.049091206313567781e+00
6.075570615620419267e+04 1.018035931780867598e+00
6.075570641625798453e+04 9.975261274956713775e-01
6.075570667631177639e+04 9.815472217231517860e-01
6.075570693636557553e+04 9.746961550023979237e-01
6.075570719641938194e+04 9.951530972578945811e-01
6.075570745647317381e+04 9.839352867291613070e-01
6.075570771652696567e+04 9.984520055059477039e-01
6.075570797658076481e+04 9.971515865514469779e-01
6.075570823663455667e+04 9.740526886983413846e-01
6.075570849668834853e+04 1.001588959482974550e+00
6.075570875674214039e+04 1.012703175508149034e+00
6.075570901679593953e+04 9.995319566843353654e-01
6.075570927684973140e+04 9.800907251318810021e-01
6.075570953690352326e+04 1.029446729519495785e+00
6.075570979695732240e+04 1.003376340014176638e+00
6.075571005701112153e+04 1.017530752828679885e+00
6.075571031706492067e+04 9.865233689949174378e-01
6.075571057711871254e+04 9.615143702859819674e-01
6.075571083717251167e+04 1.016946865285673018e+00
6.075571109722630354e+04 9.859259484763166492e-01
6.075571135728009540e+04 9.781029805382844833e-01
6.075571161733389454e+04 9.903146110716014583e-01
6.075571187738768640e+04 1.020530364582241001e+00
6.075571213744147826e+04 1.033844455697335851e+00
6.075571239749527740e+04 1.014622253850140154e+00
6.075571265754906926e+04 1.001447420666297328e+00
6.075571291760286840e+04 1.016089051464971194e+00
6.075571317765666754e+04 9.921217813935122587e-01
6.075571474868715450e+04 9.807412463327593866e-01
6.075571500874785124e+04 9.915552517743837502e-01
6.075571526880854799e+04 1.017291674861664275e+00
6.075571552886924474e+04 9.839509273170407022e-01
6.075571578892994148e+04 1.012076525376692571e+00
6.075571604899063823e+04 1.029792037013654404e+00
6.075571630905133497e+04 1.009222321778314946e+00
6.075571656911203172e+04 1.009496222466351956e+00
6.075571682917273574e+04 1.010672600168643909e+00
6.075571708923342521e+04 1.005428673353250923e+00
6.075571734929412196e+04 1.030202300010709671e+00
6.075571760935482598e+04 9.542335605554411737e-01
6.075571786941552273e+04 1.019096723677612948e+00
6.075571812947621947e+04 1.021576901224793499e+00
6.075571838953690894e+04 9.943193894120306853e-01
6.075571864959761297e+04 9.962711080346740022e-01
6.075571890965830971e+04 1.000859395123974149e+00
6.075571916971899918e+04 9.385852678080488509e-01
6.075571942977970320e+04 1.005145778913242527e+00
6.075571968984039995e+04 1.014224880420446340e+00
6.075571994990109670e+04 1.016164758858670414e+00
6.075572020996180072e+04 9.789265402201317023e-01
6.075572047002249019e+04 1.044157633317263079e+00
6.075572073008318694e+04 1.008885130586017365e+00
6.075572099014388368e+04 9.502274654878125615e-01
6.075572125020458770e+04 1.030018303059025753e+00
6.075572151026528445e+04 1.058043590980480397e+00
6.075572177032597392e+04 9.953468211539916455e-01
6.075572203038667794e+04 1.041506068371369054e+00
6.075572229044737469e+04 9.726888894164935628e-01
6.075572255050806416e+04 1.005625921641543741e+00
6.075572281056877546e+04 9.781537102071006240e-01
6.075572307062946493e+04 1.035254400635422956e+00
6.075572333069016167e+04 1.023213285930248961e+00
6.075572359075086570e+04 9.787808605677397189e-01
6.075572385081155517e+04 1.076563720809998514e+00
6.075572411087225191e+04 9.665624419784902832e-01
6.075572437093294866e+04 1.003176328739855627e+00
6.075572463099365268e+04 1.007314470607502122e+00
6.075572489105434943e+04 1.013772225334330424e+00
6.075572515111503890e+04 1.029279631032600673e+00
6.075572541117574292e+04 9.758968222463878517e-01
6.075572567123643967e+04 9.903253081592912066e-01
6.075572593129713641e+04 1.010905533145546764e+00
6.075572619135784043e+04 9.339235657644614497e-01
6.075572645141852990e+04 9.691068413236704204e-01
6.075572671147922665e+04 9.525360694402675854e-01
6.075572697153993067e+04 1.009476822751056879e+00
6.075572723160062014e+04 9.907683445975219438e-01
6.075572749166131689e+04 9.845958372300854800e-01
6.075572775172202091e+04 1.009049086274341311e+00
6.075572801178271766e+04 1.023773674815209311e+00
6.075572827184341440e+04 1.004502057345977084e+00
6.075572853190411115e+04 9.835522407817361978e-01
6.075572879196480790e+04 1.011485327097914722e+00
6.075572905202550464e+04 1.010244789588762515e+00
6.075572931208620867e+04 1.020240217271371819e+00
6.075572957214690541e+04 9.964703766817255559e-01
6.075572983220759488e+04 9.826590978269273968e-01
6.075573009226829890e+04 9.709313962448707924e-01
6.075573035232899565e+04 9.603577322426289919e-01
6.075573061238968512e+04 9.707681445949875032e-01
6.075573087245038914e+04 1.057299979785105482e+00
6.075573113251108589e+04 1.025659042027609713e+00
6.075573139257178264e+04 9.538975112895883290e-01
6.075573165263248666e+04 9.731537804260244062e-01
6.075573191269317613e+04 9.478071807994651321e-01
6.075573217275387287e+04 9.917111687564020839e-01
6.075573243281457690e+04 1.026045104792776108e+00
6.075573269287527364e+04 9.498606543611503028e-01
6.075573295293597039e+04 9.712554884747521822e-01
6.075573321299666713e+04 1.046146496022771544e+00
6.075573347305736388e+04 9.414776205512863649e-01
6.075573373311806063e+04 1.008591124868010391e+00
6.075573399317875737e+04 1.047235124118772509e+00
6.075573425323946140e+04 9.986272353409085811e-01
6.075573451330015087e+04 1.011799995634847127e+00
6.075573477336085489e+04 1.011123610556032393e+00
6.075573503342155163e+04 1.035309490926617393e+00
6.075573529348224110e+04 9.936751782215973439e-01
6.075573555354294513e+04 9.965612144349370594e-01
6.075573581360364187e+04 1.003180607399341451e+00
6.075573607366434589e+04 1.017206460891972863e+00
6.075573633372504264e+04 1.042764011723368966e+00
6.075573659378573211e+04 9.960459888509478610e-01
6.075573685384643613e+04 1.028149078247406978e+00
6.075573711390713288e+04 1.036678638866564972e+00
6.075573737396782963e+04 1.056622033223398649e+00
6.075573763402853365e+04 1.006412272810351061e+00
6.075573789408922312e+04 1.042668739382401899e+00
6.075573815414991986e+04 1.053018850518825822e+00
6.075573841421062389e+04 1.035077950723289897e+00
6.075573867427131336e+04 1.007623065603965085e+00
6.075573893433201010e+04 9.734818559317399700e-01
6.075573919439271413e+04 9.790095364746664863e-01
6.075573945445341087e+04 1.002834945207503381e+00
6.075573971451411489e+04 9.510535866608479383e-01
6.075573997457480436e+04 9.954642139198393025e-01
6.075574023463550111e+04 9.872756729613073601e-01
6.075574049469620513e+04 9.739993899603912597e-01
6.075574075475690188e+04 1.006568896558529769e+00
6.075574101481759863e+04 1.053284693597655419e+00
6.075574127487829537e+04 9.799582930996204588e-01
6.075574153493899212e+04 1.019587286852110086e+00
6.075574179499969614e+04 1.001428869130373434e+00
6.075574205506038561e+04 1.044788694561263220e+00
6.075574231512108236e+04 9.924057288158258938e-01
6.075574257518178638e+04 1.024906706439546733e+00
6.075574283524248312e+04 9.982103557764292479e-01
6.075574309530317987e+04 1.017510543466465744e+00
6.075574483016229351e+04 1.004924306466873141e+00
6.075574509021608537e+04 1.032029378958874366e+00
6.075574535026989179e+04 1.045787745427726234e+00
6.075574561032369093e+04 9.905142154144874755e-01
6.075574587037748279e+04 1.058197506003983435e+00
6.075574613043128193e+04 1.045705038924228614e+00
6.075574639048507379e+04 1.013177883507767163e+00
6.075574665053887293e+04 9.739566647722229797e-01
6.075574691059266479e+04 9.788608150993640677e-01
6.075574717064645665e+04 1.033333602798388817e+00
6.075574743070025579e+04 9.917200572946329729e-01
6.075574769075404765e+04 1.019676378038298914e+00
6.075574795080784679e+04 9.943507640574877904e-01
6.075574821086163865e+04 9.952046095839750528e-01
6.075574847091544507e+04 1.022408720586700515e+00
6.075574873096924421e+04 9.542087784035075959e-01
6.075574899102303607e+04 1.102102575103141024e+00
6.075574925107683521e+04 1.018503080727313437e+00
6.075574951113062707e+04 1.002888502552831795e+00
6.075574977118442621e+04 1.002477093201639358e+00
6.075575003123821807e+04 9.814860106819072172e-01
6.075575029129201721e+04 1.043205305945617223e+00
6.075575055134580907e+04 9.964273743255750437e-01
6.075575081139960093e+04 9.972135648936866215e-01
6.075575107145340007e+04 9.963558237935103978e-01
6.075575133150719921e+04 1.091108217333254027e+00
6.075575159156100563e+04 1.024551633975067100e+00
6.075575185161479749e+04 9.845855776341175813e-01
6.075575211166859663e+04 1.012582503358572472e+00
6.075575237172238849e+04 1.025299738895017132e+00
6.075575263177618035e+04 1.044923348983961553e+00
6.075575289182997949e+04 9.648563571100426950e-01
6.075575315188377135e+04 9.405729205651882641e-01
6.075575341193757049e+04 9.693425924853446007e-01
6.075575367199136235e+04 1.002215150366113194e+00
6.075575393204516149e+04 9.935466654104188056e-01
6.075575419209895335e+04 9.651482721523734210e-01
6.075575445215275249e+04 9.715662126525228537e-01
6.075575471220655891e+04 1.013145169775798715e+00
6.075575497226035077e+04 9.736662656381477321e-01
6.075575523231414991e+04 1.035477609153773626e+00
6.075575549236794177e+04 9.944398364971998028e-01
6.075575575242174091e+04 1.002454886412724511e+00
6.075575601247553277e+04 1.036652828181992669e+00
6.075575627252933191e+04 9.991316713317458520e-01
6.075575653258312377e+04 9.946978876741848774e-01
6.075575679263691563e+04 9.826535489566502468e-01
6.075575705269071477e+04 1.026507604443895216e+00
6.075575731274451391e+04 9.856044105256062116e-01
6.075575757279832033e+04 1.014318280691196561e+00
6.075575783285211219e+04 9.819244934589193008e-01
6.075575809290591133e+04 9.972844068358538427e-01
6.075575835295970319e+04 1.072612723501434884e+00
6.075575861301350233e+04 1.069342005118623540e+00
6.075575887306729419e+04 1.048106033143155758e+00
6.075575913312109333e+04 9.637526095215908084e-01
6.075575939317488519e+04 1.030381976543133682e+00
6.075575965322867705e+04 1.044598339166410428e+00
6.075575991328247619e+04 1.075627994620961259e+00
6.075576017333626805e+04 9.803907603486172739e-01
6.075576043339007447e+04 1.042631934024180529e+00
6.075576069344387361e+04 1.065910218797996745e+00
6.075576095349767274e+04 1.002634390599769443e+00
6.075576121355146461e+04 1.002004781222457064e+00
6.075576147360526375e+04 1.002351975563651632e+00
6.075576173365905561e+04 1.041900826752303111e+00
6.075576199371285475e+04 1.003075582437654933e+00
6.075576225376664661e+04 1.029546952887915312e+00
6.075576251382044575e+04 1.025024796428077645e+00
6.075576277387423761e+04 9.935918804794383608e-01
6.075576303392802947e+04 1.017435932590705638e+00
6.075576329398183589e+04 1.006458333723559084e+00
6.075576355403563502e+04 9.957854160664778576e-01
6.075576381408943416e+04 9.478778426365053189e-01
6.075576407414322603e+04 9.708582088772974572e-01
6.075576433419702516e+04 9.819919411223074768e-01
6.075576459425081703e+04 1.051924258756788078e+00
6.075576485430461616e+04 9.612589363698238465e-01
6.075576511435840803e+04 9.998743731657552258e-01
6.075576537441220717e+04 1.027551923805361644e+00
6.075576563446599903e+04 9.937467231281098545e-01
6.075576589451979817e+04 1.045676676902547619e+00
6.075576615457359003e+04 9.789556880953829143e-01
6.075576641462739644e+04 9.872489035395978219e-01
6.075576667468119558e+04 1.026104605312488038e+00
6.075576693473499472e+04 1.017986406979259906e+00
6.075576719478878658e+04 9.721066789258208107e-01
6.075576745484258572e+04 1.033211019497813909e+00
6.075576771489637758e+04 9.753578950894644661e-01
6.075576797495017672e+04 1.003847210994103678e+00
6.075576823500396858e+04 9.823827687692974209e-01
6.075576849505776045e+04 1.019339786559805061e+00
6.075576875511155959e+04 1.041357044365431417e+00
6.075576901516535145e+04 1.028459308998115107e+00
6.075576927521915786e+04 1.033008910692494231e+00
6.075576953527295700e+04 9.965413165837779808e-01
6.075576979532675614e+04 9.937553318394907187e-01
6.075577005538054800e+04 1.003078518637635641e+00
6.075577031543434714e+04 1.025193974615041803e+00
6.075577057548813900e+04 9.981066812537178201e-01
6.075577083554193814e+04 1.011424286465051781e+00
6.075577109559573000e+04 1.008216644037449150e+00
6.075577135564952914e+04 9.992733480130587820e-01
6.075577161570332100e+04 1.001186103249981585e+00
6.075577187575712014e+04 1.012020294002196952e+00
6.075577213581091200e+04 1.012657172062151778e+00
6.075577239586471842e+04 9.996248534958309673e-01
6.075577265591851756e+04 9.940743563685994211e-01
6.075577291597231670e+04 1.005499068021320719e+00
6.075577317602610856e+04 1.039800155636882772e+00
