6.075585120116569306e+04 9.798300683578776704e-01
6.075585146121949219e+04 9.974176714534350729e-01
6.075585172127328406e+04 9.935461926787221287e-01
6.075585198132708319e+04 9.903056500903468784e-01
6.075585224138088233e+04 9.926744015391051335e-01
6.075585250143468147e+04 9.382773039476866028e-01
6.075585276148847333e+04 1.019011072836885079e+00
6.075585302154227247e+04 9.930283393223788835e-01
6.075585328159607161e+04 9.830552650490829159e-01
6.075585354164987803e+04 1.036844663729142191e+00
6.075585380170368444e+04 9.958362279141799167e-01
6.075585406175747630e+04 9.952784949294519734e-01
6.075585432181127544e+04 9.721353756879860253e-01
6.075585458186507458e+04 9.676934430324931613e-01
6.075585484191887372e+04 1.049188271629546865e+00
6.075585510197266558e+04 9.888816164275598952e-01
6.075585536202646472e+04 9.576375058502278881e-01
6.075585562208026386e+04 1.028484622463651688e+00
6.075585588213406299e+04 9.609995175021616154e-01
6.075585614218786213e+04 9.865187367023936504e-01
6.075585640224165400e+04 9.971503637615140025e-01
6.075585666229546041e+04 1.041842913437066143e+00
6.075585692234926682e+04 9.912251649065420001e-01
6.075585718240306596e+04 9.830759581396617541e-01
6.075585744245685783e+04 9.956810179784874038e-01
6.075585770251065696e+04 9.961418603027546448e-01
6.075585796256445610e+04 1.002990452695190049e+00
6.075585822261825524e+04 1.018734843866426099e+00
6.075585848267205438e+04 1.000536113165829022e+00
6.075585874272584624e+04 9.667485980691890024e-01
6.075585900277964538e+04 9.670839414003538081e-01
6.075585926283344452e+04 9.357939293211917642e-01
6.075585952288725093e+04 9.852257032314885032e-01
6.075585978294105735e+04 9.995889637010088036e-01
6.075586004299484921e+04 9.899691228059741555e-01
6.075586030304864835e+04 9.644068410695147975e-01
6.075586056310244749e+04 1.000489491031956835e+00
6.075586082315624662e+04 1.020599472445217204e+00
6.075586108321004576e+04 1.025538675321076454e+00
6.075586134326383763e+04 1.025458308509371141e+00
6.075586160331763676e+04 9.757418652061983222e-01
6.075586186337143590e+04 1.007950068165003543e+00
6.075586212342523504e+04 9.733661671457022324e-01
6.075586238347903418e+04 9.560265294578655926e-01
6.075586264353283332e+04 1.021933133128235749e+00
6.075586290358663973e+04 1.001578128334483342e+00
6.075586316364043887e+04 9.841311124643220554e-01
6.075586342369423801e+04 9.915986125437508125e-01
6.075586368374803715e+04 1.029967453628065632e+00
6.075586394380182901e+04 9.838794810003926861e-01
6.075586420385562815e+04 9.914332315013902885e-01
6.075586446390942729e+04 9.672725534060028219e-01
6.075586472396322642e+04 1.009185844743484939e+00
6.075586498401702556e+04 1.008957337555747680e+00
6.075586524407081743e+04 1.007388851648897354e+00
6.075586550412462384e+04 9.589607248718701182e-01
6.075586576417843025e+04 9.800516714313919353e-01
6.075586602423222939e+04 9.900054022811398680e-01
6.075586628428602853e+04 9.826021225759887789e-01
6.075586654433982039e+04 1.025828942390935916e+00
6.075586680439361953e+04 9.581673571868324357e-01
6.075586706444741867e+04 1.042832420418770889e+00
6.075586732450121781e+04 9.803048790876256469e-01
6.075586758455501695e+04 9.885066287010223496e-01
6.075586784460881609e+04 9.747871564434100744e-01
6.075586810466260795e+04 9.824825825793349621e-01
6.075586836471640709e+04 1.046714796202575126e+00
6.075586862477021350e+04 1.030506571624515422e+00
6.075586888482401991e+04 9.669048879745149039e-01
6.075586914487781905e+04 9.891600363749699643e-01
6.075586940493161092e+04 1.003803249398255826e+00
6.075586966498541005e+04 1.024053991182682699e+00
6.075586992503920919e+04 9.714025579825040779e-01
6.075587018509300833e+04 9.811260630434001095e-01
6.075587044514680747e+04 9.998385319009370775e-01
6.075587070520060661e+04 9.718061028486781883e-01
6.075587096525439847e+04 1.041610683851019514e+00
6.075587122530819761e+04 9.797682611821835197e-01
6.075587148536199675e+04 9.820591917641712243e-01
6.075587174541581044e+04 9.626529536518021457e-01
6.075587200546960958e+04 1.020050896388327022e+00
6.075587226552340871e+04 9.288339553311006913e-01
6.075587252557720058e+04 9.498532908797362451e-01
6.075587278563099972e+04 1.018171846967631078e+00
6.075587304568479885e+04 9.487614330186138201e-01
6.075587330573859799e+04 9.946722539741056357e-01
6.075587356579239713e+04 1.004964628710707242e+00
6.075587382584619627e+04 9.672526652227106947e-01
6.075587408589998813e+04 1.015215221954134828e+00
6.075587434595378727e+04 9.536713258989389930e-01
6.075587460600759368e+04 9.928627778431697859e-01
6.075587486606140010e+04 1.019251430341752584e+00
6.075587512611519924e+04 9.934790031238285302e-01
6.075587538616899838e+04 1.002605777453200897e+00
6.075587564622279751e+04 9.415898077193300963e-01
6.075587590627658938e+04 9.994826012103282808e-01
6.075587616633038851e+04 1.011172033943687376e+00
6.075587642638418765e+04 9.894930284906426898e-01
6.075587668643798679e+04 9.792199897837503553e-01
6.075587694649178593e+04 1.059421374816593708e+00
6.075587720654558507e+04 9.898579888149172668e-01
6.075587746659937693e+04 1.018187470683431739e+00
6.075587772665318334e+04 9.809974183618016541e-01
6.075587798670698976e+04 9.759570848551457622e-01
6.075587824676078890e+04 1.029654270476414002e+00
6.075587850681458804e+04 9.684315936888185927e-01
6.075587876686838717e+04 9.705207276905762903e-01
6.075587902692218631e+04 9.448232499752903246e-01
6.075587928697597818e+04 9.658354642707790427e-01
6.075587954702977731e+04 9.578402397416286851e-01
6.075588115586427011e+04 9.390794320712239074e-01
6.075588141592496686e+04 9.777956335454828229e-01
6.075588167598567088e+04 9.580606602342907063e-01
6.075588193604636763e+04 9.936274497451125232e-01
6.075588219610707165e+04 9.699971561304088219e-01
6.075588245616777567e+04 9.761081334959159639e-01
6.075588271622847242e+04 9.720473536019349492e-01
6.075588297628917644e+04 1.007981740423300465e+00
6.075588323634988046e+04 1.016426498471679762e+00
6.075588349641056993e+04 1.040756500649651750e+00
6.075588375647127395e+04 9.859256194985377419e-01
6.075588401653197798e+04 9.889701085660901336e-01
6.075588427659268200e+04 9.999925328809485814e-01
6.075588453665338602e+04 9.875719270261332783e-01
6.075588479671408277e+04 9.563025674666526532e-01
6.075588505677478679e+04 9.628876060672650894e-01
6.075588531683548354e+04 9.893634255207504058e-01
6.075588557689618756e+04 1.037644236641311446e+00
6.075588583695689158e+04 9.911492840400356608e-01
6.075588609701758833e+04 9.549977383966884448e-01
6.075588635707829235e+04 9.864883795610253081e-01
6.075588661713899637e+04 1.002805374964360396e+00
6.075588687719969312e+04 9.795453261157280878e-01
6.075588713726038986e+04 1.008512682066466493e+00
6.075588739732109389e+04 1.020910433289876851e+00
6.075588765738179791e+04 9.634406700986705152e-01
6.075588791744250193e+04 9.994497344808466188e-01
6.075588817750319868e+04 1.029044482733329380e+00
6.075588843756390270e+04 9.765087099189566633e-01
6.075588869762460672e+04 9.735168278543919751e-01
6.075588895768530347e+04 9.856053769871109260e-01
6.075588921774600749e+04 9.568365759813922677e-01
6.075588947780670424e+04 9.741243354376314389e-01
6.075588973786740826e+04 1.008225615461504576e+00
6.075588999792811228e+04 9.564996344000602502e-01
6.075589025798880903e+04 9.846957897853785280e-01
6.075589051804952032e+04 1.001770937371228687e+00
6.075589077811021707e+04 9.586469982626677488e-01
6.075589103817091382e+04 9.951840835901956117e-01
6.075589129823161784e+04 9.531308249807930455e-01
6.075589155829231458e+04 9.521426615927710557e-01
6.075589181835301861e+04 9.975650443934528377e-01
6.075589207841372263e+04 9.718380582989485372e-01
6.075589233847442665e+04 9.928882067015309953e-01
6.075589259853513067e+04 9.980556300636761469e-01
6.075589285859582742e+04 9.596659465230074071e-01
6.075589311865652417e+04 1.007663234775650674e+00
6.075589337871722819e+04 1.012178896462055944e+00
6.075589363877793221e+04 1.014768394156096987e+00
6.075589389883863623e+04 9.950182415548028958e-01
6.075589415889933298e+04 9.967157380407225542e-01
6.075589441896003700e+04 9.498119856963211927e-01
6.075589467902074102e+04 9.832947910731174579e-01
6.075589493908143777e+04 9.606581953115544970e-01
6.075589519914213452e+04 1.014319119355666210e+00
6.075589545920283854e+04 1.006540697803129270e+00
6.075589571926354256e+04 9.986201611498009001e-01
6.075589597932424658e+04 9.460772494676845668e-01
6.075589623938494333e+04 9.832265661809114210e-01
6.075589649944564735e+04 1.008503049320343070e+00
6.075589675950635137e+04 1.021795434234061606e+00
6.075589701956705539e+04 9.583451963250781969e-01
6.075589727962775942e+04 1.015333423230831089e+00
6.075589753968844889e+04 9.766227910391606093e-01
6.075589779974915291e+04 9.915464366962950526e-01
6.075589805980985693e+04 9.921800360803409990e-01
6.075589831987055368e+04 9.575028736135268170e-01
6.075589857993125770e+04 9.559237266488873619e-01
6.075589883999196172e+04 1.015175794539032728e+00
6.075589910005266574e+04 9.948344301569999049e-01
6.075589936011336977e+04 9.427946096895180039e-01
6.075589962017406651e+04 1.010641454330635236e+00
6.075589988023477054e+04 9.449916628289548592e-01
6.075590014029546728e+04 9.963717947095754868e-01
6.075590040035617130e+04 1.019257545186740943e+00
6.075590066041687533e+04 9.989633998262710257e-01
6.075590092047757207e+04 1.005571801313630331e+00
6.075590118053827609e+04 9.796470266371362090e-01
6.075590144059898012e+04 1.027416123849699492e+00
6.075590170065967686e+04 9.650530402325315782e-01
6.075590196072038816e+04 9.915514526289878061e-01
6.075590222078108491e+04 9.823075390608740909e-01
6.075590248084178893e+04 9.816592141270449323e-01
6.075590274090249295e+04 9.970751051246021790e-01
6.075590300096318242e+04 9.781654303034079678e-01
6.075590326102388644e+04 1.004557652257801692e+00
6.075590352108459047e+04 9.832351806028912788e-01
6.075590378114529449e+04 1.013545176159432959e+00
6.075590404120599851e+04 1.018325142399890693e+00
6.075590430126669526e+04 9.919852977515285497e-01
6.075590456132739928e+04 9.742877797949341945e-01
6.075590482138810330e+04 9.450577819764719445e-01
6.075590508144880732e+04 9.614745577451659919e-01
6.075590534150951135e+04 9.950501347135179975e-01
6.075590560157020809e+04 9.912273212821628432e-01
6.075590586163091211e+04 9.795556811931418473e-01
6.075590612169160886e+04 1.039166557900869758e+00
6.075590638175230561e+04 1.003522121640183729e+00
6.075590664181300963e+04 1.060208351796591897e+00
6.075590690187371365e+04 9.506229044115285243e-01
6.075590716193441767e+04 9.737730827683596102e-01
6.075590742199512169e+04 9.560319796892918776e-01
6.075590768205581844e+04 1.009385939405230248e+00
6.075590794211652246e+04 9.755636899554505082e-01
6.075590820217722649e+04 9.859270894180788281e-01
6.075590846223793051e+04 9.690103070921618489e-01
6.075590872229863453e+04 9.785879472721996652e-01
6.075590898235933128e+04 1.048001702082909992e+00
6.075590924242003530e+04 9.835510937178458812e-01
6.075590950248073932e+04 1.017212577067500012e+00
6.075591106051386305e+04 9.838505977849745232e-01
6.075591132057445793e+04 9.944310214296065986e-01
6.075591158063505281e+04 1.030793142620872294e+00
6.075591184069564770e+04 9.899413129839030878e-01
6.075591210075624258e+04 9.756513874480327031e-01
6.075591236081683746e+04 9.740894225001780482e-01
6.075591262087743235e+04 9.923755298970389216e-01
6.075591288093802723e+04 9.543965789578258141e-01
6.075591314099862211e+04 9.655460964758489917e-01
6.075591340105922427e+04 9.823217990463918303e-01
6.075591366111981915e+04 9.741138145751461197e-01
6.075591392118041404e+04 1.006917890149932049e+00
6.075591418124100892e+04 1.025472245329447807e+00
6.075591444130160380e+04 1.018288877450022722e+00
6.075591470136219868e+04 9.792609345990620495e-01
6.075591496142279357e+04 9.704453078389047027e-01
6.075591522148338845e+04 9.920254389639863168e-01
6.075591548154399061e+04 9.678023377586871812e-01
6.075591574160458549e+04 9.206073682064175312e-01
6.075591600166518037e+04 9.952001924818129064e-01
6.075591626172577526e+04 1.032816586275372872e+00
6.075591652178637742e+04 9.834900891872460083e-01
6.075591678184697230e+04 9.883929570763921868e-01
6.075591704190756718e+04 9.840518330385479295e-01
6.075591730196816206e+04 1.020898812048596005e+00
6.075591756202875695e+04 9.601270453375031488e-01
6.075591782208935183e+04 9.949054005784889743e-01
6.075591808214994671e+04 9.695869294925503201e-01
6.075591834221054160e+04 9.618405063223574025e-01
6.075591860227113648e+04 9.449563159415558244e-01
6.075591886233173136e+04 9.574726742370356369e-01
6.075591912239232624e+04 1.007891600738218818e+00
6.075591938245292840e+04 9.931334862612579695e-01
6.075591964251352329e+04 9.972447902484616877e-01
6.075591990257411817e+04 9.903565910021707719e-01
6.075592016263471305e+04 9.749691453854112400e-01
6.075592042269530793e+04 9.837936697010641884e-01
6.075592068275590282e+04 9.982792606104036182e-01
6.075592094281649770e+04 9.651978261515911095e-01
6.075592120287709986e+04 9.749569765832490909e-01
6.075592146293769474e+04 9.905284673869175771e-01
6.075592172299828962e+04 1.011757180140398171e+00
6.075592198305888451e+04 9.686184585418756710e-01
6.075592224311948667e+04 1.007999296754894303e+00
6.075592250318008155e+04 1.001165066881463783e+00
6.075592276324067643e+04 9.807451193883535145e-01
6.075592302330127131e+04 1.029898036809707706e+00
6.075592328336186620e+04 9.760513322570875117e-01
6.075592354342246108e+04 9.885636440628001731e-01
6.075592380348305596e+04 1.042120867233476966e+00
6.075592406354365812e+04 1.002248842560010234e+00
6.075592432360425300e+04 9.677702941777872603e-01
6.075592458366484789e+04 9.790359879594805470e-01
6.075592484372544277e+04 9.955150930203513493e-01
6.075592510378604493e+04 1.027651043878597292e+00
6.075592536384663981e+04 9.610560101934169097e-01
6.075592562390723469e+04 9.495313470944765077e-01
6.075592588396782958e+04 1.013588510290350797e+00
6.075592614402842446e+04 9.976347786766572856e-01
6.075592640408901934e+04 1.002581680852427937e+00
6.075592666414961423e+04 9.954813811233801379e-01
6.075592692421020911e+04 1.011806926354325453e+00
6.075592718427081127e+04 1.012895581886756657e+00
6.075592744433140615e+04 9.973347730970280045e-01
6.075592770439200103e+04 9.634766532496683578e-01
6.075592796445260319e+04 1.058292357451082966e+00
6.075592822451319807e+04 9.987004302934991973e-01
6.075592848457379296e+04 9.987989766042372208e-01
6.075592874463438784e+04 9.634909216834067758e-01
6.075592900469498272e+04 9.697470407235535550e-01
6.075592926475557761e+04 9.628232027248911917e-01
6.075592952481617249e+04 9.847982812455432500e-01
6.075592978487676737e+04 9.914735060883038686e-01
6.075593004493736953e+04 9.546079262556561584e-01
6.075593030499796441e+04 9.969137649771471210e-01
6.075593056505855930e+04 9.718663479283107254e-01
6.075593082511916145e+04 1.011364650025756262e+00
6.075593108517975634e+04 9.951129915852796604e-01
6.075593134524035122e+04 9.693078670893897630e-01
6.075593160530094610e+04 9.872273982222213862e-01
6.075593186536154099e+04 1.016981884377622158e+00
6.075593212542213587e+04 9.695750922034607200e-01
6.075593238548273075e+04 9.915430627410577458e-01
6.075593264554332563e+04 9.924056451199005924e-01
6.075593290560392779e+04 9.611296323954872101e-01
6.075593316566452268e+04 1.011886536409536630e+00
6.075593342572511756e+04 9.999410113272085843e-01
6.075593368578571244e+04 9.991263840416252373e-01
6.075593394584631460e+04 9.400863061964231937e-01
6.075593420590690948e+04 9.661712625579139679e-01
6.075593446596750437e+04 9.785562911499365857e-01
6.075593472602809925e+04 9.564964730761783551e-01
6.075593498608869413e+04 9.680091867303102227e-01
6.075593524614928901e+04 9.714243208388970707e-01
6.075593550620988390e+04 1.004378009523565929e+00
6.075593576627048606e+04 9.786640044398946525e-01
6.075593602633108094e+04 9.670729767043562131e-01
6.075593628639167582e+04 9.660193163258062876e-01
6.075593654645227070e+04 9.849557966463874381e-01
6.075593680651287286e+04 9.586221045649507833e-01
6.075593706657346775e+04 1.034979743957588960e+00
6.075593732663406263e+04 1.027119037718872141e+00
6.075593758669465751e+04 1.003676803157527608e+00
6.075593784675525239e+04 9.521983933629184493e-01
6.075593810681584728e+04 9.714746248641108473e-01
6.075593836687644216e+04 1.004573922848879919e+00
6.075593862693704432e+04 1.000336471063823618e+00
6.075593888699763920e+04 9.466869079364236272e-01
6.075593914705823408e+04 9.515435729658376918e-01
6.075593940711883624e+04 1.001989501503300239e+00
6.075594106598430517e+04 9.778749229942863552e-01
6.075594132604500919e+04 9.977616138329231665e-01
6.075594158610571321e+04 1.027858424389189729e+00
6.075594184616640996e+04 9.739276155911988919e-01
6.075594210622711398e+04 1.004732299304036403e+00
6.075594236628781800e+04 1.004685968398091545e+00
6.075594262634852203e+04 9.651398374627356835e-01
6.075594288640922605e+04 9.936042454258796619e-01
6.075594314646992279e+04 9.894195216357574152e-01
6.075594340653063409e+04 9.760177072206968063e-01
6.075594366659133811e+04 9.704311544420100022e-01
6.075594392665203486e+04 1.002248429957525833e+00
6.075594418671273888e+04 9.596502612771321550e-01
6.075594444677344291e+04 1.012099387641428594e+00
6.075594470683414693e+04 9.452155193468447791e-01
6.075594496689485095e+04 9.962417258692664035e-01
6.075594522695554770e+04 9.806958445731606133e-01
6.075594548701625172e+04 9.790463216052031070e-01
6.075594574707695574e+04 9.838927960155784413e-01
6.075594600713765976e+04 9.818525454067141833e-01
6.075594626719836378e+04 9.903911051242288988e-01
6.075594652725906053e+04 9.979111449375942522e-01
6.075594678731976455e+04 9.585613448482163124e-01
6.075594704738046858e+04 9.904553930101875903e-01
6.075594730744116532e+04 9.889381260263613305e-01
6.075594756750187662e+04 9.733550496855691847e-01
6.075594782756257337e+04 9.731908675202651793e-01
6.075594808762328466e+04 9.172484515562703278e-01
6.075594834768398869e+04 9.931775907286761740e-01
6.075594860774468543e+04 1.017910255384420148e+00
6.075594886780538945e+04 9.781139480533018737e-01
6.075594912786609348e+04 9.458848498084487799e-01
6.075594938792679750e+04 9.727530465985035901e-01
6.075594964798750152e+04 9.830890760511072912e-01
6.075594990804819827e+04 1.013320509536181691e+00
6.075595016810890229e+04 1.018537924309741882e+00
6.075595042816960631e+04 1.009585510038079059e+00
6.075595068823031033e+04 9.144551714132117537e-01
6.075595094829101436e+04 1.029949207457891536e+00
6.075595120835171110e+04 9.942196644011341844e-01
6.075595146841241512e+04 9.438589484462098778e-01
6.075595172847312642e+04 9.868160981544527033e-01
6.075595198853382317e+04 1.039479749917564089e+00
6.075595224859452719e+04 1.005022784329439922e+00
6.075595250865523121e+04 9.764470263458733257e-01
6.075595276871593524e+04 9.909520195343380911e-01
6.075595302877663926e+04 9.801964000039077307e-01
6.075595328883733600e+04 9.736786422336282110e-01
6.075595354889804003e+04 9.563018453254960027e-01
6.075595380895874405e+04 1.040318093314783754e+00
6.075595406901944807e+04 9.590877306831316895e-01
6.075595432908015209e+04 9.352146844903008738e-01
6.075595458914084884e+04 1.019132901010498582e+00
6.075595484920156014e+04 9.624480671782400520e-01
6.075595510926226416e+04 9.772320910024513418e-01
6.075595536932296091e+04 9.906858104850029267e-01
6.075595562938366493e+04 9.883062249591987314e-01
6.075595588944436895e+04 1.016033210429349465e+00
6.075595614950507297e+04 9.921473544965196956e-01
6.075595640956577699e+04 9.832478879507257075e-01
6.075595666962647374e+04 9.979130567749260328e-01
6.075595692968717776e+04 9.906681693709169512e-01
6.075595718974788178e+04 9.724951096964842279e-01
6.075595744980858581e+04 9.880257239393777091e-01
6.075595770986929710e+04 9.941461401369325879e-01
6.075595796992999385e+04 1.017648063832301775e+00
6.075595822999069787e+04 9.501921354643737549e-01
6.075595849005140190e+04 9.770357246493153180e-01
6.075595875011209864e+04 9.803099268424659840e-01
6.075595901017280994e+04 1.008745727900125733e+00
6.075595927023350669e+04 9.497696324306373894e-01
6.075595953029421071e+04 1.017716524290974922e+00
6.075595979035491473e+04 9.975054244068443099e-01
6.075596005041561148e+04 9.746524406620797887e-01
6.075596031047632277e+04 9.952627009378763878e-01
6.075596057053702680e+04 9.880253704219292832e-01
6.075596083059773082e+04 9.756969769562324757e-01
6.075596109065843484e+04 9.958016528052525684e-01
6.075596135071913159e+04 1.007761963548783779e+00
6.075596161077983561e+04 9.529210424514605871e-01
6.075596187084053963e+04 9.926493010193004896e-01
6.075596213090124365e+04 9.733971189353722853e-01
6.075596239096194768e+04 9.677618645380169360e-01
6.075596265102265170e+04 1.014931799242830612e+00
6.075596291108335572e+04 9.886399453279993699e-01
6.075596317114405974e+04 9.810501975612072600e-01
6.075596343120475649e+04 9.822270229389442608e-01
6.075596369126546051e+04 9.855282896461312614e-01
6.075596395132616453e+04 1.021204188413186387e+00
6.075596421138686856e+04 9.587193119610489811e-01
6.075596447144757258e+04 1.057284595307098618e+00
6.075596473150827660e+04 9.694651429553154953e-01
6.075596499156898062e+04 9.880723302995083612e-01
6.075596525162968464e+04 9.875732680748542380e-01
6.075596551169038867e+04 9.696118817591977690e-01
6.075596577175109269e+04 9.986500922638610334e-01
6.075596603181178943e+04 9.841792253240148058e-01
6.075596629187249346e+04 9.650877573821761146e-01
6.075596655193319748e+04 9.958645976472902950e-01
6.075596681199390150e+04 9.822252520580697643e-01
6.075596707205460552e+04 9.907314982383680357e-01
6.075596733211530955e+04 9.660354652899958428e-01
6.075596759217601357e+04 9.638569023710010786e-01
6.075596785223671759e+04 1.002661239938047677e+00
6.075596811229741434e+04 9.983137301498828942e-01
6.075596837235811836e+04 9.810456400331090121e-01
6.075596863241882238e+04 9.088457283361899286e-01
6.075596889247953368e+04 1.028240559221647032e+00
6.075596915254023770e+04 9.333314720512703166e-01
6.075596941260093445e+04 1.012796102771555740e+00
6.075597102105359954e+04 1.001068786559637047e+00
6.075597128111420170e+04 1.025519151846173260e+00
6.075597154117479658e+04 9.396735328995942105e-01
6.075597180123539147e+04 9.834178517431984012e-01
6.075597206129598635e+04 9.690444133055370335e-01
6.075597232135658123e+04 9.785362148020029238e-01
6.075597258141718339e+04 9.625849994254938036e-01
6.075597284147777827e+04 9.597050906896282818e-01
6.075597310153837316e+04 9.912007852082538317e-01
6.075597336159897532e+04 9.505298527258054797e-01
6.075597362165957020e+04 9.898088694337346949e-01
6.075597388172016508e+04 1.010025452001307444e+00
6.075597414178077452e+04 9.935695381899547485e-01
6.075597440184136940e+04 9.884065349415614987e-01
6.075597466190196428e+04 1.016034941731283281e+00
6.075597492196255916e+04 1.004112699443684198e+00
6.075597518202315405e+04 9.770686723747329383e-01
6.075597544208374893e+04 9.811385162993452314e-01
6.075597570214434381e+04 9.780548836862865691e-01
6.075597596220494597e+04 9.761595940333929189e-01
6.075597622226554813e+04 9.734668535750378160e-01
6.075597648232614301e+04 9.692684205908065342e-01
6.075597674238673790e+04 9.721032475443009968e-01
6.075597700244734006e+04 9.790748371214693657e-01
6.075597726250793494e+04 9.929958866990737931e-01
6.075597752256853710e+04 1.029405089364085146e+00
6.075597778262913198e+04 9.451997668480063286e-01
6.075597804268972686e+04 1.019986964098722915e+00
6.075597830275032175e+04 9.601289809622080007e-01
6.075597856281091663e+04 9.868080670960256429e-01
6.075597882287151151e+04 1.002573438776240167e+00
6.075597908293212095e+04 9.671257816238021388e-01
6.075597934299271583e+04 9.393076978786597531e-01
6.075597960305331071e+04 1.034676990586460565e+00
6.075597986311390559e+04 9.971185118182415152e-01
6.075598012317450775e+04 9.428664888273603495e-01
6.075598038323510264e+04 9.518577719740594079e-01
6.075598064329570479e+04 9.597683708373726530e-01
6.075598090335629968e+04 9.965562479202755286e-01
6.075598116341689456e+04 9.455064526493017762e-01
6.075598142347748944e+04 1.036710783980081096e+00
6.075598168353808433e+04 9.697715294830374644e-01
6.075598194359869376e+04 1.005588543479000174e+00
6.075598220365928864e+04 9.629645209625123936e-01
6.075598246371988353e+04 9.747127874976516670e-01
6.075598272378047841e+04 9.937307203956451396e-01
6.075598298384108057e+04 1.024475419471493343e+00
6.075598324390167545e+04 1.004599341067809792e+00
6.075598350396227761e+04 1.010768727030549874e+00
6.075598376402287249e+04 9.836963569998915524e-01
6.075598402408346738e+04 9.450808260348461110e-01
6.075598428414406226e+04 1.018731114505575075e+00
6.075598454420465714e+04 9.735961272999117400e-01
6.075598480426526658e+04 1.004535561774249075e+00
6.075598506432586146e+04 1.002975624046019032e+00
6.075598532438645634e+04 9.912298651708696395e-01
6.075598558444705122e+04 1.037328576632276622e+00
6.075598584450765338e+04 9.988047887114295253e-01
6.075598610456825554e+04 1.012951610477386799e+00
6.075598636462885042e+04 1.010223031533796556e+00
6.075598662468944531e+04 9.745949543378847890e-01
6.075598688475004019e+04 9.938398470346795355e-01
6.075598714481063507e+04 1.018138000480496963e+00
6.075598740487123723e+04 9.529259022846433558e-01
6.075598766493183211e+04 1.044972861447007295e+00
6.075598792499243427e+04 1.022672653424627098e+00
6.075598818505302916e+04 9.852296838191710870e-01
6.075598844511362404e+04 9.619187701310841776e-01
6.075598870517423347e+04 1.012214206761425039e+00
6.075598896523482836e+04 9.888085125290668742e-01
6.075598922529542324e+04 1.001924199706940133e+00
6.075598948535601812e+04 9.557049309127692016e-01
6.075598974541661300e+04 1.043967288318458531e+00
6.075599000547721516e+04 1.012270142550787178e+00
6.075599026553781005e+04 9.810567246743939762e-01
6.075599052559840493e+04 9.812146795342014949e-01
6.075599078565900709e+04 9.766753185652029545e-01
6.075599104571960197e+04 1.051471102525756152e+00
6.075599130578020413e+04 1.029150167422939743e+00
6.075599156584080629e+04 1.025169091810310906e+00
6.075599182590140117e+04 9.875288946308563576e-01
6.075599208596199605e+04 9.837742095501098571e-01
6.075599234602259094e+04 9.785605960551805316e-01
6.075599260608319310e+04 9.879681448954663603e-01
6.075599286614378798e+04 9.861502908774193443e-01
6.075599312620438286e+04 1.048050066349297982e+00
6.075599338626497774e+04 9.723531187760968697e-01
6.075599364632558718e+04 9.810333386662527522e-01
6.075599390638618206e+04 1.003251851951818319e+00
6.075599416644677694e+04 1.003376904298362460e+00
6.075599442650737910e+04 9.647141783347028543e-01
6.075599468656797399e+04 9.846991166320835376e-01
6.075599494662857614e+04 9.906868678665913253e-01
6.075599520668917103e+04 9.901102702177078108e-01
6.075599546674976591e+04 9.760870722924849252e-01
6.075599572681036079e+04 9.838003806444162169e-01
6.075599598687096295e+04 9.876993124675421676e-01
6.075599624693155783e+04 9.369328586072958043e-01
6.075599650699215999e+04 9.587583335494780368e-01
6.075599676705275488e+04 1.038394103068492003e+00
6.075599702711334976e+04 1.043032254044474971e+00
6.075599728717395192e+04 9.469579796751783629e-01
6.075599754723455408e+04 1.002757818248590782e+00
6.075599780729514896e+04 9.828449843968596333e-01
6.075599806735574384e+04 9.661995119949716715e-01
6.075599832741634600e+04 9.460215560414719782e-01
6.075599858747694088e+04 9.755542673882851012e-01
6.075599884753753577e+04 1.018684442703570614e+00
6.075599910759813065e+04 9.710501779696101288e-01
6.075599936765874008e+04 9.785992897668501778e-01
6.075600091310295102e+04 1.002684550683685671e+00
6.075600117316365504e+04 9.939005929862582134e-01
6.075600143322435179e+04 9.870214062212993023e-01
6.075600169328505581e+04 9.595208961684882354e-01
6.075600195334576711e+04 9.786106963437526396e-01
6.075600221340647113e+04 1.046178640715547781e+00
6.075600247346717515e+04 9.649270883020450995e-01
6.075600273352787190e+04 9.841224567806586832e-01
6.075600299358858319e+04 1.004599949997269537e+00
6.075600325364928722e+04 9.732018972732531248e-01
6.075600351370998396e+04 9.728684656718266099e-01
6.075600377377069526e+04 9.418670705389319275e-01
6.075600403383139928e+04 9.890828058749017160e-01
6.075600429389210331e+04 9.773255245993766049e-01
6.075600455395280733e+04 9.790860417688818096e-01
6.075600481401350407e+04 9.249860649026783177e-01
6.075600507407421537e+04 1.010352901622272093e+00
6.075600533413491939e+04 1.026284658980671782e+00
6.075600559419562342e+04 9.952380217420240260e-01
6.075600585425632744e+04 9.691781579096911958e-01
6.075600611431703146e+04 1.029709327064342039e+00
6.075600637437773548e+04 9.719294568711857041e-01
6.075600663443843951e+04 1.028231539802965999e+00
6.075600689449914353e+04 9.953744087864352386e-01
6.075600715455985483e+04 9.493646007527666297e-01
6.075600741462055157e+04 9.489784883412991645e-01
6.075600767468125559e+04 9.976592929330322379e-01
6.075600793474195962e+04 9.886696319479562067e-01
6.075600819480266364e+04 9.914603596716429212e-01
6.075600845486336766e+04 1.005733631695799435e+00
6.075600871492407168e+04 9.233044539738941570e-01
6.075600897498478298e+04 9.944422293684513914e-01
6.075600923504548700e+04 9.593901175277730342e-01
6.075600949510618375e+04 9.254011715144908612e-01
6.075600975516688777e+04 1.014113283938636645e+00
6.075601001522759907e+04 1.010779315760386821e+00
6.075601027528830309e+04 9.839938464694629738e-01
6.075601053534900711e+04 1.022439245521529871e+00
6.075601079540970386e+04 9.972875216952765687e-01
6.075601105547041516e+04 1.003579812638266899e+00
6.075601131553111918e+04 9.849860227153415249e-01
6.075601157559181593e+04 1.003452033673045918e+00
6.075601183565252722e+04 9.961906167173664173e-01
6.075601209571323125e+04 9.757069529465268731e-01
6.075601235577393527e+04 9.747011269607447348e-01
6.075601261583463929e+04 9.983288285069166212e-01
6.075601287589534331e+04 1.001766935650547863e+00
6.075601313595604734e+04 1.021812646667050739e+00
6.075601339601675136e+04 9.764983097842535598e-01
6.075601365607746266e+04 1.005273223324742560e+00
6.075601391613816668e+04 9.643203623854142981e-01
6.075601417619886342e+04 1.000548121406459323e+00
6.075601443625956745e+04 1.009556468706816590e+00
6.075601469632027874e+04 9.719185553537689204e-01
6.075601495638097549e+04 9.647106329517420864e-01
6.075601521644168679e+04 1.018008840770831647e+00
6.075601547650239081e+04 9.788966987351284121e-01
6.075601573656309483e+04 1.034189143412759471e+00
6.075601599662379886e+04 9.921912409291618884e-01
6.075601625668450288e+04 9.860717883478591350e-01
6.075601651674520690e+04 9.814962616772194837e-01
6.075601677680591092e+04 1.006203391806062886e+00
6.075601703686661494e+04 9.759683383304362803e-01
6.075601729692732624e+04 9.970605577275264420e-01
6.075601755698802299e+04 1.006255142241695877e+00
6.075601781704872701e+04 1.019096135813838178e+00
6.075601807710943831e+04 1.047322758429585443e+00
6.075601833717014233e+04 1.005395316789680527e+00
6.075601859723084635e+04 1.015522225489494446e+00
6.075601885729155038e+04 1.015016292319508739e+00
6.075601911735225440e+04 1.003387948789699280e+00
6.075601937741295842e+04 1.027389704185456498e+00
6.075601963747365517e+04 9.921076147700554904e-01
6.075601989753436646e+04 1.023245712805448404e+00
6.075602015759507049e+04 9.869380070136719585e-01
6.075602041765577451e+04 9.999319040707709272e-01
6.075602067771648581e+04 9.804721736757019412e-01
6.075602093777718255e+04 1.005654058623723923e+00
6.075602119783788658e+04 9.524968800578736960e-01
6.075602145789859787e+04 1.008691286652080743e+00
6.075602171795930190e+04 1.046326003575858365e+00
6.075602197802000592e+04 9.531167890876340865e-01
6.075602223808070994e+04 1.002746247897444487e+00
6.075602249814141396e+04 1.003391938278755058e+00
6.075602275820211798e+04 1.043372038567865978e+00
6.075602301826282201e+04 9.619150347225527975e-01
6.075602327832352603e+04 9.909451234743250625e-01
6.075602353838423005e+04 9.935664414575164916e-01
6.075602379844494135e+04 9.639232940687650908e-01
6.075602405850564537e+04 1.019510795852767826e+00
6.075602431856634212e+04 1.059898568083872616e+00
6.075602457862704614e+04 1.003892622237190890e+00
6.075602483868775744e+04 1.011675835378218924e+00
6.075602509874846146e+04 1.017921061572867103e+00
6.075602535880916548e+04 9.957409625714171986e-01
6.075602561886986950e+04 9.518734473896794945e-01
6.075602587893057353e+04 1.015173799316727798e+00
6.075602613899127755e+04 1.006081765919066617e+00
6.075602639905198885e+04 9.645638636851346925e-01
6.075602665911269287e+04 9.715312026220903618e-01
6.075602691917338962e+04 9.555169466418725888e-01
6.075602717923410091e+04 9.938273921113708331e-01
6.075602743929480494e+04 1.061756393399510445e+00
6.075602769935550168e+04 1.043840344899695571e+00
6.075602795941621298e+04 1.023617814382499880e+00
6.075602821947691700e+04 9.995949017809963033e-01
6.075602847953762102e+04 9.993631806511952265e-01
6.075602873959833232e+04 1.012112351387199460e+00
6.075602899965902907e+04 9.935884747030447883e-01
6.075602925971973309e+04 9.700955915881093183e-01
6.075603093119423283e+04 9.814779240779358815e-01
6.075603119125482772e+04 1.032665287514598518e+00
6.075603145131542988e+04 1.005155381983444896e+00
6.075603171137602476e+04 9.929589648356356157e-01
6.075603197143662692e+04 9.837999481913397570e-01
6.075603223149722908e+04 1.031278827098064177e+00
6.075603249155782396e+04 1.038736941892101973e+00
6.075603275161842612e+04 9.564596697522776969e-01
6.075603301167902100e+04 9.592865496587801299e-01
6.075603327173962316e+04 9.804555193267227020e-01
6.075603353180022532e+04 9.746141769859502091e-01
6.075603379186082020e+04 1.030336328639017252e+00
6.075603405192141508e+04 9.423518760863693888e-01
6.075603431198201724e+04 9.691778663959735862e-01
6.075603457204261213e+04 9.783954250002213637e-01
6.075603483210320701e+04 9.695237761267915255e-01
6.075603509216381644e+04 9.914512598901020768e-01
6.075603535222441133e+04 1.003371858143999651e+00
6.075603561228501349e+04 9.919018765213508670e-01
6.075603587234560837e+04 9.670701764910424325e-01
6.075603613240621053e+04 1.016525940906410019e+00
6.075603639246681269e+04 9.884511722471549522e-01
6.075603665252740757e+04 9.726244206297501860e-01
6.075603691258800245e+04 1.031412993394958511e+00
6.075603717264860461e+04 1.004877825546937276e+00
6.075603743270919949e+04 1.001420990241116415e+00
6.075603769276979438e+04 1.049857616918173919e+00
6.075603795283040381e+04 1.007504032350088563e+00
6.075603821289099869e+04 1.025893713291921916e+00
6.075603847295160085e+04 9.843147018128012293e-01
6.075603873301219573e+04 1.005202970873477542e+00
6.075603899307279789e+04 9.834094358672250680e-01
6.075603925313340005e+04 1.000170829989623700e+00
6.075603951319399494e+04 9.869465825315413277e-01
6.075603977325458982e+04 9.938922577456383856e-01
6.075604003331519198e+04 1.023220995024850088e+00
6.075604029337578686e+04 1.053243217487453975e+00
6.075604055343638902e+04 9.773990963233235574e-01
6.075604081349698390e+04 9.990760518945479562e-01
6.075604107355758606e+04 1.000774034423129510e+00
6.075604133361818822e+04 9.973937275983463246e-01
6.075604159367878310e+04 1.012325282261001380e+00
6.075604185373938526e+04 1.003074668566755756e+00
6.075604211379998742e+04 1.016121947944716997e+00
6.075604237386058230e+04 9.744016313652854588e-01
6.075604263392118446e+04 1.082565390853817311e+00
6.075604289398177934e+04 9.999037872788526515e-01
6.075604315404237423e+04 9.892555988387459198e-01
6.075604341410297639e+04 1.010885109469215726e+00
6.075604367416357127e+04 1.038428472071092346e+00
6.075604393422418070e+04 9.962087791195143316e-01
6.075604419428477559e+04 9.874140237344168902e-01
6.075604445434537047e+04 9.933270803353622114e-01
6.075604471440597990e+04 1.016992409338820069e+00
6.075604497446657479e+04 9.953138881826567586e-01
6.075604523452717694e+04 9.953441191241584329e-01
6.075604549458777183e+04 1.021238111628911982e+00
6.075604575464836671e+04 1.000839452899869420e+00
6.075604601470896887e+04 1.014857319756560239e+00
6.075604627476956375e+04 1.001511758555576836e+00
6.075604653483016591e+04 1.057101557254840563e+00
6.075604679489076807e+04 9.844250599533521662e-01
6.075604705495136295e+04 1.000989195555408440e+00
6.075604731501196511e+04 9.465895093853194942e-01
6.075604757507256727e+04 9.915771509215264290e-01
6.075604783513316943e+04 1.058576819093385746e+00
6.075604809519376431e+04 1.004033346131880222e+00
6.075604835525435919e+04 9.668256442188046806e-01
6.075604861531496135e+04 1.005824067500953767e+00
6.075604887537555624e+04 1.040282762895265556e+00
6.075604913543615839e+04 9.833456236552676755e-01
6.075604939549675328e+04 9.801938731098531754e-01
6.075604965555735544e+04 1.021812856170434713e+00
6.075604991561795759e+04 9.910438947169796231e-01
6.075605017567855248e+04 1.004056812797991416e+00
6.075605043573915464e+04 9.938396656431738307e-01
6.075605069579975680e+04 9.958608996580443629e-01
6.075605095586035168e+04 9.857710518514942732e-01
6.075605121592095384e+04 1.041107583770133571e+00
6.075605147598154872e+04 1.020775574952143883e+00
6.075605173604215088e+04 1.009627415358322233e+00
6.075605199610274576e+04 9.880097604658686361e-01
6.075605225616334792e+04 9.965843036093816609e-01
6.075605251622395008e+04 1.017354342580809812e+00
6.075605277628454496e+04 9.582922429846364443e-01
6.075605303634514712e+04 1.000883802487711582e+00
6.075605329640574200e+04 1.021345352311005650e+00
6.075605355646635144e+04 1.022924670510496625e+00
6.075605381652694632e+04 9.844543365164170057e-01
6.075605407658754848e+04 1.070192431514459308e+00
6.075605433664814336e+04 9.832588268890666283e-01
6.075605459670873825e+04 9.961279809513858829e-01
6.075605485676934040e+04 1.060648223706074145e+00
6.075605511682993529e+04 9.856000822647130732e-01
6.075605537689054472e+04 1.015443753716362529e+00
6.075605563695113960e+04 9.747104067974967645e-01
6.075605589701174176e+04 9.241587799228039302e-01
6.075605615707233665e+04 1.024787785616814606e+00
6.075605641713293880e+04 1.041042807004474380e+00
6.075605667719354096e+04 1.039563940086905225e+00
6.075605693725413585e+04 9.848279524349863312e-01
6.075605719731473800e+04 1.007967728544682862e+00
6.075605745737533289e+04 9.718851042982212807e-01
6.075605771743593505e+04 1.022980719107511982e+00
6.075605797749652993e+04 9.907811884844244243e-01
6.075605823755713209e+04 1.026897278938254443e+00
6.075605849761773425e+04 9.711324607325548808e-01
6.075605875767832913e+04 9.796546988713064064e-01
6.075605901773893129e+04 9.647308990564359421e-01
6.075605927779953345e+04 1.014068144332836985e+00
6.075606082322710427e+04 1.018681665929053404e+00
6.075606108328780829e+04 1.011556056116450275e+00
6.075606134334851231e+04 1.052282433688633612e+00
6.075606160340922361e+04 9.504596826779975194e-01
6.075606186346992035e+04 1.013492111051443212e+00
6.075606212353063165e+04 1.001153613148146659e+00
6.075606238359133567e+04 9.510018460340524671e-01
6.075606264365204697e+04 9.716233745104652098e-01
6.075606290371275099e+04 1.022306648520391326e+00
6.075606316377345502e+04 1.065893633200174717e+00
6.075606342383415904e+04 1.050802094213238336e+00
6.075606368389486306e+04 9.612689397882719922e-01
6.075606394395557436e+04 9.827856087666820839e-01
6.075606420401627838e+04 9.905763320039313591e-01
6.075606446407698240e+04 1.062936588381825809e+00
6.075606472413768643e+04 9.961330027609361926e-01
6.075606498419839772e+04 1.041252600983282539e+00
6.075606524425910175e+04 1.025426593358644389e+00
6.075606550431981304e+04 9.894832999694928022e-01
6.075606576438050979e+04 9.914945597966380308e-01
6.075606602444122109e+04 1.031964713390644883e+00
6.075606628450192511e+04 1.020330474543192034e+00
6.075606654456262913e+04 1.038929082934222814e+00
6.075606680462333316e+04 1.038765333352575482e+00
6.075606706468404445e+04 1.046950743637791836e+00
6.075606732474474848e+04 1.031792302154707963e+00
6.075606758480545250e+04 9.611996897859256261e-01
6.075606784486615652e+04 9.769677161441666646e-01
6.075606810492686054e+04 1.006300087679655508e+00
6.075606836498757184e+04 9.887412584514467806e-01
6.075606862504827586e+04 9.787385629455771507e-01
6.075606888510898716e+04 1.033991090576561689e+00
6.075606914516968391e+04 1.009700206116798116e+00
6.075606940523039520e+04 9.641992926160799504e-01
6.075606966529109923e+04 1.010122425128550327e+00
6.075606992535180325e+04 9.676589653851842554e-01
6.075607018541250727e+04 1.004209351553017271e+00
6.075607044547321857e+04 1.035063786582518963e+00
6.075607070553392259e+04 1.073126539336710428e+00
6.075607096559463389e+04 9.769918903730058224e-01
6.075607122565533064e+04 1.012126064210237875e+00
6.075607148571604193e+04 1.024034432153575036e+00
6.075607174577674596e+04 9.514579737301950280e-01
6.075607200583745725e+04 1.029970926035639778e+00
6.075607226589816128e+04 1.034809611310507416e+00
6.075607252595886530e+04 9.569556417280183913e-01
6.075607278601956932e+04 1.011192444957256020e+00
6.075607304608028062e+04 1.000721267972554118e+00
6.075607330614097737e+04 9.784080563438543043e-01
6.075607356620169594e+04 1.009776783578465897e+00
6.075607382626239269e+04 1.030892467011931712e+00
6.075607408632310398e+04 1.020852843389062681e+00
6.075607434638380801e+04 9.968014610268953746e-01
6.075607460644451203e+04 1.008131321530197466e+00
6.075607486650521605e+04 1.038274817279183582e+00
6.075607512656592735e+04 9.830873485370171805e-01
6.075607538662663137e+04 9.871200636969619246e-01
6.075607564668734267e+04 1.030472346838534170e+00
6.075607590674803942e+04 1.031151446424128704e+00
6.075607616680875071e+04 1.005814455132761687e+00
6.075607642686945474e+04 9.711162801898961527e-01
6.075607668693016603e+04 1.015864331647684971e+00
6.075607694699087006e+04 1.026679945095063218e+00
6.075607720705157408e+04 1.047981800066017266e+00
6.075607746711227810e+04 9.162000462414608970e-01
6.075607772717298940e+04 1.021279481101866837e+00
6.075607798723368614e+04 1.062449957669075795e+00
6.075607824729439744e+04 1.013219696302124495e+00
6.075607850735510146e+04 9.907849819240843736e-01
6.075607876741581276e+04 1.033622044838314658e+00
6.075607902747651679e+04 9.708121332491522759e-01
6.075607928753722081e+04 1.050889480606134407e+00
6.075607954759792483e+04 1.006821014313654672e+00
6.075607980765863613e+04 1.015811412526501423e+00
6.075608006771934015e+04 1.019438877926837517e+00
6.075608032778005145e+04 1.035674202864590665e+00
6.075608058784074819e+04 1.028134518204323111e+00
6.075608084790145949e+04 1.022839506895633077e+00
6.075608110796216351e+04 1.028197393758847777e+00
6.075608136802286754e+04 9.902915238487016714e-01
6.075608162808357156e+04 1.014221347955429398e+00
6.075608188814428286e+04 1.002674800187842274e+00
6.075608214820498688e+04 1.042410893677584660e+00
6.075608240826569818e+04 1.031647228918290748e+00
6.075608266832639492e+04 1.027897777375642141e+00
6.075608292838710622e+04 9.831469939722605744e-01
6.075608318844781024e+04 1.012609966956896423e+00
6.075608344850852154e+04 1.003035491532600521e+00
6.075608370856922556e+04 1.007592843617170386e+00
6.075608396862992959e+04 9.780299977733960537e-01
6.075608422869064088e+04 9.804944812925802111e-01
6.075608448875134491e+04 1.018211644277557060e+00
6.075608474881204893e+04 9.990419347606250833e-01
6.075608500887276023e+04 1.035631930231114994e+00
6.075608526893346425e+04 1.018624294327296953e+00
6.075608552899416827e+04 9.997497131972853390e-01
6.075608578905487957e+04 1.026324374511755400e+00
6.075608604911557632e+04 1.023470385066749921e+00
6.075608630917628761e+04 9.734096208071189027e-01
6.075608656923699164e+04 1.017254962812339292e+00
6.075608682929770293e+04 1.002519016254600492e+00
6.075608708935840696e+04 1.010015534214772526e+00
6.075608734941911098e+04 1.021173474775074919e+00
6.075608760947981500e+04 1.028837127102314453e+00
6.075608786954052630e+04 1.001240097646791005e+00
6.075608812960123760e+04 1.011085666541467809e+00
6.075608838966194162e+04 1.005273826985033869e+00
6.075608864972264564e+04 9.814041542983326094e-01
6.075608890978334966e+04 9.943577155946528023e-01
6.075608916984406096e+04 1.023999883739493910e+00
6.075609076569380704e+04 1.026749424882914763e+00
6.075609102575441648e+04 1.014395898860938283e+00
6.075609128581501136e+04 9.862637691910753901e-01
6.075609154587561352e+04 1.006048032468050302e+00
6.075609180593621568e+04 1.023966104066821758e+00
6.075609206599681784e+04 1.001133361678621103e+00
6.075609232605741272e+04 1.011418729979963071e+00
6.075609258611801488e+04 1.044287168955693401e+00
6.075609284617860976e+04 1.005931624268814106e+00
6.075609310623921192e+04 1.000901980792868073e+00
6.075609336629981408e+04 1.029189402265010544e+00
6.075609362636040896e+04 1.031967142938303938e+00
6.075609388642101840e+04 1.041461229479949457e+00
6.075609414648161328e+04 9.929273660944725188e-01
6.075609440654221544e+04 1.021920344236848077e+00
6.075609466660281760e+04 1.007514358838146107e+00
6.075609492666341976e+04 1.021972718203256525e+00
6.075609518672402191e+04 1.008313003111332540e+00
6.075609544678461680e+04 9.978789703701230751e-01
6.075609570684521896e+04 1.000459681811710633e+00
6.075609596690581384e+04 9.584900512489686886e-01
6.075609622696641600e+04 1.025610650516595834e+00
6.075609648702701088e+04 1.026153136272845545e+00
6.075609674708762032e+04 9.795867691033908198e-01
6.075609700714822247e+04 1.057089129122318116e+00
6.075609726720881736e+04 9.909926843162608634e-01
6.075609752726942679e+04 1.030156206110072414e+00
6.075609778733002167e+04 1.016171588849688279e+00
6.075609804739062383e+04 1.020383203745874656e+00
6.075609830745121872e+04 9.916717039023097424e-01
6.075609856751182087e+04 1.065897829669961050e+00
6.075609882757242303e+04 1.022727537792276653e+00
6.075609908763301792e+04 1.016747628544125925e+00
6.075609934769362008e+04 9.643642194542380031e-01
6.075609960775422223e+04 9.959506921770339138e-01
6.075609986781482439e+04 1.038579455650545436e+00
6.075610012787541928e+04 9.950372666398368260e-01
6.075610038793602143e+04 1.023162450753375419e+00
6.075610064799663087e+04 1.004795617860216206e+00
6.075610090805722575e+04 1.005805503806471490e+00
6.075610116811782791e+04 1.021466240671486281e+00
6.075610142817842279e+04 1.015861634792347035e+00
6.075610168823902495e+04 9.742323580668343919e-01
6.075610194829962711e+04 1.029056914326295535e+00
6.075610220836022199e+04 9.937003451108602503e-01
6.075610246842083143e+04 1.008527940360912645e+00
6.075610272848142631e+04 1.067935179264513090e+00
6.075610298854202847e+04 9.864083890480506156e-01
6.075610324860263063e+04 9.915488998752602923e-01
6.075610350866323279e+04 1.008344136420941339e+00
6.075610376872383495e+04 1.022845797721318339e+00
6.075610402878442983e+04 9.763544193965489892e-01
6.075610428884503199e+04 1.027142609065697210e+00
6.075610454890563415e+04 1.029168435665943182e+00
6.075610480896622903e+04 9.868836075523890194e-01
6.075610506902683119e+04 1.007152345723951514e+00
6.075610532908743335e+04 1.022887366017773081e+00
6.075610558914803551e+04 1.040642213247165770e+00
6.075610584920863766e+04 1.071239305402518438e+00
6.075610610926923255e+04 1.033357414427823251e+00
6.075610636932984198e+04 1.016556214387804857e+00
6.075610662939043686e+04 9.861817492804264562e-01
6.075610688945103902e+04 1.036532918385598245e+00
6.075610714951164118e+04 1.021211425353070412e+00
6.075610740957223607e+04 1.012762853586497647e+00
6.075610766963283822e+04 1.012719639640342395e+00
6.075610792969343311e+04 1.035158041748382107e+00
6.075610818975403527e+04 9.742266798712468923e-01
6.075610844981464470e+04 1.020119227833206743e+00
6.075610870987523958e+04 1.016328709364146876e+00
6.075610896993584174e+04 1.010489486074625187e+00
6.075610922999644390e+04 1.002897034400021870e+00
6.075610949005704606e+04 1.034074963707186878e+00
6.075610975011764822e+04 1.048196272106135307e+00
6.075611001017824310e+04 1.003848447515132580e+00
6.075611027023884526e+04 1.025734268321429221e+00
6.075611053029944742e+04 1.045376227444369865e+00
6.075611079036004230e+04 9.999514869962644603e-01
6.075611105042064446e+04 1.026019476802744634e+00
6.075611131048124662e+04 1.037260068663778068e+00
6.075611157054184878e+04 1.033888605830754370e+00
6.075611183060245094e+04 1.011177631282200284e+00
6.075611209066305310e+04 9.793139013092807543e-01
6.075611235072365525e+04 1.028106016570945025e+00
6.075611261078425741e+04 1.022998213027089598e+00
6.075611287084485230e+04 9.846022791404830388e-01
6.075611313090545445e+04 1.033654484042779043e+00
6.075611339096604934e+04 9.770530353285449277e-01
6.075611365102665150e+04 1.023023924536350826e+00
6.075611391108725365e+04 1.005132970876993603e+00
6.075611417114785581e+04 9.974867747523417094e-01
6.075611443120845797e+04 1.058713916805866351e+00
6.075611469126906013e+04 1.017596102537888125e+00
6.075611495132966229e+04 1.030671495086330047e+00
6.075611521139026445e+04 1.010725286185407246e+00
6.075611547145085933e+04 1.015831995866082194e+00
6.075611573151146149e+04 9.901928458848499037e-01
6.075611599157206365e+04 1.056809759612938882e+00
6.075611625163265853e+04 1.069627781112479026e+00
6.075611651169326069e+04 9.638821540691626666e-01
6.075611677175386285e+04 1.025605262448050725e+00
6.075611703181446501e+04 9.654281280490537576e-01
6.075611729187506717e+04 1.043669818171356845e+00
6.075611755193566933e+04 1.030658473296911293e+00
6.075611781199626421e+04 1.055641962860891736e+00
6.075611807205687364e+04 1.055189874726913279e+00
6.075611833211747580e+04 1.021688361345826301e+00
6.075611859217807068e+04 1.029694911426637383e+00
6.075611885223867284e+04 1.008999702853497160e+00
6.075611911229926773e+04 1.017445654500865659e+00
6.075612077117233275e+04 9.951750035392542548e-01
6.075612103123303677e+04 1.008606656307773797e+00
6.075612129129374080e+04 1.045114901080220760e+00
6.075612155135445209e+04 1.028893792699821841e+00
6.075612181141516339e+04 1.001937896058757937e+00
6.075612207147586741e+04 1.013368175174626407e+00
6.075612233153657144e+04 9.662165940510092366e-01
6.075612259159728274e+04 1.036323492448335992e+00
6.075612285165798676e+04 9.659447724598985152e-01
6.075612311171869806e+04 1.042118801580679710e+00
6.075612337177940935e+04 1.010283619220166074e+00
6.075612363184010610e+04 1.016213810584216670e+00
6.075612389190081740e+04 9.730393006793097710e-01
6.075612415196152870e+04 1.022998228323151126e+00
6.075612441202222544e+04 1.022577246653571637e+00
6.075612467208293674e+04 9.776111563660174752e-01
6.075612493214364804e+04 1.039420868780884133e+00
6.075612519220435206e+04 1.001671720068592730e+00
6.075612545226506336e+04 1.061909696497141287e+00
6.075612571232576738e+04 1.005625636294453340e+00
6.075612597238647140e+04 1.058174964947262930e+00
6.075612623244718270e+04 1.025587940616256022e+00
6.075612649250789400e+04 9.821849028935593084e-01
6.075612675256859802e+04 9.700493207251558170e-01
6.075612701262930204e+04 1.056926672135960033e+00
6.075612727269001334e+04 1.063474730728861894e+00
6.075612753275071736e+04 1.020609994653882691e+00
6.075612779281142139e+04 1.005468934030218753e+00
6.075612805287213268e+04 9.982526771804439703e-01
6.075612831293283671e+04 1.048933347550511819e+00
6.075612857299354800e+04 1.066292127025580072e+00
6.075612883305425930e+04 9.920951819549786999e-01
6.075612909311495605e+04 1.026946948795674830e+00
6.075612935317566735e+04 1.038880622907798701e+00
6.075612961323637865e+04 1.035450883091298291e+00
6.075612987329708267e+04 1.017357141407855492e+00
6.075613013335779397e+04 9.764674173168358395e-01
6.075613039341849799e+04 1.015500447788705740e+00
6.075613065347920201e+04 1.035077686054582280e+00
6.075613091353991331e+04 1.028395502935786743e+00
6.075613117360061733e+04 1.068468241398624174e+00
6.075613143366133590e+04 9.833548492256135587e-01
6.075613169372203265e+04 9.650918152499082803e-01
6.075613195378274395e+04 1.021277245435613379e+00
6.075613221384345525e+04 9.789166711399075460e-01
6.075613247390415199e+04 9.977524691442696270e-01
6.075613273396486329e+04 1.041453540050160109e+00
6.075613299402557459e+04 1.066608550358743468e+00
6.075613325408627861e+04 9.887453314339761379e-01
6.075613351414698991e+04 1.030142203531992928e+00
6.075613377420769393e+04 1.014531917105713221e+00
6.075613403426840523e+04 9.739043141333764142e-01
6.075613429432910925e+04 1.013446697167156740e+00
6.075613455438982055e+04 1.006721787423088266e+00
6.075613481445053185e+04 1.014333024900159419e+00
6.075613507451122859e+04 1.009738213259947059e+00
6.075613533457193989e+04 1.002197019465982386e+00
6.075613559463265119e+04 1.034769736605474222e+00
6.075613585469334794e+04 1.033304381346476841e+00
6.075613611475405924e+04 1.033913435219950605e+00
6.075613637481477053e+04 1.023844685434230906e+00
6.075613663487548183e+04 9.784540740808901349e-01
6.075613689493618585e+04 1.027848933315330671e+00
6.075613715499688988e+04 9.727358958727136962e-01
6.075613741505760117e+04 9.959238387711193408e-01
6.075613767511830520e+04 1.033848240658826301e+00
6.075613793517901649e+04 1.025392478267890262e+00
6.075613819523972779e+04 1.035945113420984498e+00
6.075613845530043181e+04 1.017929058642172313e+00
6.075613871536113584e+04 1.022706007667023798e+00
6.075613897542184714e+04 1.073989620013624524e+00
6.075613923548255116e+04 1.019369671945216993e+00
6.075613949554325518e+04 1.003355004639597148e+00
6.075613975560396648e+04 1.042455776852557525e+00
6.075614001566467778e+04 1.013100062018208902e+00
6.075614027572538907e+04 1.024510971611206633e+00
6.075614053578608582e+04 1.072278641434305735e+00
6.075614079584679712e+04 9.851965825937862853e-01
6.075614105590750842e+04 1.014374960432086414e+00
6.075614131596821244e+04 1.006825385355402336e+00
6.075614157602892374e+04 1.069104625136135578e+00
6.075614183608962776e+04 1.015902198473062290e+00
6.075614209615033906e+04 9.683091928341479582e-01
6.075614235621104308e+04 9.879661141738975694e-01
6.075614261627174710e+04 1.023225402279338558e+00
6.075614287633246568e+04 9.667680588841712774e-01
6.075614313639316970e+04 1.037876397350185886e+00
6.075614339645387372e+04 1.031416172171902401e+00
6.075614365651458502e+04 1.019245020682543412e+00
6.075614391657528904e+04 9.931070854530602565e-01
6.075614417663600034e+04 9.846816064498381538e-01
6.075614443669670436e+04 1.010190952560823696e+00
6.075614469675741566e+04 9.946793931328720140e-01
6.075614495681812696e+04 1.013729174027771851e+00
6.075614521687882370e+04 1.006734987969575057e+00
6.075614547693953500e+04 1.001619860013681640e+00
6.075614573700024630e+04 1.012060736002424077e+00
6.075614599706095760e+04 1.001281728995704556e+00
6.075614625712166162e+04 1.005021987860023502e+00
6.075614651718236564e+04 1.015750410029575557e+00
6.075614677724307694e+04 1.025487980461822435e+00
6.075614703730378824e+04 1.024917886734034944e+00
6.075614729736448498e+04 9.966813110886839633e-01
6.075614755742519628e+04 9.971155662050353863e-01
6.075614781748590758e+04 1.017521297294428528e+00
6.075614807754661888e+04 1.006306255947745587e+00
6.075614833760732290e+04 9.617442432207666814e-01
6.075614859766802692e+04 1.064757658639235105e+00
6.075614885772873822e+04 1.051079604724307393e+00
6.075614911778944952e+04 9.716313369348595907e-01
