6.075585120116569306e+04 9.331184614544011380e-01
6.075585146121949219e+04 9.839169518499051303e-01
6.075585172127328406e+04 9.494690082496227701e-01
6.075585198132708319e+04 9.472059867742218531e-01
6.075585224138088233e+04 1.001710251550123054e+00
6.075585250143468147e+04 9.935997730226612257e-01
6.075585276148847333e+04 9.906167516485979707e-01
6.075585302154227247e+04 9.685676024643909976e-01
6.075585328159607161e+04 1.040889750825522819e+00
6.075585354164987803e+04 9.977936037470026553e-01
6.075585380170368444e+04 1.018905051735058187e+00
6.075585406175747630e+04 9.912560377413518475e-01
6.075585432181127544e+04 1.014863781188909853e+00
6.075585458186507458e+04 9.816188998579352676e-01
6.075585484191887372e+04 9.576637155439096105e-01
6.075585510197266558e+04 1.001143176469501794e+00
6.075585536202646472e+04 1.035344399567052820e+00
6.075585562208026386e+04 1.024558282406004661e+00
6.075585588213406299e+04 9.505192201297235632e-01
6.075585614218786213e+04 1.020027597188971180e+00
6.075585640224165400e+04 9.799909762699621218e-01
6.075585666229546041e+04 9.780294323592304551e-01
6.075585692234926682e+04 9.876402084307421836e-01
6.075585718240306596e+04 9.753072984004186319e-01
6.075585744245685783e+04 9.972732117572166155e-01
6.075585770251065696e+04 9.995092881173176513e-01
6.075585796256445610e+04 1.009223173829701059e+00
6.075585822261825524e+04 9.872179652757897550e-01
6.075585848267205438e+04 1.013697336337794130e+00
6.075585874272584624e+04 1.017662096396487081e+00
6.075585900277964538e+04 9.782846462881011895e-01
6.075585926283344452e+04 1.018893095701731477e+00
6.075585952288725093e+04 9.563439889924417736e-01
6.075585978294105735e+04 9.732748331847039802e-01
6.075586004299484921e+04 9.964194510205168775e-01
6.075586030304864835e+04 9.820818175060351818e-01
6.075586056310244749e+04 1.026590472489917971e+00
6.075586082315624662e+04 9.918892492971671526e-01
6.075586108321004576e+04 1.026350483220812571e+00
6.075586134326383763e+04 9.871281060566992061e-01
6.075586160331763676e+04 9.784450180789232565e-01
6.075586186337143590e+04 9.732957855561042981e-01
6.075586212342523504e+04 9.442447697792695216e-01
6.075586238347903418e+04 9.744322337322915972e-01
6.075586264353283332e+04 9.601227940822723017e-01
6.075586290358663973e+04 1.010801917597026867e+00
6.075586316364043887e+04 9.810500324963407071e-01
6.075586342369423801e+04 9.520211273054937084e-01
6.075586368374803715e+04 9.856923982197652867e-01
6.075586394380182901e+04 1.009076405049018632e+00
6.075586420385562815e+04 9.954058114031529847e-01
6.075586446390942729e+04 1.004692452980853634e+00
6.075586472396322642e+04 9.870381932853187212e-01
6.075586498401702556e+04 9.595191905637523444e-01
6.075586524407081743e+04 9.725682533003794372e-01
6.075586550412462384e+04 9.949336920506771653e-01
6.075586576417843025e+04 9.690512774003391394e-01
6.075586602423222939e+04 9.336340520523762621e-01
6.075586628428602853e+04 9.812710807946081193e-01
6.075586654433982039e+04 9.882702114478125743e-01
6.075586680439361953e+04 9.960072152136568713e-01
6.075586706444741867e+04 9.627717825226945747e-01
6.075586732450121781e+04 9.487325944610254247e-01
6.075586758455501695e+04 9.820317984609814310e-01
6.075586784460881609e+04 9.735460633346807446e-01
6.075586810466260795e+04 9.905641271913242507e-01
6.075586836471640709e+04 9.943478754286257937e-01
6.075586862477021350e+04 9.433991257533412833e-01
6.075586888482401991e+04 1.003176396342746246e+00
6.075586914487781905e+04 9.813416441823460401e-01
6.075586940493161092e+04 9.863584995742348260e-01
6.075586966498541005e+04 9.558168551894535847e-01
6.075586992503920919e+04 9.859357325915062420e-01
6.075587018509300833e+04 9.756931743855901118e-01
6.075587044514680747e+04 1.007057661954640082e+00
6.075587070520060661e+04 9.873402387137841796e-01
6.075587096525439847e+04 1.023521266223639037e+00
6.075587122530819761e+04 9.727260983680309225e-01
6.075587148536199675e+04 9.861467076168423107e-01
6.075587174541581044e+04 1.008662932749753383e+00
6.075587200546960958e+04 9.808295994775363402e-01
6.075587226552340871e+04 9.545191221128747072e-01
6.075587252557720058e+04 9.863756393676234024e-01
6.075587278563099972e+04 9.429740372902448708e-01
6.075587304568479885e+04 1.004744543171292248e+00
6.075587330573859799e+04 9.746812440449146298e-01
6.075587356579239713e+04 9.949756558339373225e-01
6.075587382584619627e+04 9.860032835114674876e-01
6.075587408589998813e+04 9.872423548556484851e-01
6.075587434595378727e+04 9.852442474033554776e-01
6.075587460600759368e+04 9.802552946145430823e-01
6.075587486606140010e+04 9.790529183072783637e-01
6.075587512611519924e+04 9.852767652702920653e-01
6.075587538616899838e+04 9.942109005970212188e-01
6.075587564622279751e+04 1.001178579619941722e+00
6.075587590627658938e+04 9.728547185365042926e-01
6.075587616633038851e+04 1.013596726380884494e+00
6.075587642638418765e+04 9.559615833193616519e-01
6.075587668643798679e+04 9.938382900296274247e-01
6.075587694649178593e+04 1.001893206873433639e+00
6.075587720654558507e+04 9.651747850136388474e-01
6.075587746659937693e+04 9.766916912718052179e-01
6.075587772665318334e+04 1.002431386831993620e+00
6.075587798670698976e+04 9.859532216563166029e-01
6.075587824676078890e+04 9.958017167351320698e-01
6.075587850681458804e+04 9.981812017734871256e-01
6.075587876686838717e+04 1.012427731766007755e+00
6.075587902692218631e+04 1.010521809052178144e+00
6.075587928697597818e+04 1.013690541142558965e+00
6.075587954702977731e+04 9.775894704987955208e-01
6.075588115586427011e+04 9.713485325126988146e-01
6.075588141592496686e+04 9.956872414349664524e-01
6.075588167598567088e+04 1.080618539761578401e+00
6.075588193604636763e+04 1.027256009621581478e+00
6.075588219610707165e+04 9.851233337593736650e-01
6.075588245616777567e+04 9.892876517267750192e-01
6.075588271622847242e+04 1.003129880057381351e+00
6.075588297628917644e+04 9.858840847485167425e-01
6.075588323634988046e+04 9.950627063312045273e-01
6.075588349641056993e+04 1.044826416316803286e+00
6.075588375647127395e+04 1.053002118946374743e+00
6.075588401653197798e+04 9.670985983025681687e-01
6.075588427659268200e+04 1.006839725711619060e+00
6.075588453665338602e+04 9.838360938625023699e-01
6.075588479671408277e+04 9.713248165553625135e-01
6.075588505677478679e+04 9.854892901340877032e-01
6.075588531683548354e+04 9.770327915040082356e-01
6.075588557689618756e+04 9.496144739475592678e-01
6.075588583695689158e+04 9.818629440227875094e-01
6.075588609701758833e+04 9.714600901965314561e-01
6.075588635707829235e+04 9.981702650126889065e-01
6.075588661713899637e+04 9.493073227227011301e-01
6.075588687719969312e+04 9.876503710260521318e-01
6.075588713726038986e+04 9.843304704388576853e-01
6.075588739732109389e+04 9.866786074485653923e-01
6.075588765738179791e+04 9.976749487150385898e-01
6.075588791744250193e+04 9.954556233939717558e-01
6.075588817750319868e+04 1.009327255613576169e+00
6.075588843756390270e+04 1.025012530642499087e+00
6.075588869762460672e+04 1.040386100978277550e+00
6.075588895768530347e+04 1.019374071399358428e+00
6.075588921774600749e+04 9.580754764434019632e-01
6.075588947780670424e+04 9.577626816123659959e-01
6.075588973786740826e+04 9.797383820321651227e-01
6.075588999792811228e+04 9.663059159014992794e-01
6.075589025798880903e+04 1.001680125102220265e+00
6.075589051804952032e+04 9.523780016438082585e-01
6.075589077811021707e+04 1.037812005412296568e+00
6.075589103817091382e+04 9.756390700286099449e-01
6.075589129823161784e+04 9.824810612882669547e-01
6.075589155829231458e+04 1.009383516630021793e+00
6.075589181835301861e+04 9.526807976938449496e-01
6.075589207841372263e+04 1.002410330928121152e+00
6.075589233847442665e+04 1.003461686750877879e+00
6.075589259853513067e+04 9.948971304110153513e-01
6.075589285859582742e+04 9.601545386476433297e-01
6.075589311865652417e+04 9.684934761690902061e-01
6.075589337871722819e+04 1.014159231434326180e+00
6.075589363877793221e+04 1.041732749473465391e+00
6.075589389883863623e+04 9.457083728258047772e-01
6.075589415889933298e+04 1.006918667301053727e+00
6.075589441896003700e+04 1.018610400814818462e+00
6.075589467902074102e+04 1.026343195783548490e+00
6.075589493908143777e+04 9.950441059162938862e-01
6.075589519914213452e+04 9.756560000797455112e-01
6.075589545920283854e+04 9.700246808892499795e-01
6.075589571926354256e+04 1.074808778823667321e+00
6.075589597932424658e+04 1.003259559228557363e+00
6.075589623938494333e+04 1.043660802678443966e+00
6.075589649944564735e+04 9.556079292628797406e-01
6.075589675950635137e+04 9.739064896192589638e-01
6.075589701956705539e+04 9.793278095371162895e-01
6.075589727962775942e+04 9.774651759059456158e-01
6.075589753968844889e+04 9.802088660328706071e-01
6.075589779974915291e+04 9.593856846120439874e-01
6.075589805980985693e+04 9.777158672081232016e-01
6.075589831987055368e+04 9.664720410571804310e-01
6.075589857993125770e+04 1.004080197111406392e+00
6.075589883999196172e+04 1.030900792418558032e+00
6.075589910005266574e+04 9.790117530867448181e-01
6.075589936011336977e+04 9.423018347294578323e-01
6.075589962017406651e+04 9.968402543533569915e-01
6.075589988023477054e+04 9.997396470491377585e-01
6.075590014029546728e+04 1.012148910497968179e+00
6.075590040035617130e+04 1.001748286294730006e+00
6.075590066041687533e+04 1.001655621062188750e+00
6.075590092047757207e+04 9.809007683984676262e-01
6.075590118053827609e+04 1.004542139623819219e+00
6.075590144059898012e+04 1.007066417699916450e+00
6.075590170065967686e+04 1.007383203796292648e+00
6.075590196072038816e+04 9.939124754940230622e-01
6.075590222078108491e+04 9.741776252986632523e-01
6.075590248084178893e+04 1.000024401766124837e+00
6.075590274090249295e+04 9.978173613845470191e-01
6.075590300096318242e+04 1.013370452262346566e+00
6.075590326102388644e+04 9.807000362306489416e-01
6.075590352108459047e+04 9.349614285918456114e-01
6.075590378114529449e+04 9.654452894654259598e-01
6.075590404120599851e+04 9.707577975337656762e-01
6.075590430126669526e+04 1.030311759195827070e+00
6.075590456132739928e+04 1.048606689223095412e+00
6.075590482138810330e+04 9.596647893999276091e-01
6.075590508144880732e+04 1.016764265582779991e+00
6.075590534150951135e+04 9.953938997581708303e-01
6.075590560157020809e+04 9.828199288065365691e-01
6.075590586163091211e+04 9.935794665011461468e-01
6.075590612169160886e+04 1.007047064492451405e+00
6.075590638175230561e+04 1.050106667638776470e+00
6.075590664181300963e+04 1.032166023947666211e+00
6.075590690187371365e+04 9.917400828506970356e-01
6.075590716193441767e+04 9.565397402557359596e-01
6.075590742199512169e+04 9.655925224098541593e-01
6.075590768205581844e+04 9.652235901043869637e-01
6.075590794211652246e+04 9.899712515705675342e-01
6.075590820217722649e+04 9.648821782775605094e-01
6.075590846223793051e+04 9.636124998375562578e-01
6.075590872229863453e+04 9.875506476068270922e-01
6.075590898235933128e+04 9.436087532710479842e-01
6.075590924242003530e+04 9.423879577603339053e-01
6.075590950248073932e+04 9.654212364880786490e-01
6.075591106051386305e+04 9.640050450785428993e-01
6.075591132057445793e+04 9.774580553726983645e-01
6.075591158063505281e+04 1.002102061581537917e+00
6.075591184069564770e+04 9.939726047508143925e-01
6.075591210075624258e+04 9.612235064050737021e-01
6.075591236081683746e+04 9.960910802999309865e-01
6.075591262087743235e+04 1.031023178546252472e+00
6.075591288093802723e+04 9.683965518828250296e-01
6.075591314099862211e+04 9.927307828039024784e-01
6.075591340105922427e+04 1.012803967337334354e+00
6.075591366111981915e+04 9.754504376798217580e-01
6.075591392118041404e+04 9.982627026767471046e-01
6.075591418124100892e+04 9.803294610333451731e-01
6.075591444130160380e+04 9.798077581873648745e-01
6.075591470136219868e+04 9.770592058367051358e-01
6.075591496142279357e+04 9.786403972913064742e-01
6.075591522148338845e+04 1.042618035103158425e+00
6.075591548154399061e+04 9.453688043027251853e-01
6.075591574160458549e+04 9.602458872999974915e-01
6.075591600166518037e+04 9.837777433680239270e-01
6.075591626172577526e+04 9.970976329962040197e-01
6.075591652178637742e+04 9.829281559645040023e-01
6.075591678184697230e+04 9.822373219438108594e-01
6.075591704190756718e+04 1.048355962420925769e+00
6.075591730196816206e+04 9.749451571377548698e-01
6.075591756202875695e+04 9.508722927302414307e-01
6.075591782208935183e+04 9.464653350259578657e-01
6.075591808214994671e+04 9.819660989867746714e-01
6.075591834221054160e+04 9.543334594502214108e-01
6.075591860227113648e+04 1.020932008178705219e+00
6.075591886233173136e+04 9.941160255859747830e-01
6.075591912239232624e+04 1.002158590332046906e+00
6.075591938245292840e+04 1.022710554103084091e+00
6.075591964251352329e+04 1.016078496091462613e+00
6.075591990257411817e+04 1.003506635609014541e+00
6.075592016263471305e+04 9.825383502802135238e-01
6.075592042269530793e+04 1.009680487566502860e+00
6.075592068275590282e+04 1.013952265400535513e+00
6.075592094281649770e+04 9.733339314662186048e-01
6.075592120287709986e+04 9.970474985647072019e-01
6.075592146293769474e+04 1.070298428091949194e+00
6.075592172299828962e+04 9.759567722183853933e-01
6.075592198305888451e+04 9.629495474524100151e-01
6.075592224311948667e+04 1.016031017398230096e+00
6.075592250318008155e+04 9.813117497234844500e-01
6.075592276324067643e+04 1.023996622044946125e+00
6.075592302330127131e+04 9.996060131582675812e-01
6.075592328336186620e+04 9.960211423362926864e-01
6.075592354342246108e+04 9.917721551774164590e-01
6.075592380348305596e+04 9.928594515227068262e-01
6.075592406354365812e+04 1.016351550598653120e+00
6.075592432360425300e+04 1.013287558704434765e+00
6.075592458366484789e+04 9.785993699807814528e-01
6.075592484372544277e+04 9.684675348798416072e-01
6.075592510378604493e+04 9.652150061480307963e-01
6.075592536384663981e+04 1.038158978822825373e+00
6.075592562390723469e+04 9.947276864418324038e-01
6.075592588396782958e+04 9.669897962534769187e-01
6.075592614402842446e+04 1.015614118701714697e+00
6.075592640408901934e+04 1.032700200645358724e+00
6.075592666414961423e+04 1.024940478341178185e+00
6.075592692421020911e+04 1.018342176604163374e+00
6.075592718427081127e+04 1.033277225985403724e+00
6.075592744433140615e+04 1.002271556603809399e+00
6.075592770439200103e+04 9.183856762094472215e-01
6.075592796445260319e+04 1.000735471304345925e+00
6.075592822451319807e+04 9.912660949668541388e-01
6.075592848457379296e+04 9.423910793828687016e-01
6.075592874463438784e+04 9.598396026626495603e-01
6.075592900469498272e+04 9.969025455803474101e-01
6.075592926475557761e+04 9.845928644851669187e-01
6.075592952481617249e+04 9.523354710254030575e-01
6.075592978487676737e+04 1.034910692779371200e+00
6.075593004493736953e+04 1.003782473316239710e+00
6.075593030499796441e+04 9.996534049547662892e-01
6.075593056505855930e+04 9.854594013520866502e-01
6.075593082511916145e+04 1.025262676207399082e+00
6.075593108517975634e+04 1.026711979986283829e+00
6.075593134524035122e+04 1.006887912284118114e+00
6.075593160530094610e+04 9.840792053227269687e-01
6.075593186536154099e+04 1.024320976098080926e+00
6.075593212542213587e+04 9.506663563966738506e-01
6.075593238548273075e+04 1.013524917914839785e+00
6.075593264554332563e+04 9.982912332141898881e-01
6.075593290560392779e+04 9.516130675990872589e-01
6.075593316566452268e+04 9.438748069693790876e-01
6.075593342572511756e+04 9.921939669936461481e-01
6.075593368578571244e+04 1.030965405107365784e+00
6.075593394584631460e+04 1.001381957912484078e+00
6.075593420590690948e+04 9.997540457742698505e-01
6.075593446596750437e+04 1.029769542897094547e+00
6.075593472602809925e+04 9.649922117634280871e-01
6.075593498608869413e+04 9.776815209517512040e-01
6.075593524614928901e+04 1.018695905834545501e+00
6.075593550620988390e+04 1.006343812854122222e+00
6.075593576627048606e+04 1.001593589512305593e+00
6.075593602633108094e+04 1.016261866138752135e+00
6.075593628639167582e+04 9.851445790680679604e-01
6.075593654645227070e+04 9.675317423816213180e-01
6.075593680651287286e+04 1.026662185961428442e+00
6.075593706657346775e+04 1.020366938565631987e+00
6.075593732663406263e+04 9.720031361632049949e-01
6.075593758669465751e+04 1.004964970568082094e+00
6.075593784675525239e+04 9.902146335600063853e-01
6.075593810681584728e+04 1.001531560950261079e+00
6.075593836687644216e+04 9.930738222730252085e-01
6.075593862693704432e+04 9.788824275361693861e-01
6.075593888699763920e+04 9.761081818667406429e-01
6.075593914705823408e+04 9.718906113839774763e-01
6.075593940711883624e+04 1.002173267566803361e+00
6.075594106598430517e+04 9.944292768231199897e-01
6.075594132604500919e+04 1.023752474473530905e+00
6.075594158610571321e+04 9.962404709473221542e-01
6.075594184616640996e+04 9.627052634757999883e-01
6.075594210622711398e+04 9.646094050313781532e-01
6.075594236628781800e+04 9.367166315813907351e-01
6.075594262634852203e+04 9.621947386897747867e-01
6.075594288640922605e+04 9.555181458634406377e-01
6.075594314646992279e+04 9.892109138178596384e-01
6.075594340653063409e+04 9.322860889646581439e-01
6.075594366659133811e+04 9.514227557898174981e-01
6.075594392665203486e+04 9.874560763720665602e-01
6.075594418671273888e+04 9.524186224097488385e-01
6.075594444677344291e+04 1.039642232349790252e+00
6.075594470683414693e+04 9.668453420355325179e-01
6.075594496689485095e+04 1.014443765092360783e+00
6.075594522695554770e+04 9.606894180668931194e-01
6.075594548701625172e+04 9.803484850877476342e-01
6.075594574707695574e+04 1.017911644699852625e+00
6.075594600713765976e+04 9.463758096698376976e-01
6.075594626719836378e+04 1.081178301870724834e+00
6.075594652725906053e+04 1.022641940164225494e+00
6.075594678731976455e+04 1.031097404163376474e+00
6.075594704738046858e+04 1.059435467822899435e+00
6.075594730744116532e+04 9.886889014617681326e-01
6.075594756750187662e+04 9.792616686272593851e-01
6.075594782756257337e+04 1.010831253472632696e+00
6.075594808762328466e+04 9.896315689962813522e-01
6.075594834768398869e+04 1.021361151106839449e+00
6.075594860774468543e+04 9.627533735231016410e-01
6.075594886780538945e+04 9.970294725907327127e-01
6.075594912786609348e+04 9.961987400130837278e-01
6.075594938792679750e+04 9.185781794016946167e-01
6.075594964798750152e+04 9.969884515991491725e-01
6.075594990804819827e+04 1.027871204192356558e+00
6.075595016810890229e+04 1.013101139138512519e+00
6.075595042816960631e+04 1.021097733433808274e+00
6.075595068823031033e+04 9.962960622659575716e-01
6.075595094829101436e+04 1.015542288020023332e+00
6.075595120835171110e+04 9.495045403633198822e-01
6.075595146841241512e+04 9.696488522862589665e-01
6.075595172847312642e+04 1.031316507150200623e+00
6.075595198853382317e+04 1.021517133847706926e+00
6.075595224859452719e+04 1.042271990658840908e+00
6.075595250865523121e+04 9.765130626414731951e-01
6.075595276871593524e+04 9.998957477426747564e-01
6.075595302877663926e+04 9.948456623731483095e-01
6.075595328883733600e+04 1.036616096731858283e+00
6.075595354889804003e+04 1.049913740435844289e+00
6.075595380895874405e+04 9.888663858576370869e-01
6.075595406901944807e+04 9.743822261443363386e-01
6.075595432908015209e+04 1.001627929456202271e+00
6.075595458914084884e+04 9.820819864536143307e-01
6.075595484920156014e+04 1.020429317410573189e+00
6.075595510926226416e+04 1.023976460047646198e+00
6.075595536932296091e+04 9.981757794794563488e-01
6.075595562938366493e+04 1.004838673400352933e+00
6.075595588944436895e+04 9.741374919435032975e-01
6.075595614950507297e+04 9.460729788513105865e-01
6.075595640956577699e+04 1.019416714224239184e+00
6.075595666962647374e+04 1.049863888443800075e+00
6.075595692968717776e+04 9.794019145741672538e-01
6.075595718974788178e+04 1.030974251004155517e+00
6.075595744980858581e+04 9.569531183112970352e-01
6.075595770986929710e+04 1.005100369642067504e+00
6.075595796992999385e+04 1.004937724143382116e+00
6.075595822999069787e+04 1.022311723735929379e+00
6.075595849005140190e+04 1.041524077232589329e+00
6.075595875011209864e+04 9.063735691355694346e-01
6.075595901017280994e+04 1.015472879677176365e+00
6.075595927023350669e+04 1.005507950891191271e+00
6.075595953029421071e+04 1.042155834628933908e+00
6.075595979035491473e+04 1.047332869959568535e+00
6.075596005041561148e+04 1.007043208388209043e+00
6.075596031047632277e+04 9.831099122577021676e-01
6.075596057053702680e+04 9.414403908893935746e-01
6.075596083059773082e+04 1.001720088338147630e+00
6.075596109065843484e+04 9.844657052203136249e-01
6.075596135071913159e+04 9.754367892694748576e-01
6.075596161077983561e+04 1.002392891994412283e+00
6.075596187084053963e+04 1.007549663402667939e+00
6.075596213090124365e+04 9.938824055754216236e-01
6.075596239096194768e+04 1.004734662993864047e+00
6.075596265102265170e+04 1.007272701053119723e+00
6.075596291108335572e+04 1.022210467279196067e+00
6.075596317114405974e+04 1.008876209374247823e+00
6.075596343120475649e+04 9.508058346519697723e-01
6.075596369126546051e+04 9.884963323715966199e-01
6.075596395132616453e+04 9.939806999660472098e-01
6.075596421138686856e+04 1.028017952775170718e+00
6.075596447144757258e+04 9.950570710387576234e-01
6.075596473150827660e+04 9.764898860211972398e-01
6.075596499156898062e+04 1.011626491938825811e+00
6.075596525162968464e+04 9.975166224330018760e-01
6.075596551169038867e+04 9.861468989065417245e-01
6.075596577175109269e+04 1.038251162243932990e+00
6.075596603181178943e+04 9.360243651214313898e-01
6.075596629187249346e+04 9.752586808867030888e-01
6.075596655193319748e+04 9.626160406747796827e-01
6.075596681199390150e+04 1.057026921427884902e+00
6.075596707205460552e+04 1.017504354159321389e+00
6.075596733211530955e+04 9.850009295524642106e-01
6.075596759217601357e+04 1.020491740996807728e+00
6.075596785223671759e+04 9.908612958390703440e-01
6.075596811229741434e+04 9.780521323378822407e-01
6.075596837235811836e+04 1.007787299429464989e+00
6.075596863241882238e+04 1.040785609223936037e+00
6.075596889247953368e+04 1.025742091293857516e+00
6.075596915254023770e+04 9.802226787587974277e-01
6.075596941260093445e+04 9.944655563729769554e-01
6.075597102105359954e+04 9.955435480204399834e-01
6.075597128111420170e+04 1.003844207007441369e+00
6.075597154117479658e+04 1.044876155521607286e+00
6.075597180123539147e+04 9.975853178381111075e-01
6.075597206129598635e+04 1.012468596484271677e+00
6.075597232135658123e+04 1.000359482142917589e+00
6.075597258141718339e+04 1.019623025377826009e+00
6.075597284147777827e+04 9.963244951032778074e-01
6.075597310153837316e+04 9.965163897377302682e-01
6.075597336159897532e+04 9.929336825333302530e-01
6.075597362165957020e+04 9.937367709654593151e-01
6.075597388172016508e+04 1.062442929394688207e+00
6.075597414178077452e+04 1.024718002238256709e+00
6.075597440184136940e+04 9.857567443661264805e-01
6.075597466190196428e+04 9.987522509029120865e-01
6.075597492196255916e+04 9.982432326631882624e-01
6.075597518202315405e+04 1.002866893188044228e+00
6.075597544208374893e+04 1.021576595825538281e+00
6.075597570214434381e+04 9.718623503684066245e-01
6.075597596220494597e+04 1.028274757266244954e+00
6.075597622226554813e+04 1.000322714668964608e+00
6.075597648232614301e+04 9.731852273328813752e-01
6.075597674238673790e+04 9.656025986362511970e-01
6.075597700244734006e+04 9.441101109935815527e-01
6.075597726250793494e+04 9.624303000600716862e-01
6.075597752256853710e+04 1.017636193499523056e+00
6.075597778262913198e+04 9.741005139490880316e-01
6.075597804268972686e+04 1.066900342363683363e+00
6.075597830275032175e+04 1.029072923072030132e+00
6.075597856281091663e+04 9.921549872253224711e-01
6.075597882287151151e+04 9.855307137423149344e-01
6.075597908293212095e+04 1.025283384453916868e+00
6.075597934299271583e+04 1.012029413804905964e+00
6.075597960305331071e+04 1.002733714975048596e+00
6.075597986311390559e+04 9.727889451132367693e-01
6.075598012317450775e+04 1.003919971343625317e+00
6.075598038323510264e+04 9.907748125434086006e-01
6.075598064329570479e+04 1.013901073027010380e+00
6.075598090335629968e+04 1.018798405970982701e+00
6.075598116341689456e+04 9.944218587114572738e-01
6.075598142347748944e+04 1.071069964244864670e+00
6.075598168353808433e+04 9.888267456793987664e-01
6.075598194359869376e+04 9.859467534860747451e-01
6.075598220365928864e+04 1.018069923563679424e+00
6.075598246371988353e+04 1.024540972524281779e+00
6.075598272378047841e+04 9.761996790753459941e-01
6.075598298384108057e+04 1.060052601049268572e+00
6.075598324390167545e+04 1.004428986891069853e+00
6.075598350396227761e+04 1.020016645221246465e+00
6.075598376402287249e+04 1.028804177027726086e+00
6.075598402408346738e+04 9.860750074110744556e-01
6.075598428414406226e+04 9.768964206138550654e-01
6.075598454420465714e+04 9.723418779964473346e-01
6.075598480426526658e+04 1.033911283108779999e+00
6.075598506432586146e+04 1.009812704442842213e+00
6.075598532438645634e+04 9.860862237797032304e-01
6.075598558444705122e+04 1.046571222024790471e+00
6.075598584450765338e+04 1.043123031533586875e+00
6.075598610456825554e+04 1.048788384702686649e+00
6.075598636462885042e+04 1.007691111421542107e+00
6.075598662468944531e+04 9.806881150048021301e-01
6.075598688475004019e+04 1.011080192111959208e+00
6.075598714481063507e+04 9.742014378766048477e-01
6.075598740487123723e+04 1.046105780997973023e+00
6.075598766493183211e+04 1.007625191265586029e+00
6.075598792499243427e+04 1.009485265151146782e+00
6.075598818505302916e+04 1.014192460540659591e+00
6.075598844511362404e+04 1.002854910224114882e+00
6.075598870517423347e+04 1.004923406085225679e+00
6.075598896523482836e+04 9.701396074347675702e-01
6.075598922529542324e+04 1.007993588046826261e+00
6.075598948535601812e+04 9.811878530610002036e-01
6.075598974541661300e+04 1.018226684784114155e+00
6.075599000547721516e+04 9.545565714445560790e-01
6.075599026553781005e+04 9.850011273918465315e-01
6.075599052559840493e+04 9.986931982764207794e-01
6.075599078565900709e+04 1.034139501375319403e+00
6.075599104571960197e+04 1.030369691273546939e+00
6.075599130578020413e+04 1.032004477881649729e+00
6.075599156584080629e+04 1.036416741799824015e+00
6.075599182590140117e+04 1.000027598471844748e+00
6.075599208596199605e+04 1.007435276759030884e+00
6.075599234602259094e+04 1.029540241208892093e+00
6.075599260608319310e+04 1.011508258545102956e+00
6.075599286614378798e+04 1.013980517759773159e+00
6.075599312620438286e+04 9.842623884658046052e-01
6.075599338626497774e+04 1.053293342775207364e+00
6.075599364632558718e+04 9.847370358102804921e-01
6.075599390638618206e+04 9.926937837291501809e-01
6.075599416644677694e+04 9.699212117725739546e-01
6.075599442650737910e+04 1.001398033517515662e+00
6.075599468656797399e+04 9.659114676469185978e-01
6.075599494662857614e+04 9.845184546454736063e-01
6.075599520668917103e+04 1.021406984394439776e+00
6.075599546674976591e+04 1.060197780036776560e+00
6.075599572681036079e+04 9.673546412919041826e-01
6.075599598687096295e+04 1.015633596750326051e+00
6.075599624693155783e+04 1.059583658649320137e+00
6.075599650699215999e+04 9.773883888848413637e-01
6.075599676705275488e+04 9.949241234551855495e-01
6.075599702711334976e+04 1.014578663889998289e+00
6.075599728717395192e+04 1.061028759645987973e+00
6.075599754723455408e+04 1.038613474002322290e+00
6.075599780729514896e+04 1.001164116138242521e+00
6.075599806735574384e+04 9.888203812714300156e-01
6.075599832741634600e+04 1.006125771047531980e+00
6.075599858747694088e+04 9.765719319915311392e-01
6.075599884753753577e+04 1.058199265777176601e+00
6.075599910759813065e+04 9.874997322180222303e-01
6.075599936765874008e+04 9.938500507034081499e-01
6.075600091310295102e+04 1.006059071397598537e+00
6.075600117316365504e+04 1.026554530264703891e+00
6.075600143322435179e+04 1.011823208792189677e+00
6.075600169328505581e+04 1.041993708666007157e+00
6.075600195334576711e+04 1.021740408840399406e+00
6.075600221340647113e+04 1.057663309899337989e+00
6.075600247346717515e+04 1.017605181565293337e+00
6.075600273352787190e+04 1.028971030399722153e+00
6.075600299358858319e+04 1.013088282804627260e+00
6.075600325364928722e+04 1.072358952015836531e+00
6.075600351370998396e+04 1.037546485007996511e+00
6.075600377377069526e+04 1.008923755561081714e+00
6.075600403383139928e+04 1.042653586979743530e+00
6.075600429389210331e+04 1.006673913949977184e+00
6.075600455395280733e+04 1.005596154615434168e+00
6.075600481401350407e+04 1.036603330091725894e+00
6.075600507407421537e+04 9.914593680856605973e-01
6.075600533413491939e+04 1.025613057881954227e+00
6.075600559419562342e+04 1.036882737767832019e+00
6.075600585425632744e+04 9.982496959236680789e-01
6.075600611431703146e+04 1.009591056963469402e+00
6.075600637437773548e+04 9.889746371107436262e-01
6.075600663443843951e+04 1.031158582312104777e+00
6.075600689449914353e+04 1.016445077143762754e+00
6.075600715455985483e+04 1.039372484909925287e+00
6.075600741462055157e+04 9.937548568964041928e-01
6.075600767468125559e+04 9.935419107704351882e-01
6.075600793474195962e+04 1.018195911488985361e+00
6.075600819480266364e+04 1.013742821828741425e+00
6.075600845486336766e+04 1.006472318874868987e+00
6.075600871492407168e+04 1.005335744309696633e+00
6.075600897498478298e+04 1.022036686263366523e+00
6.075600923504548700e+04 1.019064552214117514e+00
6.075600949510618375e+04 1.004258271640525502e+00
6.075600975516688777e+04 1.005140217228541077e+00
6.075601001522759907e+04 1.054111192171774958e+00
6.075601027528830309e+04 1.040862455517295393e+00
6.075601053534900711e+04 9.626095801147892539e-01
6.075601079540970386e+04 1.025623156359489307e+00
6.075601105547041516e+04 1.017468958627251396e+00
6.075601131553111918e+04 9.996256260747640177e-01
6.075601157559181593e+04 9.651168673554878508e-01
6.075601183565252722e+04 1.006146825027664171e+00
6.075601209571323125e+04 1.037850037023784644e+00
6.075601235577393527e+04 1.002628840344173877e+00
6.075601261583463929e+04 9.964474038784116861e-01
6.075601287589534331e+04 1.018500886814996287e+00
6.075601313595604734e+04 1.008583528136705931e+00
6.075601339601675136e+04 1.038084838619858008e+00
6.075601365607746266e+04 1.014768450625630702e+00
6.075601391613816668e+04 9.897741722622896976e-01
6.075601417619886342e+04 9.683412577771488561e-01
6.075601443625956745e+04 1.037922692190133667e+00
6.075601469632027874e+04 1.026312060464774634e+00
6.075601495638097549e+04 9.990985499333551179e-01
6.075601521644168679e+04 1.021914171516173253e+00
6.075601547650239081e+04 1.005389213358827805e+00
6.075601573656309483e+04 9.879229306826836643e-01
6.075601599662379886e+04 1.029956993032588253e+00
6.075601625668450288e+04 9.944393099359656318e-01
6.075601651674520690e+04 1.014457357952874395e+00
6.075601677680591092e+04 9.951732829400181668e-01
6.075601703686661494e+04 9.965823208395013788e-01
6.075601729692732624e+04 9.811692737281455523e-01
6.075601755698802299e+04 1.017347475873211504e+00
6.075601781704872701e+04 1.033148149351687195e+00
6.075601807710943831e+04 1.024855468488916621e+00
6.075601833717014233e+04 9.902561963718048421e-01
6.075601859723084635e+04 1.019514187258763194e+00
6.075601885729155038e+04 1.038487218555293357e+00
6.075601911735225440e+04 1.042320550420847702e+00
6.075601937741295842e+04 9.851974251317733300e-01
6.075601963747365517e+04 1.001444808770938666e+00
6.075601989753436646e+04 9.994212621629812165e-01
6.075602015759507049e+04 1.022648935537559645e+00
6.075602041765577451e+04 1.011635029857388401e+00
6.075602067771648581e+04 1.062607526946873993e+00
6.075602093777718255e+04 9.917048420218044225e-01
6.075602119783788658e+04 1.024346748151181874e+00
6.075602145789859787e+04 9.856943738774529562e-01
6.075602171795930190e+04 1.021010153431814782e+00
6.075602197802000592e+04 9.855916276209756299e-01
6.075602223808070994e+04 9.941684524065921291e-01
6.075602249814141396e+04 1.025716927693373970e+00
6.075602275820211798e+04 1.077143847150673794e+00
6.075602301826282201e+04 1.049209680519553212e+00
6.075602327832352603e+04 1.003066288901650172e+00
6.075602353838423005e+04 1.041305011519237711e+00
6.075602379844494135e+04 9.960363489006092141e-01
6.075602405850564537e+04 1.018033127775580970e+00
6.075602431856634212e+04 9.898939870385891071e-01
6.075602457862704614e+04 1.040551440250526927e+00
6.075602483868775744e+04 1.007867138339808344e+00
6.075602509874846146e+04 1.017620261159710271e+00
6.075602535880916548e+04 1.013343184234479999e+00
6.075602561886986950e+04 1.004817515188399568e+00
6.075602587893057353e+04 1.032453782493172323e+00
6.075602613899127755e+04 1.003667337484469346e+00
6.075602639905198885e+04 1.011998242035752948e+00
6.075602665911269287e+04 1.051851806583335547e+00
6.075602691917338962e+04 9.988783225377206865e-01
6.075602717923410091e+04 1.046909263540207080e+00
6.075602743929480494e+04 1.030892409896872142e+00
6.075602769935550168e+04 1.030124593062653693e+00
6.075602795941621298e+04 9.771997928425893987e-01
6.075602821947691700e+04 1.007253974679585218e+00
6.075602847953762102e+04 1.029670076753205432e+00
6.075602873959833232e+04 1.001380646329887769e+00
6.075602899965902907e+04 1.021865824244698295e+00
6.075602925971973309e+04 9.871059512975552952e-01
6.075603093119423283e+04 1.039650591703878080e+00
6.075603119125482772e+04 9.956761852537336921e-01
6.075603145131542988e+04 9.710707417363318994e-01
6.075603171137602476e+04 1.013428004096694979e+00
6.075603197143662692e+04 9.193701559368644416e-01
6.075603223149722908e+04 1.062728020483573621e+00
6.075603249155782396e+04 9.854802447255895936e-01
6.075603275161842612e+04 1.009052511003359021e+00
6.075603301167902100e+04 1.017982534607601020e+00
6.075603327173962316e+04 9.885037890011509898e-01
6.075603353180022532e+04 9.956783808010657433e-01
6.075603379186082020e+04 1.028459091503600265e+00
6.075603405192141508e+04 9.847355684268334075e-01
6.075603431198201724e+04 1.014009613584669456e+00
6.075603457204261213e+04 1.000188202199328247e+00
6.075603483210320701e+04 1.005672203359373018e+00
6.075603509216381644e+04 1.007203645836327599e+00
6.075603535222441133e+04 1.010636840198042119e+00
6.075603561228501349e+04 1.004065899784040594e+00
6.075603587234560837e+04 1.027843253762530606e+00
6.075603613240621053e+04 9.934828438303928699e-01
6.075603639246681269e+04 1.001525372238311284e+00
6.075603665252740757e+04 9.880363517249929339e-01
6.075603691258800245e+04 1.024142748888413834e+00
6.075603717264860461e+04 1.055796997626610834e+00
6.075603743270919949e+04 9.838875373232979227e-01
6.075603769276979438e+04 1.024826756506032499e+00
6.075603795283040381e+04 1.072401296671884330e+00
6.075603821289099869e+04 9.926441772564382759e-01
6.075603847295160085e+04 9.742553741273807244e-01
6.075603873301219573e+04 9.957086922529334583e-01
6.075603899307279789e+04 1.003175184255380659e+00
6.075603925313340005e+04 1.008779343289148978e+00
6.075603951319399494e+04 1.013940467765139575e+00
6.075603977325458982e+04 1.043718716525233070e+00
6.075604003331519198e+04 1.056434856242124631e+00
6.075604029337578686e+04 1.048938124369275027e+00
6.075604055343638902e+04 1.015608823380472092e+00
6.075604081349698390e+04 1.041385223679239136e+00
6.075604107355758606e+04 1.003536286558298407e+00
6.075604133361818822e+04 1.025335640499784651e+00
6.075604159367878310e+04 9.887688109557991600e-01
6.075604185373938526e+04 9.936779226009598842e-01
6.075604211379998742e+04 1.032206911467276500e+00
6.075604237386058230e+04 1.046115778445194211e+00
6.075604263392118446e+04 9.967561525476457129e-01
6.075604289398177934e+04 1.001562279017900181e+00
6.075604315404237423e+04 1.014647686440509622e+00
6.075604341410297639e+04 1.036435890981064700e+00
6.075604367416357127e+04 1.030675487408186486e+00
6.075604393422418070e+04 9.817053476426869096e-01
6.075604419428477559e+04 1.030220941579000460e+00
6.075604445434537047e+04 1.023998389100909234e+00
6.075604471440597990e+04 1.063513007573062330e+00
6.075604497446657479e+04 1.017983139821723171e+00
6.075604523452717694e+04 9.985981479044587772e-01
6.075604549458777183e+04 1.027801226450469230e+00
6.075604575464836671e+04 1.043222656873490584e+00
6.075604601470896887e+04 1.014555495877303315e+00
6.075604627476956375e+04 1.031307347786230455e+00
6.075604653483016591e+04 1.058197554942169383e+00
6.075604679489076807e+04 9.977952429502759957e-01
6.075604705495136295e+04 1.053844190557196248e+00
6.075604731501196511e+04 1.028562931733565611e+00
6.075604757507256727e+04 1.003770230438340239e+00
6.075604783513316943e+04 1.016640010380764902e+00
6.075604809519376431e+04 9.810402732965138872e-01
6.075604835525435919e+04 1.053259266797990534e+00
6.075604861531496135e+04 9.427388061351369419e-01
6.075604887537555624e+04 9.907188252880582136e-01
6.075604913543615839e+04 1.081490621809448660e+00
6.075604939549675328e+04 1.047792828629688255e+00
6.075604965555735544e+04 9.697381799127259283e-01
6.075604991561795759e+04 9.764104752963324030e-01
6.075605017567855248e+04 1.058265898538077954e+00
6.075605043573915464e+04 9.990636372906146478e-01
6.075605069579975680e+04 1.022444745791529108e+00
6.075605095586035168e+04 9.636728904402783735e-01
6.075605121592095384e+04 9.790595769569775397e-01
6.075605147598154872e+04 1.045716731326600923e+00
6.075605173604215088e+04 1.041287716811834407e+00
6.075605199610274576e+04 9.528316367735207848e-01
6.075605225616334792e+04 9.759382705016077519e-01
6.075605251622395008e+04 9.825810121602538416e-01
6.075605277628454496e+04 9.992769704985601242e-01
6.075605303634514712e+04 9.828568627098608346e-01
6.075605329640574200e+04 1.013859500134827396e+00
6.075605355646635144e+04 1.002136775695777526e+00
6.075605381652694632e+04 1.055756717990555149e+00
6.075605407658754848e+04 1.016191530373285579e+00
6.075605433664814336e+04 1.018081657559709807e+00
6.075605459670873825e+04 1.022038262187901836e+00
6.075605485676934040e+04 9.830450588275621016e-01
6.075605511682993529e+04 9.722538994584986050e-01
6.075605537689054472e+04 1.014103034408146753e+00
6.075605563695113960e+04 9.883584211592907343e-01
6.075605589701174176e+04 1.039166548865896100e+00
6.075605615707233665e+04 1.024825431921306595e+00
6.075605641713293880e+04 1.000125209615109423e+00
6.075605667719354096e+04 9.899021169645414453e-01
6.075605693725413585e+04 1.034142535515002459e+00
6.075605719731473800e+04 1.006613558118018004e+00
6.075605745737533289e+04 1.012903557337423432e+00
6.075605771743593505e+04 1.009117532575793730e+00
6.075605797749652993e+04 1.009111766502291507e+00
6.075605823755713209e+04 1.057134706525287404e+00
6.075605849761773425e+04 1.012998733042457911e+00
6.075605875767832913e+04 1.035524056759295819e+00
6.075605901773893129e+04 1.041688985415414548e+00
6.075605927779953345e+04 1.011936797002996213e+00
6.075606082322710427e+04 1.003454365534040882e+00
6.075606108328780829e+04 1.061019549180941768e+00
6.075606134334851231e+04 9.658012170767449334e-01
6.075606160340922361e+04 1.003667896015652206e+00
6.075606186346992035e+04 1.011842007144148292e+00
6.075606212353063165e+04 1.035130573635748119e+00
6.075606238359133567e+04 9.886025066179996434e-01
6.075606264365204697e+04 1.047845118724279434e+00
6.075606290371275099e+04 1.037328977835910715e+00
6.075606316377345502e+04 1.012134846893733675e+00
6.075606342383415904e+04 9.819678057486613820e-01
6.075606368389486306e+04 9.801787679937031816e-01
6.075606394395557436e+04 9.949258315249179807e-01
6.075606420401627838e+04 9.587778509634662383e-01
6.075606446407698240e+04 9.963088008120181138e-01
6.075606472413768643e+04 1.008756869903652431e+00
6.075606498419839772e+04 1.019230938167245970e+00
6.075606524425910175e+04 9.942521480434706183e-01
6.075606550431981304e+04 9.937324634202295837e-01
6.075606576438050979e+04 9.697913973161079726e-01
6.075606602444122109e+04 1.073651083823991881e+00
6.075606628450192511e+04 9.820925976488777964e-01
6.075606654456262913e+04 1.027166089844451458e+00
6.075606680462333316e+04 9.895515754923406293e-01
6.075606706468404445e+04 1.012401508123679239e+00
6.075606732474474848e+04 1.003858936824471026e+00
6.075606758480545250e+04 9.793424964546381117e-01
6.075606784486615652e+04 1.076865458610131610e+00
6.075606810492686054e+04 1.078802912065888187e+00
6.075606836498757184e+04 1.027926000706227638e+00
6.075606862504827586e+04 1.042786484320876284e+00
6.075606888510898716e+04 1.015026594459388143e+00
6.075606914516968391e+04 1.006789800397571488e+00
6.075606940523039520e+04 9.839296841875309063e-01
6.075606966529109923e+04 9.971375038708313321e-01
6.075606992535180325e+04 1.042045171474106802e+00
6.075607018541250727e+04 9.992709066656885186e-01
6.075607044547321857e+04 1.035423864863170840e+00
6.075607070553392259e+04 9.910980330407737071e-01
6.075607096559463389e+04 1.037900774966423967e+00
6.075607122565533064e+04 1.004761760259196279e+00
6.075607148571604193e+04 1.021517387538209753e+00
6.075607174577674596e+04 9.883601009667634107e-01
6.075607200583745725e+04 9.950451481063321557e-01
6.075607226589816128e+04 9.986250942844383527e-01
6.075607252595886530e+04 1.032299413414566658e+00
6.075607278601956932e+04 9.742545799338171442e-01
6.075607304608028062e+04 1.015620131934143133e+00
6.075607330614097737e+04 9.880443621300496471e-01
6.075607356620169594e+04 1.002562132802465866e+00
6.075607382626239269e+04 1.013561242354727554e+00
6.075607408632310398e+04 1.007649837448980623e+00
6.075607434638380801e+04 9.515522856222893289e-01
6.075607460644451203e+04 1.018278403898662310e+00
6.075607486650521605e+04 9.844267030276433461e-01
6.075607512656592735e+04 1.033907311177180821e+00
6.075607538662663137e+04 1.002189499572065934e+00
6.075607564668734267e+04 9.997119371744694893e-01
6.075607590674803942e+04 1.015267471882046246e+00
6.075607616680875071e+04 9.972531485553626229e-01
6.075607642686945474e+04 1.028988151505853654e+00
6.075607668693016603e+04 1.005962129058508125e+00
6.075607694699087006e+04 1.025076331573861577e+00
6.075607720705157408e+04 9.767123709004119636e-01
6.075607746711227810e+04 1.001013405874788598e+00
6.075607772717298940e+04 1.012012715494397197e+00
6.075607798723368614e+04 1.015190579729928988e+00
6.075607824729439744e+04 1.011302777592401059e+00
6.075607850735510146e+04 9.715946806807286285e-01
6.075607876741581276e+04 1.020469204313658507e+00
6.075607902747651679e+04 1.034782814405556639e+00
6.075607928753722081e+04 1.037245040496965087e+00
6.075607954759792483e+04 9.995826852182760902e-01
6.075607980765863613e+04 1.030205323676721685e+00
6.075608006771934015e+04 1.028683944839127173e+00
6.075608032778005145e+04 1.047131492590614110e+00
6.075608058784074819e+04 1.045121382707983271e+00
6.075608084790145949e+04 1.031475301638788977e+00
6.075608110796216351e+04 9.681217198637765975e-01
6.075608136802286754e+04 1.065890381778727081e+00
6.075608162808357156e+04 9.674687850673041600e-01
6.075608188814428286e+04 1.066984050437128184e+00
6.075608214820498688e+04 1.004392129808849177e+00
6.075608240826569818e+04 1.018570036971869319e+00
6.075608266832639492e+04 9.911165439230861240e-01
6.075608292838710622e+04 9.939434836835764342e-01
6.075608318844781024e+04 9.715399224010848878e-01
6.075608344850852154e+04 9.918806330199190224e-01
6.075608370856922556e+04 1.018985896915355793e+00
6.075608396862992959e+04 1.012024570194685280e+00
6.075608422869064088e+04 9.887043867577747225e-01
6.075608448875134491e+04 1.030607399429263493e+00
6.075608474881204893e+04 1.021631499399655807e+00
6.075608500887276023e+04 9.492622779980932624e-01
6.075608526893346425e+04 9.988885396007926021e-01
6.075608552899416827e+04 9.970579964158345909e-01
6.075608578905487957e+04 1.063348663189201293e+00
6.075608604911557632e+04 1.010761853218009598e+00
6.075608630917628761e+04 1.020791447594390000e+00
6.075608656923699164e+04 1.011512631900101322e+00
6.075608682929770293e+04 1.057726199423358882e+00
6.075608708935840696e+04 1.010835341764537043e+00
6.075608734941911098e+04 1.028170424477958367e+00
6.075608760947981500e+04 1.009692616560599943e+00
6.075608786954052630e+04 1.002014177053625277e+00
6.075608812960123760e+04 9.612446997598061982e-01
6.075608838966194162e+04 1.007864114028853342e+00
6.075608864972264564e+04 9.714047274440319457e-01
6.075608890978334966e+04 1.034676070203268017e+00
6.075608916984406096e+04 1.023690532036028111e+00
6.075609076569380704e+04 9.735488214106570171e-01
6.075609102575441648e+04 9.791337928004398838e-01
6.075609128581501136e+04 1.002452608284248647e+00
6.075609154587561352e+04 1.031821273750080037e+00
6.075609180593621568e+04 1.018198081446315850e+00
6.075609206599681784e+04 9.885025808012918302e-01
6.075609232605741272e+04 1.027639957321147435e+00
6.075609258611801488e+04 9.934271445698165115e-01
6.075609284617860976e+04 1.015858734833250177e+00
6.075609310623921192e+04 9.709902915686634550e-01
6.075609336629981408e+04 1.012794788038633875e+00
6.075609362636040896e+04 9.801414398437439113e-01
6.075609388642101840e+04 1.015168238183614235e+00
6.075609414648161328e+04 1.070473706300927752e+00
6.075609440654221544e+04 9.780120688812817820e-01
6.075609466660281760e+04 1.005347197153640293e+00
6.075609492666341976e+04 9.964285805525684436e-01
6.075609518672402191e+04 9.836407597243461698e-01
6.075609544678461680e+04 9.528364925836674271e-01
6.075609570684521896e+04 1.009761985271454332e+00
6.075609596690581384e+04 9.956247797694997015e-01
6.075609622696641600e+04 1.006687468410886632e+00
6.075609648702701088e+04 9.993324458852811398e-01
6.075609674708762032e+04 1.017840814226212975e+00
6.075609700714822247e+04 1.007532435371194524e+00
6.075609726720881736e+04 1.008549822976818833e+00
6.075609752726942679e+04 1.012616812579465897e+00
6.075609778733002167e+04 1.002599958151761728e+00
6.075609804739062383e+04 1.013163093471960208e+00
6.075609830745121872e+04 1.025273015543424648e+00
6.075609856751182087e+04 9.785711967129434585e-01
6.075609882757242303e+04 1.041646512387432777e+00
6.075609908763301792e+04 9.948704564517644178e-01
6.075609934769362008e+04 9.740566966742622013e-01
6.075609960775422223e+04 1.011785301983896268e+00
6.075609986781482439e+04 9.994321692556341619e-01
6.075610012787541928e+04 9.457778316455435208e-01
6.075610038793602143e+04 1.000638662689305125e+00
6.075610064799663087e+04 9.566981121508592034e-01
6.075610090805722575e+04 1.014492893076452962e+00
6.075610116811782791e+04 1.005474506701620419e+00
6.075610142817842279e+04 9.757625962880176473e-01
6.075610168823902495e+04 9.796732317422119918e-01
6.075610194829962711e+04 9.982179594536911837e-01
6.075610220836022199e+04 9.824642152471892986e-01
6.075610246842083143e+04 9.828820237707593943e-01
6.075610272848142631e+04 1.017235733855395008e+00
6.075610298854202847e+04 9.868502889584321869e-01
6.075610324860263063e+04 9.978441509309746715e-01
6.075610350866323279e+04 1.013499469966835376e+00
6.075610376872383495e+04 1.014244955979938911e+00
6.075610402878442983e+04 9.719471064458407028e-01
6.075610428884503199e+04 1.026588636168988655e+00
6.075610454890563415e+04 9.598078879360695259e-01
6.075610480896622903e+04 9.521131289791044949e-01
6.075610506902683119e+04 9.669486820753026013e-01
6.075610532908743335e+04 9.782802321456564032e-01
6.075610558914803551e+04 1.002558793504341850e+00
6.075610584920863766e+04 1.011626317551094667e+00
6.075610610926923255e+04 1.000188143486278491e+00
6.075610636932984198e+04 1.016070034207114281e+00
6.075610662939043686e+04 9.363451231897989002e-01
6.075610688945103902e+04 9.931831953260296109e-01
6.075610714951164118e+04 9.762145980350361851e-01
6.075610740957223607e+04 1.015617721688805819e+00
6.075610766963283822e+04 1.005222640286411284e+00
6.075610792969343311e+04 9.994912268424388513e-01
6.075610818975403527e+04 9.521251244146476944e-01
6.075610844981464470e+04 1.028919973202723215e+00
6.075610870987523958e+04 9.644373588728458735e-01
6.075610896993584174e+04 1.011835916614217235e+00
6.075610922999644390e+04 9.926486267922289830e-01
6.075610949005704606e+04 9.668833453343500528e-01
6.075610975011764822e+04 9.947595766258937600e-01
6.075611001017824310e+04 9.806223288821455109e-01
6.075611027023884526e+04 1.016162156481535517e+00
6.075611053029944742e+04 9.969795969539674285e-01
6.075611079036004230e+04 1.024344197801258627e+00
6.075611105042064446e+04 9.534067418970841867e-01
6.075611131048124662e+04 1.063371682994031620e+00
6.075611157054184878e+04 9.981458326337138143e-01
6.075611183060245094e+04 9.659381715797121792e-01
6.075611209066305310e+04 1.017114282972511052e+00
6.075611235072365525e+04 1.052465474697562575e+00
6.075611261078425741e+04 9.743908542520500760e-01
6.075611287084485230e+04 9.910718502422296572e-01
6.075611313090545445e+04 9.857366548160385600e-01
6.075611339096604934e+04 1.032152875180706975e+00
6.075611365102665150e+04 9.704587626779100917e-01
6.075611391108725365e+04 9.861128405791258489e-01
6.075611417114785581e+04 9.532896429753738854e-01
6.075611443120845797e+04 9.235277995394040040e-01
6.075611469126906013e+04 1.007694483927138895e+00
6.075611495132966229e+04 9.630413797097346906e-01
6.075611521139026445e+04 9.614161502731726205e-01
6.075611547145085933e+04 9.817628804379381346e-01
6.075611573151146149e+04 9.577784546764843698e-01
6.075611599157206365e+04 1.024603799191063480e+00
6.075611625163265853e+04 9.925092125041249380e-01
6.075611651169326069e+04 9.578278339405075226e-01
6.075611677175386285e+04 9.754082597156180645e-01
6.075611703181446501e+04 9.925960181265830462e-01
6.075611729187506717e+04 9.984125334590535639e-01
6.075611755193566933e+04 9.956947003892827608e-01
6.075611781199626421e+04 9.689575043720073388e-01
6.075611807205687364e+04 9.767709268492662522e-01
6.075611833211747580e+04 9.860584828435582372e-01
6.075611859217807068e+04 1.015509855801534522e+00
6.075611885223867284e+04 9.849114098156378505e-01
6.075611911229926773e+04 1.042204510585135413e+00
6.075612077117233275e+04 9.679782874147285776e-01
6.075612103123303677e+04 9.923789698734757359e-01
6.075612129129374080e+04 9.849986972014870279e-01
6.075612155135445209e+04 1.004113300459043456e+00
6.075612181141516339e+04 9.884077040041920892e-01
6.075612207147586741e+04 9.897084412386107921e-01
6.075612233153657144e+04 1.054717058907431504e+00
6.075612259159728274e+04 1.004383947130007337e+00
6.075612285165798676e+04 1.033223209692786249e+00
6.075612311171869806e+04 9.961163826920944597e-01
6.075612337177940935e+04 9.954929647395005521e-01
6.075612363184010610e+04 1.020102358208446081e+00
6.075612389190081740e+04 1.026822907330586121e+00
6.075612415196152870e+04 1.003412028460063610e+00
6.075612441202222544e+04 1.011044395923167860e+00
6.075612467208293674e+04 1.000336953662738226e+00
6.075612493214364804e+04 9.931188821564858049e-01
6.075612519220435206e+04 1.050069582417542335e+00
6.075612545226506336e+04 1.006502009984002521e+00
6.075612571232576738e+04 1.012355407269087015e+00
6.075612597238647140e+04 1.027076609778460492e+00
6.075612623244718270e+04 1.030941388233274525e+00
6.075612649250789400e+04 9.952399154663711389e-01
6.075612675256859802e+04 9.860666677828042737e-01
6.075612701262930204e+04 9.961564309741495205e-01
6.075612727269001334e+04 1.006403014854316158e+00
6.075612753275071736e+04 9.994511305495406006e-01
6.075612779281142139e+04 9.849087946221513068e-01
6.075612805287213268e+04 1.002412489969889187e+00
6.075612831293283671e+04 9.683719654141613731e-01
6.075612857299354800e+04 9.697698094418414350e-01
6.075612883305425930e+04 1.040514747396179551e+00
6.075612909311495605e+04 9.781068003010470191e-01
6.075612935317566735e+04 9.835555065541606856e-01
6.075612961323637865e+04 9.982435952946899782e-01
6.075612987329708267e+04 9.825599650367528026e-01
6.075613013335779397e+04 9.351547821317323095e-01
6.075613039341849799e+04 9.522744430075483768e-01
6.075613065347920201e+04 9.850437500068153218e-01
6.075613091353991331e+04 9.964666659991994191e-01
6.075613117360061733e+04 9.947326270636018819e-01
6.075613143366133590e+04 9.617299637981095994e-01
6.075613169372203265e+04 9.877196857373317096e-01
6.075613195378274395e+04 1.031351001420091062e+00
6.075613221384345525e+04 9.898753835546916235e-01
6.075613247390415199e+04 9.931509238625326752e-01
6.075613273396486329e+04 9.719960899372825924e-01
6.075613299402557459e+04 1.009945974320164197e+00
6.075613325408627861e+04 1.018649221221289647e+00
6.075613351414698991e+04 9.829177567440604557e-01
6.075613377420769393e+04 9.948322427638424115e-01
6.075613403426840523e+04 9.571243628019746597e-01
6.075613429432910925e+04 9.633582374107060309e-01
6.075613455438982055e+04 9.560752144775048755e-01
6.075613481445053185e+04 1.000581381548895310e+00
6.075613507451122859e+04 1.147807961039000402e+00
6.075613533457193989e+04 1.015859140471699895e+00
6.075613559463265119e+04 9.781356742280373773e-01
6.075613585469334794e+04 1.042597344863878783e+00
6.075613611475405924e+04 1.071684980753984773e+00
6.075613637481477053e+04 1.028396563950172871e+00
6.075613663487548183e+04 9.852048816733636194e-01
6.075613689493618585e+04 1.003616336567261014e+00
6.075613715499688988e+04 9.904906339030984386e-01
6.075613741505760117e+04 9.701145042172755195e-01
6.075613767511830520e+04 1.041617617101980420e+00
6.075613793517901649e+04 1.019199570028452184e+00
6.075613819523972779e+04 9.957489531944219152e-01
6.075613845530043181e+04 1.022946971439632202e+00
6.075613871536113584e+04 1.038544832871706847e+00
6.075613897542184714e+04 1.023023896033376179e+00
6.075613923548255116e+04 9.944717982185909966e-01
6.075613949554325518e+04 9.830762376521919865e-01
6.075613975560396648e+04 1.043916733006016173e+00
6.075614001566467778e+04 1.007089535515369061e+00
6.075614027572538907e+04 9.870154583440169382e-01
6.075614053578608582e+04 9.929329924495325921e-01
6.075614079584679712e+04 1.021321296997409922e+00
6.075614105590750842e+04 1.000699609931796630e+00
6.075614131596821244e+04 9.543163165630534905e-01
6.075614157602892374e+04 1.016874518798711602e+00
6.075614183608962776e+04 1.005653109736319051e+00
6.075614209615033906e+04 1.002042608794241785e+00
6.075614235621104308e+04 1.011945369075367251e+00
6.075614261627174710e+04 9.660766953142907454e-01
6.075614287633246568e+04 9.703350428400607797e-01
6.075614313639316970e+04 1.000732121777989203e+00
6.075614339645387372e+04 9.768832040622450474e-01
6.075614365651458502e+04 9.745951731404020046e-01
6.075614391657528904e+04 1.023612389315277760e+00
6.075614417663600034e+04 9.669801578134243902e-01
6.075614443669670436e+04 1.009331953587064845e+00
6.075614469675741566e+04 9.803850230760641216e-01
6.075614495681812696e+04 1.005200508195371434e+00
6.075614521687882370e+04 9.980693235623774306e-01
6.075614547693953500e+04 1.008278629747279664e+00
6.075614573700024630e+04 1.009324824842916080e+00
6.075614599706095760e+04 1.042782212702981326e+00
6.075614625712166162e+04 1.059680067155931216e+00
6.075614651718236564e+04 9.617281556854777591e-01
6.075614677724307694e+04 1.050593128483367389e+00
6.075614703730378824e+04 1.052561241173398221e+00
6.075614729736448498e+04 1.001019957733277677e+00
6.075614755742519628e+04 1.051340792477388097e+00
6.075614781748590758e+04 9.748130662570581029e-01
6.075614807754661888e+04 1.046056754662699539e+00
6.075614833760732290e+04 9.864084698628265979e-01
6.075614859766802692e+04 9.812889238410109627e-01
6.075614885772873822e+04 9.818739512592226104e-01
6.075614911778944952e+04 9.944075758835189127e-01
