6.075547523418369383e+04 9.649911557602746104e-01
6.075547549424438330e+04 1.000476495263916243e+00
6.075547575430508005e+04 9.757550144159333749e-01
6.075547601436576224e+04 9.563030508363769000e-01
6.075547627442645899e+04 9.974701676093966629e-01
6.075547653448714846e+04 9.646512092266067429e-01
6.075547679454784520e+04 9.850145669476217947e-01
6.075547705460853467e+04 9.529166441825555056e-01
6.075547731466922414e+04 9.799234195829560345e-01
6.075547757472991361e+04 9.603876869899241608e-01
6.075547783479061036e+04 9.854930206394370007e-01
6.075547809485129255e+04 9.737566837225122285e-01
6.075547835491198930e+04 1.027694474466546160e+00
6.075547861497267877e+04 1.028676512636552465e+00
6.075547887503337552e+04 1.005012400758335644e+00
6.075547913509406499e+04 1.037167110724709351e+00
6.075547939515475446e+04 9.503526037222300715e-01
6.075547965521544393e+04 9.420641155110466292e-01
6.075547991527614067e+04 9.820001564411253714e-01
6.075548017533683014e+04 1.003785070081015807e+00
6.075548043539752689e+04 1.032018819420541744e+00
6.075548069545820908e+04 9.847368945217299663e-01
6.075548095551890583e+04 1.034807056137789560e+00
6.075548121557959530e+04 9.736876055142983377e-01
6.075548147564028477e+04 9.724033571523855723e-01
6.075548173570098152e+04 9.923629336522883371e-01
6.075548199576167099e+04 1.015467198753081224e+00
6.075548225582236773e+04 9.779955177938082223e-01
6.075548251588305720e+04 9.875491949843689943e-01
6.075548277594374667e+04 1.016632333551075185e+00
6.075548303600443614e+04 9.947829521308421130e-01
6.075548329606513289e+04 1.011254468683281837e+00
6.075548355612582236e+04 9.748366849834889658e-01
6.075548381618651911e+04 9.891068478314803958e-01
6.075548407624720130e+04 9.940739321661904437e-01
6.075548433630789805e+04 9.682116858176357255e-01
6.075548459636858752e+04 9.426399313007927105e-01
6.075548485642928426e+04 9.662619833861250118e-01
6.075548511648997373e+04 1.031956966195884950e+00
6.075548537655066320e+04 1.009909668897593038e+00
6.075548563661135267e+04 9.690931530428467111e-01
6.075548589667204942e+04 9.862017586499961519e-01
6.075548615673273162e+04 1.022878321479198993e+00
6.075548641679342836e+04 9.247087345680221615e-01
6.075548667685411783e+04 9.611202720376071928e-01
6.075548693691481458e+04 9.669213801754531490e-01
6.075548719697551132e+04 1.000904525281578916e+00
6.075548745703619352e+04 9.472504596236195340e-01
6.075548771709689026e+04 9.853307776989835842e-01
6.075548797715757973e+04 9.934210935849236979e-01
6.075548823721827648e+04 9.388141544225955260e-01
6.075548849727896595e+04 9.875216925837588811e-01
6.075548875733965542e+04 9.601164284053755882e-01
6.075548901740034489e+04 9.874983288971324047e-01
6.075548927746104164e+04 9.979799536845409547e-01
6.075548953752172383e+04 9.942881176497379014e-01
6.075548979758242058e+04 9.515552350088110067e-01
6.075549005764311732e+04 9.896598104952926134e-01
6.075549031770380680e+04 1.015374204390562696e+00
6.075549057776450354e+04 1.001722091085064603e+00
6.075549083782518574e+04 9.730080361545603296e-01
6.075549109788588248e+04 1.000145190473583856e+00
6.075549135794657195e+04 1.009562391680307369e+00
6.075549161800726870e+04 9.904994360897628747e-01
6.075549187806795817e+04 1.007994901668018972e+00
6.075549213812864764e+04 9.520201694835480621e-01
6.075549239818933711e+04 9.907257082415409366e-01
6.075549265825003386e+04 9.959760198105598317e-01
6.075549291831072333e+04 9.986791945610371535e-01
6.075549317837142007e+04 9.413744694232584198e-01
6.075549343843210954e+04 9.763891808718788701e-01
6.075549369849279901e+04 9.778186436970406348e-01
6.075549395855349576e+04 9.773124429581574457e-01
6.075549421861417795e+04 9.838349912666572994e-01
6.075549447867487470e+04 1.070495077538537121e+00
6.075549473873556417e+04 1.028544916710909307e+00
6.075549499879626092e+04 1.031477238952887232e+00
6.075549525885695766e+04 9.873135949272361378e-01
6.075549551891763986e+04 9.840018455302473877e-01
6.075549577897833660e+04 9.742349371101558519e-01
6.075549603903902607e+04 9.597830226581146595e-01
6.075549629909972282e+04 9.966530910463633486e-01
6.075549655916041229e+04 1.027179575173606141e+00
6.075549681922110176e+04 9.916562131841161198e-01
6.075549707928179851e+04 9.619521659526755197e-01
6.075549733934248798e+04 9.850009218867937788e-01
6.075549759940317745e+04 1.011352962024710811e+00
6.075549785946386692e+04 1.011136897453690509e+00
6.075549811952456366e+04 9.994584448442311864e-01
6.075549837958525313e+04 1.006932485576107705e+00
6.075549863964594988e+04 9.948393668514204924e-01
6.075549889970663935e+04 9.427734120393327366e-01
6.075549915976732882e+04 1.013645953566864932e+00
6.075549941982802557e+04 9.740800533861261323e-01
6.075549967988871504e+04 9.807329237964668156e-01
6.075549993994941178e+04 9.695187600191159660e-01
6.075550020001009398e+04 9.926804163699858297e-01
6.075550046007079072e+04 9.687175506186300744e-01
6.075550072013148747e+04 9.504232618652727060e-01
6.075550098019216966e+04 9.806331286286056326e-01
6.075550124025286641e+04 1.035019049519884105e+00
6.075550150031355588e+04 9.862873759585989442e-01
6.075550176037425263e+04 1.016631873575587486e+00
6.075550202043494210e+04 1.016156521288831716e+00
6.075550228049563157e+04 9.952264613375756408e-01
6.075550254055632831e+04 1.005957697354163738e+00
6.075550280061701778e+04 1.013550546496713833e+00
6.075550306067771453e+04 9.536185029851149686e-01
6.075550332073840400e+04 1.017721412638040057e+00
6.075550358079909347e+04 9.767633549687047001e-01
6.075550513883041276e+04 9.909627527389254231e-01
6.075550539889110951e+04 1.055297429455723801e+00
6.075550565895179898e+04 9.590376144171691708e-01
6.075550591901248845e+04 1.008212020317297730e+00
6.075550617907318519e+04 9.666600438248793559e-01
6.075550643913387466e+04 9.734653538682845886e-01
6.075550669919457141e+04 1.015268553052092182e+00
6.075550695925526088e+04 1.013011193197526527e+00
6.075550721931595035e+04 9.503914132754126554e-01
6.075550747937664710e+04 9.772964133859247671e-01
6.075550773943733657e+04 1.008882382108438058e+00
6.075550799949803331e+04 9.727907499974878247e-01
6.075550825955872278e+04 9.957458248349039254e-01
6.075550851961941225e+04 1.029033237705514914e+00
6.075550877968010900e+04 1.042549528966518979e+00
6.075550903974079847e+04 9.707607610723579805e-01
6.075550929980148794e+04 1.003795623594760711e+00
6.075550955986217741e+04 9.922802575591530561e-01
6.075550981992287416e+04 1.002857024778448736e+00
6.075551007998357090e+04 1.000710901202822134e+00
6.075551034004426037e+04 9.697918534660986412e-01
6.075551060010494984e+04 1.028304285155900333e+00
6.075551086016564659e+04 9.838622655161468611e-01
6.075551112022633606e+04 1.023924686863667333e+00
6.075551138028703281e+04 1.046538158900121696e+00
6.075551164034772228e+04 9.948019075205727368e-01
6.075551190040841175e+04 1.024144352654028589e+00
6.075551216046910849e+04 9.851304281365206306e-01
6.075551242052979796e+04 1.017160776995978289e+00
6.075551268059049471e+04 9.739685506321841268e-01
6.075551294065118418e+04 9.967706992330593874e-01
6.075551320071187365e+04 9.748140555321634926e-01
6.075551346077257040e+04 1.015394721601578176e+00
6.075551372083325987e+04 1.021055475235835175e+00
6.075551398089394934e+04 9.622074896703668445e-01
6.075551424095464608e+04 9.971251952124409179e-01
6.075551450101533555e+04 9.847529189966941487e-01
6.075551476107603230e+04 9.419664626322927781e-01
6.075551502113672177e+04 1.012461043744011580e+00
6.075551528119741124e+04 9.717661704211109086e-01
6.075551554125810799e+04 9.967938704157484064e-01
6.075551580131879746e+04 1.014611354405240418e+00
6.075551606137949420e+04 1.000871610670224232e+00
6.075551632144019095e+04 9.625125358060137026e-01
6.075551658150087314e+04 9.833754230049224221e-01
6.075551684156156989e+04 1.006217602013488310e+00
6.075551710162226664e+04 1.007594727042331328e+00
6.075551736168294883e+04 1.023000068441493271e+00
6.075551762174364558e+04 9.913921828117562285e-01
6.075551788180433505e+04 1.020218830401456556e+00
6.075551814186503179e+04 1.043720169815645749e+00
6.075551840192572854e+04 1.004115317210656722e+00
6.075551866198641073e+04 9.680816074490800061e-01
6.075551892204710748e+04 9.876589034351357377e-01
6.075551918210780423e+04 1.014738579112836714e+00
6.075551944216849370e+04 1.000530659400546751e+00
6.075551970222919044e+04 9.779543810609312438e-01
6.075551996228987991e+04 1.003585522941167651e+00
6.075552022235056938e+04 9.657266418008058073e-01
6.075552048241126613e+04 1.012592134738822036e+00
6.075552074247194832e+04 9.672446895369318787e-01
6.075552100253265235e+04 1.005379679373310964e+00
6.075552126259334182e+04 9.909534622050697461e-01
6.075552152265403129e+04 9.533241284425786333e-01
6.075552178271472803e+04 9.681871662542066437e-01
6.075552204277541750e+04 9.599990056691528606e-01
6.075552230283610697e+04 1.002145260609986543e+00
6.075552256289680372e+04 1.003265787000128473e+00
6.075552282295750047e+04 1.023065901515024079e+00
6.075552308301818994e+04 9.820675272102337150e-01
6.075552334307887941e+04 9.627539970497236421e-01
6.075552360313957615e+04 9.787649664861647336e-01
6.075552386320026562e+04 9.323001375680483038e-01
6.075552412326096237e+04 9.915952208433789217e-01
6.075552438332165912e+04 1.000315931958617677e+00
6.075552464338234131e+04 9.715456529680372988e-01
6.075552490344303806e+04 9.904098580488898129e-01
6.075552516350373480e+04 1.022654993531564305e+00
6.075552542356441700e+04 1.005704414395912405e+00
6.075552568362511374e+04 9.675244133076384978e-01
6.075552594368581049e+04 9.909298361384195619e-01
6.075552620374649996e+04 9.750505602075696387e-01
6.075552646380719671e+04 1.005607965125199454e+00
6.075552672386788618e+04 9.967104094906750200e-01
6.075552698392857565e+04 9.618429611574537130e-01
6.075552724398927239e+04 9.532114394385594602e-01
6.075552750404996914e+04 1.005408000268623869e+00
6.075552776411065861e+04 9.728577186639018048e-01
6.075552802417134808e+04 1.014345870040370468e+00
6.075552828423204483e+04 1.008027381508812104e+00
6.075552854429273430e+04 9.669263326234788236e-01
6.075552880435342377e+04 9.998068073944407219e-01
6.075552906441412051e+04 1.011363442008365032e+00
6.075552932447480998e+04 9.912479861499379208e-01
6.075552958453550673e+04 9.845117779297406502e-01
6.075552984459620347e+04 9.728381315172405230e-01
6.075553010465688567e+04 1.049050855136563376e+00
6.075553036471758242e+04 9.597486859138384396e-01
6.075553062477827916e+04 9.942099967542901151e-01
6.075553088483896863e+04 9.762029825274751715e-01
6.075553114489966538e+04 9.753203655803815986e-01
6.075553140496035485e+04 9.779287664857569951e-01
6.075553166502104432e+04 1.014329223222590004e+00
6.075553192508174106e+04 9.793099975423571468e-01
6.075553218514243054e+04 9.912839998265151609e-01
6.075553244520312728e+04 9.515816801681914461e-01
6.075553270526381675e+04 1.010648496209364255e+00
6.075553296532451350e+04 9.656438660045606470e-01
6.075553322538520297e+04 9.713544735509990202e-01
6.075553348544589244e+04 9.796103755643592592e-01
6.075553503087646095e+04 9.720230323004923623e-01
6.075553529093715770e+04 1.023484176899112086e+00
6.075553555099784717e+04 9.740928986171780712e-01
6.075553581105853664e+04 9.837973700951482270e-01
6.075553607111923338e+04 1.041656051348647694e+00
6.075553633117992285e+04 9.679295146577533426e-01
6.075553659124061960e+04 9.577695002767706578e-01
6.075553685130131635e+04 1.034462762608152397e+00
6.075553711136199854e+04 9.599901673844550842e-01
6.075553737142269529e+04 9.931339233358924545e-01
6.075553763148339203e+04 9.519005743006517806e-01
6.075553789154408878e+04 9.775258585947735890e-01
6.075553815160477825e+04 9.881518786142189370e-01
6.075553841166546772e+04 9.698049857537837104e-01
6.075553867172616447e+04 9.923177077526494916e-01
6.075553893178685394e+04 1.026512337338445047e+00
6.075553919184754341e+04 9.948233941379026612e-01
6.075553945190824015e+04 9.735589594023095206e-01
6.075553971196892962e+04 1.010082498679767626e+00
6.075553997202962637e+04 1.002740451262359889e+00
6.075554023209032312e+04 9.921796820924266846e-01
6.075554049215101259e+04 1.040554559786817324e+00
6.075554075221170206e+04 9.808879297376122963e-01
6.075554101227239880e+04 1.001593059740364167e+00
6.075554127233309555e+04 1.034804678664338118e+00
6.075554153239378502e+04 9.740065746975300476e-01
6.075554179245447449e+04 9.453404734006733978e-01
6.075554205251517124e+04 1.006666945911760980e+00
6.075554231257586798e+04 9.793893282071878259e-01
6.075554257263655018e+04 9.899821474026387902e-01
6.075554283269725420e+04 9.912737225688110776e-01
6.075554309275794367e+04 1.013430421342767618e+00
6.075554335281863314e+04 1.014911880912212627e+00
6.075554361287932988e+04 9.380770582656520196e-01
6.075554387294001936e+04 9.834572492263825572e-01
6.075554413300071610e+04 9.862480048530130050e-01
6.075554439306140557e+04 9.904533505575696672e-01
6.075554465312210232e+04 1.011128651006874435e+00
6.075554491318279906e+04 9.672720989330853003e-01
6.075554517324348853e+04 9.846883647456869948e-01
6.075554543330417800e+04 1.022673254056807313e+00
6.075554569336487475e+04 1.022278897265375575e+00
6.075554595342557150e+04 1.030502957685423659e+00
6.075554621348626097e+04 1.000943924431421994e+00
6.075554647354695044e+04 9.493799499421105015e-01
6.075554673360764718e+04 1.017272984016739157e+00
6.075554699366834393e+04 1.001929630911056801e+00
6.075554725372902612e+04 1.000950307283428264e+00
6.075554751378972287e+04 1.043635375963526402e+00
6.075554777385041962e+04 9.621874955966326359e-01
6.075554803391111636e+04 1.013583359291982733e+00
6.075554829397180583e+04 9.766072144935949995e-01
6.075554855403249530e+04 9.782818448004124701e-01
6.075554881409319205e+04 9.941315660000676901e-01
6.075554907415388152e+04 9.618880844153647747e-01
6.075554933421457827e+04 9.744046372031288650e-01
6.075554959427527501e+04 9.992253772611884299e-01
6.075554985433596448e+04 9.986548469199361122e-01
6.075555011439665395e+04 9.852528696092904825e-01
6.075555037445735070e+04 9.568728986849110996e-01
6.075555063451804017e+04 9.513829861092761853e-01
6.075555089457873692e+04 1.000210587093818937e+00
6.075555115463942639e+04 9.670217307126787176e-01
6.075555141470012313e+04 1.032491817526934419e+00
6.075555167476081988e+04 1.009816593422949715e+00
6.075555193482150935e+04 1.000839434817010432e+00
6.075555219488219882e+04 9.923943573038760402e-01
6.075555245494289557e+04 1.014046534336463523e+00
6.075555271500359231e+04 1.022539338613771331e+00
6.075555297506428906e+04 1.010196397254288225e+00
6.075555323512497125e+04 9.710764378395024821e-01
6.075555349518566800e+04 9.896599257721686582e-01
6.075555375524636474e+04 9.652054618830677724e-01
6.075555401530705421e+04 9.911080649518749786e-01
6.075555427536775096e+04 9.809106652891199651e-01
6.075555453542844043e+04 1.056643101115867456e+00
6.075555479548913718e+04 9.490351229574418568e-01
6.075555505554983392e+04 1.013550860959180122e+00
6.075555531561051612e+04 9.889027963761782836e-01
6.075555557567121286e+04 1.024388456273247261e+00
6.075555583573190961e+04 9.376137608858617911e-01
6.075555609579260636e+04 1.033619498191556074e+00
6.075555635585329583e+04 9.953405211595989233e-01
6.075555661591398530e+04 1.001806207194802179e+00
6.075555687597468204e+04 9.884055927313062373e-01
6.075555713603537879e+04 1.011538558243597175e+00
6.075555739609607554e+04 1.013371116411801554e+00
6.075555765615676501e+04 9.694477377811114849e-01
6.075555791621745448e+04 9.383750192888683506e-01
6.075555817627815122e+04 9.420454396714980083e-01
6.075555843633884797e+04 9.804163252610458290e-01
6.075555869639953016e+04 1.015386242678675721e+00
6.075555895646022691e+04 9.761822753809944464e-01
6.075555921652092366e+04 1.011342730167471782e+00
6.075555947658162040e+04 9.506500120544109089e-01
6.075555973664230987e+04 1.045205308585443804e+00
6.075555999670299934e+04 1.062321010704773361e+00
6.075556025676369609e+04 9.880221368431224560e-01
6.075556051682439283e+04 9.950135159735670198e-01
6.075556077688508958e+04 9.793200871131371166e-01
6.075556103694577905e+04 9.673951692717077666e-01
6.075556129700646852e+04 9.993472752503119727e-01
6.075556155706716527e+04 9.697333338176070683e-01
6.075556181712786201e+04 1.010908472664933111e+00
6.075556207718854421e+04 9.625151714131583436e-01
6.075556233724924095e+04 9.679414486201887158e-01
6.075556259730993770e+04 1.023953002251710709e+00
6.075556285737063445e+04 1.027403946351298059e+00
6.075556311743133119e+04 9.659818137401663396e-01
6.075556337749201339e+04 9.307712187125006809e-01
6.075556504896522529e+04 1.010727467194185492e+00
6.075556530902591476e+04 1.025962085271649338e+00
6.075556556908661150e+04 9.992593908527234170e-01
6.075556582914730097e+04 1.012319417898215335e+00
6.075556608920799772e+04 1.023512146119011312e+00
6.075556634926869447e+04 9.948076392448369498e-01
6.075556660932938394e+04 1.033749823644644961e+00
6.075556686939008068e+04 9.476583254002378665e-01
6.075556712945077015e+04 9.897225301369906303e-01
6.075556738951146690e+04 1.008461568618937321e+00
6.075556764957216365e+04 1.027489250318862402e+00
6.075556790963285312e+04 1.019935971989406331e+00
6.075556816969354986e+04 9.888834490168073588e-01
6.075556842975423933e+04 9.801230124154508561e-01
6.075556868981492880e+04 1.012288456417577587e+00
6.075556894987563282e+04 9.851047354047057780e-01
6.075556920993632230e+04 9.684661328172223804e-01
6.075556946999701904e+04 1.016616414343155972e+00
6.075556973005770851e+04 9.878623776935163692e-01
6.075556999011839798e+04 1.007571769814252338e+00
6.075557025017909473e+04 1.032390808246192782e+00
6.075557051023979147e+04 9.781123151718165154e-01
6.075557077030048822e+04 9.868388034968222922e-01
6.075557103036117769e+04 1.021083471288497968e+00
6.075557129042186716e+04 1.003862031576378655e+00
6.075557155048256391e+04 9.638120142947527169e-01
6.075557181054326065e+04 1.014215250632735099e+00
6.075557207060395740e+04 9.680852747514561152e-01
6.075557233066464687e+04 9.721581564015835397e-01
6.075557259072533634e+04 9.992008801260920947e-01
6.075557285078603309e+04 9.939180259447385479e-01
6.075557311084672983e+04 9.957898956600299556e-01
6.075557337090741930e+04 9.763682986563642086e-01
6.075557363096811605e+04 1.037501583229277102e+00
6.075557389102880552e+04 9.846306810631720863e-01
6.075557415108950227e+04 9.849158959533051982e-01
6.075557441115019901e+04 9.871126713216558102e-01
6.075557467121088848e+04 1.046589251649955310e+00
6.075557493127158523e+04 9.783641808852274746e-01
6.075557519133227470e+04 9.849927704767440506e-01
6.075557545139297144e+04 1.016491552166243872e+00
6.075557571145366819e+04 9.896941442918377740e-01
6.075557597151435766e+04 1.004984441041643528e+00
6.075557623157505441e+04 1.017406066532262621e+00
6.075557649163575115e+04 1.007387616784259921e+00
6.075557675169643335e+04 9.654273452311428194e-01
6.075557701175713009e+04 9.519354925351622976e-01
6.075557727181782684e+04 1.010993170505919636e+00
6.075557753187852359e+04 9.648776033880108738e-01
6.075557779193922033e+04 9.497094975078935741e-01
6.075557805199990980e+04 9.828332292377347512e-01
6.075557831206059927e+04 9.654130678737908866e-01
6.075557857212129602e+04 9.546425582063604587e-01
6.075557883218199277e+04 9.655123482996325057e-01
6.075557909224268951e+04 9.670644150387637250e-01
6.075557935230337898e+04 9.475154782458127256e-01
6.075557961236407573e+04 1.015913675575674802e+00
6.075557987242476520e+04 9.644104934570827403e-01
6.075558013248546195e+04 1.020564083588781701e+00
6.075558039254615869e+04 9.872738716459182884e-01
6.075558065260684816e+04 1.001268648314981302e+00
6.075558091266754491e+04 1.013649551320330078e+00
6.075558117272824165e+04 1.011695617588196816e+00
6.075558143278892385e+04 1.008327481592776742e+00
6.075558169284962059e+04 9.738666341961156325e-01
6.075558195291031734e+04 1.036967290699604360e+00
6.075558221297101409e+04 9.633793269600696707e-01
6.075558247303171083e+04 9.766001282146870022e-01
6.075558273309240030e+04 1.019849510417593752e+00
6.075558299315309705e+04 9.847564564187314406e-01
6.075558325321378652e+04 9.547976224390283262e-01
6.075558351327448327e+04 1.029791793853538584e+00
6.075558377333518001e+04 9.800007608002302417e-01
6.075558403339586948e+04 9.997339734366110786e-01
6.075558429345656623e+04 1.026121122489727089e+00
6.075558455351726298e+04 1.001494847833319435e+00
6.075558481357794517e+04 1.017474945874646153e+00
6.075558507363864192e+04 1.036671449176414850e+00
6.075558533369933866e+04 1.010998395585216869e+00
6.075558559376003541e+04 1.001437209087785218e+00
6.075558585382073215e+04 1.053612930279203663e+00
6.075558611388142162e+04 9.692891399087129045e-01
6.075558637394211837e+04 9.833909375782472484e-01
6.075558663400280784e+04 9.910313895650566529e-01
6.075558689406350459e+04 9.588577864886744795e-01
6.075558715412420133e+04 9.519113898775314331e-01
6.075558741418489080e+04 9.874311382189936426e-01
6.075558767424558755e+04 9.857641679724030714e-01
6.075558793430628430e+04 1.050061265415229039e+00
6.075558819436697377e+04 1.014293470759283666e+00
6.075558845442767051e+04 1.060330160025842794e+00
6.075558871448835998e+04 9.824805511041639905e-01
6.075558897454905673e+04 9.746355168823335191e-01
6.075558923460975348e+04 1.013593699362592915e+00
6.075558949467044295e+04 9.561068477267261612e-01
6.075558975473113969e+04 9.850062231180043426e-01
6.075559001479183644e+04 9.889011893470333048e-01
6.075559027485253318e+04 9.960584929583461422e-01
6.075559053491322265e+04 1.009365785916802594e+00
6.075559079497391212e+04 9.792037249405012300e-01
6.075559105503460887e+04 1.003431609973818528e+00
6.075559131509530562e+04 1.006796452945783571e+00
6.075559157515600236e+04 9.511644353863111245e-01
6.075559183521669911e+04 9.646887047939458615e-01
6.075559209527738858e+04 9.790015530168492131e-01
6.075559235533808533e+04 1.000476957831053282e+00
6.075559261539877480e+04 9.992576066075675723e-01
6.075559287545946427e+04 1.038167751499416980e+00
6.075559313552016101e+04 1.006875225504742399e+00
6.075559339558085776e+04 1.053356253280877342e+00
6.075559494101491873e+04 9.993248234579905631e-01
6.075559520107561548e+04 1.037973204737657973e+00
6.075559546113631222e+04 1.043365873999048121e+00
6.075559572119700897e+04 1.013289330633435181e+00
6.075559598125769844e+04 9.950715520176621753e-01
6.075559624131839519e+04 1.017632163690984859e+00
6.075559650137908466e+04 9.795782620140802699e-01
6.075559676143977413e+04 9.794278195035310830e-01
6.075559702150047087e+04 1.009918569541683020e+00
6.075559728156116762e+04 1.019137818001222273e+00
6.075559754162186437e+04 1.004189841150015416e+00
6.075559780168256111e+04 9.719131642186829012e-01
6.075559806174325058e+04 1.004722124381628667e+00
6.075559832180394733e+04 1.007097482508960473e+00
6.075559858186464407e+04 9.922067663286465722e-01
6.075559884192533355e+04 9.488987720462072062e-01
6.075559910198603029e+04 1.004758207957929361e+00
6.075559936204671976e+04 9.719522095950623441e-01
6.075559962210741651e+04 9.610260435087674136e-01
6.075559988216811325e+04 9.658264292034737242e-01
6.075560014222880272e+04 1.060284267543728731e+00
6.075560040228950675e+04 9.456297402582939382e-01
6.075560066235019622e+04 1.016299336523582841e+00
6.075560092241089296e+04 9.539760817492128897e-01
6.075560118247158971e+04 9.594940807729287480e-01
6.075560144253227918e+04 1.000229902545779481e+00
6.075560170259296865e+04 1.013371155843219906e+00
6.075560196265366540e+04 9.941123781541040261e-01
6.075560222271436214e+04 9.629577889139587787e-01
6.075560248277505889e+04 1.014810380138693624e+00
6.075560274283574836e+04 9.890468489541756059e-01
6.075560300289644510e+04 9.640400146857528441e-01
6.075560326295714185e+04 9.784303081179411832e-01
6.075560352301783860e+04 1.000019589811527387e+00
6.075560378307853534e+04 9.602908832414130957e-01
6.075560404313922481e+04 9.867673978104983812e-01
6.075560430319992156e+04 1.019005114314377680e+00
6.075560456326061831e+04 9.746261249078759237e-01
6.075560482332130050e+04 9.705791338312848016e-01
6.075560508338199725e+04 9.773607962185594245e-01
6.075560534344269399e+04 1.012202799350479188e+00
6.075560560350339074e+04 9.539550857884594448e-01
6.075560586356408749e+04 1.004086534769015548e+00
6.075560612362477696e+04 1.004933509802743874e+00
6.075560638368547370e+04 9.655629940439452996e-01
6.075560664374617045e+04 9.540279381112651835e-01
6.075560690380686719e+04 1.032076670518678352e+00
6.075560716386756394e+04 9.988216506810778661e-01
6.075560742392825341e+04 1.029580345342937964e+00
6.075560768398895016e+04 1.003723715910087133e+00
6.075560794404964690e+04 9.848476201071397762e-01
6.075560820411032910e+04 9.682465517004341660e-01
6.075560846417102584e+04 1.017187620612302057e+00
6.075560872423172259e+04 9.591105868168495752e-01
6.075560898429241934e+04 1.055330380971153170e+00
6.075560924435311608e+04 9.694549942198915637e-01
6.075560950441380555e+04 9.818623435433103674e-01
6.075560976447450230e+04 9.526662774772144404e-01
6.075561002453519905e+04 9.792501617759971078e-01
6.075561028459589579e+04 1.005481545348536621e+00
6.075561054465659254e+04 9.874927610820409818e-01
6.075561080471728201e+04 1.028473064403935489e+00
6.075561106477797875e+04 9.810900964166100469e-01
6.075561132483867550e+04 9.997164519256076520e-01
6.075561158489937225e+04 1.030724521720193465e+00
6.075561184496006899e+04 9.592708448777259589e-01
6.075561210502075846e+04 9.585461992889175997e-01
6.075561236508144793e+04 1.010118311486846387e+00
6.075561262514214468e+04 1.013011935179267020e+00
6.075561288520283415e+04 1.070748637676552262e+00
6.075561314526353090e+04 1.062783007414167091e+00
6.075561340532422764e+04 9.803733904571018121e-01
6.075561366538492439e+04 1.015963897339311028e+00
6.075561392544562113e+04 9.962502380759059584e-01
6.075561418550631060e+04 1.041261278461275808e+00
6.075561444556700735e+04 1.011713446202470390e+00
6.075561470562770410e+04 1.014521694643826688e+00
6.075561496568840084e+04 1.011259502744146666e+00
6.075561522574909759e+04 1.006070876989944685e+00
6.075561548580978706e+04 9.843180771101457394e-01
6.075561574587048381e+04 1.021222156395561909e+00
6.075561600593118055e+04 1.006777697343507194e+00
6.075561626599187002e+04 9.536685522931358516e-01
6.075561652605256677e+04 9.936912558901949133e-01
6.075561678611326352e+04 1.024334745152871706e+00
6.075561704617396026e+04 1.023623262753134755e+00
6.075561730623465701e+04 9.790128498351200470e-01
6.075561756629534648e+04 9.958923199716577246e-01
6.075561782635604322e+04 1.014038465541254430e+00
6.075561808641673269e+04 1.028667182321676865e+00
6.075561834647742944e+04 9.834786378188064004e-01
6.075561860653812619e+04 9.489249919888230744e-01
6.075561886659881566e+04 1.047245160951015608e+00
6.075561912665951240e+04 9.969667619930812075e-01
6.075561938672020915e+04 9.583425680846544559e-01
6.075561964678089862e+04 9.339146217411082862e-01
6.075561990684160264e+04 1.023205787124017885e+00
6.075562016690229211e+04 1.015341919554269445e+00
6.075562042696298886e+04 1.000912855421448810e+00
6.075562068702368560e+04 9.896884563585097716e-01
6.075562094708437508e+04 9.666785312239041250e-01
6.075562120714507182e+04 9.948153124448082529e-01
6.075562146720576857e+04 1.011155773296428695e+00
6.075562172726646531e+04 1.010095129770139932e+00
6.075562198732716206e+04 9.957329606034814873e-01
6.075562224738785153e+04 9.859524730343524057e-01
6.075562250744854828e+04 9.693966803691119738e-01
6.075562276750924502e+04 9.693174736366031441e-01
6.075562302756994177e+04 9.864509684135119860e-01
6.075562328763063852e+04 1.003119951439790158e+00
6.075562490904599690e+04 1.041494376805223387e+00
6.075562516909990518e+04 9.849457099624527867e-01
6.075562542915379890e+04 1.010990048803007468e+00
6.075562568920769263e+04 9.896449517739843715e-01
6.075562594926160091e+04 1.009599049417701178e+00
6.075562620931549463e+04 1.015183529243392613e+00
6.075562646936939564e+04 9.886228275697788170e-01
6.075562672942329664e+04 1.004126003014364610e+00
6.075562698947719036e+04 9.824337017395620153e-01
6.075562724953109864e+04 1.023866294924025144e+00
6.075562750958499237e+04 9.842798942341545176e-01
6.075562776963889337e+04 9.653813104616515428e-01
6.075562802969280165e+04 9.629648247206143985e-01
6.075562828974669537e+04 1.024433712549559505e+00
6.075562854980059637e+04 9.941090932441951633e-01
6.075562880985449738e+04 1.038710341996080588e+00
6.075562906990839110e+04 9.901236977910506942e-01
6.075562932996229938e+04 1.009511821715374014e+00
6.075562959001619311e+04 9.352325319296985739e-01
6.075562985007009411e+04 9.713452594691146524e-01
6.075563011012399511e+04 1.024654552185607415e+00
6.075563037017788884e+04 9.220633219394155367e-01
6.075563063023179711e+04 1.056601680033415702e+00
6.075563089028569084e+04 1.032544666300833525e+00
6.075563115033958456e+04 1.025607483023603272e+00
6.075563141039349284e+04 9.905205404859381835e-01
6.075563167044738657e+04 1.028494882920667930e+00
6.075563193050128757e+04 1.007406002902275111e+00
6.075563219055518857e+04 1.008654615059151549e+00
6.075563245060908230e+04 1.018384014423961981e+00
6.075563271066299058e+04 9.887722018814573133e-01
6.075563297071688430e+04 9.839237412837347208e-01
6.075563323077078530e+04 1.042066924350965262e+00
6.075563349082468631e+04 9.924533368069020645e-01
6.075563375087858003e+04 1.010330851771278571e+00
6.075563401093248831e+04 1.011850710801628139e+00
6.075563427098638203e+04 1.069651645812105700e+00
6.075563453104027576e+04 1.025676589063304833e+00
6.075563479109418404e+04 1.013422798895920129e+00
6.075563505114807776e+04 9.875339668704415930e-01
6.075563531120197877e+04 9.868522618672692648e-01
6.075563557125588704e+04 1.013337924900427955e+00
6.075563583130978077e+04 1.034975566661599400e+00
6.075563609136368905e+04 9.913337234427505029e-01
6.075563635141758277e+04 1.009121638854030500e+00
6.075563661147148377e+04 1.016021879508100190e+00
6.075563687152538478e+04 9.968801997735176057e-01
6.075563713157927850e+04 1.042880758571463007e+00
6.075563739163318678e+04 9.898364988137451359e-01
6.075563765168708051e+04 1.017487861023181672e+00
6.075563791174097423e+04 9.880903008965494783e-01
6.075563817179488251e+04 1.019619070963754481e+00
6.075563843184877624e+04 1.004420653088696103e+00
6.075563869190267724e+04 1.003319558813252854e+00
6.075563895195657824e+04 1.022465848644278807e+00
6.075563921201047197e+04 9.845967032140372499e-01
6.075563947206438024e+04 1.001766032531518968e+00
6.075563973211827397e+04 1.011644984923661506e+00
6.075563999217217497e+04 1.024574990708374100e+00
6.075564025222608325e+04 1.036062445072005289e+00
6.075564051227997697e+04 1.023581805817865620e+00
6.075564077233388525e+04 9.841816123975161146e-01
6.075564103238777898e+04 1.029541080594654767e+00
6.075564129244167270e+04 1.007122800145763719e+00
6.075564155249558098e+04 9.861657932871515930e-01
6.075564181254947471e+04 1.012265476100263628e+00
6.075564207260337571e+04 1.027011819473336640e+00
6.075564233265727671e+04 1.014022285234164267e+00
6.075564259271117044e+04 9.995834326481842780e-01
6.075564285276507871e+04 1.021963078591598961e+00
6.075564311281897244e+04 1.021454328117994637e+00
6.075564337287286617e+04 1.020431320220205773e+00
6.075564363292677444e+04 1.005885687262501271e+00
6.075564389298066817e+04 1.009246296325494896e+00
6.075564415303458372e+04 9.907894391789429100e-01
6.075564441308847745e+04 9.508880469453191431e-01
6.075564467314237118e+04 1.021974378073806422e+00
6.075564493319627945e+04 9.950427643587546056e-01
6.075564519325017318e+04 9.886560121564631487e-01
6.075564545330407418e+04 1.045325392971037548e+00
6.075564571335797518e+04 1.027333899743309686e+00
6.075564597341186891e+04 9.684286910581625385e-01
6.075564623346577719e+04 1.009592757292354426e+00
6.075564649351967091e+04 1.033727945629401734e+00
6.075564675357356464e+04 1.048532123366418656e+00
6.075564701362747292e+04 1.042294563823885856e+00
6.075564727368136664e+04 1.033801115162522155e+00
6.075564753373527492e+04 9.922925544123620822e-01
6.075564779378917592e+04 1.021019777793559680e+00
6.075564805384306965e+04 9.271980816250616764e-01
6.075564831389697792e+04 1.012885348404811259e+00
6.075564857395087165e+04 9.765112949496884687e-01
6.075564883400477265e+04 1.050514681694835861e+00
6.075564909405867365e+04 9.922696995692424915e-01
6.075564935411256738e+04 1.009245223187540841e+00
6.075564961416647566e+04 1.009528177560699236e+00
6.075564987422036938e+04 1.023615366462262033e+00
6.075565013427426311e+04 9.801607557746268018e-01
6.075565039432817866e+04 1.035699979070858978e+00
6.075565065438207239e+04 1.017196100621904575e+00
6.075565091443597339e+04 1.029096507395753646e+00
6.075565117448987439e+04 9.956280841139529825e-01
6.075565143454376812e+04 9.977767423596273222e-01
6.075565169459767640e+04 1.000568083122578944e+00
6.075565195465157012e+04 1.034070229600389412e+00
6.075565221470547112e+04 9.657781638051363693e-01
6.075565247475937213e+04 1.000975491437825049e+00
6.075565273481326585e+04 1.000571752000048109e+00
6.075565299486718141e+04 1.020094917789017064e+00
6.075565325492107513e+04 1.008674048959632197e+00
6.075565492676799477e+04 1.028627182445138732e+00
6.075565518682868424e+04 1.012561220057476508e+00
6.075565544688938098e+04 1.027626177366814941e+00
6.075565570695007773e+04 1.016728508382160667e+00
6.075565596701077448e+04 1.024410734635184284e+00
6.075565622707147122e+04 1.031671171356455918e+00
6.075565648713216069e+04 1.020884698932999601e+00
6.075565674719285744e+04 1.012489263247280169e+00
6.075565700725356146e+04 9.918281058180962173e-01
6.075565726731425821e+04 1.024649917981851122e+00
6.075565752737495495e+04 9.903765876231602761e-01
6.075565778743564442e+04 1.013518073677901699e+00
6.075565804749634117e+04 9.752368097425916371e-01
6.075565830755703792e+04 1.024603591283059112e+00
6.075565856761772739e+04 1.037391215988861193e+00
6.075565882767842413e+04 1.019068217103819673e+00
6.075565908773912088e+04 9.914962417123946992e-01
6.075565934779981762e+04 9.951324016837939102e-01
6.075565960786051437e+04 1.046641489748473042e+00
6.075565986792121112e+04 1.066236001326348770e+00
6.075566012798190786e+04 9.950189237977467016e-01
6.075566038804260461e+04 1.005483036706371403e+00
6.075566064810330136e+04 9.809599501707485514e-01
6.075566090816399810e+04 1.018708294097297573e+00
6.075566116822468757e+04 9.819682376339127217e-01
6.075566142828538432e+04 1.013001043494189402e+00
6.075566168834608106e+04 9.263136060821145490e-01
6.075566194840677781e+04 1.003912143382190925e+00
6.075566220846748183e+04 1.024612742590661707e+00
6.075566246852817130e+04 1.021880053718684511e+00
6.075566272858886805e+04 9.994897730873552044e-01
6.075566298864956480e+04 1.017681863448588464e+00
6.075566324871025427e+04 1.006782568916393172e+00
6.075566350877095101e+04 1.021088000892228731e+00
6.075566376883164776e+04 1.045307940221513521e+00
6.075566402889234450e+04 1.040923045567278216e+00
6.075566428895304125e+04 9.966801539293819179e-01
6.075566454901373800e+04 1.005170267324980493e+00
6.075566480907443474e+04 1.046983894851115648e+00
6.075566506913513149e+04 1.003817842753347067e+00
6.075566532919582824e+04 9.885184691160635584e-01
6.075566558925652498e+04 9.803904424943585827e-01
6.075566584931721445e+04 1.032954829025658050e+00
6.075566610937791120e+04 9.996089839528956578e-01
6.075566636943860794e+04 1.002745855703368383e+00
6.075566662949930469e+04 1.034871458746273287e+00
6.075566688956000144e+04 1.028506047201939611e+00
6.075566714962069818e+04 1.051957455938927533e+00
6.075566740968139493e+04 1.041014756988348777e+00
6.075566766974209168e+04 9.807119792763304700e-01
6.075566792980278115e+04 9.613080639122590920e-01
6.075566818986347789e+04 1.029652715579483679e+00
6.075566844992417464e+04 1.030886136479432835e+00
6.075566870998487866e+04 9.988658508348080556e-01
6.075566897004557541e+04 9.778600067481287850e-01
6.075566923010626488e+04 1.035987759181798085e+00
6.075566949016696162e+04 1.031234753777382496e+00
6.075566975022765837e+04 9.897749108419147124e-01
6.075567001028834784e+04 1.025992881099104137e+00
6.075567027034905186e+04 1.043220705222621447e+00
6.075567053040974133e+04 9.643047857227101671e-01
6.075567079047044535e+04 1.011220784651491122e+00
6.075567105053114210e+04 1.004213910239586616e+00
6.075567131059183157e+04 1.001222622703644261e+00
6.075567157065252832e+04 1.019474650316711362e+00
6.075567183071322506e+04 1.006362656006543510e+00
6.075567209077392181e+04 1.021843126471948082e+00
6.075567235083461856e+04 1.014960451786936613e+00
6.075567261089531530e+04 9.979692656861135491e-01
6.075567287095601205e+04 1.008840781080043492e+00
6.075567313101670879e+04 1.041981260756067007e+00
6.075567339107740554e+04 1.027517328544508945e+00
6.075567365113810229e+04 1.026344132878250326e+00
6.075567391119879176e+04 1.036362301991189394e+00
6.075567417125948850e+04 9.919594484648577293e-01
6.075567443132019253e+04 1.010198025721418702e+00
6.075567469138088200e+04 1.028337012141109730e+00
6.075567495144157874e+04 1.016302514761638021e+00
6.075567521150227549e+04 9.696230992630912038e-01
6.075567547156297223e+04 9.819961591254180444e-01
6.075567573162366898e+04 1.030280217073188842e+00
6.075567599168436573e+04 1.014268991468250780e+00
6.075567625174506247e+04 1.015063583737652042e+00
6.075567651180575922e+04 9.974366553701505822e-01
6.075567677186645597e+04 1.019095113159685484e+00
6.075567703192715271e+04 1.021037131985532254e+00
6.075567729198784218e+04 9.923301703510611915e-01
6.075567755204853893e+04 1.045619741268380531e+00
6.075567781210924295e+04 1.022932300498738067e+00
6.075567807216993242e+04 1.063216092240358623e+00
6.075567833223062917e+04 1.017333662104476177e+00
6.075567859229132591e+04 1.009798757743046282e+00
6.075567885235202266e+04 9.933136854590779441e-01
6.075567911241271941e+04 1.009182226500053625e+00
6.075567937247341615e+04 1.002458537734452593e+00
6.075567963253411290e+04 1.037845914964904193e+00
6.075567989259480964e+04 1.027895951759298265e+00
6.075568015265550639e+04 9.996825620012338431e-01
6.075568041271620314e+04 9.808662778649975822e-01
6.075568067277689261e+04 9.727016428426149552e-01
6.075568093283759663e+04 1.003098069958013205e+00
6.075568119289829338e+04 1.014623034359246168e+00
6.075568145295898285e+04 1.040909003586326431e+00
6.075568171301968687e+04 9.869025034275124009e-01
6.075568197308037634e+04 9.761714081523403808e-01
6.075568223314107308e+04 1.021880594068316883e+00
6.075568249320177711e+04 9.938897775797125300e-01
6.075568275326246658e+04 1.026486921678323450e+00
6.075568301332316332e+04 1.042804929986665519e+00
6.075568327338386007e+04 1.040166844518189304e+00
6.075568483179301256e+04 1.040795698075205777e+00
6.075568509184680443e+04 9.998763065895467372e-01
6.075568535190059629e+04 9.701525787702648396e-01
6.075568561195438815e+04 9.956560544045222061e-01
6.075568587200818729e+04 1.041203437747465488e+00
6.075568613206199370e+04 9.940291895296999858e-01
6.075568639211578557e+04 1.018423786260753250e+00
6.075568665216957743e+04 1.021932931320856941e+00
6.075568691222336929e+04 1.023436751462054373e+00
6.075568717227716115e+04 1.040015371475412786e+00
6.075568743233096029e+04 1.017183104600063004e+00
6.075568769238475215e+04 9.866288631348812954e-01
6.075568795243854402e+04 1.013381948420639223e+00
6.075568821249233588e+04 1.068363357136586700e+00
6.075568847254613502e+04 1.032182480610534414e+00
6.075568873259992688e+04 9.601706029921935892e-01
6.075568899265372602e+04 9.957384361921965965e-01
6.075568925270752516e+04 9.892053378949814402e-01
6.075568951276131702e+04 1.050420724096860825e+00
6.075568977281511616e+04 1.008048254494783080e+00
6.075569003286890802e+04 1.002627874923800455e+00
6.075569029292269988e+04 1.025795558590715029e+00
6.075569055297649174e+04 9.922641884008602808e-01
6.075569081303029088e+04 1.011233844449766162e+00
6.075569107308408275e+04 1.029460348028485628e+00
6.075569133313787461e+04 1.047026699734816546e+00
6.075569159319166647e+04 1.016008531578507901e+00
6.075569185324547288e+04 1.001525833446038849e+00
6.075569211329927202e+04 9.823392337205439917e-01
6.075569237335306389e+04 1.011315141787637151e+00
6.075569263340685575e+04 1.028526536909821987e+00
6.075569289346064761e+04 1.000937964274664971e+00
6.075569315351444675e+04 9.832443416809870662e-01
6.075569341356823861e+04 1.005696877970103653e+00
6.075569367362203047e+04 1.002432087406644357e+00
6.075569393367582234e+04 9.796365855239628218e-01
6.075569419372962147e+04 9.981141280534533422e-01
6.075569445378341334e+04 1.035401958271813916e+00
6.075569471383720520e+04 1.041020698594915084e+00
6.075569497389100434e+04 1.002576808843008926e+00
6.075569523394481075e+04 1.028218262687680129e+00
6.075569549399860261e+04 9.942701868487731076e-01
6.075569575405239448e+04 1.010395962018472371e+00
6.075569601410618634e+04 1.004233262738501109e+00
6.075569627415998548e+04 9.819431515571539482e-01
6.075569653421377734e+04 9.619987554221712811e-01
6.075569679426756920e+04 9.968803758523226977e-01
6.075569705432136107e+04 1.007585394267144885e+00
6.075569731437516020e+04 1.025511746029613480e+00
6.075569757442895207e+04 9.767451498557047085e-01
6.075569783448274393e+04 1.008311637521026149e+00
6.075569809453654307e+04 1.013701529063564033e+00
6.075569835459034948e+04 9.753088250186255914e-01
6.075569861464414134e+04 1.019985647504164872e+00
6.075569887469793321e+04 1.004244804379959666e+00
6.075569913475172507e+04 9.913724836451749400e-01
6.075569939480552421e+04 1.004931505143150883e+00
6.075569965485931607e+04 9.689323240328945319e-01
6.075569991491310793e+04 9.985413324725609385e-01
6.075570017496689979e+04 1.012082857915398870e+00
6.075570043502069893e+04 1.022269266981413294e+00
6.075570069507449080e+04 9.805851912945079407e-01
6.075570095512828993e+04 9.979311414940483793e-01
6.075570121518208907e+04 9.478996083919176696e-01
6.075570147523588821e+04 9.788041111579224296e-01
6.075570173528968007e+04 1.042668868447072184e+00
6.075570199534347194e+04 1.001857289431396181e+00
6.075570225539727107e+04 9.986081891931271048e-01
6.075570251545106294e+04 9.718364836960908804e-01
6.075570277550485480e+04 9.785673577972462400e-01
6.075570303555864666e+04 1.023631775612545258e+00
6.075570329561244580e+04 1.010522787943473944e+00
6.075570355566623766e+04 9.945704521632106054e-01
6.075570381572002952e+04 1.033853454784345649e+00
6.075570407577382866e+04 1.031924880422444790e+00
6.075570433582763508e+04 1.019030743889107749e+00
6.075570459588142694e+04 1.022260920117520566e+00
6.075570485593521880e+04 9.949692154158205071e-01
6.075570511598901066e+04 1.030360627864470580e+00
6.075570537604280980e+04 1.017579672674100877e+00
6.075570563609660167e+04 1.038678152152943790e+00
6.075570589615039353e+04 1.042969406371098584e+00
6.075570615620419267e+04 9.712243122797522554e-01
6.075570641625798453e+04 1.022235489328022551e+00
6.075570667631177639e+04 9.423319778984042827e-01
6.075570693636557553e+04 1.003881317054506450e+00
6.075570719641938194e+04 1.056515573465915958e+00
6.075570745647317381e+04 1.047294252899263034e+00
6.075570771652696567e+04 1.024559001561204941e+00
6.075570797658076481e+04 1.016293973924286220e+00
6.075570823663455667e+04 9.900159755223761904e-01
6.075570849668834853e+04 1.009848082961975591e+00
6.075570875674214039e+04 9.906274152417902101e-01
6.075570901679593953e+04 1.011546314868732255e+00
6.075570927684973140e+04 1.007346126768927874e+00
6.075570953690352326e+04 9.984179781236480755e-01
6.075570979695732240e+04 1.022647956932241531e+00
6.075571005701112153e+04 1.004723681245105027e+00
6.075571031706492067e+04 9.882308234000554137e-01
6.075571057711871254e+04 1.000693199817748180e+00
6.075571083717251167e+04 1.017384068452896084e+00
6.075571109722630354e+04 1.018848326997345177e+00
6.075571135728009540e+04 1.005832726478080863e+00
6.075571161733389454e+04 1.041759986410565775e+00
6.075571187738768640e+04 1.009695315245679348e+00
6.075571213744147826e+04 1.074178724764795367e+00
6.075571239749527740e+04 1.020161829641962781e+00
6.075571265754906926e+04 1.000202338191446882e+00
6.075571291760286840e+04 1.049196901995892439e+00
6.075571317765666754e+04 1.019921319930895409e+00
6.075571474868715450e+04 1.026013458544082324e+00
6.075571500874785124e+04 1.030850342725191382e+00
6.075571526880854799e+04 9.766972880879241092e-01
6.075571552886924474e+04 1.040431569924903377e+00
6.075571578892994148e+04 9.925938525965568582e-01
6.075571604899063823e+04 1.037156991172023979e+00
6.075571630905133497e+04 1.010472110330290496e+00
6.075571656911203172e+04 1.047756190943574861e+00
6.075571682917273574e+04 1.058203198098173647e+00
6.075571708923342521e+04 1.022059761038643044e+00
6.075571734929412196e+04 1.021971285832047771e+00
6.075571760935482598e+04 1.024465753730903206e+00
6.075571786941552273e+04 9.418169306217188952e-01
6.075571812947621947e+04 1.000041665251465872e+00
6.075571838953690894e+04 9.879639468410812420e-01
6.075571864959761297e+04 1.016392290979390101e+00
6.075571890965830971e+04 1.049816022072500576e+00
6.075571916971899918e+04 1.008467695099695360e+00
6.075571942977970320e+04 1.002748498420499290e+00
6.075571968984039995e+04 9.854919096936397560e-01
6.075571994990109670e+04 9.718099513929260302e-01
6.075572020996180072e+04 9.808046006584779652e-01
6.075572047002249019e+04 9.919228762734968452e-01
6.075572073008318694e+04 1.009878602321425012e+00
6.075572099014388368e+04 1.010520409300163847e+00
6.075572125020458770e+04 1.006157248810601645e+00
6.075572151026528445e+04 1.019351821478369002e+00
6.075572177032597392e+04 9.815082292499333061e-01
6.075572203038667794e+04 9.968969083669017017e-01
6.075572229044737469e+04 1.025959628668988266e+00
6.075572255050806416e+04 1.009834895089627205e+00
6.075572281056877546e+04 1.026115413903741169e+00
6.075572307062946493e+04 1.041332350736596135e+00
6.075572333069016167e+04 1.000983093028311899e+00
6.075572359075086570e+04 1.045570354544391956e+00
6.075572385081155517e+04 1.014687466717904440e+00
6.075572411087225191e+04 1.059351347199371851e+00
6.075572437093294866e+04 1.028223670791697186e+00
6.075572463099365268e+04 9.909363109146158699e-01
6.075572489105434943e+04 9.581058813458545043e-01
6.075572515111503890e+04 9.911784893893444970e-01
6.075572541117574292e+04 9.820151045610785445e-01
6.075572567123643967e+04 9.956464908723287044e-01
6.075572593129713641e+04 9.962985218086342076e-01
6.075572619135784043e+04 1.066783043017474286e+00
6.075572645141852990e+04 1.050077063020061097e+00
6.075572671147922665e+04 1.018071455179811569e+00
6.075572697153993067e+04 1.012361969228131375e+00
6.075572723160062014e+04 1.015693237715605601e+00
6.075572749166131689e+04 9.876027567423807385e-01
6.075572775172202091e+04 9.938918100070101014e-01
6.075572801178271766e+04 1.036316951218684945e+00
6.075572827184341440e+04 1.002987407175518486e+00
6.075572853190411115e+04 9.786132158463604069e-01
6.075572879196480790e+04 1.020912436119301603e+00
6.075572905202550464e+04 1.033082333563652311e+00
6.075572931208620867e+04 1.013031176890792473e+00
6.075572957214690541e+04 9.901980481196965833e-01
6.075572983220759488e+04 1.040197001350101624e+00
6.075573009226829890e+04 1.009187413700503022e+00
6.075573035232899565e+04 1.041091668258346870e+00
6.075573061238968512e+04 1.003897184745198068e+00
6.075573087245038914e+04 9.773514282373358952e-01
6.075573113251108589e+04 1.003621799074567500e+00
6.075573139257178264e+04 1.019796196346006045e+00
6.075573165263248666e+04 9.709309971575016407e-01
6.075573191269317613e+04 1.017909734956115253e+00
6.075573217275387287e+04 9.722720135112159490e-01
6.075573243281457690e+04 1.004211635353785548e+00
6.075573269287527364e+04 1.014377578418544923e+00
6.075573295293597039e+04 9.662101837631404955e-01
6.075573321299666713e+04 9.775292767115997261e-01
6.075573347305736388e+04 1.009909385914533386e+00
6.075573373311806063e+04 1.020173299391228694e+00
6.075573399317875737e+04 1.024062225399023918e+00
6.075573425323946140e+04 1.020313598863716420e+00
6.075573451330015087e+04 1.017133487976356054e+00
6.075573477336085489e+04 1.028321668179843051e+00
6.075573503342155163e+04 9.894664221097030365e-01
6.075573529348224110e+04 1.034395837962117870e+00
6.075573555354294513e+04 1.011381094395480851e+00
6.075573581360364187e+04 1.028173970604843612e+00
6.075573607366434589e+04 9.919033424117357223e-01
6.075573633372504264e+04 1.028256587851553938e+00
6.075573659378573211e+04 1.026815825332003440e+00
6.075573685384643613e+04 1.027765647673533511e+00
6.075573711390713288e+04 9.936689671588364581e-01
6.075573737396782963e+04 1.008108563656763934e+00
6.075573763402853365e+04 9.946251736990294745e-01
6.075573789408922312e+04 1.004626538043729367e+00
6.075573815414991986e+04 1.008634228732685267e+00
6.075573841421062389e+04 1.023726075196053298e+00
6.075573867427131336e+04 9.994607959446265566e-01
6.075573893433201010e+04 1.049626668534777485e+00
6.075573919439271413e+04 1.007469817371127396e+00
6.075573945445341087e+04 9.995024517378772178e-01
6.075573971451411489e+04 1.024211184654556295e+00
6.075573997457480436e+04 1.005225933740458322e+00
6.075574023463550111e+04 9.616016527939265091e-01
6.075574049469620513e+04 9.840421534522887370e-01
6.075574075475690188e+04 1.025563467332108347e+00
6.075574101481759863e+04 1.009848830032067823e+00
6.075574127487829537e+04 1.015782763405735922e+00
6.075574153493899212e+04 1.036918749124462913e+00
6.075574179499969614e+04 1.026574075511602180e+00
6.075574205506038561e+04 9.979633997918485599e-01
6.075574231512108236e+04 1.011884820834217713e+00
6.075574257518178638e+04 9.993720096987300794e-01
6.075574283524248312e+04 9.930274052223809766e-01
6.075574309530317987e+04 1.002579498825385995e+00
6.075574483016229351e+04 1.035787568763629762e+00
6.075574509021608537e+04 1.027440397180999776e+00
6.075574535026989179e+04 9.870656585945087880e-01
6.075574561032369093e+04 1.043578530604383658e+00
6.075574587037748279e+04 9.633023654400297842e-01
6.075574613043128193e+04 1.020604014121100578e+00
6.075574639048507379e+04 9.906070177447463543e-01
6.075574665053887293e+04 1.003666062521907820e+00
6.075574691059266479e+04 1.020805338610446089e+00
6.075574717064645665e+04 9.770335759350343707e-01
6.075574743070025579e+04 1.040967302777668246e+00
6.075574769075404765e+04 9.965172080428881252e-01
6.075574795080784679e+04 1.011271233155299543e+00
6.075574821086163865e+04 1.006514278007385466e+00
6.075574847091544507e+04 9.880619539125204964e-01
6.075574873096924421e+04 1.072573468300096255e+00
6.075574899102303607e+04 1.008381018869307644e+00
6.075574925107683521e+04 1.000302059185216974e+00
6.075574951113062707e+04 1.014420558368504421e+00
6.075574977118442621e+04 1.024159692535244526e+00
6.075575003123821807e+04 1.001427386911718065e+00
6.075575029129201721e+04 9.609456691294044894e-01
6.075575055134580907e+04 9.901176473144265300e-01
6.075575081139960093e+04 9.672720063358795084e-01
6.075575107145340007e+04 1.052393926416870462e+00
6.075575133150719921e+04 1.004400687614144472e+00
6.075575159156100563e+04 1.025813854954570337e+00
6.075575185161479749e+04 1.001492808990645189e+00
6.075575211166859663e+04 9.955199845448604590e-01
6.075575237172238849e+04 9.968331132924881377e-01
6.075575263177618035e+04 9.973381224682097423e-01
6.075575289182997949e+04 9.585230441659671197e-01
6.075575315188377135e+04 1.003745722879677560e+00
6.075575341193757049e+04 9.985382711643245868e-01
6.075575367199136235e+04 9.854215186777615099e-01
6.075575393204516149e+04 1.013528102473742587e+00
6.075575419209895335e+04 1.051837144513967370e+00
6.075575445215275249e+04 9.992750451119559729e-01
6.075575471220655891e+04 9.718166185996681694e-01
6.075575497226035077e+04 1.011131833003105385e+00
6.075575523231414991e+04 1.029720021963066223e+00
6.075575549236794177e+04 1.018941359382168343e+00
6.075575575242174091e+04 9.997187512553527000e-01
6.075575601247553277e+04 1.002541917504451430e+00
6.075575627252933191e+04 1.005021458905041909e+00
6.075575653258312377e+04 1.006091584440101272e+00
6.075575679263691563e+04 1.050048083017305567e+00
6.075575705269071477e+04 9.978734579842222230e-01
6.075575731274451391e+04 9.812451010089949799e-01
6.075575757279832033e+04 9.783396442792751113e-01
6.075575783285211219e+04 1.004122167231913165e+00
6.075575809290591133e+04 1.027214488414993854e+00
6.075575835295970319e+04 1.011214785605761612e+00
6.075575861301350233e+04 1.013610136264055273e+00
6.075575887306729419e+04 9.690819670468437952e-01
6.075575913312109333e+04 9.831813870422240198e-01
6.075575939317488519e+04 1.025171751074883231e+00
6.075575965322867705e+04 9.779758289116314840e-01
6.075575991328247619e+04 1.037184867890339701e+00
6.075576017333626805e+04 1.010313872142211800e+00
6.075576043339007447e+04 1.025241687867665563e+00
6.075576069344387361e+04 9.661861830311407884e-01
6.075576095349767274e+04 1.041328520399191326e+00
6.075576121355146461e+04 9.603033627193445776e-01
6.075576147360526375e+04 9.907969473832870522e-01
6.075576173365905561e+04 1.047954609223598066e+00
6.075576199371285475e+04 1.016695389815083228e+00
6.075576225376664661e+04 9.763479695019416926e-01
6.075576251382044575e+04 1.043809313294369989e+00
6.075576277387423761e+04 1.019882909839898710e+00
6.075576303392802947e+04 9.706341693197991782e-01
6.075576329398183589e+04 1.047453522520285230e+00
6.075576355403563502e+04 9.813263283083646371e-01
6.075576381408943416e+04 9.750311509226697870e-01
6.075576407414322603e+04 9.845626256006931865e-01
6.075576433419702516e+04 9.892966450600049200e-01
6.075576459425081703e+04 1.011482945269359224e+00
6.075576485430461616e+04 9.842539390675354438e-01
6.075576511435840803e+04 9.559487718684360757e-01
6.075576537441220717e+04 9.566298787854874419e-01
6.075576563446599903e+04 9.628467550471888625e-01
6.075576589451979817e+04 9.967673548332696143e-01
6.075576615457359003e+04 9.847959383885750428e-01
6.075576641462739644e+04 9.892833352498383581e-01
6.075576667468119558e+04 1.004121784359362390e+00
6.075576693473499472e+04 1.011477482263430483e+00
6.075576719478878658e+04 1.026680444286811156e+00
6.075576745484258572e+04 9.804116956220118029e-01
6.075576771489637758e+04 9.776119018190845278e-01
6.075576797495017672e+04 1.024979910286097695e+00
6.075576823500396858e+04 9.542401029519712585e-01
6.075576849505776045e+04 1.011576739068182462e+00
6.075576875511155959e+04 1.024917446186565995e+00
6.075576901516535145e+04 1.022391982837238089e+00
6.075576927521915786e+04 1.046286425160164235e+00
6.075576953527295700e+04 9.938028288966721524e-01
6.075576979532675614e+04 9.937866638432448774e-01
6.075577005538054800e+04 9.702639607773452246e-01
6.075577031543434714e+04 1.031177043786476899e+00
6.075577057548813900e+04 9.981802927131526726e-01
6.075577083554193814e+04 1.021569772702944912e+00
6.075577109559573000e+04 1.044409111843007887e+00
6.075577135564952914e+04 9.950139541606731752e-01
6.075577161570332100e+04 9.470965092234747695e-01
6.075577187575712014e+04 1.009280801042129250e+00
6.075577213581091200e+04 9.860986966909783824e-01
6.075577239586471842e+04 1.014756620417832877e+00
6.075577265591851756e+04 1.013147720153635856e+00
6.075577291597231670e+04 9.998211465998286807e-01
6.075577317602610856e+04 1.048070669276913058e+00
