6.075585120116569306e+04 1.135811451124883353e+00
6.075585146121949219e+04 1.012147551822929481e+00
6.075585172127328406e+04 9.906534581397123951e-01
6.075585198132708319e+04 9.854075444141172646e-01
6.075585224138088233e+04 9.756499790694713736e-01
6.075585250143468147e+04 9.554519630958293597e-01
6.075585276148847333e+04 1.093416857861767788e+00
6.075585302154227247e+04 1.099421256568626326e+00
6.075585328159607161e+04 1.034864697239826770e+00
6.075585354164987803e+04 1.057694711475772431e+00
6.075585380170368444e+04 1.166234965555275283e+00
6.075585406175747630e+04 1.055304997838138359e+00
6.075585432181127544e+04 1.339576443426355734e+00
6.075585458186507458e+04 9.542539846147513050e-01
6.075585484191887372e+04 9.698922862109541354e-01
6.075585510197266558e+04 1.258167270162554807e+00
6.075585536202646472e+04 1.154325373560329160e+00
6.075585562208026386e+04 1.017161465308051627e+00
6.075585588213406299e+04 1.058347878741791481e+00
6.075585614218786213e+04 1.053263117677483596e+00
6.075585640224165400e+04 1.057412490940162764e+00
6.075585666229546041e+04 1.135477971189999824e+00
6.075585692234926682e+04 9.801802207626705288e-01
6.075585718240306596e+04 9.792905677401508857e-01
6.075585744245685783e+04 1.014364683020638314e+00
6.075585770251065696e+04 1.049373959371814102e+00
6.075585796256445610e+04 9.214514760908117941e-01
6.075585822261825524e+04 9.084488768435383665e-01
6.075585848267205438e+04 9.638586276230689531e-01
6.075585874272584624e+04 1.081248541632200633e+00
6.075585900277964538e+04 1.001420265011879085e+00
6.075585926283344452e+04 9.815639788671634003e-01
6.075585952288725093e+04 1.046937805842939495e+00
6.075585978294105735e+04 1.078102593444073776e+00
6.075586004299484921e+04 1.065674176050920297e+00
6.075586030304864835e+04 1.065440291143563201e+00
6.075586056310244749e+04 1.005556546325614198e+00
6.075586082315624662e+04 1.147341103545084895e+00
6.075586108321004576e+04 1.094581397725357785e+00
6.075586134326383763e+04 1.023112996395485030e+00
6.075586160331763676e+04 1.057387672555335500e+00
6.075586186337143590e+04 1.112688174523408957e+00
6.075586212342523504e+04 1.013683779771240134e+00
6.075586238347903418e+04 1.090948160223810914e+00
6.075586264353283332e+04 1.023098788488423061e+00
6.075586290358663973e+04 1.039916832389842671e+00
6.075586316364043887e+04 9.948296022086857704e-01
6.075586342369423801e+04 9.723404284802932285e-01
6.075586368374803715e+04 9.733322085425645254e-01
6.075586394380182901e+04 1.014196410009794436e+00
6.075586420385562815e+04 1.043534516356654951e+00
6.075586446390942729e+04 1.025765247803395397e+00
6.075586472396322642e+04 1.055863983689576235e+00
6.075586498401702556e+04 1.102198162498567502e+00
6.075586524407081743e+04 9.814657279712818427e-01
6.075586550412462384e+04 9.368735812209193492e-01
6.075586576417843025e+04 1.164735460554510160e+00
6.075586602423222939e+04 1.013937795396326447e+00
6.075586628428602853e+04 9.217057321869063236e-01
6.075586654433982039e+04 8.350616196606599484e-01
6.075586680439361953e+04 1.066692301121326292e+00
6.075586706444741867e+04 1.139254084260598932e+00
6.075586732450121781e+04 1.046209354254012958e+00
6.075586758455501695e+04 1.044235139499435583e+00
6.075586784460881609e+04 1.028900170290710125e+00
6.075586810466260795e+04 1.131460593936261194e+00
6.075586836471640709e+04 1.083455011025566739e+00
6.075586862477021350e+04 9.317248619814398891e-01
6.075586888482401991e+04 1.062517655828845387e+00
6.075586914487781905e+04 9.619481155032174602e-01
6.075586940493161092e+04 9.702673001568324906e-01
6.075586966498541005e+04 1.113770951887325777e+00
6.075586992503920919e+04 9.963719539484816590e-01
6.075587018509300833e+04 9.890081609934802120e-01
6.075587044514680747e+04 9.679083622714934609e-01
6.075587070520060661e+04 1.034291437335888686e+00
6.075587096525439847e+04 1.036049999436466473e+00
6.075587122530819761e+04 1.009650441191317416e+00
6.075587148536199675e+04 1.005939156320718730e+00
6.075587174541581044e+04 1.060903350342661033e+00
6.075587200546960958e+04 1.089270850866008500e+00
6.075587226552340871e+04 1.098887486916542811e+00
6.075587252557720058e+04 8.950381919289536192e-01
6.075587278563099972e+04 9.674501346724917461e-01
6.075587304568479885e+04 1.012282061696247348e+00
6.075587330573859799e+04 9.485832933752155194e-01
6.075587356579239713e+04 1.191470817582055641e+00
6.075587382584619627e+04 1.027612875581592311e+00
6.075587408589998813e+04 9.450787856587712366e-01
6.075587434595378727e+04 9.739761259226065171e-01
6.075587460600759368e+04 1.100124981208509212e+00
6.075587486606140010e+04 1.023388736913597441e+00
6.075587512611519924e+04 1.013944252860609074e+00
6.075587538616899838e+04 9.016897314166972821e-01
6.075587564622279751e+04 1.012690049636444156e+00
6.075587590627658938e+04 1.090297302136094881e+00
6.075587616633038851e+04 1.006359709325825857e+00
6.075587642638418765e+04 1.007451223942786411e+00
6.075587668643798679e+04 1.021900737354232813e+00
6.075587694649178593e+04 1.028840240544684148e+00
6.075587720654558507e+04 1.020003483578518111e+00
6.075587746659937693e+04 1.141955473319880232e+00
6.075587772665318334e+04 1.021658984316311969e+00
6.075587798670698976e+04 1.013807815328572337e+00
6.075587824676078890e+04 1.122932709399055318e+00
6.075587850681458804e+04 1.016400837289453296e+00
6.075587876686838717e+04 1.025795198431028954e+00
6.075587902692218631e+04 1.070949569231123499e+00
6.075587928697597818e+04 1.019786593687991516e+00
6.075587954702977731e+04 1.073573290240181111e+00
6.075588115586427011e+04 1.015191012923041036e+00
6.075588141592496686e+04 1.114076664419768825e+00
6.075588167598567088e+04 9.065023908503572203e-01
6.075588193604636763e+04 1.048946342175977042e+00
6.075588219610707165e+04 1.110234574821787223e+00
6.075588245616777567e+04 9.917581045929004802e-01
6.075588271622847242e+04 1.070464939969623996e+00
6.075588297628917644e+04 1.062481316106687279e+00
6.075588323634988046e+04 8.757449536414702029e-01
6.075588349641056993e+04 9.741920837354296481e-01
6.075588375647127395e+04 9.421944074916209777e-01
6.075588401653197798e+04 9.157673076558388026e-01
6.075588427659268200e+04 9.931521713659842154e-01
6.075588453665338602e+04 1.012202495869892749e+00
6.075588479671408277e+04 1.092757068421807309e+00
6.075588505677478679e+04 9.221110715482214726e-01
6.075588531683548354e+04 9.407497602339008891e-01
6.075588557689618756e+04 1.012284093520225525e+00
6.075588583695689158e+04 1.034509878096819380e+00
6.075588609701758833e+04 9.833325293828866220e-01
6.075588635707829235e+04 1.056026628001841106e+00
6.075588661713899637e+04 1.009398242867236783e+00
6.075588687719969312e+04 8.972214633576206522e-01
6.075588713726038986e+04 9.677174418365389608e-01
6.075588739732109389e+04 1.003139753272069390e+00
6.075588765738179791e+04 1.112093840696152913e+00
6.075588791744250193e+04 9.778899925459948461e-01
6.075588817750319868e+04 9.893118664279743069e-01
6.075588843756390270e+04 1.138172319342549699e+00
6.075588869762460672e+04 1.100817503114331020e+00
6.075588895768530347e+04 9.139481423863704546e-01
6.075588921774600749e+04 9.917475817266422355e-01
6.075588947780670424e+04 1.105913587920191565e+00
6.075588973786740826e+04 1.045812830705368457e+00
6.075588999792811228e+04 9.691375127454587846e-01
6.075589025798880903e+04 1.055295926880707169e+00
6.075589051804952032e+04 9.423218166960715125e-01
6.075589077811021707e+04 9.938353585304960935e-01
6.075589103817091382e+04 9.682894610599447338e-01
6.075589129823161784e+04 1.068189765056802187e+00
6.075589155829231458e+04 8.707067883312625822e-01
6.075589181835301861e+04 1.083402929975751272e+00
6.075589207841372263e+04 9.849071140605273333e-01
6.075589233847442665e+04 9.034327446560908026e-01
6.075589259853513067e+04 1.172189275407736986e+00
6.075589285859582742e+04 7.932149555121082996e-01
6.075589311865652417e+04 9.263537331416604736e-01
6.075589337871722819e+04 9.916823795453287849e-01
6.075589363877793221e+04 9.614770757063434425e-01
6.075589389883863623e+04 9.515487014404575561e-01
6.075589415889933298e+04 1.022324633757686341e+00
6.075589441896003700e+04 1.007346536569261097e+00
6.075589467902074102e+04 1.046083508838035803e+00
6.075589493908143777e+04 1.092958880117936848e+00
6.075589519914213452e+04 9.773060770918897688e-01
6.075589545920283854e+04 1.009044632002378705e+00
6.075589571926354256e+04 1.063813368821944660e+00
6.075589597932424658e+04 9.390257873362634067e-01
6.075589623938494333e+04 1.140322867482357339e+00
6.075589649944564735e+04 9.873469173718693037e-01
6.075589675950635137e+04 1.080707157379402039e+00
6.075589701956705539e+04 1.047966775346285129e+00
6.075589727962775942e+04 1.004784858550476390e+00
6.075589753968844889e+04 1.056231645071994629e+00
6.075589779974915291e+04 9.185722221745119542e-01
6.075589805980985693e+04 9.824441445113744065e-01
6.075589831987055368e+04 1.106304031669094634e+00
6.075589857993125770e+04 1.087529785262506543e+00
6.075589883999196172e+04 1.015692647024601714e+00
6.075589910005266574e+04 9.254390386193165341e-01
6.075589936011336977e+04 8.646538279370016289e-01
6.075589962017406651e+04 1.004711493589967919e+00
6.075589988023477054e+04 1.118773175093104477e+00
6.075590014029546728e+04 9.733387076108728220e-01
6.075590040035617130e+04 1.052797552221903299e+00
6.075590066041687533e+04 9.842558599122152030e-01
6.075590092047757207e+04 9.736578273090066293e-01
6.075590118053827609e+04 1.024673663211141950e+00
6.075590144059898012e+04 9.960853701003502536e-01
6.075590170065967686e+04 1.053485139979528862e+00
6.075590196072038816e+04 9.320663119200481850e-01
6.075590222078108491e+04 9.532547804199832386e-01
6.075590248084178893e+04 1.036111520361176153e+00
6.075590274090249295e+04 9.871914060811691760e-01
6.075590300096318242e+04 9.477538167177699258e-01
6.075590326102388644e+04 9.107029468076277556e-01
6.075590352108459047e+04 1.002724808574704030e+00
6.075590378114529449e+04 1.027500459933512023e+00
6.075590404120599851e+04 1.096620686676877066e+00
6.075590430126669526e+04 1.019018058899719525e+00
6.075590456132739928e+04 1.055329360115276893e+00
6.075590482138810330e+04 9.396106232270036163e-01
6.075590508144880732e+04 1.038540577297616396e+00
6.075590534150951135e+04 1.046181251666351120e+00
6.075590560157020809e+04 9.796353749452293425e-01
6.075590586163091211e+04 1.066805570748332155e+00
6.075590612169160886e+04 9.238836997772352788e-01
6.075590638175230561e+04 9.265982861839408002e-01
6.075590664181300963e+04 8.972590068122071605e-01
6.075590690187371365e+04 9.961046330696937678e-01
6.075590716193441767e+04 8.901194962088448959e-01
6.075590742199512169e+04 9.870401406275727263e-01
6.075590768205581844e+04 9.743160831105905917e-01
6.075590794211652246e+04 1.043022062776791881e+00
6.075590820217722649e+04 1.096397404515280005e+00
6.075590846223793051e+04 8.900591391053972457e-01
6.075590872229863453e+04 1.033729432168624340e+00
6.075590898235933128e+04 9.647152227592374896e-01
6.075590924242003530e+04 1.003044593850938249e+00
6.075590950248073932e+04 1.011028132868939222e+00
6.075591106051386305e+04 9.735917248196509499e-01
6.075591132057445793e+04 9.740799501510615244e-01
6.075591158063505281e+04 1.062144228436004312e+00
6.075591184069564770e+04 9.932849246653651099e-01
6.075591210075624258e+04 8.266509270089584804e-01
6.075591236081683746e+04 8.869347015104565024e-01
6.075591262087743235e+04 9.931125367329560749e-01
6.075591288093802723e+04 1.096958583723582681e+00
6.075591314099862211e+04 1.025600397649305773e+00
6.075591340105922427e+04 9.405093849728362043e-01
6.075591366111981915e+04 9.787300099705773526e-01
6.075591392118041404e+04 1.067524774154285927e+00
6.075591418124100892e+04 1.143099605884930758e+00
6.075591444130160380e+04 8.748543421217301885e-01
6.075591470136219868e+04 9.464398869220144173e-01
6.075591496142279357e+04 9.568206447976247420e-01
6.075591522148338845e+04 1.066845783052326357e+00
6.075591548154399061e+04 9.023664236647224168e-01
6.075591574160458549e+04 9.295520364802375424e-01
6.075591600166518037e+04 9.631809927421375317e-01
6.075591626172577526e+04 1.023051265276693433e+00
6.075591652178637742e+04 9.245094420267416790e-01
6.075591678184697230e+04 1.010815125682434257e+00
6.075591704190756718e+04 1.018489759406242090e+00
6.075591730196816206e+04 9.867502929583418236e-01
6.075591756202875695e+04 7.885551767325897909e-01
6.075591782208935183e+04 9.234984192629668298e-01
6.075591808214994671e+04 1.121118977706089259e+00
6.075591834221054160e+04 9.251417249159759049e-01
6.075591860227113648e+04 9.012608606235871234e-01
6.075591886233173136e+04 1.083923158120356334e+00
6.075591912239232624e+04 1.132336445033398808e+00
6.075591938245292840e+04 8.619967352864832399e-01
6.075591964251352329e+04 9.991943884866489878e-01
6.075591990257411817e+04 7.602775591425298130e-01
6.075592016263471305e+04 1.135128553653844241e+00
6.075592042269530793e+04 9.679299699267827073e-01
6.075592068275590282e+04 1.111351678686760991e+00
6.075592094281649770e+04 9.627074276062946856e-01
6.075592120287709986e+04 9.618067234331573179e-01
6.075592146293769474e+04 9.436890567480772374e-01
6.075592172299828962e+04 1.009338192692114555e+00
6.075592198305888451e+04 1.004300530860385843e+00
6.075592224311948667e+04 1.035639480261093759e+00
6.075592250318008155e+04 9.506157237990013886e-01
6.075592276324067643e+04 1.076713913209288220e+00
6.075592302330127131e+04 9.938892732898216842e-01
6.075592328336186620e+04 9.628297079548759907e-01
6.075592354342246108e+04 9.404485211979549675e-01
6.075592380348305596e+04 1.072214532031459111e+00
6.075592406354365812e+04 9.872425848089977363e-01
6.075592432360425300e+04 9.276111682657690594e-01
6.075592458366484789e+04 9.620531973212476107e-01
6.075592484372544277e+04 9.356635872238132645e-01
6.075592510378604493e+04 9.977682101227849376e-01
6.075592536384663981e+04 9.850239093746111507e-01
6.075592562390723469e+04 1.043377474979101160e+00
6.075592588396782958e+04 1.053221270815283939e+00
6.075592614402842446e+04 9.414976877769860586e-01
6.075592640408901934e+04 1.059644977285033374e+00
6.075592666414961423e+04 9.779983238608268570e-01
6.075592692421020911e+04 9.807579455614920949e-01
6.075592718427081127e+04 9.844112942799183585e-01
6.075592744433140615e+04 1.051563880870306278e+00
6.075592770439200103e+04 8.561882065236349204e-01
6.075592796445260319e+04 1.003620457308312286e+00
6.075592822451319807e+04 9.089803615227664002e-01
6.075592848457379296e+04 9.812007522238636037e-01
6.075592874463438784e+04 1.002784505422951167e+00
6.075592900469498272e+04 9.472102457837714429e-01
6.075592926475557761e+04 1.106840439305971868e+00
6.075592952481617249e+04 9.381184710969826535e-01
6.075592978487676737e+04 9.880601342037154122e-01
6.075593004493736953e+04 8.450779628938116517e-01
6.075593030499796441e+04 9.212299310768293781e-01
6.075593056505855930e+04 9.585122735456090837e-01
6.075593082511916145e+04 8.838565283357299185e-01
6.075593108517975634e+04 9.570747911206247682e-01
6.075593134524035122e+04 9.743598733985362470e-01
6.075593160530094610e+04 1.000501707417641883e+00
6.075593186536154099e+04 1.108208025624314086e+00
6.075593212542213587e+04 9.391147022849419823e-01
6.075593238548273075e+04 9.255146871922821372e-01
6.075593264554332563e+04 1.041210119957071356e+00
6.075593290560392779e+04 9.178499846293296516e-01
6.075593316566452268e+04 9.740256415671024737e-01
6.075593342572511756e+04 1.035187236809558708e+00
6.075593368578571244e+04 8.936199071918752290e-01
6.075593394584631460e+04 9.219606155556482330e-01
6.075593420590690948e+04 1.037294931349554528e+00
6.075593446596750437e+04 7.930177343136962653e-01
6.075593472602809925e+04 1.064595312183806763e+00
6.075593498608869413e+04 1.007481929015388467e+00
6.075593524614928901e+04 9.801490773515768584e-01
6.075593550620988390e+04 1.054717105612205330e+00
6.075593576627048606e+04 1.044056167899624743e+00
6.075593602633108094e+04 9.961019638063854931e-01
6.075593628639167582e+04 1.027609043936062116e+00
6.075593654645227070e+04 8.859014763999285558e-01
6.075593680651287286e+04 9.727287966963765742e-01
6.075593706657346775e+04 1.028572456630445719e+00
6.075593732663406263e+04 8.982636692410236323e-01
6.075593758669465751e+04 9.019412444592828093e-01
6.075593784675525239e+04 9.614955139888284874e-01
6.075593810681584728e+04 1.017356143250490508e+00
6.075593836687644216e+04 1.036683965083139647e+00
6.075593862693704432e+04 9.770819859770741855e-01
6.075593888699763920e+04 9.937818827934090660e-01
6.075593914705823408e+04 1.132449936122829959e+00
6.075593940711883624e+04 9.122571467600846251e-01
6.075594106598430517e+04 1.041955328667052649e+00
6.075594132604500919e+04 9.889230434334312925e-01
6.075594158610571321e+04 1.008554976836530503e+00
6.075594184616640996e+04 1.080312779560000935e+00
6.075594210622711398e+04 1.046154644174242199e+00
6.075594236628781800e+04 1.008847272102707970e+00
6.075594262634852203e+04 9.810945505914460130e-01
6.075594288640922605e+04 9.922445761534854913e-01
6.075594314646992279e+04 9.985385207434228638e-01
6.075594340653063409e+04 9.612870853297653673e-01
6.075594366659133811e+04 9.431864361805090136e-01
6.075594392665203486e+04 9.927447315922508508e-01
6.075594418671273888e+04 9.909184622118358821e-01
6.075594444677344291e+04 1.016592131551572242e+00
6.075594470683414693e+04 8.961083461461477606e-01
6.075594496689485095e+04 1.069027172273107062e+00
6.075594522695554770e+04 1.054033210583823044e+00
6.075594548701625172e+04 9.553765234976788756e-01
6.075594574707695574e+04 8.635138028526357923e-01
6.075594600713765976e+04 1.008639935986925584e+00
6.075594626719836378e+04 9.254498410804802289e-01
6.075594652725906053e+04 9.250869399750483169e-01
6.075594678731976455e+04 1.009753315332175383e+00
6.075594704738046858e+04 9.962701007022840560e-01
6.075594730744116532e+04 9.625791505762471001e-01
6.075594756750187662e+04 8.696468398029505442e-01
6.075594782756257337e+04 8.550797739653213103e-01
6.075594808762328466e+04 9.476248688696143896e-01
6.075594834768398869e+04 8.971584408882672390e-01
6.075594860774468543e+04 9.819391595649734628e-01
6.075594886780538945e+04 1.012700684232498816e+00
6.075594912786609348e+04 1.015756337547621069e+00
6.075594938792679750e+04 9.278671384692606106e-01
6.075594964798750152e+04 9.227674642989679432e-01
6.075594990804819827e+04 8.786596731102399582e-01
6.075595016810890229e+04 9.688745964032504654e-01
6.075595042816960631e+04 9.325029830165338929e-01
6.075595068823031033e+04 1.111399001415932064e+00
6.075595094829101436e+04 1.046843329734972849e+00
6.075595120835171110e+04 9.550917255077393531e-01
6.075595146841241512e+04 8.595648702506052397e-01
6.075595172847312642e+04 9.464704687755446377e-01
6.075595198853382317e+04 9.827074065797252178e-01
6.075595224859452719e+04 9.030967672368962473e-01
6.075595250865523121e+04 1.025056656679835143e+00
6.075595276871593524e+04 8.530847300352981666e-01
6.075595302877663926e+04 9.390422202903138116e-01
6.075595328883733600e+04 9.465838600470563025e-01
6.075595354889804003e+04 8.991827560441304490e-01
6.075595380895874405e+04 9.376996830831634266e-01
6.075595406901944807e+04 9.576921790636820919e-01
6.075595432908015209e+04 8.924264023312137306e-01
6.075595458914084884e+04 9.214515660127430285e-01
6.075595484920156014e+04 1.012074294803515517e+00
6.075595510926226416e+04 9.406360784183878110e-01
6.075595536932296091e+04 1.080316168843734825e+00
6.075595562938366493e+04 9.298089274163965356e-01
6.075595588944436895e+04 9.735891460206531622e-01
6.075595614950507297e+04 1.069702787281574974e+00
6.075595640956577699e+04 9.080565780778219187e-01
6.075595666962647374e+04 9.625443667313523521e-01
6.075595692968717776e+04 9.818314046359847280e-01
6.075595718974788178e+04 1.011556322007168607e+00
6.075595744980858581e+04 9.091532977602931886e-01
6.075595770986929710e+04 9.612505230209366092e-01
6.075595796992999385e+04 9.178111793806154051e-01
6.075595822999069787e+04 1.025077048113887779e+00
6.075595849005140190e+04 9.584404011223697228e-01
6.075595875011209864e+04 8.918898905962551193e-01
6.075595901017280994e+04 1.073797242487601888e+00
6.075595927023350669e+04 1.030852063191800783e+00
6.075595953029421071e+04 1.000931488307899464e+00
6.075595979035491473e+04 9.869898954095889243e-01
6.075596005041561148e+04 9.073984352023473088e-01
6.075596031047632277e+04 1.073871375567041486e+00
6.075596057053702680e+04 9.454660205068053935e-01
6.075596083059773082e+04 1.055955232612813655e+00
6.075596109065843484e+04 9.792646874359614007e-01
6.075596135071913159e+04 8.488663337698372224e-01
6.075596161077983561e+04 9.455119109226995944e-01
6.075596187084053963e+04 9.909655505246103280e-01
6.075596213090124365e+04 1.016371493090233669e+00
6.075596239096194768e+04 9.946032543582312702e-01
6.075596265102265170e+04 8.726891826661375973e-01
6.075596291108335572e+04 9.692675400920491846e-01
6.075596317114405974e+04 9.819861760385617533e-01
6.075596343120475649e+04 9.247976497300544052e-01
6.075596369126546051e+04 1.199645376460672042e+00
6.075596395132616453e+04 1.003073576854201621e+00
6.075596421138686856e+04 8.337922840641236455e-01
6.075596447144757258e+04 9.461451563695447708e-01
6.075596473150827660e+04 9.274157483710415706e-01
6.075596499156898062e+04 1.020270512104267890e+00
6.075596525162968464e+04 8.543755012998111020e-01
6.075596551169038867e+04 1.010779627292459848e+00
6.075596577175109269e+04 9.390638498786140209e-01
6.075596603181178943e+04 9.892896894502253291e-01
6.075596629187249346e+04 1.062190901019145928e+00
6.075596655193319748e+04 1.007772529186747645e+00
6.075596681199390150e+04 1.062040731445341502e+00
6.075596707205460552e+04 9.952417421089365668e-01
6.075596733211530955e+04 9.368957755539158994e-01
6.075596759217601357e+04 9.944836293406495997e-01
6.075596785223671759e+04 1.003923537359343143e+00
6.075596811229741434e+04 8.674692425861824097e-01
6.075596837235811836e+04 9.999515359164736772e-01
6.075596863241882238e+04 1.032173570537869178e+00
6.075596889247953368e+04 8.052158397343461838e-01
6.075596915254023770e+04 8.887271093227459007e-01
6.075596941260093445e+04 9.383215214322799813e-01
6.075597102105359954e+04 9.603407315853299542e-01
6.075597128111420170e+04 9.815460698383500215e-01
6.075597154117479658e+04 9.959253282052576983e-01
6.075597180123539147e+04 9.248775326523712703e-01
6.075597206129598635e+04 9.573613112940266845e-01
6.075597232135658123e+04 9.330563401747884456e-01
6.075597258141718339e+04 1.018427449484220038e+00
6.075597284147777827e+04 8.817527819006329981e-01
6.075597310153837316e+04 8.569679651626230799e-01
6.075597336159897532e+04 8.929751474044689274e-01
6.075597362165957020e+04 1.017495205576528727e+00
6.075597388172016508e+04 9.647597806954711919e-01
6.075597414178077452e+04 1.025872190177215648e+00
6.075597440184136940e+04 1.060707882486169540e+00
6.075597466190196428e+04 9.288979071768880269e-01
6.075597492196255916e+04 8.886557137969972597e-01
6.075597518202315405e+04 9.478228910628391235e-01
6.075597544208374893e+04 9.227093745878985898e-01
6.075597570214434381e+04 9.230123748199724476e-01
6.075597596220494597e+04 1.025639697682104501e+00
6.075597622226554813e+04 9.135109367878816444e-01
6.075597648232614301e+04 9.673758053947839608e-01
6.075597674238673790e+04 9.128226208786713869e-01
6.075597700244734006e+04 1.008832318167197206e+00
6.075597726250793494e+04 9.303918013017321575e-01
6.075597752256853710e+04 9.719974934636933517e-01
6.075597778262913198e+04 8.788101282578232309e-01
6.075597804268972686e+04 9.448476206534847099e-01
6.075597830275032175e+04 1.018024079216694577e+00
6.075597856281091663e+04 1.054300005160083042e+00
6.075597882287151151e+04 9.565222524908888468e-01
6.075597908293212095e+04 9.902522893431839890e-01
6.075597934299271583e+04 9.453739278793362733e-01
6.075597960305331071e+04 9.325377363786147011e-01
6.075597986311390559e+04 8.742009509677058920e-01
6.075598012317450775e+04 1.075718079892327816e+00
6.075598038323510264e+04 9.048286237675500221e-01
6.075598064329570479e+04 8.547307094251603843e-01
6.075598090335629968e+04 9.779202442396548456e-01
6.075598116341689456e+04 9.887853452236434748e-01
6.075598142347748944e+04 9.778579708999735054e-01
6.075598168353808433e+04 9.282904082170129190e-01
6.075598194359869376e+04 9.505480093506134542e-01
6.075598220365928864e+04 1.027385027087792890e+00
6.075598246371988353e+04 8.887636405945811280e-01
6.075598272378047841e+04 9.166187506527592177e-01
6.075598298384108057e+04 9.284569765471296643e-01
6.075598324390167545e+04 1.020453491257970136e+00
6.075598350396227761e+04 9.227536736934555117e-01
6.075598376402287249e+04 9.635395944923178524e-01
6.075598402408346738e+04 8.962896139118186056e-01
6.075598428414406226e+04 1.009201195862112543e+00
6.075598454420465714e+04 8.930327602484829930e-01
6.075598480426526658e+04 1.034602183692502342e+00
6.075598506432586146e+04 9.607766735941651870e-01
6.075598532438645634e+04 1.021942308110609599e+00
6.075598558444705122e+04 9.505121935045034443e-01
6.075598584450765338e+04 9.141784402739199233e-01
6.075598610456825554e+04 8.740906831293011603e-01
6.075598636462885042e+04 9.191571903344946115e-01
6.075598662468944531e+04 1.009653186659044133e+00
6.075598688475004019e+04 9.032436343222693953e-01
6.075598714481063507e+04 8.462027464972518009e-01
6.075598740487123723e+04 9.670710592851357035e-01
6.075598766493183211e+04 1.052122745096949474e+00
6.075598792499243427e+04 8.198850820587209043e-01
6.075598818505302916e+04 1.048683745428371727e+00
6.075598844511362404e+04 9.352316519851446852e-01
6.075598870517423347e+04 9.409552256669965198e-01
6.075598896523482836e+04 9.376685525189812909e-01
6.075598922529542324e+04 9.785489788079912987e-01
6.075598948535601812e+04 9.212046839708074586e-01
6.075598974541661300e+04 9.124973988893877452e-01
6.075599000547721516e+04 9.325280975388628990e-01
6.075599026553781005e+04 9.452322106258882473e-01
6.075599052559840493e+04 8.190558572184351016e-01
6.075599078565900709e+04 9.822368043965341577e-01
6.075599104571960197e+04 1.090094683072156068e+00
6.075599130578020413e+04 9.758650654493270515e-01
6.075599156584080629e+04 9.384610678882773227e-01
6.075599182590140117e+04 9.837105271685085972e-01
6.075599208596199605e+04 9.636065349950621028e-01
6.075599234602259094e+04 8.614219855394406045e-01
6.075599260608319310e+04 1.017924384939159710e+00
6.075599286614378798e+04 9.256297117336641511e-01
6.075599312620438286e+04 9.065693114548035725e-01
6.075599338626497774e+04 9.523396461475819308e-01
6.075599364632558718e+04 9.334747246767088891e-01
6.075599390638618206e+04 9.756900395400015524e-01
6.075599416644677694e+04 9.943739668677258337e-01
6.075599442650737910e+04 8.977312505954976318e-01
6.075599468656797399e+04 1.078067437885407820e+00
6.075599494662857614e+04 9.696849796904684071e-01
6.075599520668917103e+04 9.484381403902936158e-01
6.075599546674976591e+04 1.001513724709952147e+00
6.075599572681036079e+04 9.517513010208089597e-01
6.075599598687096295e+04 8.161531637649626081e-01
6.075599624693155783e+04 1.002941900327160019e+00
6.075599650699215999e+04 9.779749364474065176e-01
6.075599676705275488e+04 9.319350655299885045e-01
6.075599702711334976e+04 8.811882976845792914e-01
6.075599728717395192e+04 1.024366734632099929e+00
6.075599754723455408e+04 9.393123763733153275e-01
6.075599780729514896e+04 8.995841262733870192e-01
6.075599806735574384e+04 9.984971803840045901e-01
6.075599832741634600e+04 9.226681136763414948e-01
6.075599858747694088e+04 9.086353760938504776e-01
6.075599884753753577e+04 1.002532381246035831e+00
6.075599910759813065e+04 9.520397221054035519e-01
6.075599936765874008e+04 9.721743017180264346e-01
6.075600091310295102e+04 1.135671529347670461e+00
6.075600117316365504e+04 9.175948851670624462e-01
6.075600143322435179e+04 1.010357041138445489e+00
6.075600169328505581e+04 1.077687634769870284e+00
6.075600195334576711e+04 9.474891871742172622e-01
6.075600221340647113e+04 9.958767191853623579e-01
6.075600247346717515e+04 9.699779262715477746e-01
6.075600273352787190e+04 9.859608725717114996e-01
6.075600299358858319e+04 9.167926719242875944e-01
6.075600325364928722e+04 9.574791333929022485e-01
6.075600351370998396e+04 9.492966059132076362e-01
6.075600377377069526e+04 1.005847714418691474e+00
6.075600403383139928e+04 9.753536422087396573e-01
6.075600429389210331e+04 1.148654815502301307e+00
6.075600455395280733e+04 1.087263049434381568e+00
6.075600481401350407e+04 1.011370303448172248e+00
6.075600507407421537e+04 1.107528935905041534e+00
6.075600533413491939e+04 9.601678203986800941e-01
6.075600559419562342e+04 1.030290641100436222e+00
6.075600585425632744e+04 9.656794306901030911e-01
6.075600611431703146e+04 1.031018902098874923e+00
6.075600637437773548e+04 9.920442604746920745e-01
6.075600663443843951e+04 9.300327119004373477e-01
6.075600689449914353e+04 8.176629881775124842e-01
6.075600715455985483e+04 9.313761319824399587e-01
6.075600741462055157e+04 1.046866723965439228e+00
6.075600767468125559e+04 9.932781721110941486e-01
6.075600793474195962e+04 1.025446682738741178e+00
6.075600819480266364e+04 9.546759461742867492e-01
6.075600845486336766e+04 1.017489667863614944e+00
6.075600871492407168e+04 1.080748874986743324e+00
6.075600897498478298e+04 1.120272379369474436e+00
6.075600923504548700e+04 8.933183920014257096e-01
6.075600949510618375e+04 1.063197151666137374e+00
6.075600975516688777e+04 9.687077722601051821e-01
6.075601001522759907e+04 9.556841622657807900e-01
6.075601027528830309e+04 1.058700349121761919e+00
6.075601053534900711e+04 9.608692835943827282e-01
6.075601079540970386e+04 9.702124583129390079e-01
6.075601105547041516e+04 1.092628639779148259e+00
6.075601131553111918e+04 1.052961836256477879e+00
6.075601157559181593e+04 1.143118057257347608e+00
6.075601183565252722e+04 9.472816901130001188e-01
6.075601209571323125e+04 9.660665764328649763e-01
6.075601235577393527e+04 9.662438288271207876e-01
6.075601261583463929e+04 1.006792683447641057e+00
6.075601287589534331e+04 1.090973320393013646e+00
6.075601313595604734e+04 9.307372414310274289e-01
6.075601339601675136e+04 9.562691549315600614e-01
6.075601365607746266e+04 9.789162700510979365e-01
6.075601391613816668e+04 1.053619868106110413e+00
6.075601417619886342e+04 9.728695045599283775e-01
6.075601443625956745e+04 1.042742347537056080e+00
6.075601469632027874e+04 9.959533799934044973e-01
6.075601495638097549e+04 9.394717401852006322e-01
6.075601521644168679e+04 1.002678750454551126e+00
6.075601547650239081e+04 9.532861128893851399e-01
6.075601573656309483e+04 9.988131063720870895e-01
6.075601599662379886e+04 1.006347589714046364e+00
6.075601625668450288e+04 1.018021593306648986e+00
6.075601651674520690e+04 8.740494965939372696e-01
6.075601677680591092e+04 9.974229510062735393e-01
6.075601703686661494e+04 9.492431977546844646e-01
6.075601729692732624e+04 9.599882940039434764e-01
6.075601755698802299e+04 8.902295283260603931e-01
6.075601781704872701e+04 1.016200388350517070e+00
6.075601807710943831e+04 1.184025642503156561e+00
6.075601833717014233e+04 1.019321102491493880e+00
6.075601859723084635e+04 9.166993591464546176e-01
6.075601885729155038e+04 9.598316121166694526e-01
6.075601911735225440e+04 9.683876080738107461e-01
6.075601937741295842e+04 9.453968384280763138e-01
6.075601963747365517e+04 9.120552641379170433e-01
6.075601989753436646e+04 8.273591467008813982e-01
6.075602015759507049e+04 8.942109839758914935e-01
6.075602041765577451e+04 1.036578672363859921e+00
6.075602067771648581e+04 9.766212130658485924e-01
6.075602093777718255e+04 1.010907346484904323e+00
6.075602119783788658e+04 9.169291759919513396e-01
6.075602145789859787e+04 1.025868200211732306e+00
6.075602171795930190e+04 1.059792319552158357e+00
6.075602197802000592e+04 9.901081168997990511e-01
6.075602223808070994e+04 1.004147928888950325e+00
6.075602249814141396e+04 1.113308354677316592e+00
6.075602275820211798e+04 9.053392141264069437e-01
6.075602301826282201e+04 9.042047871436597051e-01
6.075602327832352603e+04 1.117048519326384382e+00
6.075602353838423005e+04 9.340630232905899888e-01
6.075602379844494135e+04 1.006786726050570513e+00
6.075602405850564537e+04 8.519104729337698689e-01
6.075602431856634212e+04 9.632191383333886803e-01
6.075602457862704614e+04 1.050166458255225477e+00
6.075602483868775744e+04 9.158848116613843571e-01
6.075602509874846146e+04 9.903862195680330771e-01
6.075602535880916548e+04 1.029254707913454414e+00
6.075602561886986950e+04 9.827253147226537866e-01
6.075602587893057353e+04 9.165825236117707275e-01
6.075602613899127755e+04 1.018363633003004143e+00
6.075602639905198885e+04 9.591884462249823384e-01
6.075602665911269287e+04 1.008757623221284261e+00
6.075602691917338962e+04 1.011133283069498789e+00
6.075602717923410091e+04 9.910226878381881432e-01
6.075602743929480494e+04 9.519843572720210201e-01
6.075602769935550168e+04 8.960576512985642950e-01
6.075602795941621298e+04 1.016656884057657306e+00
6.075602821947691700e+04 1.038355606406324849e+00
6.075602847953762102e+04 9.811887280380078291e-01
6.075602873959833232e+04 1.029853731342971868e+00
6.075602899965902907e+04 9.522042611768061215e-01
6.075602925971973309e+04 9.189683832039882150e-01
6.075603093119423283e+04 9.798745858136350684e-01
6.075603119125482772e+04 1.017585236179876063e+00
6.075603145131542988e+04 9.481083570166980445e-01
6.075603171137602476e+04 9.712363781631840887e-01
6.075603197143662692e+04 9.398240223319265230e-01
6.075603223149722908e+04 1.031817947840632188e+00
6.075603249155782396e+04 1.114733882183126079e+00
6.075603275161842612e+04 1.036972235130411368e+00
6.075603301167902100e+04 9.488635568195500358e-01
6.075603327173962316e+04 9.347568726089963143e-01
6.075603353180022532e+04 9.067646489533933707e-01
6.075603379186082020e+04 9.986803519265223805e-01
6.075603405192141508e+04 9.404391433171037651e-01
6.075603431198201724e+04 9.806469943364610753e-01
6.075603457204261213e+04 1.018619553084641138e+00
6.075603483210320701e+04 9.941292962678174305e-01
6.075603509216381644e+04 1.086145632057608168e+00
6.075603535222441133e+04 1.025104930819935811e+00
6.075603561228501349e+04 9.321393090750512700e-01
6.075603587234560837e+04 1.026968389495731326e+00
6.075603613240621053e+04 9.896038210138171642e-01
6.075603639246681269e+04 9.698257451987694067e-01
6.075603665252740757e+04 9.175743707944489236e-01
6.075603691258800245e+04 1.031723369423266146e+00
6.075603717264860461e+04 9.982811368662534157e-01
6.075603743270919949e+04 1.036331263414427495e+00
6.075603769276979438e+04 1.000593535589123118e+00
6.075603795283040381e+04 1.025939586119586355e+00
6.075603821289099869e+04 8.552760724726662378e-01
6.075603847295160085e+04 9.795159053866766552e-01
6.075603873301219573e+04 1.068261637056204139e+00
6.075603899307279789e+04 1.013343680763710397e+00
6.075603925313340005e+04 1.048127544803840516e+00
6.075603951319399494e+04 9.143922517412538253e-01
6.075603977325458982e+04 1.023458541974691327e+00
6.075604003331519198e+04 1.037480624410867192e+00
6.075604029337578686e+04 1.053480338204040745e+00
6.075604055343638902e+04 9.745914756343521113e-01
6.075604081349698390e+04 1.011727826558113108e+00
6.075604107355758606e+04 1.211443766415868373e+00
6.075604133361818822e+04 1.030600575689893050e+00
6.075604159367878310e+04 1.006392132871377632e+00
6.075604185373938526e+04 1.010623888576404283e+00
6.075604211379998742e+04 9.897315752988790072e-01
6.075604237386058230e+04 1.046647844847999664e+00
6.075604263392118446e+04 1.009993209958836680e+00
6.075604289398177934e+04 9.763475406783171939e-01
6.075604315404237423e+04 1.032127647675294746e+00
6.075604341410297639e+04 1.022087867305800257e+00
6.075604367416357127e+04 9.552257838584966576e-01
6.075604393422418070e+04 9.491474042750366324e-01
6.075604419428477559e+04 9.458016075681643375e-01
6.075604445434537047e+04 9.936575799204951931e-01
6.075604471440597990e+04 9.706833450898899596e-01
6.075604497446657479e+04 9.762704449693103692e-01
6.075604523452717694e+04 9.754234461173553195e-01
6.075604549458777183e+04 1.039060933523478392e+00
6.075604575464836671e+04 1.033425780501655122e+00
6.075604601470896887e+04 1.009220746529311041e+00
6.075604627476956375e+04 1.010500962703776429e+00
6.075604653483016591e+04 8.841538806208570911e-01
6.075604679489076807e+04 1.018809916811226568e+00
6.075604705495136295e+04 9.837282027706997223e-01
6.075604731501196511e+04 9.753683355407201105e-01
6.075604757507256727e+04 1.026535327180434720e+00
6.075604783513316943e+04 9.474394477645878831e-01
6.075604809519376431e+04 1.071145559780731338e+00
6.075604835525435919e+04 9.734981367662752794e-01
6.075604861531496135e+04 1.043966132857337969e+00
6.075604887537555624e+04 8.964393453338725948e-01
6.075604913543615839e+04 1.022626868244581821e+00
6.075604939549675328e+04 1.024048384952491064e+00
6.075604965555735544e+04 1.054181037195845771e+00
6.075604991561795759e+04 8.560353859283300615e-01
6.075605017567855248e+04 1.004444873351258316e+00
6.075605043573915464e+04 1.024594362675465220e+00
6.075605069579975680e+04 9.165242157936418499e-01
6.075605095586035168e+04 1.108841372487277432e+00
6.075605121592095384e+04 9.626485875272028370e-01
6.075605147598154872e+04 9.757164734155183705e-01
6.075605173604215088e+04 1.061656303451443240e+00
6.075605199610274576e+04 9.974665729204036380e-01
6.075605225616334792e+04 1.039081128727024961e+00
6.075605251622395008e+04 9.608883254261811890e-01
6.075605277628454496e+04 1.006084495266383216e+00
6.075605303634514712e+04 9.448167733871205565e-01
6.075605329640574200e+04 1.008590050722686815e+00
6.075605355646635144e+04 9.732619217781370846e-01
6.075605381652694632e+04 9.116873408393839640e-01
6.075605407658754848e+04 1.084840729826847205e+00
6.075605433664814336e+04 1.064925970734735605e+00
6.075605459670873825e+04 1.096712415631669435e+00
6.075605485676934040e+04 9.637273081427291110e-01
6.075605511682993529e+04 1.035891329282840445e+00
6.075605537689054472e+04 1.043961381710172942e+00
6.075605563695113960e+04 9.804928161234629513e-01
6.075605589701174176e+04 9.021569631474453121e-01
6.075605615707233665e+04 9.998437479578865528e-01
6.075605641713293880e+04 1.016983701024658071e+00
6.075605667719354096e+04 1.043182788959414076e+00
6.075605693725413585e+04 9.589885756905967007e-01
6.075605719731473800e+04 1.028555715042169805e+00
6.075605745737533289e+04 1.052062764897735203e+00
6.075605771743593505e+04 9.928314454023816626e-01
6.075605797749652993e+04 9.129786430490706151e-01
6.075605823755713209e+04 9.482732887543583455e-01
6.075605849761773425e+04 1.065678252894920686e+00
6.075605875767832913e+04 1.056288233089719197e+00
6.075605901773893129e+04 1.134819189423631469e+00
6.075605927779953345e+04 8.983048275974874208e-01
6.075606082322710427e+04 1.017073721263851427e+00
6.075606108328780829e+04 1.072750365080356705e+00
6.075606134334851231e+04 1.139128523631130596e+00
6.075606160340922361e+04 9.667327283091320389e-01
6.075606186346992035e+04 9.509599697985994249e-01
6.075606212353063165e+04 9.268784950073085671e-01
6.075606238359133567e+04 9.569542710411377273e-01
6.075606264365204697e+04 1.155231807014568624e+00
6.075606290371275099e+04 9.660266109784682032e-01
6.075606316377345502e+04 9.501509734160098475e-01
6.075606342383415904e+04 1.016187143805740378e+00
6.075606368389486306e+04 1.037248146307327534e+00
6.075606394395557436e+04 9.353717854825764899e-01
6.075606420401627838e+04 1.055970617712592263e+00
6.075606446407698240e+04 9.247938784463655137e-01
6.075606472413768643e+04 1.032604064504941244e+00
6.075606498419839772e+04 9.926164451751628981e-01
6.075606524425910175e+04 9.238613019167111196e-01
6.075606550431981304e+04 8.918898755880148022e-01
6.075606576438050979e+04 9.952097834664034304e-01
6.075606602444122109e+04 1.063924447438385101e+00
6.075606628450192511e+04 9.739139000388864487e-01
6.075606654456262913e+04 9.824454183417727915e-01
6.075606680462333316e+04 9.356500228746678083e-01
6.075606706468404445e+04 1.098496173876595039e+00
6.075606732474474848e+04 1.067852583200974870e+00
6.075606758480545250e+04 1.113061004096506768e+00
6.075606784486615652e+04 1.038965538576991809e+00
6.075606810492686054e+04 1.026105793220395190e+00
6.075606836498757184e+04 1.115763369181520304e+00
6.075606862504827586e+04 9.344013273749370851e-01
6.075606888510898716e+04 1.101910795178000724e+00
6.075606914516968391e+04 1.046420334478342040e+00
6.075606940523039520e+04 1.105338946490884933e+00
6.075606966529109923e+04 1.068959917625569078e+00
6.075606992535180325e+04 1.025297783408664065e+00
6.075607018541250727e+04 1.021555192672494838e+00
6.075607044547321857e+04 1.095935711203541052e+00
6.075607070553392259e+04 1.039527201677651780e+00
6.075607096559463389e+04 9.412604339094652328e-01
6.075607122565533064e+04 1.035263023234262780e+00
6.075607148571604193e+04 1.034787362412058709e+00
6.075607174577674596e+04 1.089573769593845887e+00
6.075607200583745725e+04 9.745079496755283399e-01
6.075607226589816128e+04 1.116871852319459624e+00
6.075607252595886530e+04 1.091836128299422670e+00
6.075607278601956932e+04 1.001679386160491125e+00
6.075607304608028062e+04 1.091454725079445076e+00
6.075607330614097737e+04 9.708194811209858166e-01
6.075607356620169594e+04 9.999753302352379913e-01
6.075607382626239269e+04 9.621774913871801171e-01
6.075607408632310398e+04 1.061902784778784303e+00
6.075607434638380801e+04 9.731324210233950334e-01
6.075607460644451203e+04 8.959995482789170351e-01
6.075607486650521605e+04 1.071418058799620265e+00
6.075607512656592735e+04 1.026753364697656323e+00
6.075607538662663137e+04 1.006699005840143935e+00
6.075607564668734267e+04 1.015548561962575480e+00
6.075607590674803942e+04 9.155558530874932099e-01
6.075607616680875071e+04 9.959350408596273629e-01
6.075607642686945474e+04 1.047971782516684769e+00
6.075607668693016603e+04 1.014067237795506671e+00
6.075607694699087006e+04 8.252274576240027359e-01
6.075607720705157408e+04 1.020318690192678623e+00
6.075607746711227810e+04 1.003626952851679910e+00
6.075607772717298940e+04 1.119244735144669711e+00
6.075607798723368614e+04 1.042561708532707243e+00
6.075607824729439744e+04 1.001762430845559715e+00
6.075607850735510146e+04 1.068887986688981995e+00
6.075607876741581276e+04 1.115712158400524734e+00
6.075607902747651679e+04 9.343174083809006047e-01
6.075607928753722081e+04 8.648079555794560003e-01
6.075607954759792483e+04 9.748673893941458557e-01
6.075607980765863613e+04 8.958514980342672240e-01
6.075608006771934015e+04 1.021542496200762429e+00
6.075608032778005145e+04 1.031548089050370542e+00
6.075608058784074819e+04 1.070835090592906269e+00
6.075608084790145949e+04 1.034396665629979006e+00
6.075608110796216351e+04 9.994883239038262479e-01
6.075608136802286754e+04 1.001572817452589303e+00
6.075608162808357156e+04 9.230491356366753442e-01
6.075608188814428286e+04 1.104405801425709654e+00
6.075608214820498688e+04 9.301982161083369727e-01
6.075608240826569818e+04 1.144314529646887513e+00
6.075608266832639492e+04 9.142453681225188866e-01
6.075608292838710622e+04 9.991701899376232987e-01
6.075608318844781024e+04 1.048931941157020375e+00
6.075608344850852154e+04 9.217973809427335574e-01
6.075608370856922556e+04 1.094535870540886080e+00
6.075608396862992959e+04 9.530787000508704754e-01
6.075608422869064088e+04 1.080627534595787198e+00
6.075608448875134491e+04 9.789769970556312373e-01
6.075608474881204893e+04 1.035400812365117496e+00
6.075608500887276023e+04 9.893503108210128794e-01
6.075608526893346425e+04 1.053918702699498278e+00
6.075608552899416827e+04 8.803088252743440645e-01
6.075608578905487957e+04 1.002435881283399555e+00
6.075608604911557632e+04 9.716549018735589627e-01
6.075608630917628761e+04 1.061894331747514464e+00
6.075608656923699164e+04 1.078367972787753315e+00
6.075608682929770293e+04 1.052584217414870960e+00
6.075608708935840696e+04 9.262015021228048317e-01
6.075608734941911098e+04 1.003177998771307200e+00
6.075608760947981500e+04 1.034954525352454802e+00
6.075608786954052630e+04 9.389414786071387242e-01
6.075608812960123760e+04 1.027683565488720641e+00
6.075608838966194162e+04 9.716200971335944292e-01
6.075608864972264564e+04 1.156602696163109512e+00
6.075608890978334966e+04 9.649105507271565907e-01
6.075608916984406096e+04 1.079262143954020203e+00
6.075609076569380704e+04 9.252301775311398968e-01
6.075609102575441648e+04 1.076334932957693225e+00
6.075609128581501136e+04 1.001553760173715668e+00
6.075609154587561352e+04 9.353491931691317873e-01
6.075609180593621568e+04 1.052341808209422691e+00
6.075609206599681784e+04 1.070770359033631935e+00
6.075609232605741272e+04 1.004160155305915181e+00
6.075609258611801488e+04 9.965245304749907884e-01
6.075609284617860976e+04 1.015178311060838112e+00
6.075609310623921192e+04 1.082088562520916231e+00
6.075609336629981408e+04 1.057791894721266557e+00
6.075609362636040896e+04 1.042896376012358628e+00
6.075609388642101840e+04 1.009756433018188737e+00
6.075609414648161328e+04 9.669169717571624023e-01
6.075609440654221544e+04 1.131489606755501809e+00
6.075609466660281760e+04 9.379407754907944650e-01
6.075609492666341976e+04 1.016282150344060220e+00
6.075609518672402191e+04 9.933174341361448167e-01
6.075609544678461680e+04 9.535611327180001373e-01
6.075609570684521896e+04 9.935992818397226811e-01
6.075609596690581384e+04 1.112505697089758883e+00
6.075609622696641600e+04 1.085306823144989830e+00
6.075609648702701088e+04 1.118381349517360679e+00
6.075609674708762032e+04 1.000611128107064207e+00
6.075609700714822247e+04 9.759701023001883247e-01
6.075609726720881736e+04 1.016954046626880936e+00
6.075609752726942679e+04 1.050669067392323797e+00
6.075609778733002167e+04 1.079399908353472659e+00
6.075609804739062383e+04 1.062624813761273712e+00
6.075609830745121872e+04 8.915837019327779167e-01
6.075609856751182087e+04 1.032350809547163184e+00
6.075609882757242303e+04 1.060962070444599670e+00
6.075609908763301792e+04 1.103881228861871566e+00
6.075609934769362008e+04 1.097973073147869405e+00
6.075609960775422223e+04 9.640853878099305829e-01
6.075609986781482439e+04 1.066261842831017770e+00
6.075610012787541928e+04 1.054939406188983186e+00
6.075610038793602143e+04 1.068363197525740160e+00
6.075610064799663087e+04 1.042746567280393055e+00
6.075610090805722575e+04 9.670759981613904488e-01
6.075610116811782791e+04 9.067903780440981221e-01
6.075610142817842279e+04 9.655322333094892295e-01
6.075610168823902495e+04 9.891443428148414263e-01
6.075610194829962711e+04 9.575096538686141967e-01
6.075610220836022199e+04 1.010672086453564766e+00
6.075610246842083143e+04 9.968315878549215414e-01
6.075610272848142631e+04 9.785490930074171034e-01
6.075610298854202847e+04 1.084745080855018085e+00
6.075610324860263063e+04 1.040740062201020777e+00
6.075610350866323279e+04 1.022004890979741454e+00
6.075610376872383495e+04 1.086559841749277444e+00
6.075610402878442983e+04 1.004300874805273747e+00
6.075610428884503199e+04 1.082164663434262097e+00
6.075610454890563415e+04 9.537505682391824724e-01
6.075610480896622903e+04 9.783844131101395725e-01
6.075610506902683119e+04 1.052600166957940120e+00
6.075610532908743335e+04 9.630200862881347357e-01
6.075610558914803551e+04 9.709032342472142529e-01
6.075610584920863766e+04 1.165893204195033617e+00
6.075610610926923255e+04 1.124326588789688719e+00
6.075610636932984198e+04 1.100301243591893297e+00
6.075610662939043686e+04 1.014697500728186430e+00
6.075610688945103902e+04 1.169589049583255935e+00
6.075610714951164118e+04 9.003615801046096490e-01
6.075610740957223607e+04 1.068729765655230590e+00
6.075610766963283822e+04 1.042712531299857526e+00
6.075610792969343311e+04 9.710850428199886419e-01
6.075610818975403527e+04 1.052259964423301719e+00
6.075610844981464470e+04 1.011934549343674661e+00
6.075610870987523958e+04 9.771155065101826409e-01
6.075610896993584174e+04 9.669425458282016050e-01
6.075610922999644390e+04 9.408979401936397036e-01
6.075610949005704606e+04 1.011467539089963008e+00
6.075610975011764822e+04 1.063568424026994919e+00
6.075611001017824310e+04 1.010948815800623901e+00
6.075611027023884526e+04 9.083034107252432321e-01
6.075611053029944742e+04 1.035705333060365163e+00
6.075611079036004230e+04 1.093270140358550080e+00
6.075611105042064446e+04 9.743766450802548995e-01
6.075611131048124662e+04 1.145384165419141675e+00
6.075611157054184878e+04 1.119661744144210269e+00
6.075611183060245094e+04 1.067679568755218300e+00
6.075611209066305310e+04 1.046280023135753190e+00
6.075611235072365525e+04 1.003352716994420524e+00
6.075611261078425741e+04 1.058334644187432838e+00
6.075611287084485230e+04 1.011547177434936051e+00
6.075611313090545445e+04 1.091682849336630179e+00
6.075611339096604934e+04 1.147997003988898923e+00
6.075611365102665150e+04 9.446898725674299779e-01
6.075611391108725365e+04 1.041100795024175962e+00
6.075611417114785581e+04 1.030190659439775835e+00
6.075611443120845797e+04 1.028707344069096141e+00
6.075611469126906013e+04 1.050056101598934255e+00
6.075611495132966229e+04 1.067881834192519364e+00
6.075611521139026445e+04 1.073378440643546705e+00
6.075611547145085933e+04 1.074039625283861099e+00
6.075611573151146149e+04 9.798696762132008686e-01
6.075611599157206365e+04 1.058409753542968845e+00
6.075611625163265853e+04 1.058620418447662415e+00
6.075611651169326069e+04 1.009261826759727088e+00
6.075611677175386285e+04 1.044914319069186970e+00
6.075611703181446501e+04 1.038460163115036528e+00
6.075611729187506717e+04 1.055559268959342267e+00
6.075611755193566933e+04 1.044112088282167283e+00
6.075611781199626421e+04 1.094206604868653399e+00
6.075611807205687364e+04 1.049971214274314280e+00
6.075611833211747580e+04 1.103491643836773006e+00
6.075611859217807068e+04 1.145363981787268726e+00
6.075611885223867284e+04 9.939222323761225386e-01
6.075611911229926773e+04 9.682583205567325546e-01
6.075612077117233275e+04 9.833682220866124535e-01
6.075612103123303677e+04 1.038225435480449654e+00
6.075612129129374080e+04 1.089183909559962915e+00
6.075612155135445209e+04 1.054762190963862478e+00
6.075612181141516339e+04 1.040058090006966918e+00
6.075612207147586741e+04 8.861367331600488173e-01
6.075612233153657144e+04 9.952411916758194810e-01
6.075612259159728274e+04 9.839220202730331044e-01
6.075612285165798676e+04 1.052630505359813284e+00
6.075612311171869806e+04 1.086083863157339069e+00
6.075612337177940935e+04 8.965895115581019592e-01
6.075612363184010610e+04 1.085576102952217292e+00
6.075612389190081740e+04 1.056578073966648379e+00
6.075612415196152870e+04 1.057022387947353481e+00
6.075612441202222544e+04 1.087689134790077006e+00
6.075612467208293674e+04 1.074403210894921301e+00
6.075612493214364804e+04 1.065563280872710239e+00
6.075612519220435206e+04 9.417517930009200455e-01
6.075612545226506336e+04 1.002283073355921372e+00
6.075612571232576738e+04 1.054707668758734007e+00
6.075612597238647140e+04 9.942005610691697637e-01
6.075612623244718270e+04 1.198681048412865380e+00
6.075612649250789400e+04 1.100334847527416615e+00
6.075612675256859802e+04 1.042788369159166617e+00
6.075612701262930204e+04 1.047115663504080585e+00
6.075612727269001334e+04 1.061886583791211036e+00
6.075612753275071736e+04 1.027180704915176879e+00
6.075612779281142139e+04 1.132262207217586969e+00
6.075612805287213268e+04 1.040193567323610679e+00
6.075612831293283671e+04 1.050842520766066102e+00
6.075612857299354800e+04 1.010364636339404099e+00
6.075612883305425930e+04 1.091413796980314155e+00
6.075612909311495605e+04 9.819045137366764209e-01
6.075612935317566735e+04 9.340938805694056768e-01
6.075612961323637865e+04 1.081830483924107522e+00
6.075612987329708267e+04 1.053659971756448543e+00
6.075613013335779397e+04 1.012115164266320422e+00
6.075613039341849799e+04 1.152308195418760839e+00
6.075613065347920201e+04 1.141407948722247045e+00
6.075613091353991331e+04 1.078456115241702706e+00
6.075613117360061733e+04 1.007772522438817875e+00
6.075613143366133590e+04 9.301741018700970809e-01
6.075613169372203265e+04 9.821384509144772679e-01
6.075613195378274395e+04 1.016648151474950801e+00
6.075613221384345525e+04 9.808515206114087892e-01
6.075613247390415199e+04 1.008610756101675054e+00
6.075613273396486329e+04 1.055822126542390160e+00
6.075613299402557459e+04 1.069196909225488934e+00
6.075613325408627861e+04 1.062430897895789261e+00
6.075613351414698991e+04 1.099188631586109022e+00
6.075613377420769393e+04 1.090701208933041899e+00
6.075613403426840523e+04 1.023947695408981229e+00
6.075613429432910925e+04 1.038504194053007756e+00
6.075613455438982055e+04 9.704747069527028813e-01
6.075613481445053185e+04 1.062048862192547682e+00
6.075613507451122859e+04 1.140832477531834588e+00
6.075613533457193989e+04 1.071978094838651918e+00
6.075613559463265119e+04 9.755358454499075682e-01
6.075613585469334794e+04 9.551671066566370660e-01
6.075613611475405924e+04 1.029107842101133929e+00
6.075613637481477053e+04 1.027393464178829152e+00
6.075613663487548183e+04 1.039124362526834267e+00
6.075613689493618585e+04 1.077426834257108501e+00
6.075613715499688988e+04 1.100945894336319508e+00
6.075613741505760117e+04 1.046459902145608467e+00
6.075613767511830520e+04 1.052159003749766564e+00
6.075613793517901649e+04 1.022931942578259035e+00
6.075613819523972779e+04 1.006343500078646036e+00
6.075613845530043181e+04 1.127668501805154433e+00
6.075613871536113584e+04 9.488889379793791212e-01
6.075613897542184714e+04 1.104035334988496375e+00
6.075613923548255116e+04 9.805623961379832387e-01
6.075613949554325518e+04 1.041806234219803340e+00
6.075613975560396648e+04 1.050435041289533578e+00
6.075614001566467778e+04 1.062527767261272071e+00
6.075614027572538907e+04 1.053855719371558530e+00
6.075614053578608582e+04 1.081548010402544335e+00
6.075614079584679712e+04 1.133012161208043933e+00
6.075614105590750842e+04 1.037473109144629424e+00
6.075614131596821244e+04 1.100676953589248441e+00
6.075614157602892374e+04 8.820842785106540740e-01
6.075614183608962776e+04 1.076633082227574478e+00
6.075614209615033906e+04 1.068928886690366564e+00
6.075614235621104308e+04 9.839585936905480557e-01
6.075614261627174710e+04 9.853718778300804004e-01
6.075614287633246568e+04 9.292023117516944319e-01
6.075614313639316970e+04 8.608290666020077531e-01
6.075614339645387372e+04 1.055862004897073048e+00
6.075614365651458502e+04 1.054988881129862888e+00
6.075614391657528904e+04 9.954434624164142376e-01
6.075614417663600034e+04 9.852984297700786431e-01
6.075614443669670436e+04 1.003293664104901728e+00
6.075614469675741566e+04 1.102992663759309933e+00
6.075614495681812696e+04 9.825305158747096312e-01
6.075614521687882370e+04 9.877744761783701088e-01
6.075614547693953500e+04 1.064252600893762946e+00
6.075614573700024630e+04 1.061105826861181711e+00
6.075614599706095760e+04 1.027851434703850320e+00
6.075614625712166162e+04 9.982614997034341409e-01
6.075614651718236564e+04 1.051197444824267802e+00
6.075614677724307694e+04 1.088430784507302462e+00
6.075614703730378824e+04 9.798530480235458917e-01
6.075614729736448498e+04 9.621504519127102029e-01
6.075614755742519628e+04 1.087930399320157004e+00
6.075614781748590758e+04 1.120462150046156458e+00
6.075614807754661888e+04 1.088040259726663850e+00
6.075614833760732290e+04 9.072397166141645819e-01
6.075614859766802692e+04 9.723389024054800434e-01
6.075614885772873822e+04 1.087564877109059802e+00
6.075614911778944952e+04 9.731564170779183343e-01
