6.075547523418369383e+04 1.041885189207616191e+00
6.075547549424438330e+04 1.076436771511353863e+00
6.075547575430508005e+04 9.635347616008839156e-01
6.075547601436576224e+04 1.011768088325740944e+00
6.075547627442645899e+04 1.013391303620537309e+00
6.075547653448714846e+04 8.862166087546256010e-01
6.075547679454784520e+04 1.063805553724441300e+00
6.075547705460853467e+04 9.736709381919456119e-01
6.075547731466922414e+04 9.879313497922810328e-01
6.075547757472991361e+04 9.893679961570156500e-01
6.075547783479061036e+04 9.962985106815070990e-01
6.075547809485129255e+04 8.950828434208810691e-01
6.075547835491198930e+04 9.478120635790371340e-01
6.075547861497267877e+04 1.056933206791992541e+00
6.075547887503337552e+04 9.863916721477142824e-01
6.075547913509406499e+04 9.710177107197829338e-01
6.075547939515475446e+04 9.472093465585871286e-01
6.075547965521544393e+04 9.957012393644285586e-01
6.075547991527614067e+04 9.341915116623850102e-01
6.075548017533683014e+04 8.823673861404541796e-01
6.075548043539752689e+04 1.007256832201732122e+00
6.075548069545820908e+04 9.377298844994736982e-01
6.075548095551890583e+04 9.685620387571787226e-01
6.075548121557959530e+04 9.844773742239653069e-01
6.075548147564028477e+04 1.047122817374340320e+00
6.075548173570098152e+04 9.915321374808570010e-01
6.075548199576167099e+04 1.023863907884425606e+00
6.075548225582236773e+04 1.071248409987232364e+00
6.075548251588305720e+04 9.301694293939722913e-01
6.075548277594374667e+04 8.687753271778574371e-01
6.075548303600443614e+04 9.687988819179593758e-01
6.075548329606513289e+04 1.004361321621032088e+00
6.075548355612582236e+04 9.626118067511261200e-01
6.075548381618651911e+04 9.692356532337890185e-01
6.075548407624720130e+04 1.005633851434653669e+00
6.075548433630789805e+04 9.959940804107080270e-01
6.075548459636858752e+04 1.034215047134775300e+00
6.075548485642928426e+04 1.023301348243222275e+00
6.075548511648997373e+04 9.146627942260914246e-01
6.075548537655066320e+04 9.661358122274897875e-01
6.075548563661135267e+04 9.799563203892965868e-01
6.075548589667204942e+04 1.045301998000515598e+00
6.075548615673273162e+04 1.056043682877095824e+00
6.075548641679342836e+04 9.076767515084747107e-01
6.075548667685411783e+04 9.562029125067788016e-01
6.075548693691481458e+04 9.978668273491837493e-01
6.075548719697551132e+04 1.002325430904309034e+00
6.075548745703619352e+04 1.011922474865888377e+00
6.075548771709689026e+04 8.717165863778659762e-01
6.075548797715757973e+04 1.006234226888959249e+00
6.075548823721827648e+04 1.037203424763834647e+00
6.075548849727896595e+04 9.820474839788548849e-01
6.075548875733965542e+04 1.078998032029701681e+00
6.075548901740034489e+04 9.779284845060194353e-01
6.075548927746104164e+04 9.891110653020047661e-01
6.075548953752172383e+04 1.044423124113443624e+00
6.075548979758242058e+04 9.859981898098407749e-01
6.075549005764311732e+04 8.862680454971788579e-01
6.075549031770380680e+04 9.908313858473598579e-01
6.075549057776450354e+04 9.646561321189954796e-01
6.075549083782518574e+04 9.243376879078943897e-01
6.075549109788588248e+04 1.018051246929218445e+00
6.075549135794657195e+04 9.947885881648572681e-01
6.075549161800726870e+04 1.049431579364606071e+00
6.075549187806795817e+04 9.934688151400966616e-01
6.075549213812864764e+04 9.312812255189097943e-01
6.075549239818933711e+04 1.030209802633850202e+00
6.075549265825003386e+04 9.769115770083645067e-01
6.075549291831072333e+04 1.021191281042140186e+00
6.075549317837142007e+04 8.565463922831608734e-01
6.075549343843210954e+04 9.762167573733285808e-01
6.075549369849279901e+04 9.213640545296920559e-01
6.075549395855349576e+04 9.431146752874068895e-01
6.075549421861417795e+04 9.139541496683617483e-01
6.075549447867487470e+04 9.299065533937835859e-01
6.075549473873556417e+04 9.769772985488777151e-01
6.075549499879626092e+04 1.059317443579542939e+00
6.075549525885695766e+04 1.056798796598075629e+00
6.075549551891763986e+04 1.001652201276007181e+00
6.075549577897833660e+04 9.835691876292044222e-01
6.075549603903902607e+04 9.959769794656949671e-01
6.075549629909972282e+04 9.723992978229322182e-01
6.075549655916041229e+04 9.888813295248829460e-01
6.075549681922110176e+04 9.907221229612642732e-01
6.075549707928179851e+04 9.427733200066238384e-01
6.075549733934248798e+04 9.541634494560871094e-01
6.075549759940317745e+04 9.989185371128642688e-01
6.075549785946386692e+04 9.450565555676812002e-01
6.075549811952456366e+04 1.023466495324294012e+00
6.075549837958525313e+04 9.714882511777038765e-01
6.075549863964594988e+04 1.029870055741591184e+00
6.075549889970663935e+04 9.868113214840470437e-01
6.075549915976732882e+04 9.653850508534942421e-01
6.075549941982802557e+04 8.922993283847739932e-01
6.075549967988871504e+04 1.107714029461026817e+00
6.075549993994941178e+04 9.993726905805480065e-01
6.075550020001009398e+04 1.076980895511565839e+00
6.075550046007079072e+04 9.494348422604501625e-01
6.075550072013148747e+04 8.994970613261104031e-01
6.075550098019216966e+04 9.958576838213145654e-01
6.075550124025286641e+04 8.855378256880656052e-01
6.075550150031355588e+04 9.184272056027327213e-01
6.075550176037425263e+04 1.099561783909241308e+00
6.075550202043494210e+04 9.256854823598212878e-01
6.075550228049563157e+04 9.587219606874294309e-01
6.075550254055632831e+04 1.029601614089624473e+00
6.075550280061701778e+04 1.062250480571879985e+00
6.075550306067771453e+04 9.501929763852823285e-01
6.075550332073840400e+04 1.010699174794346344e+00
6.075550358079909347e+04 9.866712175819729591e-01
6.075550513883041276e+04 1.102766307517945910e+00
6.075550539889110951e+04 1.013358659499659531e+00
6.075550565895179898e+04 1.034570227091146322e+00
6.075550591901248845e+04 9.945602579750235650e-01
6.075550617907318519e+04 9.644571821069251039e-01
6.075550643913387466e+04 9.913991536771160629e-01
6.075550669919457141e+04 1.019080386089047385e+00
6.075550695925526088e+04 1.021256866538550856e+00
6.075550721931595035e+04 9.670923185407089839e-01
6.075550747937664710e+04 9.047266256542086937e-01
6.075550773943733657e+04 1.021013537760606438e+00
6.075550799949803331e+04 9.112202538886752246e-01
6.075550825955872278e+04 9.554648025363224884e-01
6.075550851961941225e+04 9.370485358671711840e-01
6.075550877968010900e+04 9.684826435656537225e-01
6.075550903974079847e+04 8.383411814686380081e-01
6.075550929980148794e+04 9.990117380229314170e-01
6.075550955986217741e+04 8.880706973285245054e-01
6.075550981992287416e+04 9.574624528007167346e-01
6.075551007998357090e+04 1.000092492536258648e+00
6.075551034004426037e+04 9.800383989239992433e-01
6.075551060010494984e+04 1.036901053817492757e+00
6.075551086016564659e+04 1.007265439190548673e+00
6.075551112022633606e+04 9.238300860340018517e-01
6.075551138028703281e+04 1.031921740287719214e+00
6.075551164034772228e+04 1.077706117965824051e+00
6.075551190040841175e+04 9.984663372192686959e-01
6.075551216046910849e+04 1.015685880360709170e+00
6.075551242052979796e+04 1.013148572120601942e+00
6.075551268059049471e+04 9.377851806259275280e-01
6.075551294065118418e+04 1.000198350668308755e+00
6.075551320071187365e+04 1.000678546784630418e+00
6.075551346077257040e+04 9.576872257571761304e-01
6.075551372083325987e+04 9.966262276114805641e-01
6.075551398089394934e+04 9.901403150592419378e-01
6.075551424095464608e+04 9.849052696037937649e-01
6.075551450101533555e+04 9.496286987132851465e-01
6.075551476107603230e+04 9.276958779056180271e-01
6.075551502113672177e+04 9.123696721214545891e-01
6.075551528119741124e+04 9.304239228227170200e-01
6.075551554125810799e+04 9.022468293804918327e-01
6.075551580131879746e+04 9.827877109381473186e-01
6.075551606137949420e+04 1.035523076758341210e+00
6.075551632144019095e+04 1.056249006179007743e+00
6.075551658150087314e+04 9.918463646781687792e-01
6.075551684156156989e+04 9.749464846089211933e-01
6.075551710162226664e+04 9.072610178961432181e-01
6.075551736168294883e+04 8.798518106171006048e-01
6.075551762174364558e+04 9.733776792429905678e-01
6.075551788180433505e+04 1.021269348282425549e+00
6.075551814186503179e+04 1.030108051937114189e+00
6.075551840192572854e+04 9.625047767201531101e-01
6.075551866198641073e+04 9.323767409090889524e-01
6.075551892204710748e+04 9.901154733079462478e-01
6.075551918210780423e+04 9.760190850129530915e-01
6.075551944216849370e+04 9.840007601596442166e-01
6.075551970222919044e+04 1.045938470609743876e+00
6.075551996228987991e+04 9.906769363765801639e-01
6.075552022235056938e+04 9.279358339279909496e-01
6.075552048241126613e+04 1.052434526835764661e+00
6.075552074247194832e+04 9.112935913088363593e-01
6.075552100253265235e+04 1.010692834590908973e+00
6.075552126259334182e+04 8.831712678756673540e-01
6.075552152265403129e+04 1.014835670112179900e+00
6.075552178271472803e+04 9.344745204776651049e-01
6.075552204277541750e+04 1.011230161239066838e+00
6.075552230283610697e+04 9.213029030592881918e-01
6.075552256289680372e+04 1.038215320452825718e+00
6.075552282295750047e+04 9.203497750191477200e-01
6.075552308301818994e+04 9.998105901768338244e-01
6.075552334307887941e+04 9.319595139719687449e-01
6.075552360313957615e+04 1.082713923990830773e+00
6.075552386320026562e+04 1.037963762088795594e+00
6.075552412326096237e+04 9.489903995293992311e-01
6.075552438332165912e+04 9.251262152467747413e-01
6.075552464338234131e+04 1.013456634165250225e+00
6.075552490344303806e+04 9.850871726564404129e-01
6.075552516350373480e+04 1.034782942722935806e+00
6.075552542356441700e+04 9.881306957522836276e-01
6.075552568362511374e+04 1.018130363171293462e+00
6.075552594368581049e+04 9.591137269807248344e-01
6.075552620374649996e+04 1.029255903767241742e+00
6.075552646380719671e+04 1.014746179008705784e+00
6.075552672386788618e+04 9.536378802295906176e-01
6.075552698392857565e+04 9.165174953292231086e-01
6.075552724398927239e+04 1.013780909396022167e+00
6.075552750404996914e+04 1.056279402652145816e+00
6.075552776411065861e+04 1.028032075317695693e+00
6.075552802417134808e+04 9.417834583561414119e-01
6.075552828423204483e+04 9.189995516232141171e-01
6.075552854429273430e+04 9.643297871677565247e-01
6.075552880435342377e+04 9.063101680609455535e-01
6.075552906441412051e+04 1.022913380139900408e+00
6.075552932447480998e+04 9.453706386058344791e-01
6.075552958453550673e+04 1.004077536293107364e+00
6.075552984459620347e+04 9.334497732543470816e-01
6.075553010465688567e+04 9.717067463737252275e-01
6.075553036471758242e+04 9.839025408587773747e-01
6.075553062477827916e+04 1.015144720586132809e+00
6.075553088483896863e+04 9.048099178965570699e-01
6.075553114489966538e+04 9.021836321735030584e-01
6.075553140496035485e+04 9.774916531418242904e-01
6.075553166502104432e+04 9.723529488135933541e-01
6.075553192508174106e+04 1.076297687251006607e+00
6.075553218514243054e+04 9.968683860188242152e-01
6.075553244520312728e+04 9.687809245028371485e-01
6.075553270526381675e+04 9.954643876648829881e-01
6.075553296532451350e+04 9.914598490954675825e-01
6.075553322538520297e+04 9.731679179202274987e-01
6.075553348544589244e+04 9.260927300743674317e-01
6.075553503087646095e+04 9.557053825771988365e-01
6.075553529093715770e+04 9.758829206344608043e-01
6.075553555099784717e+04 9.676718369474988091e-01
6.075553581105853664e+04 9.036284140173499457e-01
6.075553607111923338e+04 9.154625693575364487e-01
6.075553633117992285e+04 9.378776275708298193e-01
6.075553659124061960e+04 1.024972998373583355e+00
6.075553685130131635e+04 9.852369710871745623e-01
6.075553711136199854e+04 8.952360583260839944e-01
6.075553737142269529e+04 9.388696830672441651e-01
6.075553763148339203e+04 1.006966689159029649e+00
6.075553789154408878e+04 9.781124610275432341e-01
6.075553815160477825e+04 9.921479948065810017e-01
6.075553841166546772e+04 8.765434818835482478e-01
6.075553867172616447e+04 9.872646332026286942e-01
6.075553893178685394e+04 8.917547552003134426e-01
6.075553919184754341e+04 9.943727054020339295e-01
6.075553945190824015e+04 9.182787435224966099e-01
6.075553971196892962e+04 9.611391044852004573e-01
6.075553997202962637e+04 1.082675502020221669e+00
6.075554023209032312e+04 1.028348625927425042e+00
6.075554049215101259e+04 9.154923610430335534e-01
6.075554075221170206e+04 9.712258228101308122e-01
6.075554101227239880e+04 9.668862624886915835e-01
6.075554127233309555e+04 9.627785596223549236e-01
6.075554153239378502e+04 9.739313278319615685e-01
6.075554179245447449e+04 9.401302186234787861e-01
6.075554205251517124e+04 9.846213890258669332e-01
6.075554231257586798e+04 1.037746921157059576e+00
6.075554257263655018e+04 9.344980411754038041e-01
6.075554283269725420e+04 1.030768215996062720e+00
6.075554309275794367e+04 9.568045649489070881e-01
6.075554335281863314e+04 9.591803835146793800e-01
6.075554361287932988e+04 1.001552879465970936e+00
6.075554387294001936e+04 9.779936628391220355e-01
6.075554413300071610e+04 9.713130288708426985e-01
6.075554439306140557e+04 1.116555184731532036e+00
6.075554465312210232e+04 9.246566727654408346e-01
6.075554491318279906e+04 9.695164141797414370e-01
6.075554517324348853e+04 9.648468668078090671e-01
6.075554543330417800e+04 7.868271941893737464e-01
6.075554569336487475e+04 1.020866839257002390e+00
6.075554595342557150e+04 1.075288325778896104e+00
6.075554621348626097e+04 9.433930909704939527e-01
6.075554647354695044e+04 1.035800660574605514e+00
6.075554673360764718e+04 9.584374271499818132e-01
6.075554699366834393e+04 9.618853447619193364e-01
6.075554725372902612e+04 8.924110831353400108e-01
6.075554751378972287e+04 1.060046592639483309e+00
6.075554777385041962e+04 1.026974287608753977e+00
6.075554803391111636e+04 8.892197257399128141e-01
6.075554829397180583e+04 1.062617837770495788e+00
6.075554855403249530e+04 8.692345083888426416e-01
6.075554881409319205e+04 9.957267786447098201e-01
6.075554907415388152e+04 9.878352186294214743e-01
6.075554933421457827e+04 9.855886813077733288e-01
6.075554959427527501e+04 8.822213729904573309e-01
6.075554985433596448e+04 9.568961200093287767e-01
6.075555011439665395e+04 9.892915041248470098e-01
6.075555037445735070e+04 9.507604199727296423e-01
6.075555063451804017e+04 9.316080696220119250e-01
6.075555089457873692e+04 9.086731303100018531e-01
6.075555115463942639e+04 1.035325053313201016e+00
6.075555141470012313e+04 9.578481677791845783e-01
6.075555167476081988e+04 9.234922536830879602e-01
6.075555193482150935e+04 1.037011521110910328e+00
6.075555219488219882e+04 1.122670101568255419e+00
6.075555245494289557e+04 9.880613203644965647e-01
6.075555271500359231e+04 9.090646508869238973e-01
6.075555297506428906e+04 9.204564222894419112e-01
6.075555323512497125e+04 1.012879068512525071e+00
6.075555349518566800e+04 8.890183208467720144e-01
6.075555375524636474e+04 1.008833544825063377e+00
6.075555401530705421e+04 9.244542076353648996e-01
6.075555427536775096e+04 1.020093746118808875e+00
6.075555453542844043e+04 1.033553171966557160e+00
6.075555479548913718e+04 1.000613055333175128e+00
6.075555505554983392e+04 9.495800220885305398e-01
6.075555531561051612e+04 1.030427989906510744e+00
6.075555557567121286e+04 1.020631055243541141e+00
6.075555583573190961e+04 8.912519570406064462e-01
6.075555609579260636e+04 9.627021808012420356e-01
6.075555635585329583e+04 9.890030218109887583e-01
6.075555661591398530e+04 1.047206994504394695e+00
6.075555687597468204e+04 9.339266591092103553e-01
6.075555713603537879e+04 1.023522825933048663e+00
6.075555739609607554e+04 9.764795194564371839e-01
6.075555765615676501e+04 9.787734903062071945e-01
6.075555791621745448e+04 9.549137453581996171e-01
6.075555817627815122e+04 1.011210421907220880e+00
6.075555843633884797e+04 1.054053242002826796e+00
6.075555869639953016e+04 1.034827541987807464e+00
6.075555895646022691e+04 8.668354787401654216e-01
6.075555921652092366e+04 9.641506546356166663e-01
6.075555947658162040e+04 1.018174903839175194e+00
6.075555973664230987e+04 1.011045171522050756e+00
6.075555999670299934e+04 1.004300837436339133e+00
6.075556025676369609e+04 1.041246607788750111e+00
6.075556051682439283e+04 9.485079184266771435e-01
6.075556077688508958e+04 1.020313995801198415e+00
6.075556103694577905e+04 8.479820889041118637e-01
6.075556129700646852e+04 1.022398125323703333e+00
6.075556155706716527e+04 8.526061262681033925e-01
6.075556181712786201e+04 8.804750476863593134e-01
6.075556207718854421e+04 1.027489003289637548e+00
6.075556233724924095e+04 9.936328711736027719e-01
6.075556259730993770e+04 1.064760240000126368e+00
6.075556285737063445e+04 9.721756773459290235e-01
6.075556311743133119e+04 9.790730984673952086e-01
6.075556337749201339e+04 9.959837718101883786e-01
6.075556504896522529e+04 9.422168756352047314e-01
6.075556530902591476e+04 9.583758633269299221e-01
6.075556556908661150e+04 1.038084326846287819e+00
6.075556582914730097e+04 9.546489616404973955e-01
6.075556608920799772e+04 9.440207992013169847e-01
6.075556634926869447e+04 9.873138173799123063e-01
6.075556660932938394e+04 9.428155000160323151e-01
6.075556686939008068e+04 9.523732137237547191e-01
6.075556712945077015e+04 9.877766546705187833e-01
6.075556738951146690e+04 1.020846481193079747e+00
6.075556764957216365e+04 1.035538429478974010e+00
6.075556790963285312e+04 9.305187153453751137e-01
6.075556816969354986e+04 9.157889743834266572e-01
6.075556842975423933e+04 1.060152116923487542e+00
6.075556868981492880e+04 9.503677427450444304e-01
6.075556894987563282e+04 9.739165173145044596e-01
6.075556920993632230e+04 1.054588730622655790e+00
6.075556946999701904e+04 9.963739576951778920e-01
6.075556973005770851e+04 1.012978986619452293e+00
6.075556999011839798e+04 9.699607655139839135e-01
6.075557025017909473e+04 8.534428703582679354e-01
6.075557051023979147e+04 1.003029700271121705e+00
6.075557077030048822e+04 1.017768825735043237e+00
6.075557103036117769e+04 1.054136602935599409e+00
6.075557129042186716e+04 9.184995448080128799e-01
6.075557155048256391e+04 1.007188120688326194e+00
6.075557181054326065e+04 1.019362919124993550e+00
6.075557207060395740e+04 9.279136229914407563e-01
6.075557233066464687e+04 9.870408783785329376e-01
6.075557259072533634e+04 9.150836642615872707e-01
6.075557285078603309e+04 1.009580081278810493e+00
6.075557311084672983e+04 9.495892882410716940e-01
6.075557337090741930e+04 1.018801661499549205e+00
6.075557363096811605e+04 9.045921967729132485e-01
6.075557389102880552e+04 8.410268147532184990e-01
6.075557415108950227e+04 8.804779652622057862e-01
6.075557441115019901e+04 1.026566598327476543e+00
6.075557467121088848e+04 9.912109912160398384e-01
6.075557493127158523e+04 9.670469104725835097e-01
6.075557519133227470e+04 9.316958661295472455e-01
6.075557545139297144e+04 1.008132887807400513e+00
6.075557571145366819e+04 1.029735824872652694e+00
6.075557597151435766e+04 1.090512807253221306e+00
6.075557623157505441e+04 8.510681555902509521e-01
6.075557649163575115e+04 9.577704643680241547e-01
6.075557675169643335e+04 1.018268717713337823e+00
6.075557701175713009e+04 9.953656112769334596e-01
6.075557727181782684e+04 9.662974431486784921e-01
6.075557753187852359e+04 9.364064076815460380e-01
6.075557779193922033e+04 9.904467204346082410e-01
6.075557805199990980e+04 9.575626133799677309e-01
6.075557831206059927e+04 9.889404441277143132e-01
6.075557857212129602e+04 9.944713420010761196e-01
6.075557883218199277e+04 1.007863042968926592e+00
6.075557909224268951e+04 1.003972201854710589e+00
6.075557935230337898e+04 9.492875132901427149e-01
6.075557961236407573e+04 9.256418258107221853e-01
6.075557987242476520e+04 9.576997524325584488e-01
6.075558013248546195e+04 9.887103672937180843e-01
6.075558039254615869e+04 1.027469552422811461e+00
6.075558065260684816e+04 1.054264252179547334e+00
6.075558091266754491e+04 9.486868769535581336e-01
6.075558117272824165e+04 9.887596073807856101e-01
6.075558143278892385e+04 1.007934556238673451e+00
6.075558169284962059e+04 9.980838313200913747e-01
6.075558195291031734e+04 9.359666590502995209e-01
6.075558221297101409e+04 9.605079696102482023e-01
6.075558247303171083e+04 9.858978182118287581e-01
6.075558273309240030e+04 9.294458805338133844e-01
6.075558299315309705e+04 9.718835950098436705e-01
6.075558325321378652e+04 1.023346562029282980e+00
6.075558351327448327e+04 9.527929138054053171e-01
6.075558377333518001e+04 8.498586542505794927e-01
6.075558403339586948e+04 1.014695205524061672e+00
6.075558429345656623e+04 8.901932878733711529e-01
6.075558455351726298e+04 9.284835411572083252e-01
6.075558481357794517e+04 1.006517407158445732e+00
6.075558507363864192e+04 9.134720076693629842e-01
6.075558533369933866e+04 9.755046132903035794e-01
6.075558559376003541e+04 9.652836712626907678e-01
6.075558585382073215e+04 1.039483893442202600e+00
6.075558611388142162e+04 9.229447718105704412e-01
6.075558637394211837e+04 1.034921870953390277e+00
6.075558663400280784e+04 9.722133434922314299e-01
6.075558689406350459e+04 1.029307311804806391e+00
6.075558715412420133e+04 9.738347186213534012e-01
6.075558741418489080e+04 9.225792477796109781e-01
6.075558767424558755e+04 8.360693487405698177e-01
6.075558793430628430e+04 9.050059107193317853e-01
6.075558819436697377e+04 1.142452883422188536e+00
6.075558845442767051e+04 9.495732161797618698e-01
6.075558871448835998e+04 1.022654951888546604e+00
6.075558897454905673e+04 9.888071824305892932e-01
6.075558923460975348e+04 1.021621403965082164e+00
6.075558949467044295e+04 9.681402397174514451e-01
6.075558975473113969e+04 1.052438295078780728e+00
6.075559001479183644e+04 1.038713204907036003e+00
6.075559027485253318e+04 1.051925949488189849e+00
6.075559053491322265e+04 9.104580923728061714e-01
6.075559079497391212e+04 9.970092474053307008e-01
6.075559105503460887e+04 9.254779792108051018e-01
6.075559131509530562e+04 1.017761839632005172e+00
6.075559157515600236e+04 9.593703355125005050e-01
6.075559183521669911e+04 9.795800106339229707e-01
6.075559209527738858e+04 9.653895911354983816e-01
6.075559235533808533e+04 1.029014912554582883e+00
6.075559261539877480e+04 1.003944387662843551e+00
6.075559287545946427e+04 9.882682547728034450e-01
6.075559313552016101e+04 9.826497388844135372e-01
6.075559339558085776e+04 9.810167001957402766e-01
6.075559494101491873e+04 9.603303404345440164e-01
6.075559520107561548e+04 9.473455212701245021e-01
6.075559546113631222e+04 9.595067936627872385e-01
6.075559572119700897e+04 9.691055390677214554e-01
6.075559598125769844e+04 9.275492078562395104e-01
6.075559624131839519e+04 9.672952846090127066e-01
6.075559650137908466e+04 9.960865680892374563e-01
6.075559676143977413e+04 1.082862472587705183e+00
6.075559702150047087e+04 9.061669604304490866e-01
6.075559728156116762e+04 9.594345380993277717e-01
6.075559754162186437e+04 9.705372113984567228e-01
6.075559780168256111e+04 9.650146935481324073e-01
6.075559806174325058e+04 9.983855440594396891e-01
6.075559832180394733e+04 8.907810242749596430e-01
6.075559858186464407e+04 9.819077538432926522e-01
6.075559884192533355e+04 8.542920442282637694e-01
6.075559910198603029e+04 9.820532876316530047e-01
6.075559936204671976e+04 9.739099867238386610e-01
6.075559962210741651e+04 1.072681792055142802e+00
6.075559988216811325e+04 9.568888995638732409e-01
6.075560014222880272e+04 9.641124134734976314e-01
6.075560040228950675e+04 9.721235073927273485e-01
6.075560066235019622e+04 9.460475856798518102e-01
6.075560092241089296e+04 9.170086417223267672e-01
6.075560118247158971e+04 9.783329017952316908e-01
6.075560144253227918e+04 8.954196967895309278e-01
6.075560170259296865e+04 9.962452900449485504e-01
6.075560196265366540e+04 9.095619609668198491e-01
6.075560222271436214e+04 9.047497158298622999e-01
6.075560248277505889e+04 1.040162808946258899e+00
6.075560274283574836e+04 9.408660677867892730e-01
6.075560300289644510e+04 1.073227720115534911e+00
6.075560326295714185e+04 9.745391277978757705e-01
6.075560352301783860e+04 9.760475287877213857e-01
6.075560378307853534e+04 9.190274987999281775e-01
6.075560404313922481e+04 1.033142968279173957e+00
6.075560430319992156e+04 9.321189530852234117e-01
6.075560456326061831e+04 9.709713588456648781e-01
6.075560482332130050e+04 1.024294871667274176e+00
6.075560508338199725e+04 9.839225578832124786e-01
6.075560534344269399e+04 9.995498954819607151e-01
6.075560560350339074e+04 9.243583921595466268e-01
6.075560586356408749e+04 9.989201317229616794e-01
6.075560612362477696e+04 1.031717685557665520e+00
6.075560638368547370e+04 1.001296517608819991e+00
6.075560664374617045e+04 1.028306556099626956e+00
6.075560690380686719e+04 9.329963721680192279e-01
6.075560716386756394e+04 1.059960084483247522e+00
6.075560742392825341e+04 1.031260182293572081e+00
6.075560768398895016e+04 9.650253788203253524e-01
6.075560794404964690e+04 1.024285184692522499e+00
6.075560820411032910e+04 9.156618205939631716e-01
6.075560846417102584e+04 8.974057259891797811e-01
6.075560872423172259e+04 1.067291285979816706e+00
6.075560898429241934e+04 9.720690714018133116e-01
6.075560924435311608e+04 9.294990725279030919e-01
6.075560950441380555e+04 9.588759504510400156e-01
6.075560976447450230e+04 1.005843921147565601e+00
6.075561002453519905e+04 1.009220977114308360e+00
6.075561028459589579e+04 1.002026565126960866e+00
6.075561054465659254e+04 9.827970776561103516e-01
6.075561080471728201e+04 1.126851709180465066e+00
6.075561106477797875e+04 9.574838016282067876e-01
6.075561132483867550e+04 1.025571497237938612e+00
6.075561158489937225e+04 9.798343704477213700e-01
6.075561184496006899e+04 9.721722455820983599e-01
6.075561210502075846e+04 9.324423209425203307e-01
6.075561236508144793e+04 1.003551390202702231e+00
6.075561262514214468e+04 1.034292695855051791e+00
6.075561288520283415e+04 9.418471470550778823e-01
6.075561314526353090e+04 9.087988980573552533e-01
6.075561340532422764e+04 9.678290877851788432e-01
6.075561366538492439e+04 9.907021451753872388e-01
6.075561392544562113e+04 9.931547024783011768e-01
6.075561418550631060e+04 1.061530995901339258e+00
6.075561444556700735e+04 9.791155547036118900e-01
6.075561470562770410e+04 1.006287798096823893e+00
6.075561496568840084e+04 9.586752050699982597e-01
6.075561522574909759e+04 1.026001651360186839e+00
6.075561548580978706e+04 1.115755536773502365e+00
6.075561574587048381e+04 9.643219750237668197e-01
6.075561600593118055e+04 1.017570525850620244e+00
6.075561626599187002e+04 1.021431430143848518e+00
6.075561652605256677e+04 9.097689670294542008e-01
6.075561678611326352e+04 1.053453918871576356e+00
6.075561704617396026e+04 9.206742191136209064e-01
6.075561730623465701e+04 1.024711238207346220e+00
6.075561756629534648e+04 9.826748335413801883e-01
6.075561782635604322e+04 1.081719850028910912e+00
6.075561808641673269e+04 9.924591258827856199e-01
6.075561834647742944e+04 1.097064330975833668e+00
6.075561860653812619e+04 9.356332921254355561e-01
6.075561886659881566e+04 1.003719279938839026e+00
6.075561912665951240e+04 1.066112292799410888e+00
6.075561938672020915e+04 8.241652102642320621e-01
6.075561964678089862e+04 1.068297837164990716e+00
6.075561990684160264e+04 9.860138485862097735e-01
6.075562016690229211e+04 9.533381526339651524e-01
6.075562042696298886e+04 9.948667956269947599e-01
6.075562068702368560e+04 1.060641403757160761e+00
6.075562094708437508e+04 9.919231558231630386e-01
6.075562120714507182e+04 9.788343435027864192e-01
6.075562146720576857e+04 9.302338234952038931e-01
6.075562172726646531e+04 9.916726444714698552e-01
6.075562198732716206e+04 9.554290887458889436e-01
6.075562224738785153e+04 9.905190214306716090e-01
6.075562250744854828e+04 1.043482694130194011e+00
6.075562276750924502e+04 9.703224160144032773e-01
6.075562302756994177e+04 9.839944090453556225e-01
6.075562328763063852e+04 1.012654046620955706e+00
6.075562490904599690e+04 1.091118037113793626e+00
6.075562516909990518e+04 1.000427148477909700e+00
6.075562542915379890e+04 9.248689064025880091e-01
6.075562568920769263e+04 1.056810190497909696e+00
6.075562594926160091e+04 9.401571465259019877e-01
6.075562620931549463e+04 1.062437374333444318e+00
6.075562646936939564e+04 1.057369847491463899e+00
6.075562672942329664e+04 9.956665801288453466e-01
6.075562698947719036e+04 1.036935945291888705e+00
6.075562724953109864e+04 1.007605023157208679e+00
6.075562750958499237e+04 9.886835595499201546e-01
6.075562776963889337e+04 1.061239393987514656e+00
6.075562802969280165e+04 9.931337328755134308e-01
6.075562828974669537e+04 1.026749194030163848e+00
6.075562854980059637e+04 9.877897651432200332e-01
6.075562880985449738e+04 1.000131874343342719e+00
6.075562906990839110e+04 1.073606429753732883e+00
6.075562932996229938e+04 9.587528000945459983e-01
6.075562959001619311e+04 8.938101465664629597e-01
6.075562985007009411e+04 1.037596713151400785e+00
6.075563011012399511e+04 1.031663663735121306e+00
6.075563037017788884e+04 1.089792429315149525e+00
6.075563063023179711e+04 9.946172759398268504e-01
6.075563089028569084e+04 9.489863669947122826e-01
6.075563115033958456e+04 1.066182335229498568e+00
6.075563141039349284e+04 9.708836567409627749e-01
6.075563167044738657e+04 1.039248724079884667e+00
6.075563193050128757e+04 1.012845334113878337e+00
6.075563219055518857e+04 1.083274552569872151e+00
6.075563245060908230e+04 9.989116612567400244e-01
6.075563271066299058e+04 1.029791525065325120e+00
6.075563297071688430e+04 9.926890302278806866e-01
6.075563323077078530e+04 1.017097866001992923e+00
6.075563349082468631e+04 9.947799483332642190e-01
6.075563375087858003e+04 1.043447481069920135e+00
6.075563401093248831e+04 1.013193623125814957e+00
6.075563427098638203e+04 9.904498719660120853e-01
6.075563453104027576e+04 1.004781415106260400e+00
6.075563479109418404e+04 9.989205751091376762e-01
6.075563505114807776e+04 1.030356814946561395e+00
6.075563531120197877e+04 9.343898890667710067e-01
6.075563557125588704e+04 9.575354242884206446e-01
6.075563583130978077e+04 1.029971823832648958e+00
6.075563609136368905e+04 1.037498150734515123e+00
6.075563635141758277e+04 9.412997208886706435e-01
6.075563661147148377e+04 8.496292566964883664e-01
6.075563687152538478e+04 9.123637076706394566e-01
6.075563713157927850e+04 1.005850089465311070e+00
6.075563739163318678e+04 8.867348514671935522e-01
6.075563765168708051e+04 1.060328778032910702e+00
6.075563791174097423e+04 1.017826039724855747e+00
6.075563817179488251e+04 9.716929681677288766e-01
6.075563843184877624e+04 9.860076802712878230e-01
6.075563869190267724e+04 1.037995996127136333e+00
6.075563895195657824e+04 1.005942014631678205e+00
6.075563921201047197e+04 9.360196876184967429e-01
6.075563947206438024e+04 8.929229566249831107e-01
6.075563973211827397e+04 9.909757878037895873e-01
6.075563999217217497e+04 9.924389814999470261e-01
6.075564025222608325e+04 1.011325925947890170e+00
6.075564051227997697e+04 1.029701897361027685e+00
6.075564077233388525e+04 1.003883421837537648e+00
6.075564103238777898e+04 9.188267073599032386e-01
6.075564129244167270e+04 9.631214859520177418e-01
6.075564155249558098e+04 1.068693037267160140e+00
6.075564181254947471e+04 1.080440384285924038e+00
6.075564207260337571e+04 9.996655442660202784e-01
6.075564233265727671e+04 9.309818390249828823e-01
6.075564259271117044e+04 1.094970743397719826e+00
6.075564285276507871e+04 9.124643987963423353e-01
6.075564311281897244e+04 1.052840240312591824e+00
6.075564337287286617e+04 9.590083346786896223e-01
6.075564363292677444e+04 9.552077439062748310e-01
6.075564389298066817e+04 9.613495348684342190e-01
6.075564415303458372e+04 1.002420017657331019e+00
6.075564441308847745e+04 1.003607396576470023e+00
6.075564467314237118e+04 1.057134621755077886e+00
6.075564493319627945e+04 9.428101499423371390e-01
6.075564519325017318e+04 9.806570717247727886e-01
6.075564545330407418e+04 1.023843562149510333e+00
6.075564571335797518e+04 1.005822902302866861e+00
6.075564597341186891e+04 1.023040510103802037e+00
6.075564623346577719e+04 9.439717602505873773e-01
6.075564649351967091e+04 9.654855361866923058e-01
6.075564675357356464e+04 8.780714705317843594e-01
6.075564701362747292e+04 1.008998793218730095e+00
6.075564727368136664e+04 9.960010126342848658e-01
6.075564753373527492e+04 9.997011348110039775e-01
6.075564779378917592e+04 1.050822052132901030e+00
6.075564805384306965e+04 9.975343364869534435e-01
6.075564831389697792e+04 9.677549947299132205e-01
6.075564857395087165e+04 1.039242308861062281e+00
6.075564883400477265e+04 9.501679071559100409e-01
6.075564909405867365e+04 9.899530297454209871e-01
6.075564935411256738e+04 1.075551313021190447e+00
6.075564961416647566e+04 1.081687038068830375e+00
6.075564987422036938e+04 9.578073621280734917e-01
6.075565013427426311e+04 9.553097023890625428e-01
6.075565039432817866e+04 1.013126740072920695e+00
6.075565065438207239e+04 1.026068415874500372e+00
6.075565091443597339e+04 9.435814796705578322e-01
6.075565117448987439e+04 1.037284631876522534e+00
6.075565143454376812e+04 1.041465303068076498e+00
6.075565169459767640e+04 9.459589992727018837e-01
6.075565195465157012e+04 9.933508817029615967e-01
6.075565221470547112e+04 9.996454816405736521e-01
6.075565247475937213e+04 9.394151806616956035e-01
6.075565273481326585e+04 1.043944735771333177e+00
6.075565299486718141e+04 1.032484625174702852e+00
6.075565325492107513e+04 1.088192880473176638e+00
6.075565492676799477e+04 9.107952070822358248e-01
6.075565518682868424e+04 1.020581143719390793e+00
6.075565544688938098e+04 9.253571931004282991e-01
6.075565570695007773e+04 9.982071410921619092e-01
6.075565596701077448e+04 1.035857290896690763e+00
6.075565622707147122e+04 9.141086619615961251e-01
6.075565648713216069e+04 9.841376696266272983e-01
6.075565674719285744e+04 9.669001583216709772e-01
6.075565700725356146e+04 9.863110331131025310e-01
6.075565726731425821e+04 9.758851178514321711e-01
6.075565752737495495e+04 8.840274482611254481e-01
6.075565778743564442e+04 9.974685559360442211e-01
6.075565804749634117e+04 9.732307430399957937e-01
6.075565830755703792e+04 9.984842890993302911e-01
6.075565856761772739e+04 1.064756986405536399e+00
6.075565882767842413e+04 9.686439017356591741e-01
6.075565908773912088e+04 1.016921705716325786e+00
6.075565934779981762e+04 1.048827283248483955e+00
6.075565960786051437e+04 9.964616589948952496e-01
6.075565986792121112e+04 1.007724952554888587e+00
6.075566012798190786e+04 9.739268037112872589e-01
6.075566038804260461e+04 1.012289475911927195e+00
6.075566064810330136e+04 9.800923572962761954e-01
6.075566090816399810e+04 9.264210856576248210e-01
6.075566116822468757e+04 1.010753662496651550e+00
6.075566142828538432e+04 1.106181031278337112e+00
6.075566168834608106e+04 9.382114718167381406e-01
6.075566194840677781e+04 1.007183533984882917e+00
6.075566220846748183e+04 1.084909874106954941e+00
6.075566246852817130e+04 9.929264745310513174e-01
6.075566272858886805e+04 1.132369957833177621e+00
6.075566298864956480e+04 1.048450677212649174e+00
6.075566324871025427e+04 9.686769851006453713e-01
6.075566350877095101e+04 9.497195661993038662e-01
6.075566376883164776e+04 9.474372100999414181e-01
6.075566402889234450e+04 1.019341872210675071e+00
6.075566428895304125e+04 1.021316115212675513e+00
6.075566454901373800e+04 1.020001185235233754e+00
6.075566480907443474e+04 1.008361258904775681e+00
6.075566506913513149e+04 9.663830127935514325e-01
6.075566532919582824e+04 1.030817735021829051e+00
6.075566558925652498e+04 1.037094927577049130e+00
6.075566584931721445e+04 1.059130270000065099e+00
6.075566610937791120e+04 1.075904735829004810e+00
6.075566636943860794e+04 9.643189809170034099e-01
6.075566662949930469e+04 1.020725361654687635e+00
6.075566688956000144e+04 1.027766207696738876e+00
6.075566714962069818e+04 1.052028024967638142e+00
6.075566740968139493e+04 9.335266699835157445e-01
6.075566766974209168e+04 9.956746487914951427e-01
6.075566792980278115e+04 9.706857138554365605e-01
6.075566818986347789e+04 1.036280700622264073e+00
6.075566844992417464e+04 1.082903437068094554e+00
6.075566870998487866e+04 9.862003974895496849e-01
6.075566897004557541e+04 9.977544913813292116e-01
6.075566923010626488e+04 1.005337519447607297e+00
6.075566949016696162e+04 1.018364193366182224e+00
6.075566975022765837e+04 1.015271824823430924e+00
6.075567001028834784e+04 9.177581869883728594e-01
6.075567027034905186e+04 1.027512488198457863e+00
6.075567053040974133e+04 1.104729856726350823e+00
6.075567079047044535e+04 1.013616432818801316e+00
6.075567105053114210e+04 1.018930216498667995e+00
6.075567131059183157e+04 1.001680123245787923e+00
6.075567157065252832e+04 9.320997523765418569e-01
6.075567183071322506e+04 1.073164495850748912e+00
6.075567209077392181e+04 1.015471822783349465e+00
6.075567235083461856e+04 1.059959715055085905e+00
6.075567261089531530e+04 1.125912801478952119e+00
6.075567287095601205e+04 1.069664480865550438e+00
6.075567313101670879e+04 1.000673463809477193e+00
6.075567339107740554e+04 9.980523843438385834e-01
6.075567365113810229e+04 9.598037819627011080e-01
6.075567391119879176e+04 1.035547535550715992e+00
6.075567417125948850e+04 9.602214088560139249e-01
6.075567443132019253e+04 1.065810005762326318e+00
6.075567469138088200e+04 1.040600221446161155e+00
6.075567495144157874e+04 9.687958001862444490e-01
6.075567521150227549e+04 9.958945061006577726e-01
6.075567547156297223e+04 9.497954962292658454e-01
6.075567573162366898e+04 9.104040019002291872e-01
6.075567599168436573e+04 1.038011539289487306e+00
6.075567625174506247e+04 1.067922926358966018e+00
6.075567651180575922e+04 1.059287117640493214e+00
6.075567677186645597e+04 1.039894582074879059e+00
6.075567703192715271e+04 1.017591329420692858e+00
6.075567729198784218e+04 1.053848671123872371e+00
6.075567755204853893e+04 1.052381014947165960e+00
6.075567781210924295e+04 1.045286528627671574e+00
6.075567807216993242e+04 1.052871530369632325e+00
6.075567833223062917e+04 1.036975700279198831e+00
6.075567859229132591e+04 1.026372805715516145e+00
6.075567885235202266e+04 1.031601865342701263e+00
6.075567911241271941e+04 9.722460623004233193e-01
6.075567937247341615e+04 9.567396927713804899e-01
6.075567963253411290e+04 1.078031343207156212e+00
6.075567989259480964e+04 9.689816676740239387e-01
6.075568015265550639e+04 1.026542555174430049e+00
6.075568041271620314e+04 9.520420800427256136e-01
6.075568067277689261e+04 9.672758453959677816e-01
6.075568093283759663e+04 1.029186779126941120e+00
6.075568119289829338e+04 1.037192835285874137e+00
6.075568145295898285e+04 9.778877628242522713e-01
6.075568171301968687e+04 9.958102143440040743e-01
6.075568197308037634e+04 1.050153649671046185e+00
6.075568223314107308e+04 9.273642461538170734e-01
6.075568249320177711e+04 9.501108290673315748e-01
6.075568275326246658e+04 1.056066386720262429e+00
6.075568301332316332e+04 9.302674712035733373e-01
6.075568327338386007e+04 9.155356890719070773e-01
6.075568483179301256e+04 1.077703749602921590e+00
6.075568509184680443e+04 1.012518560483346652e+00
6.075568535190059629e+04 9.798482742876403195e-01
6.075568561195438815e+04 9.999146964378686775e-01
6.075568587200818729e+04 1.047085587503189252e+00
6.075568613206199370e+04 9.513582254267642924e-01
6.075568639211578557e+04 9.834649526742851311e-01
6.075568665216957743e+04 9.680118019440944188e-01
6.075568691222336929e+04 1.044264447811838803e+00
6.075568717227716115e+04 9.865672129007495572e-01
6.075568743233096029e+04 9.193867024527301313e-01
6.075568769238475215e+04 1.031982382058337144e+00
6.075568795243854402e+04 1.043631936669346061e+00
6.075568821249233588e+04 1.078906119136409769e+00
6.075568847254613502e+04 9.651333465657342403e-01
6.075568873259992688e+04 9.640138197783431062e-01
6.075568899265372602e+04 9.962065035682046155e-01
6.075568925270752516e+04 1.018337196267398825e+00
6.075568951276131702e+04 1.023501526140334628e+00
6.075568977281511616e+04 1.038433779202153628e+00
6.075569003286890802e+04 9.973934765279044434e-01
6.075569029292269988e+04 1.033721634558490754e+00
6.075569055297649174e+04 1.064708266604244224e+00
6.075569081303029088e+04 1.011111837472931319e+00
6.075569107308408275e+04 1.122747222599576933e+00
6.075569133313787461e+04 1.053854687254450084e+00
6.075569159319166647e+04 1.059529220077634726e+00
6.075569185324547288e+04 9.045007259112992637e-01
6.075569211329927202e+04 9.872323694380051862e-01
6.075569237335306389e+04 1.100247126527919450e+00
6.075569263340685575e+04 9.755693978526954746e-01
6.075569289346064761e+04 9.448781435519182370e-01
6.075569315351444675e+04 1.043458919176552202e+00
6.075569341356823861e+04 1.021423265648469858e+00
6.075569367362203047e+04 9.872731481169954026e-01
6.075569393367582234e+04 1.064598702522647766e+00
6.075569419372962147e+04 1.055903530102584309e+00
6.075569445378341334e+04 1.026615288974025209e+00
6.075569471383720520e+04 1.010591986353496896e+00
6.075569497389100434e+04 1.007084282314928636e+00
6.075569523394481075e+04 1.032975222649246128e+00
6.075569549399860261e+04 1.025395238314835922e+00
6.075569575405239448e+04 1.008973681543825496e+00
6.075569601410618634e+04 9.380787653838096318e-01
6.075569627415998548e+04 1.025378105791897809e+00
6.075569653421377734e+04 9.872995612864408077e-01
6.075569679426756920e+04 1.122461480195703132e+00
6.075569705432136107e+04 9.338995229390675279e-01
6.075569731437516020e+04 1.007268305050886381e+00
6.075569757442895207e+04 1.033540687944857650e+00
6.075569783448274393e+04 1.026937410784556803e+00
6.075569809453654307e+04 1.013159706281130390e+00
6.075569835459034948e+04 1.042020496346381275e+00
6.075569861464414134e+04 1.047065392585598609e+00
6.075569887469793321e+04 9.743982416492684706e-01
6.075569913475172507e+04 9.452482561275864503e-01
6.075569939480552421e+04 1.041046880308502010e+00
6.075569965485931607e+04 1.091910602190768298e+00
6.075569991491310793e+04 9.703096146721804649e-01
6.075570017496689979e+04 9.532001152136591049e-01
6.075570043502069893e+04 9.991871338848409279e-01
6.075570069507449080e+04 9.624269646003661416e-01
6.075570095512828993e+04 9.706832255749757721e-01
6.075570121518208907e+04 1.012450671908406319e+00
6.075570147523588821e+04 1.037093226900711818e+00
6.075570173528968007e+04 9.929305135329524745e-01
6.075570199534347194e+04 1.021559221819988039e+00
6.075570225539727107e+04 9.973120862171266365e-01
6.075570251545106294e+04 9.544778084319481826e-01
6.075570277550485480e+04 1.004978988317794641e+00
6.075570303555864666e+04 1.013905815246159969e+00
6.075570329561244580e+04 9.915080329898144917e-01
6.075570355566623766e+04 9.336319936357018179e-01
6.075570381572002952e+04 1.043201461954044174e+00
6.075570407577382866e+04 9.767534661123760120e-01
6.075570433582763508e+04 1.055268477680213701e+00
6.075570459588142694e+04 1.151618233310316652e+00
6.075570485593521880e+04 1.091262467538542280e+00
6.075570511598901066e+04 9.683427061072745756e-01
6.075570537604280980e+04 1.119885450085982947e+00
6.075570563609660167e+04 1.106239710559105971e+00
6.075570589615039353e+04 1.121867005763521608e+00
6.075570615620419267e+04 9.521707923391079520e-01
6.075570641625798453e+04 1.068478505707393111e+00
6.075570667631177639e+04 1.062698442771449869e+00
6.075570693636557553e+04 1.012760441535534461e+00
6.075570719641938194e+04 1.086328423250302322e+00
6.075570745647317381e+04 1.050468327022161308e+00
6.075570771652696567e+04 1.116838011928563468e+00
6.075570797658076481e+04 9.980301971898631885e-01
6.075570823663455667e+04 1.148230225225431500e+00
6.075570849668834853e+04 9.685439482024714719e-01
6.075570875674214039e+04 1.001105059828508725e+00
6.075570901679593953e+04 9.530289779769224312e-01
6.075570927684973140e+04 9.658901957191532439e-01
6.075570953690352326e+04 1.094458907035019912e+00
6.075570979695732240e+04 1.019216656064573012e+00
6.075571005701112153e+04 8.987231842353861078e-01
6.075571031706492067e+04 9.916074631134798034e-01
6.075571057711871254e+04 9.853113708462770681e-01
6.075571083717251167e+04 1.088935856354488863e+00
6.075571109722630354e+04 9.542467728551309314e-01
6.075571135728009540e+04 9.347366422380291029e-01
6.075571161733389454e+04 9.489773187656247444e-01
6.075571187738768640e+04 1.129328914272043294e+00
6.075571213744147826e+04 1.065577969132590397e+00
6.075571239749527740e+04 1.154072160780769352e+00
6.075571265754906926e+04 9.693375617203819905e-01
6.075571291760286840e+04 1.007009502845571225e+00
6.075571317765666754e+04 1.065221719509711784e+00
6.075571474868715450e+04 9.034333442245040535e-01
6.075571500874785124e+04 1.065800879719924765e+00
6.075571526880854799e+04 9.948730035469930399e-01
6.075571552886924474e+04 1.027067397633918633e+00
6.075571578892994148e+04 1.052750443596901730e+00
6.075571604899063823e+04 1.013410673035568310e+00
6.075571630905133497e+04 1.018035757788140261e+00
6.075571656911203172e+04 9.556924558458100849e-01
6.075571682917273574e+04 1.025752420806983034e+00
6.075571708923342521e+04 1.023090885300474095e+00
6.075571734929412196e+04 1.065222365490060552e+00
6.075571760935482598e+04 1.091377600514390922e+00
6.075571786941552273e+04 9.563298448025709941e-01
6.075571812947621947e+04 1.003345245304419597e+00
6.075571838953690894e+04 9.712061420824884550e-01
6.075571864959761297e+04 9.762078289081962401e-01
6.075571890965830971e+04 1.064961391089608744e+00
6.075571916971899918e+04 9.660183044632451033e-01
6.075571942977970320e+04 9.433019000198420434e-01
6.075571968984039995e+04 1.045910656046353804e+00
6.075571994990109670e+04 1.009908820697057452e+00
6.075572020996180072e+04 1.037922972335639793e+00
6.075572047002249019e+04 1.000173563414921363e+00
6.075572073008318694e+04 9.705728185082399539e-01
6.075572099014388368e+04 1.102550688891724917e+00
6.075572125020458770e+04 1.040837700025630363e+00
6.075572151026528445e+04 9.675297677478634784e-01
6.075572177032597392e+04 9.645360309247750230e-01
6.075572203038667794e+04 1.136811838190872281e+00
6.075572229044737469e+04 1.044771571373854124e+00
6.075572255050806416e+04 1.095530206507094428e+00
6.075572281056877546e+04 1.031492569424333317e+00
6.075572307062946493e+04 1.152588221144691172e+00
6.075572333069016167e+04 9.491043740483182667e-01
6.075572359075086570e+04 1.170602655360254873e+00
6.075572385081155517e+04 1.023812691610712866e+00
6.075572411087225191e+04 1.026150007165842704e+00
6.075572437093294866e+04 1.132978395917966674e+00
6.075572463099365268e+04 1.093723663881524866e+00
6.075572489105434943e+04 1.031802634912623251e+00
6.075572515111503890e+04 1.017943714484485618e+00
6.075572541117574292e+04 1.008318675852259760e+00
6.075572567123643967e+04 1.054388435009263825e+00
6.075572593129713641e+04 1.032591972476602837e+00
6.075572619135784043e+04 1.017359721145781215e+00
6.075572645141852990e+04 1.055386119665278510e+00
6.075572671147922665e+04 1.017994723317359407e+00
6.075572697153993067e+04 1.058552188704930286e+00
6.075572723160062014e+04 1.061545800800998141e+00
6.075572749166131689e+04 9.740578164314473986e-01
6.075572775172202091e+04 9.641298839945593446e-01
6.075572801178271766e+04 1.003309428351319976e+00
6.075572827184341440e+04 9.619844240236072874e-01
6.075572853190411115e+04 1.010171719506157695e+00
6.075572879196480790e+04 1.071624005587905382e+00
6.075572905202550464e+04 1.107134292141604304e+00
6.075572931208620867e+04 1.031886348114620544e+00
6.075572957214690541e+04 1.121122061033788864e+00
6.075572983220759488e+04 1.044106553376793034e+00
6.075573009226829890e+04 1.052517377069085214e+00
6.075573035232899565e+04 9.968676442532002913e-01
6.075573061238968512e+04 9.876430289011993713e-01
6.075573087245038914e+04 1.057877342771864404e+00
6.075573113251108589e+04 1.137792139454024465e+00
6.075573139257178264e+04 1.071977032854714018e+00
6.075573165263248666e+04 1.050524183263294109e+00
6.075573191269317613e+04 1.084506550818006065e+00
6.075573217275387287e+04 9.928892097784544069e-01
6.075573243281457690e+04 1.006413509169036935e+00
6.075573269287527364e+04 9.980813689654014498e-01
6.075573295293597039e+04 9.965896578856130450e-01
6.075573321299666713e+04 1.067011319586386175e+00
6.075573347305736388e+04 1.104601761062625531e+00
6.075573373311806063e+04 1.019528163515655450e+00
6.075573399317875737e+04 9.259129869292431758e-01
6.075573425323946140e+04 9.103756461156978785e-01
6.075573451330015087e+04 1.044012637328335824e+00
6.075573477336085489e+04 9.873503958486314902e-01
6.075573503342155163e+04 1.033608876964312806e+00
6.075573529348224110e+04 9.819180236160690578e-01
6.075573555354294513e+04 9.932705679343375449e-01
6.075573581360364187e+04 1.032019006061725586e+00
6.075573607366434589e+04 1.037947635386756495e+00
6.075573633372504264e+04 1.027897710007904752e+00
6.075573659378573211e+04 9.906548725297960045e-01
6.075573685384643613e+04 9.921051635408564273e-01
6.075573711390713288e+04 1.028584958642158487e+00
6.075573737396782963e+04 1.025934668142515216e+00
6.075573763402853365e+04 9.697935912052623175e-01
6.075573789408922312e+04 9.929629929221227558e-01
6.075573815414991986e+04 1.002537275995082133e+00
6.075573841421062389e+04 1.014318704688545347e+00
6.075573867427131336e+04 1.063246578119813046e+00
6.075573893433201010e+04 1.073353054813624086e+00
6.075573919439271413e+04 1.043487533093123920e+00
6.075573945445341087e+04 1.065066581296481463e+00
6.075573971451411489e+04 1.038523853590658463e+00
6.075573997457480436e+04 1.099175895986953977e+00
6.075574023463550111e+04 1.026972244161968639e+00
6.075574049469620513e+04 1.066755207416194118e+00
6.075574075475690188e+04 1.015694466848008570e+00
6.075574101481759863e+04 1.101156081470171078e+00
6.075574127487829537e+04 1.185866787527667388e+00
6.075574153493899212e+04 1.048177823393422914e+00
6.075574179499969614e+04 9.869347045529088813e-01
6.075574205506038561e+04 1.094889281120253965e+00
6.075574231512108236e+04 9.415085561546564508e-01
6.075574257518178638e+04 1.036599247951830227e+00
6.075574283524248312e+04 1.070304932609056570e+00
6.075574309530317987e+04 1.105526224864975537e+00
6.075574483016229351e+04 9.557220204842588052e-01
6.075574509021608537e+04 9.871492867678453020e-01
6.075574535026989179e+04 9.710369316099823900e-01
6.075574561032369093e+04 1.030826606353191677e+00
6.075574587037748279e+04 1.098168248289145277e+00
6.075574613043128193e+04 1.001445511245409703e+00
6.075574639048507379e+04 1.016187721915316589e+00
6.075574665053887293e+04 1.013388863538491558e+00
6.075574691059266479e+04 1.117190471029851695e+00
6.075574717064645665e+04 1.053760546511065321e+00
6.075574743070025579e+04 9.762111430759290442e-01
6.075574769075404765e+04 1.027598717291634323e+00
6.075574795080784679e+04 9.613365347991957854e-01
6.075574821086163865e+04 9.689635066466347757e-01
6.075574847091544507e+04 1.017785253423985958e+00
6.075574873096924421e+04 9.893746682299322526e-01
6.075574899102303607e+04 9.447082718728959660e-01
6.075574925107683521e+04 1.078911197946487821e+00
6.075574951113062707e+04 1.163431149308425061e+00
6.075574977118442621e+04 1.042179050820317698e+00
6.075575003123821807e+04 1.054498495510743483e+00
6.075575029129201721e+04 1.023035025958247246e+00
6.075575055134580907e+04 1.114719509089081795e+00
6.075575081139960093e+04 1.010948411059522822e+00
6.075575107145340007e+04 1.019189304393691931e+00
6.075575133150719921e+04 1.061292353497244267e+00
6.075575159156100563e+04 9.480328036703953298e-01
6.075575185161479749e+04 1.050096700217556966e+00
6.075575211166859663e+04 9.370664670474383451e-01
6.075575237172238849e+04 1.041314693952660964e+00
6.075575263177618035e+04 1.068942188373850799e+00
6.075575289182997949e+04 1.062546527952873854e+00
6.075575315188377135e+04 1.123410220463726183e+00
6.075575341193757049e+04 1.010019764605045722e+00
6.075575367199136235e+04 1.109873525857824061e+00
6.075575393204516149e+04 1.005520732634709313e+00
6.075575419209895335e+04 1.075438628178683187e+00
6.075575445215275249e+04 1.094539496414865365e+00
6.075575471220655891e+04 1.123487443800163632e+00
6.075575497226035077e+04 9.870834920250027844e-01
6.075575523231414991e+04 1.034928135853287356e+00
6.075575549236794177e+04 1.078462823382825508e+00
6.075575575242174091e+04 9.933865682724398738e-01
6.075575601247553277e+04 1.057004331221933269e+00
6.075575627252933191e+04 9.408034876277355796e-01
6.075575653258312377e+04 1.019774511370626913e+00
6.075575679263691563e+04 9.426919942492443250e-01
6.075575705269071477e+04 1.010342853622599790e+00
6.075575731274451391e+04 1.019811162100142443e+00
6.075575757279832033e+04 1.035617850083828673e+00
6.075575783285211219e+04 1.074738104107268555e+00
6.075575809290591133e+04 9.314331442500283220e-01
6.075575835295970319e+04 1.071716373010608070e+00
6.075575861301350233e+04 1.042794519664841157e+00
6.075575887306729419e+04 1.066975911636359742e+00
6.075575913312109333e+04 9.977638956382997026e-01
6.075575939317488519e+04 1.012339887749481804e+00
6.075575965322867705e+04 9.386633952020272398e-01
6.075575991328247619e+04 1.093804910034470446e+00
6.075576017333626805e+04 1.063071065252784386e+00
6.075576043339007447e+04 1.011866499916959317e+00
6.075576069344387361e+04 1.062864703009831713e+00
6.075576095349767274e+04 1.018291703910717771e+00
6.075576121355146461e+04 1.123469362252877080e+00
6.075576147360526375e+04 1.028736659412079479e+00
6.075576173365905561e+04 1.084737917743773039e+00
6.075576199371285475e+04 1.002162506216567106e+00
6.075576225376664661e+04 9.236581756976773860e-01
6.075576251382044575e+04 9.912630619233229190e-01
6.075576277387423761e+04 9.742681522400797878e-01
6.075576303392802947e+04 9.850332304288009766e-01
6.075576329398183589e+04 9.904095541459317920e-01
6.075576355403563502e+04 1.059925050604300534e+00
6.075576381408943416e+04 1.050911933106666751e+00
6.075576407414322603e+04 1.051985271226488328e+00
6.075576433419702516e+04 1.070106898991216582e+00
6.075576459425081703e+04 1.038046385161496721e+00
6.075576485430461616e+04 1.000361907801829764e+00
6.075576511435840803e+04 1.025451891226692114e+00
6.075576537441220717e+04 9.784998776752812377e-01
6.075576563446599903e+04 9.950322499336904380e-01
6.075576589451979817e+04 9.726370534595485395e-01
6.075576615457359003e+04 1.086215364174498044e+00
6.075576641462739644e+04 9.932581993743364590e-01
6.075576667468119558e+04 9.794250399089572401e-01
6.075576693473499472e+04 9.545082654652736753e-01
6.075576719478878658e+04 1.068467901907266482e+00
6.075576745484258572e+04 1.089861759342748870e+00
6.075576771489637758e+04 1.030827119411648951e+00
6.075576797495017672e+04 1.014001503389124759e+00
6.075576823500396858e+04 1.007305482546513753e+00
6.075576849505776045e+04 1.010233782410447922e+00
6.075576875511155959e+04 9.999764834173713313e-01
6.075576901516535145e+04 9.314512681520347170e-01
6.075576927521915786e+04 1.014452768785327974e+00
6.075576953527295700e+04 9.593114319751449015e-01
6.075576979532675614e+04 1.027822136723044677e+00
6.075577005538054800e+04 1.041268981725912868e+00
6.075577031543434714e+04 1.030858151872101391e+00
6.075577057548813900e+04 1.052216220877260522e+00
6.075577083554193814e+04 1.021606521267802714e+00
6.075577109559573000e+04 1.017785719356157914e+00
6.075577135564952914e+04 1.074480515562761918e+00
6.075577161570332100e+04 1.017673419601856200e+00
6.075577187575712014e+04 1.056801538327706735e+00
6.075577213581091200e+04 1.104112064609287680e+00
6.075577239586471842e+04 9.415835723435194149e-01
6.075577265591851756e+04 9.970587889454658459e-01
6.075577291597231670e+04 9.767440226706091133e-01
6.075577317602610856e+04 9.691413255465455290e-01
