6.075585120116569306e+04 9.443651298442915509e-01
6.075585146121949219e+04 9.793982177319080495e-01
6.075585172127328406e+04 9.718603185272667311e-01
6.075585198132708319e+04 9.652981401589856292e-01
6.075585224138088233e+04 9.697729428301626875e-01
6.075585250143468147e+04 8.610743303857163466e-01
6.075585276148847333e+04 1.022498418146211341e+00
6.075585302154227247e+04 9.704117626227267701e-01
6.075585328159607161e+04 9.501951352338752210e-01
6.075585354164987803e+04 1.057453748113438508e+00
6.075585380170368444e+04 9.757431127921095682e-01
6.075585406175747630e+04 9.753820940708524123e-01
6.075585432181127544e+04 9.296785060057985994e-01
6.075585458186507458e+04 9.208140754230201841e-01
6.075585484191887372e+04 1.083350833288403425e+00
6.075585510197266558e+04 9.623515007011426148e-01
6.075585536202646472e+04 8.999130091159315281e-01
6.075585562208026386e+04 1.041808384461097248e+00
6.075585588213406299e+04 9.068464784415865010e-01
6.075585614218786213e+04 9.578773145911180231e-01
6.075585640224165400e+04 9.790214467413140831e-01
6.075585666229546041e+04 1.068255511827380433e+00
6.075585692234926682e+04 9.669515113442529453e-01
6.075585718240306596e+04 9.507466662018118075e-01
6.075585744245685783e+04 9.760196991569304314e-01
6.075585770251065696e+04 9.767735860656425739e-01
6.075585796256445610e+04 9.903229534361360775e-01
6.075585822261825524e+04 1.021827192380826199e+00
6.075585848267205438e+04 9.855413558550211173e-01
6.075585874272584624e+04 9.182165630638130516e-01
6.075585900277964538e+04 9.189744261084163979e-01
6.075585926283344452e+04 8.563342751065233793e-01
6.075585952288725093e+04 9.553362509919945955e-01
6.075585978294105735e+04 9.841151867931796637e-01
6.075586004299484921e+04 9.648617993828623174e-01
6.075586030304864835e+04 9.138042112449327181e-01
6.075586056310244749e+04 9.860651580342563172e-01
6.075586082315624662e+04 1.026304215639276318e+00
6.075586108321004576e+04 1.036198308476870666e+00
6.075586134326383763e+04 1.035888830106509007e+00
6.075586160331763676e+04 9.364806090522712623e-01
6.075586186337143590e+04 1.001414946424198593e+00
6.075586212342523504e+04 9.327021797523475932e-01
6.075586238347903418e+04 8.980225367596523789e-01
6.075586264353283332e+04 1.029490109071928616e+00
6.075586290358663973e+04 9.884428747145451721e-01
6.075586316364043887e+04 9.535409451435419292e-01
6.075586342369423801e+04 9.686354954373432857e-01
6.075586368374803715e+04 1.045287107716174502e+00
6.075586394380182901e+04 9.528148941590853793e-01
6.075586420385562815e+04 9.678825299504774105e-01
6.075586446390942729e+04 9.196997433102475084e-01
6.075586472396322642e+04 1.003683479026918013e+00
6.075586498401702556e+04 1.003164055061552817e+00
6.075586524407081743e+04 9.998615480313630677e-01
6.075586550412462384e+04 9.030605481785097810e-01
6.075586576417843025e+04 9.453508751778295638e-01
6.075586602423222939e+04 9.654909592524065776e-01
6.075586628428602853e+04 9.508190634365436544e-01
6.075586654433982039e+04 1.037270711300545489e+00
6.075586680439361953e+04 9.020400835479142065e-01
6.075586706444741867e+04 1.071357835339950215e+00
6.075586732450121781e+04 9.462404644772598461e-01
6.075586758455501695e+04 9.628833847688792469e-01
6.075586784460881609e+04 9.356531106546999155e-01
6.075586810466260795e+04 9.507231833998639470e-01
6.075586836471640709e+04 1.078680414203626814e+00
6.075586862477021350e+04 1.045983503613199028e+00
6.075586888482401991e+04 9.187323275543889389e-01
6.075586914487781905e+04 9.634955745515405567e-01
6.075586940493161092e+04 9.929634097951965943e-01
6.075586966498541005e+04 1.033596035208785180e+00
6.075586992503920919e+04 9.284467678652212896e-01
6.075587018509300833e+04 9.477783768484049354e-01
6.075587044514680747e+04 9.848732403812247016e-01
6.075587070520060661e+04 9.288199733526621982e-01
6.075587096525439847e+04 1.068601426565566559e+00
6.075587122530819761e+04 9.449639171390191716e-01
6.075587148536199675e+04 9.495083748910981836e-01
6.075587174541581044e+04 9.109550235090779768e-01
6.075587200546960958e+04 1.026308535262889787e+00
6.075587226552340871e+04 8.439224553897552994e-01
6.075587252557720058e+04 8.858051780658868779e-01
6.075587278563099972e+04 1.022503157632963511e+00
6.075587304568479885e+04 8.839173402760125420e-01
6.075587330573859799e+04 9.758523458721003463e-01
6.075587356579239713e+04 9.962797027668381933e-01
6.075587382584619627e+04 9.205498638900104780e-01
6.075587408589998813e+04 1.016362010399489257e+00
6.075587434595378727e+04 8.935010399422268490e-01
6.075587460600759368e+04 9.720903514015152291e-01
6.075587486606140010e+04 1.024692802315640749e+00
6.075587512611519924e+04 9.728475210576451593e-01
6.075587538616899838e+04 9.912400649369094152e-01
6.075587564622279751e+04 8.694233933419321936e-01
6.075587590627658938e+04 9.849219406675656652e-01
6.075587616633038851e+04 1.008206982979535260e+00
6.075587642638418765e+04 9.653199750647779576e-01
6.075587668643798679e+04 9.450509657422395682e-01
6.075587694649178593e+04 1.105450832898891678e+00
6.075587720654558507e+04 9.661455502564595399e-01
6.075587746659937693e+04 1.022568173557614868e+00
6.075587772665318334e+04 9.480840231472507096e-01
6.075587798670698976e+04 9.380791082254598123e-01
6.075587824676078890e+04 1.045752347035476371e+00
6.075587850681458804e+04 9.236744841644615178e-01
6.075587876686838717e+04 9.279468067969066647e-01
6.075587902692218631e+04 8.763684628660241005e-01
6.075587928697597818e+04 9.184476278509320357e-01
6.075587954702977731e+04 9.028071100522853110e-01
6.075588115586427011e+04 8.655491917553668202e-01
6.075588141592496686e+04 9.427829348540636145e-01
6.075588167598567088e+04 9.031596030480089077e-01
6.075588193604636763e+04 9.744441070817950745e-01
6.075588219610707165e+04 9.273329722039895806e-01
6.075588245616777567e+04 9.395187947425441832e-01
6.075588271622847242e+04 9.315081283729506056e-01
6.075588297628917644e+04 1.003268203552485138e+00
6.075588323634988046e+04 1.019668682110760782e+00
6.075588349641056993e+04 1.068366762109219659e+00
6.075588375647127395e+04 9.592505191259946828e-01
6.075588401653197798e+04 9.657369350187594570e-01
6.075588427659268200e+04 9.877025735920843541e-01
6.075588453665338602e+04 9.626789000995720214e-01
6.075588479671408277e+04 9.001546722600497485e-01
6.075588505677478679e+04 9.132331542315159645e-01
6.075588531683548354e+04 9.659433865571342981e-01
6.075588557689618756e+04 1.062299212629330469e+00
6.075588583695689158e+04 9.694612178234744970e-01
6.075588609701758833e+04 8.973990846577233338e-01
6.075588635707829235e+04 9.605180882289142685e-01
6.075588661713899637e+04 9.932919500015466863e-01
6.075588687719969312e+04 9.469308125196972403e-01
6.075588713726038986e+04 1.005114281843953794e+00
6.075588739732109389e+04 1.030320093697109307e+00
6.075588765738179791e+04 9.156778819583972773e-01
6.075588791744250193e+04 9.876926027648865736e-01
6.075588817750319868e+04 1.046514960898056179e+00
6.075588843756390270e+04 9.412191163095172675e-01
6.075588869762460672e+04 9.353802697513935449e-01
6.075588895768530347e+04 9.599600414701114914e-01
6.075588921774600749e+04 9.027280928799755744e-01
6.075588947780670424e+04 9.370223239749567723e-01
6.075588973786740826e+04 1.004747452299966870e+00
6.075588999792811228e+04 9.009437537679430008e-01
6.075589025798880903e+04 9.573193462291027522e-01
6.075589051804952032e+04 9.918433840654231615e-01
6.075589077811021707e+04 9.058639488807835871e-01
6.075589103817091382e+04 9.788504173917391693e-01
6.075589129823161784e+04 8.947839366436052266e-01
6.075589155829231458e+04 8.931136053426304011e-01
6.075589181835301861e+04 9.840805332972928365e-01
6.075589207841372263e+04 9.325606648613649075e-01
6.075589233847442665e+04 9.746264150971515328e-01
6.075589259853513067e+04 9.850339605700191292e-01
6.075589285859582742e+04 9.082996054306441414e-01
6.075589311865652417e+04 1.004238430269950522e+00
6.075589337871722819e+04 1.013271120358943511e+00
6.075589363877793221e+04 1.018676287806885572e+00
6.075589389883863623e+04 9.794765333592080347e-01
6.075589415889933298e+04 9.828278627289647185e-01
6.075589441896003700e+04 8.889592437284495885e-01
6.075589467902074102e+04 9.562225109972499748e-01
6.075589493908143777e+04 9.111950021134964661e-01
6.075589519914213452e+04 1.018619790373807010e+00
6.075589545920283854e+04 1.003105633338493341e+00
6.075589571926354256e+04 9.871553581393078813e-01
6.075589597932424658e+04 8.822455243338575004e-01
6.075589623938494333e+04 9.566344626468983314e-01
6.075589649944564735e+04 1.006729316029861820e+00
6.075589675950635137e+04 1.033237040834164677e+00
6.075589701956705539e+04 9.068432161945183534e-01
6.075589727962775942e+04 1.021375016071436770e+00
6.075589753968844889e+04 9.440213158922136083e-01
6.075589779974915291e+04 9.738162119988494903e-01
6.075589805980985693e+04 9.752349613885729074e-01
6.075589831987055368e+04 9.059975021519486305e-01
6.075589857993125770e+04 9.026511110629433787e-01
6.075589883999196172e+04 1.020816719731143962e+00
6.075589910005266574e+04 9.798229392310349173e-01
6.075589936011336977e+04 8.760356210290761725e-01
6.075589962017406651e+04 1.012061794423047889e+00
6.075589988023477054e+04 8.804372315428067308e-01
6.075590014029546728e+04 9.828699256880147894e-01
6.075590040035617130e+04 1.028756986145671792e+00
6.075590066041687533e+04 9.887058554618917139e-01
6.075590092047757207e+04 1.002480178449004278e+00
6.075590118053827609e+04 9.507420506819935779e-01
6.075590144059898012e+04 1.046425023775015228e+00
6.075590170065967686e+04 9.218313081987162816e-01
6.075590196072038816e+04 9.747754234515707550e-01
6.075590222078108491e+04 9.562090543723589242e-01
6.075590248084178893e+04 9.548028870856930528e-01
6.075590274090249295e+04 9.855334461665380408e-01
6.075590300096318242e+04 9.477075327885894351e-01
6.075590326102388644e+04 1.000361680758507843e+00
6.075590352108459047e+04 9.578155623353357129e-01
6.075590378114529449e+04 1.018835648983033249e+00
6.075590404120599851e+04 1.028680769641978188e+00
6.075590430126669526e+04 9.760832490884807644e-01
6.075590456132739928e+04 9.403939821641436048e-01
6.075590482138810330e+04 8.816344672980424013e-01
6.075590508144880732e+04 9.146294921019020308e-01
6.075590534150951135e+04 9.820179526341079601e-01
6.075590560157020809e+04 9.744020481262726241e-01
6.075590586163091211e+04 9.508553149721451492e-01
6.075590612169160886e+04 1.070206399551836274e+00
6.075590638175230561e+04 9.993590083793572054e-01
6.075590664181300963e+04 1.112848972142409298e+00
6.075590690187371365e+04 8.936354635678965819e-01
6.075590716193441767e+04 9.402655153175626390e-01
6.075590742199512169e+04 9.050012983485115070e-01
6.075590768205581844e+04 1.011686233209174279e+00
6.075590794211652246e+04 9.441394474027339223e-01
6.075590820217722649e+04 9.649854417928919181e-01
6.075590846223793051e+04 9.310104751919806576e-01
6.075590872229863453e+04 9.497369837220527300e-01
6.075590898235933128e+04 1.088141924851051323e+00
6.075590924242003530e+04 9.593953901485799962e-01
6.075590950248073932e+04 1.027409692330671920e+00
6.075591106051386305e+04 9.615398262766136073e-01
6.075591132057445793e+04 9.827518483867435650e-01
6.075591158063505281e+04 1.055288113475895795e+00
6.075591184069564770e+04 9.734386275401705202e-01
6.075591210075624258e+04 9.447894999336610145e-01
6.075591236081683746e+04 9.415546120837267052e-01
6.075591262087743235e+04 9.781009201026750199e-01
6.075591288093802723e+04 9.023607778510749355e-01
6.075591314099862211e+04 9.248538246137703034e-01
6.075591340105922427e+04 9.584842037321453789e-01
6.075591366111981915e+04 9.421208626697631372e-01
6.075591392118041404e+04 1.007918500216564262e+00
6.075591418124100892e+04 1.045396264117254725e+00
6.075591444130160380e+04 1.031282946744947138e+00
6.075591470136219868e+04 9.531070743302429982e-01
6.075591496142279357e+04 9.354127467104133009e-01
6.075591522148338845e+04 9.788712194819931822e-01
6.075591548154399061e+04 9.306379041735357571e-01
6.075591574160458549e+04 8.359952402653011427e-01
6.075591600166518037e+04 9.849938719816094812e-01
6.075591626172577526e+04 1.060410815879650137e+00
6.075591652178637742e+04 9.621076978081972708e-01
6.075591678184697230e+04 9.720345944764351431e-01
6.075591704190756718e+04 9.629611162825121307e-01
6.075591730196816206e+04 1.036474662653019907e+00
6.075591756202875695e+04 9.151425002810564813e-01
6.075591782208935183e+04 9.848962326240721099e-01
6.075591808214994671e+04 9.342339987262296974e-01
6.075591834221054160e+04 9.187309591426540134e-01
6.075591860227113648e+04 8.850656106819771995e-01
6.075591886233173136e+04 9.103263788860789241e-01
6.075591912239232624e+04 1.011352692632770500e+00
6.075591938245292840e+04 9.819047415975226123e-01
6.075591964251352329e+04 9.904369313990378787e-01
6.075591990257411817e+04 9.768863046368716496e-01
6.075592016263471305e+04 9.462334526389369893e-01
6.075592042269530793e+04 9.640708336723314842e-01
6.075592068275590282e+04 9.933064890664872193e-01
6.075592094281649770e+04 9.273269482551389498e-01
6.075592120287709986e+04 9.467054427290763075e-01
6.075592146293769474e+04 9.774968043768671455e-01
6.075592172299828962e+04 1.019777810840029275e+00
6.075592198305888451e+04 9.335546534769629812e-01
6.075592224311948667e+04 1.012613396873212279e+00
6.075592250318008155e+04 9.991266217833663088e-01
6.075592276324067643e+04 9.583826134680998310e-01
6.075592302330127131e+04 1.056756042737728496e+00
6.075592328336186620e+04 9.490209791986974341e-01
6.075592354342246108e+04 9.740368109065312696e-01
6.075592380348305596e+04 1.081420604757647341e+00
6.075592406354365812e+04 1.001982270361390759e+00
6.075592432360425300e+04 9.330036826918396420e-01
6.075592458366484789e+04 9.556385332398680266e-01
6.075592484372544277e+04 9.889201487803764845e-01
6.075592510378604493e+04 1.053417539768166655e+00
6.075592536384663981e+04 9.199032100927817535e-01
6.075592562390723469e+04 8.961088360039852763e-01
6.075592588396782958e+04 1.023917965510948269e+00
6.075592614402842446e+04 9.924015587429411145e-01
6.075592640408901934e+04 1.002964605343571236e+00
6.075592666414961423e+04 9.891723748228805624e-01
6.075592692421020911e+04 1.022136870585327317e+00
6.075592718427081127e+04 1.024402475204419849e+00
6.075592744433140615e+04 9.929388249878531303e-01
6.075592770439200103e+04 9.249487226581184496e-01
6.075592796445260319e+04 1.114650082640323170e+00
6.075592822451319807e+04 9.954803631249248275e-01
6.075592848457379296e+04 9.957460615010210736e-01
6.075592874463438784e+04 9.255225822747658038e-01
6.075592900469498272e+04 9.385551739465540777e-01
6.075592926475557761e+04 9.248284805703855804e-01
6.075592952481617249e+04 9.688493077751897387e-01
6.075592978487676737e+04 9.823492952264794020e-01
6.075593004493736953e+04 9.086723117735063804e-01
6.075593030499796441e+04 9.930664180293248267e-01
6.075593056505855930e+04 9.424304328796161423e-01
6.075593082511916145e+04 1.021336269937098251e+00
6.075593108517975634e+04 9.891663244195419979e-01
6.075593134524035122e+04 9.378823590921467890e-01
6.075593160530094610e+04 9.738267434518568244e-01
6.075593186536154099e+04 1.033473019052556285e+00
6.075593212542213587e+04 9.388111146416078245e-01
6.075593238548273075e+04 9.826653744085885878e-01
6.075593264554332563e+04 9.842577387179808346e-01
6.075593290560392779e+04 9.215740523258900696e-01
6.075593316566452268e+04 1.023036435370775044e+00
6.075593342572511756e+04 9.994310846894390865e-01
6.075593368578571244e+04 9.981630322207163397e-01
6.075593394584631460e+04 8.803300754502645376e-01
6.075593420590690948e+04 9.329663566135210084e-01
6.075593446596750437e+04 9.582158769906723439e-01
6.075593472602809925e+04 9.139623887581099781e-01
6.075593498608869413e+04 9.364320791373392794e-01
6.075593524614928901e+04 9.428536250258188200e-01
6.075593550620988390e+04 1.008851001014931414e+00
6.075593576627048606e+04 9.578234664439173596e-01
6.075593602633108094e+04 9.349087424726778561e-01
6.075593628639167582e+04 9.328985955508443118e-01
6.075593654645227070e+04 9.711096883916763289e-01
6.075593680651287286e+04 9.187296471206269910e-01
6.075593706657346775e+04 1.071321411331687123e+00
6.075593732663406263e+04 1.055450350058341646e+00
6.075593758669465751e+04 1.008828382501300469e+00
6.075593784675525239e+04 9.063308094388283775e-01
6.075593810681584728e+04 9.449302850384329044e-01
6.075593836687644216e+04 1.010687596621543394e+00
6.075593862693704432e+04 1.002220649411217357e+00
6.075593888699763920e+04 8.952925986037644224e-01
6.075593914705823408e+04 9.050412728982620836e-01
6.075593940711883624e+04 1.005890677581574577e+00
6.075594106598430517e+04 9.580470480184937188e-01
6.075594132604500919e+04 9.976308865194927211e-01
6.075594158610571321e+04 1.057780253671504855e+00
6.075594184616640996e+04 9.501063226551137442e-01
6.075594210622711398e+04 1.011751368639350446e+00
6.075594236628781800e+04 1.011767625334986764e+00
6.075594262634852203e+04 9.329919218846038920e-01
6.075594288640922605e+04 9.903226400594415946e-01
6.075594314646992279e+04 9.820495042972698929e-01
6.075594340653063409e+04 9.555560174281338970e-01
6.075594366659133811e+04 9.447836730998329102e-01
6.075594392665203486e+04 1.008439661749685134e+00
6.075594418671273888e+04 9.230695102802666252e-01
6.075594444677344291e+04 1.027943737293806281e+00
6.075594470683414693e+04 8.941989007693049718e-01
6.075594496689485095e+04 9.965116331727102983e-01
6.075594522695554770e+04 9.656887210426235990e-01
6.075594548701625172e+04 9.622185513448227034e-01
6.075594574707695574e+04 9.714742194538744657e-01
6.075594600713765976e+04 9.671540195804705364e-01
6.075594626719836378e+04 9.843900826511426949e-01
6.075594652725906053e+04 9.997373783393307400e-01
6.075594678731976455e+04 9.211856718944717581e-01
6.075594704738046858e+04 9.849657264910628429e-01
6.075594730744116532e+04 9.818218589605470781e-01
6.075594756750187662e+04 9.506537877590632846e-01
6.075594782756257337e+04 9.503879451817373036e-01
6.075594808762328466e+04 8.386522691004441032e-01
6.075594834768398869e+04 9.908994768660889241e-01
6.075594860774468543e+04 1.040719523929928947e+00
6.075594886780538945e+04 9.613269219437701185e-01
6.075594912786609348e+04 8.967852281805801518e-01
6.075594938792679750e+04 9.501612091347014788e-01
6.075594964798750152e+04 9.705496220698361931e-01
6.075594990804819827e+04 1.031075014120486522e+00
6.075595016810890229e+04 1.041805728224018068e+00
6.075595042816960631e+04 1.024207909823442675e+00
6.075595068823031033e+04 8.341999138484023080e-01
6.075595094829101436e+04 1.065308157798396715e+00
6.075595120835171110e+04 9.938659043737092524e-01
6.075595146841241512e+04 8.931223154282532661e-01
6.075595172847312642e+04 9.791641449286075938e-01
6.075595198853382317e+04 1.084581411240301607e+00
6.075595224859452719e+04 1.015189739053760754e+00
6.075595250865523121e+04 9.578539905816110256e-01
6.075595276871593524e+04 9.872842053273266361e-01
6.075595302877663926e+04 9.662606634807562322e-01
6.075595328883733600e+04 9.532860214426130963e-01
6.075595354889804003e+04 9.186063011307572523e-01
6.075595380895874405e+04 1.086905682456627664e+00
6.075595406901944807e+04 9.244256235981189729e-01
6.075595432908015209e+04 8.764197663894268686e-01
6.075595458914084884e+04 1.044173834742613272e+00
6.075595484920156014e+04 9.308936798950064873e-01
6.075595510926226416e+04 9.605891724132140652e-01
6.075595536932296091e+04 9.877603896237342473e-01
6.075595562938366493e+04 9.836650466560347139e-01
6.075595588944436895e+04 1.039811826974502251e+00
6.075595614950507297e+04 9.922202167606801737e-01
6.075595640956577699e+04 9.742372812721026287e-01
6.075595666962647374e+04 1.003040474806413451e+00
6.075595692968717776e+04 9.881518955202612808e-01
6.075595718974788178e+04 9.517289901325527435e-01
6.075595744980858581e+04 9.830063794958048273e-01
6.075595770986929710e+04 9.955426227957365759e-01
6.075595796992999385e+04 1.042685638240426149e+00
6.075595822999069787e+04 9.077549353162653878e-01
6.075595849005140190e+04 9.615394966910543184e-01
6.075595875011209864e+04 9.683280075005116228e-01
6.075595901017280994e+04 1.025335890056249921e+00
6.075595927023350669e+04 9.072620496945196233e-01
6.075595953029421071e+04 1.042865433879350601e+00
6.075595979035491473e+04 1.002389741467667683e+00
6.075596005041561148e+04 9.572219866026954183e-01
6.075596031047632277e+04 9.988690354818601236e-01
6.075596057053702680e+04 9.843348079047569144e-01
6.075596083059773082e+04 9.595376547494653963e-01
6.075596109065843484e+04 9.997870589812871689e-01
6.075596135071913159e+04 1.023620233938968394e+00
6.075596161077983561e+04 9.138328392370571596e-01
6.075596187084053963e+04 9.935387172055153426e-01
6.075596213090124365e+04 9.553649082850228513e-01
6.075596239096194768e+04 9.440468412395809361e-01
6.075596265102265170e+04 1.038173161989047966e+00
6.075596291108335572e+04 9.857863497145503695e-01
6.075596317114405974e+04 9.711313980924101141e-01
6.075596343120475649e+04 9.738003047621244246e-01
6.075596369126546051e+04 9.804170548209351077e-01
6.075596395132616453e+04 1.051718397441810504e+00
6.075596421138686856e+04 9.266984383780003665e-01
6.075596447144757258e+04 1.123649796591027261e+00
6.075596473150827660e+04 9.478852430644707505e-01
6.075596499156898062e+04 9.852884220897329959e-01
6.075596525162968464e+04 9.845161350031665926e-01
6.075596551169038867e+04 9.485525064201231205e-01
6.075596577175109269e+04 1.006664290995212374e+00
6.075596603181178943e+04 9.778555747999805314e-01
6.075596629187249346e+04 9.395804306990337418e-01
6.075596655193319748e+04 1.001175337549117472e+00
6.075596681199390150e+04 9.739776001276830852e-01
6.075596707205460552e+04 9.913732036905525957e-01
6.075596733211530955e+04 9.425591243853144174e-01
6.075596759217601357e+04 9.383680915371792608e-01
6.075596785223671759e+04 1.015582608730767999e+00
6.075596811229741434e+04 1.006442335492429008e+00
6.075596837235811836e+04 9.716939164165696585e-01
6.075596863241882238e+04 8.273403757539005143e-01
6.075596889247953368e+04 1.066747138080970325e+00
6.075596915254023770e+04 8.776829019683251021e-01
6.075596941260093445e+04 1.036987690803916173e+00
6.075597102105359954e+04 1.013683391053738392e+00
6.075597128111420170e+04 1.062316061284026558e+00
6.075597154117479658e+04 8.904446944098183270e-01
6.075597180123539147e+04 9.777205114322399249e-01
6.075597206129598635e+04 9.489353241072202572e-01
6.075597232135658123e+04 9.680874058822988015e-01
6.075597258141718339e+04 9.361181195216992101e-01
6.075597284147777827e+04 9.302548325803507989e-01
6.075597310153837316e+04 9.934091956831654358e-01
6.075597336159897532e+04 9.121829935490839425e-01
6.075597362165957020e+04 9.906059598831727930e-01
6.075597388172016508e+04 1.031163583851165910e+00
6.075597414178077452e+04 9.989333705280074582e-01
6.075597440184136940e+04 9.892728732407435333e-01
6.075597466190196428e+04 1.044512324184857510e+00
6.075597492196255916e+04 1.020075266581591089e+00
6.075597518202315405e+04 9.655989781104626912e-01
6.075597544208374893e+04 9.738614550391017088e-01
6.075597570214434381e+04 9.679219705520545336e-01
6.075597596220494597e+04 9.645340295983920731e-01
6.075597622226554813e+04 9.595941972299983913e-01
6.075597648232614301e+04 9.512863708766533533e-01
6.075597674238673790e+04 9.567651919896493773e-01
6.075597700244734006e+04 9.705225851367051959e-01
6.075597726250793494e+04 9.983221127567446507e-01
6.075597752256853710e+04 1.071364230450008836e+00
6.075597778262913198e+04 9.032647764671795088e-01
6.075597804268972686e+04 1.053123115328945092e+00
6.075597830275032175e+04 9.333290025909874998e-01
6.075597856281091663e+04 9.865328502795124299e-01
6.075597882287151151e+04 1.018154180225260941e+00
6.075597908293212095e+04 9.475441680453519089e-01
6.075597934299271583e+04 8.920474668392212036e-01
6.075597960305331071e+04 1.082610516874469964e+00
6.075597986311390559e+04 1.007368327772452998e+00
6.075598012317450775e+04 8.990845105349107858e-01
6.075598038323510264e+04 9.174907481774895457e-01
6.075598064329570479e+04 9.332604064364524721e-01
6.075598090335629968e+04 1.006600726661794676e+00
6.075598116341689456e+04 9.048905934271879170e-01
6.075598142347748944e+04 1.087518367554834331e+00
6.075598168353808433e+04 9.529936905838687355e-01
6.075598194359869376e+04 1.024220673042032459e+00
6.075598220365928864e+04 9.390649381704603282e-01
6.075598246371988353e+04 9.629103096724117572e-01
6.075598272378047841e+04 1.001255637018280353e+00
6.075598298384108057e+04 1.062681769655475561e+00
6.075598324390167545e+04 1.022928206906900117e+00
6.075598350396227761e+04 1.035394300917309662e+00
6.075598376402287249e+04 9.811458676148157032e-01
6.075598402408346738e+04 9.039112493572373230e-01
6.075598428414406226e+04 1.051478939819858738e+00
6.075598454420465714e+04 9.613584277177540383e-01
6.075598480426526658e+04 1.023246866579134773e+00
6.075598506432586146e+04 1.020189366177250978e+00
6.075598532438645634e+04 9.966134143167348913e-01
6.075598558444705122e+04 1.088609358751596590e+00
6.075598584450765338e+04 1.011765069122911864e+00
6.075598610456825554e+04 1.040382005464823401e+00
6.075598636462885042e+04 1.034934554043246857e+00
6.075598662468944531e+04 9.637125477996142386e-01
6.075598688475004019e+04 1.002564540830991557e+00
6.075598714481063507e+04 1.051261204935926230e+00
6.075598740487123723e+04 9.205213039625596005e-01
6.075598766493183211e+04 1.104623070427246834e+00
6.075598792499243427e+04 1.060083172972032584e+00
6.075598818505302916e+04 9.850906276129469674e-01
6.075598844511362404e+04 9.385566206776230214e-01
6.075598870517423347e+04 1.039474788128417426e+00
6.075598896523482836e+04 9.927825612239459252e-01
6.075598922529542324e+04 1.019040574413946798e+00
6.075598948535601812e+04 9.266728299919528844e-01
6.075598974541661300e+04 1.103238037540924976e+00
6.075599000547721516e+04 1.039746489212382663e+00
6.075599026553781005e+04 9.772228731189872564e-01
6.075599052559840493e+04 9.779454444276798331e-01
6.075599078565900709e+04 9.691637127166160548e-01
6.075599104571960197e+04 1.118512378258990081e+00
6.075599130578020413e+04 1.073604502174717368e+00
6.075599156584080629e+04 1.065472451577213375e+00
6.075599182590140117e+04 9.903199862879109583e-01
6.075599208596199605e+04 9.831535616011539691e-01
6.075599234602259094e+04 9.729565424856875255e-01
6.075599260608319310e+04 9.920019932390042872e-01
6.075599286614378798e+04 9.885224904133365076e-01
6.075599312620438286e+04 1.112379050464683550e+00
6.075599338626497774e+04 9.610477255259179952e-01
6.075599364632558718e+04 9.783917226626502872e-01
6.075599390638618206e+04 1.022596307171875551e+00
6.075599416644677694e+04 1.022804026979637682e+00
6.075599442650737910e+04 9.455098831786737934e-01
6.075599468656797399e+04 9.853872916851007524e-01
6.075599494662857614e+04 9.972453712087095967e-01
6.075599520668917103e+04 9.963431025300151234e-01
6.075599546674976591e+04 9.685958931718170462e-01
6.075599572681036079e+04 9.840640082679730227e-01
6.075599598687096295e+04 9.919079719261056916e-01
6.075599624693155783e+04 8.904198118993336131e-01
6.075599650699215999e+04 9.339540960011446513e-01
6.075599676705275488e+04 1.092959219001001792e+00
6.075599702711334976e+04 1.102126930646885272e+00
6.075599728717395192e+04 9.102167030130123848e-01
6.075599754723455408e+04 1.022038829264828363e+00
6.075599780729514896e+04 9.823317682728922584e-01
6.075599806735574384e+04 9.494003849564017772e-01
6.075599832741634600e+04 9.092142501482303185e-01
6.075599858747694088e+04 9.681151934400534786e-01
6.075599884753753577e+04 1.054472835896648641e+00
6.075599910759813065e+04 9.594882408849442212e-01
6.075599936765874008e+04 9.748382593295819021e-01
6.075600091310295102e+04 1.023122928098182838e+00
6.075600117316365504e+04 1.005061458523976547e+00
6.075600143322435179e+04 9.909633051565172046e-01
6.075600169328505581e+04 9.357960571362121671e-01
6.075600195334576711e+04 9.738509341275505271e-01
6.075600221340647113e+04 1.109135295324692461e+00
6.075600247346717515e+04 9.471721594078423845e-01
6.075600273352787190e+04 9.860481751796295047e-01
6.075600299358858319e+04 1.026989541592507438e+00
6.075600325364928722e+04 9.638134231561099607e-01
6.075600351370998396e+04 9.631531142225201458e-01
6.075600377377069526e+04 9.013213450808840177e-01
6.075600403383139928e+04 9.954017414959850374e-01
6.075600429389210331e+04 9.715133869229978236e-01
6.075600455395280733e+04 9.753612613929146802e-01
6.075600481401350407e+04 8.677049103361151872e-01
6.075600507407421537e+04 1.038628562732049510e+00
6.075600533413491939e+04 1.070328341417078111e+00
6.075600559419562342e+04 1.008325944577158628e+00
6.075600585425632744e+04 9.565164629350814129e-01
6.075600611431703146e+04 1.077444861873305904e+00
6.075600637437773548e+04 9.613937696232823793e-01
6.075600663443843951e+04 1.073881919176455257e+00
6.075600689449914353e+04 1.008478323356884587e+00
6.075600715455985483e+04 9.163439034778583236e-01
6.075600741462055157e+04 9.155230193816411566e-01
6.075600767468125559e+04 1.013528889736323046e+00
6.075600793474195962e+04 9.958241942805362568e-01
6.075600819480266364e+04 1.000785402902726551e+00
6.075600845486336766e+04 1.028843912238145641e+00
6.075600871492407168e+04 8.642873035908603674e-01
6.075600897498478298e+04 1.007122751279198480e+00
6.075600923504548700e+04 9.374369264211936947e-01
6.075600949510618375e+04 8.698752028897331900e-01
6.075600975516688777e+04 1.047481270719482493e+00
6.075601001522759907e+04 1.040522571163002397e+00
6.075601027528830309e+04 9.868065310881483088e-01
6.075601053534900711e+04 1.063542659184007588e+00
6.075601079540970386e+04 1.012710286509949764e+00
6.075601105547041516e+04 1.025112724677228915e+00
6.075601131553111918e+04 9.882751426673006545e-01
6.075601157559181593e+04 1.025706990284737108e+00
6.075601183565252722e+04 1.011533198703917336e+00
6.075601209571323125e+04 9.703729039908600695e-01
6.075601235577393527e+04 9.679018936213985569e-01
6.075601261583463929e+04 1.015049376336631504e+00
6.075601287589534331e+04 1.022135133149197683e+00
6.075601313595604734e+04 1.062411399724197070e+00
6.075601339601675136e+04 9.716336448301609030e-01
6.075601365607746266e+04 1.029193951744403979e+00
6.075601391613816668e+04 9.475357237111318165e-01
6.075601417619886342e+04 1.020308759861913828e+00
6.075601443625956745e+04 1.038412381215028546e+00
6.075601469632027874e+04 9.629065354402701615e-01
6.075601495638097549e+04 9.480293470239032905e-01
6.075601521644168679e+04 1.054231819774996692e+00
6.075601547650239081e+04 9.759999115932840308e-01
6.075601573656309483e+04 1.086910400274528010e+00
6.075601599662379886e+04 1.003368728331831328e+00
6.075601625668450288e+04 9.915569432560967789e-01
6.075601651674520690e+04 9.826926556310365823e-01
6.075601677680591092e+04 1.032013654742902187e+00
6.075601703686661494e+04 9.714588900363884116e-01
6.075601729692732624e+04 1.013499032238602604e+00
6.075601755698802299e+04 1.031595715115624534e+00
6.075601781704872701e+04 1.057258539619713611e+00
6.075601807710943831e+04 1.113885855889223730e+00
6.075601833717014233e+04 1.030003168429194815e+00
6.075601859723084635e+04 1.049935683930240948e+00
6.075601885729155038e+04 1.048906202932578413e+00
6.075601911735225440e+04 1.025896488022913555e+00
6.075601937741295842e+04 1.073833845862524283e+00
6.075601963747365517e+04 1.003605318723983730e+00
6.075601989753436646e+04 1.066381365775711743e+00
6.075602015759507049e+04 9.939190043425436549e-01
6.075602041765577451e+04 1.019861635314636139e+00
6.075602067771648581e+04 9.804678068404456548e-01
6.075602093777718255e+04 1.030172596177519662e+00
6.075602119783788658e+04 9.235991729895348668e-01
6.075602145789859787e+04 1.036180738750227315e+00
6.075602171795930190e+04 1.111567548947991924e+00
6.075602197802000592e+04 9.252891981343589478e-01
6.075602223808070994e+04 1.024439169437571184e+00
6.075602249814141396e+04 1.025154296973934009e+00
6.075602275820211798e+04 1.105237680350705132e+00
6.075602301826282201e+04 9.428514577514481854e-01
6.075602327832352603e+04 1.000868206150340001e+00
6.075602353838423005e+04 1.006015705879599986e+00
6.075602379844494135e+04 9.469657025638426040e-01
6.075602405850564537e+04 1.058289204410820528e+00
6.075602431856634212e+04 1.138826649698589266e+00
6.075602457862704614e+04 1.026621509447837921e+00
6.075602483868775744e+04 1.042418984751178002e+00
6.075602509874846146e+04 1.055200080254392603e+00
6.075602535880916548e+04 1.011147453808660668e+00
6.075602561886986950e+04 9.236828882705747645e-01
6.075602587893057353e+04 1.050393794897812594e+00
6.075602613899127755e+04 1.031804084794448517e+00
6.075602639905198885e+04 9.481753823164349448e-01
6.075602665911269287e+04 9.622919460321751606e-01
6.075602691917338962e+04 9.306789748328345713e-01
6.075602717923410091e+04 1.007349072136873636e+00
6.075602743929480494e+04 1.143345111908905531e+00
6.075602769935550168e+04 1.107519047295712378e+00
6.075602795941621298e+04 1.066686408477273362e+00
6.075602821947691700e+04 1.018371067477931380e+00
6.075602847953762102e+04 1.018009749698154387e+00
6.075602873959833232e+04 1.043586301114827419e+00
6.075602899965902907e+04 1.006813356718928354e+00
6.075602925971973309e+04 9.601365675643969144e-01
6.075603093119423283e+04 9.828893745065568899e-01
6.075603119125482772e+04 1.085260290412288331e+00
6.075603145131542988e+04 1.030356727830604724e+00
6.075603171137602476e+04 1.006413336725398899e+00
6.075603197143662692e+04 9.878828091970615066e-01
6.075603223149722908e+04 1.082182764095424021e+00
6.075603249155782396e+04 1.097108527582090431e+00
6.075603275161842612e+04 9.326527333107392792e-01
6.075603301167902100e+04 9.383724110576965316e-01
6.075603327173962316e+04 9.808421525720586454e-01
6.075603353180022532e+04 9.689864478576516449e-01
6.075603379186082020e+04 1.080339598605579043e+00
6.075603405192141508e+04 9.046135242112266495e-01
6.075603431198201724e+04 9.584872577503081859e-01
6.075603457204261213e+04 9.768174648250202985e-01
6.075603483210320701e+04 9.588362151572085157e-01
6.075603509216381644e+04 1.002371150971537173e+00
6.075603535222441133e+04 1.026055790046017213e+00
6.075603561228501349e+04 1.003644596157687197e+00
6.075603587234560837e+04 9.543150955922408141e-01
6.075603613240621053e+04 1.053044032972126676e+00
6.075603639246681269e+04 9.968462028184648105e-01
6.075603665252740757e+04 9.653313906841637371e-01
6.075603691258800245e+04 1.082731675842131258e+00
6.075603717264860461e+04 1.028966772400971674e+00
6.075603743270919949e+04 1.021743283374304312e+00
6.075603769276979438e+04 1.119105870426193583e+00
6.075603795283040381e+04 1.034659599555273202e+00
6.075603821289099869e+04 1.071108318764235401e+00
6.075603847295160085e+04 9.879291816217165012e-01
6.075603873301219573e+04 1.029831475645174965e+00
6.075603899307279789e+04 9.861344318738541892e-01
6.075603925313340005e+04 1.019473941604457590e+00
6.075603951319399494e+04 9.933505954513481839e-01
6.075603977325458982e+04 1.007593507663137489e+00
6.075604003331519198e+04 1.066031060568306987e+00
6.075604029337578686e+04 1.125737679323313589e+00
6.075604055343638902e+04 9.740827258319019188e-01
6.075604081349698390e+04 1.017961744943387759e+00
6.075604107355758606e+04 1.021803500484559590e+00
6.075604133361818822e+04 1.014689892151241501e+00
6.075604159367878310e+04 1.043810599498515623e+00
6.075604185373938526e+04 1.025091352469152728e+00
6.075604211379998742e+04 1.051260918425995561e+00
6.075604237386058230e+04 9.679001370788852254e-01
6.075604263392118446e+04 1.184521942999115840e+00
6.075604289398177934e+04 1.019273236348582357e+00
6.075604315404237423e+04 9.977018544485044549e-01
6.075604341410297639e+04 1.040817318133108849e+00
6.075604367416357127e+04 1.095962486044975481e+00
6.075604393422418070e+04 1.011407266978362252e+00
6.075604419428477559e+04 9.938825379762606937e-01
6.075604445434537047e+04 1.005926485789573332e+00
6.075604471440597990e+04 1.053504826048045073e+00
6.075604497446657479e+04 1.010501571392400155e+00
6.075604523452717694e+04 1.010757171313672709e+00
6.075604549458777183e+04 1.062336800164945805e+00
6.075604575464836671e+04 1.021171468363065493e+00
6.075604601470896887e+04 1.049156707797096688e+00
6.075604627476956375e+04 1.022561203645655725e+00
6.075604653483016591e+04 1.133827775501244917e+00
6.075604679489076807e+04 9.883096524552927864e-01
6.075604705495136295e+04 1.021067996462782679e+00
6.075604731501196511e+04 9.121186774790108753e-01
6.075604757507256727e+04 1.001852678038035460e+00
6.075604783513316943e+04 1.135472548674247406e+00
6.075604809519376431e+04 1.026416961414287288e+00
6.075604835525435919e+04 9.522488303942162613e-01
6.075604861531496135e+04 1.030425072088847260e+00
6.075604887537555624e+04 1.099076113987581982e+00
6.075604913543615839e+04 9.849153882440397911e-01
6.075604939549675328e+04 9.786204491894040514e-01
6.075604965555735544e+04 1.061888067560988969e+00
6.075604991561795759e+04 1.000129163358728812e+00
6.075605017567855248e+04 1.025934130080107698e+00
6.075605043573915464e+04 1.005449206605972368e+00
6.075605069579975680e+04 1.009342570141154027e+00
6.075605095586035168e+04 9.891198628469723975e-01
6.075605121592095384e+04 1.100431595221692538e+00
6.075605147598154872e+04 1.060524342140269249e+00
6.075605173604215088e+04 1.038379065564583259e+00
6.075605199610274576e+04 9.949121454445267743e-01
6.075605225616334792e+04 1.011928664239415410e+00
6.075605251622395008e+04 1.053433713662468074e+00
6.075605277628454496e+04 9.349420695356726041e-01
6.075605303634514712e+04 1.019515322290367898e+00
6.075605329640574200e+04 1.060394851152523632e+00
6.075605355646635144e+04 1.064197471651751492e+00
6.075605381652694632e+04 9.876697100280837915e-01
6.075605407658754848e+04 1.159085717782788905e+00
6.075605433664814336e+04 9.851719346177193470e-01
6.075605459670873825e+04 1.010984123806211610e+00
6.075605485676934040e+04 1.140016287263011519e+00
6.075605511682993529e+04 9.899618378398972185e-01
6.075605537689054472e+04 1.049606702751296972e+00
6.075605563695113960e+04 9.677659578412619590e-01
6.075605589701174176e+04 8.661547665084683434e-01
6.075605615707233665e+04 1.066978358054555764e+00
6.075605641713293880e+04 1.099467914843396565e+00
6.075605667719354096e+04 1.096725945908635147e+00
6.075605693725413585e+04 9.872991732216460647e-01
6.075605719731473800e+04 1.033642770202350070e+00
6.075605745737533289e+04 9.614449783419301010e-01
6.075605771743593505e+04 1.063615915832831993e+00
6.075605797749652993e+04 9.991171360490195275e-01
6.075605823755713209e+04 1.071117119361095105e+00
6.075605849761773425e+04 9.593615444142783444e-01
6.075605875767832913e+04 9.762317172550413202e-01
6.075605901773893129e+04 9.462857625215443935e-01
6.075605927779953345e+04 1.045099849832240135e+00
6.075606082322710427e+04 1.054161848571028903e+00
6.075606108328780829e+04 1.039968986697173969e+00
6.075606134334851231e+04 1.121665507921147054e+00
6.075606160340922361e+04 9.181340283532578583e-01
6.075606186346992035e+04 1.043894907205439537e+00
6.075606212353063165e+04 1.018748366429477858e+00
6.075606238359133567e+04 9.182077821538967566e-01
6.075606264365204697e+04 9.592335747699485271e-01
6.075606290371275099e+04 1.060720600585846496e+00
6.075606316377345502e+04 1.148260616965739445e+00
6.075606342383415904e+04 1.118309124401265731e+00
6.075606368389486306e+04 9.392416272318193649e-01
6.075606394395557436e+04 9.823387071462026388e-01
6.075606420401627838e+04 9.980536470813852201e-01
6.075606446407698240e+04 1.143024646949276413e+00
6.075606472413768643e+04 1.009595377814797690e+00
6.075606498419839772e+04 1.099342954891303625e+00
6.075606524425910175e+04 1.067076662347900662e+00
6.075606550431981304e+04 9.950129005687892159e-01
6.075606576438050979e+04 9.989420769069325967e-01
6.075606602444122109e+04 1.079822807678067820e+00
6.075606628450192511e+04 1.056576104687946493e+00
6.075606654456262913e+04 1.093846369782133898e+00
6.075606680462333316e+04 1.093640237849999197e+00
6.075606706468404445e+04 1.109776797385784830e+00
6.075606732474474848e+04 1.078927286429747445e+00
6.075606758480545250e+04 9.375894313509944844e-01
6.075606784486615652e+04 9.691651018005990048e-01
6.075606810492686054e+04 1.027925841004699192e+00
6.075606836498757184e+04 9.930556003194980219e-01
6.075606862504827586e+04 9.732208252816524352e-01
6.075606888510898716e+04 1.083608408656533628e+00
6.075606914516968391e+04 1.034635870134851476e+00
6.075606940523039520e+04 9.435092273164497056e-01
6.075606966529109923e+04 1.035579853831428032e+00
6.075606992535180325e+04 9.506204698686011589e-01
6.075607018541250727e+04 1.023541916948849995e+00
6.075607044547321857e+04 1.085592775259999199e+00
6.075607070553392259e+04 1.162193896701495532e+00
6.075607096559463389e+04 9.696530612583154074e-01
6.075607122565533064e+04 1.039684639254708776e+00
6.075607148571604193e+04 1.063420660099530179e+00
6.075607174577674596e+04 9.181386700452796035e-01
6.075607200583745725e+04 1.075137762721463996e+00
6.075607226589816128e+04 1.084673416924602396e+00
6.075607252595886530e+04 9.289588744701297029e-01
6.075607278601956932e+04 1.037635037814516270e+00
6.075607304608028062e+04 1.016740878622885313e+00
6.075607330614097737e+04 9.719932793521741665e-01
6.075607356620169594e+04 1.034588795457279886e+00
6.075607382626239269e+04 1.076905883391136021e+00
6.075607408632310398e+04 1.057298417665283763e+00
6.075607434638380801e+04 1.009409891468003195e+00
6.075607460644451203e+04 1.031808259913066461e+00
6.075607486650521605e+04 1.091698077911071874e+00
6.075607512656592735e+04 9.812503632916491636e-01
6.075607538662663137e+04 9.892316584787068656e-01
6.075607564668734267e+04 1.075758769568848194e+00
6.075607590674803942e+04 1.076924149181754498e+00
6.075607616680875071e+04 1.025981981659094489e+00
6.075607642686945474e+04 9.564765577272971164e-01
6.075607668693016603e+04 1.046159561725755083e+00
6.075607694699087006e+04 1.067911908931825860e+00
6.075607720705157408e+04 1.110312116954091044e+00
6.075607746711227810e+04 8.463689429761558358e-01
6.075607772717298940e+04 1.056175861666510896e+00
6.075607798723368614e+04 1.138268037416537926e+00
6.075607824729439744e+04 1.040126431875285418e+00
6.075607850735510146e+04 9.955802315556442350e-01
6.075607876741581276e+04 1.081316661108438382e+00
6.075607902747651679e+04 9.556093009109120073e-01
6.075607928753722081e+04 1.115649954814388556e+00
6.075607954759792483e+04 1.027318189491385203e+00
6.075607980765863613e+04 1.045082864649712118e+00
6.075608006771934015e+04 1.052081495738953931e+00
6.075608032778005145e+04 1.084413968357665459e+00
6.075608058784074819e+04 1.069558612918027896e+00
6.075608084790145949e+04 1.059221460071682941e+00
6.075608110796216351e+04 1.069613045489663739e+00
6.075608136802286754e+04 9.932893602926663457e-01
6.075608162808357156e+04 1.041115151684920193e+00
6.075608188814428286e+04 1.018453417277543238e+00
6.075608214820498688e+04 1.097994893436806230e+00
6.075608240826569818e+04 1.076143938682760259e+00
6.075608266832639492e+04 1.068609990632792606e+00
6.075608292838710622e+04 9.788767346985246531e-01
6.075608318844781024e+04 1.037588755666988716e+00
6.075608344850852154e+04 1.018679088590174198e+00
6.075608370856922556e+04 1.027763479195163088e+00
6.075608396862992959e+04 9.680899987412178165e-01
6.075608422869064088e+04 9.727932228762128375e-01
6.075608448875134491e+04 1.048367407824457143e+00
6.075608474881204893e+04 1.010618651628482523e+00
6.075608500887276023e+04 1.084312299315373762e+00
6.075608526893346425e+04 1.050079186934535391e+00
6.075608552899416827e+04 1.011866325209074047e+00
6.075608578905487957e+04 1.064653789723039701e+00
6.075608604911557632e+04 1.058592786786019646e+00
6.075608630917628761e+04 9.583805044101544324e-01
6.075608656923699164e+04 1.046113389158354279e+00
6.075608682929770293e+04 1.016676416578298658e+00
6.075608708935840696e+04 1.031664133696073238e+00
6.075608734941911098e+04 1.053990253563969137e+00
6.075608760947981500e+04 1.069436609551810413e+00
6.075608786954052630e+04 1.014094469089626083e+00
6.075608812960123760e+04 1.033713510815922776e+00
6.075608838966194162e+04 1.022313285115390658e+00
6.075608864972264564e+04 9.744801963510256737e-01
6.075608890978334966e+04 9.999264240672544046e-01
6.075608916984406096e+04 1.059260935446622032e+00
6.075609076569380704e+04 1.064937337781077797e+00
6.075609102575441648e+04 1.040136734278049868e+00
6.075609128581501136e+04 9.831745855018831914e-01
6.075609154587561352e+04 1.022317807309178983e+00
6.075609180593621568e+04 1.058220549351877038e+00
6.075609206599681784e+04 1.012728705959836661e+00
6.075609232605741272e+04 1.033367577286780525e+00
6.075609258611801488e+04 1.099369002154449326e+00
6.075609284617860976e+04 1.022886067338059535e+00
6.075609310623921192e+04 1.012582205331920449e+00
6.075609336629981408e+04 1.068710776866878653e+00
6.075609362636040896e+04 1.074292396894758417e+00
6.075609388642101840e+04 1.093563139754162528e+00
6.075609414648161328e+04 9.964271375935515040e-01
6.075609440654221544e+04 1.054390189517337095e+00
6.075609466660281760e+04 1.025777876104108310e+00
6.075609492666341976e+04 1.054721356286563605e+00
6.075609518672402191e+04 1.026971211958309205e+00
6.075609544678461680e+04 1.005774681619586275e+00
6.075609570684521896e+04 1.010456406097506310e+00
6.075609596690581384e+04 9.258343005049473051e-01
6.075609622696641600e+04 1.059836010862878375e+00
6.075609648702701088e+04 1.061169039442372508e+00
6.075609674708762032e+04 9.683666647357960233e-01
6.075609700714822247e+04 1.123430107014711021e+00
6.075609726720881736e+04 9.908945054374977968e-01
6.075609752726942679e+04 1.068986404473369456e+00
6.075609778733002167e+04 1.041260716346024351e+00
6.075609804739062383e+04 1.049985060852011820e+00
6.075609830745121872e+04 9.923438454568579425e-01
6.075609856751182087e+04 1.140599197632548911e+00
6.075609882757242303e+04 1.054520748354628612e+00
6.075609908763301792e+04 1.042482974467087820e+00
6.075609934769362008e+04 9.369615031488072177e-01
6.075609960775422223e+04 9.996019478923386936e-01
6.075609986781482439e+04 1.085011630511899083e+00
6.075610012787541928e+04 9.982560742254150687e-01
6.075610038793602143e+04 1.054396269520364138e+00
6.075610064799663087e+04 1.017411751316470436e+00
6.075610090805722575e+04 1.019502193063934303e+00
6.075610116811782791e+04 1.051058666512461937e+00
6.075610142817842279e+04 1.039940725262348487e+00
6.075610168823902495e+04 9.566574489973576068e-01
6.075610194829962711e+04 1.066309009330757451e+00
6.075610220836022199e+04 9.955953682371623259e-01
6.075610246842083143e+04 1.025385302424854483e+00
6.075610272848142631e+04 1.144026910145957254e+00
6.075610298854202847e+04 9.806791587107678287e-01
6.075610324860263063e+04 9.910302338949721346e-01
6.075610350866323279e+04 1.024387085020159960e+00
6.075610376872383495e+04 1.052944525213493243e+00
6.075610402878442983e+04 9.598637670624946550e-01
6.075610428884503199e+04 1.061462105301823611e+00
6.075610454890563415e+04 1.065294373512626569e+00
6.075610480896622903e+04 9.806856879285364981e-01
6.075610506902683119e+04 1.021788495427211174e+00
6.075610532908743335e+04 1.053326708764026121e+00
6.075610558914803551e+04 1.088352599746558402e+00
6.075610584920863766e+04 1.149093466459139012e+00
6.075610610926923255e+04 1.073099400843424256e+00
6.075610636932984198e+04 1.039349197498612432e+00
6.075610662939043686e+04 9.782992333439534116e-01
6.075610688945103902e+04 1.078841582426720347e+00
6.075610714951164118e+04 1.048201026942054304e+00
6.075610740957223607e+04 1.031288495265645588e+00
6.075610766963283822e+04 1.030987119398998342e+00
6.075610792969343311e+04 1.075487440466052380e+00
6.075610818975403527e+04 9.535936033569448744e-01
6.075610844981464470e+04 1.045360053693792590e+00
6.075610870987523958e+04 1.037507176953725407e+00
6.075610896993584174e+04 1.025670444016703708e+00
6.075610922999644390e+04 1.010651554679952602e+00
6.075610949005704606e+04 1.073652730955909185e+00
6.075610975011764822e+04 1.102570537058664479e+00
6.075611001017824310e+04 1.013862123808127125e+00
6.075611027023884526e+04 1.057128656244618936e+00
6.075611053029944742e+04 1.096051678650199035e+00
6.075611079036004230e+04 1.005068497487227264e+00
6.075611105042064446e+04 1.056930940088540716e+00
6.075611131048124662e+04 1.079044959961738659e+00
6.075611157054184878e+04 1.072212817838335885e+00
6.075611183060245094e+04 1.026845753937651429e+00
6.075611209066305310e+04 9.630122056629915051e-01
6.075611235072365525e+04 1.060455464721314911e+00
6.075611261078425741e+04 1.050191532135547945e+00
6.075611287084485230e+04 9.735416207270181088e-01
6.075611313090545445e+04 1.071788323605059823e+00
6.075611339096604934e+04 9.582964314219059032e-01
6.075611365102665150e+04 1.049837359241279300e+00
6.075611391108725365e+04 1.014029903490240025e+00
6.075611417114785581e+04 9.986366360940512887e-01
6.075611443120845797e+04 1.120918993709870470e+00
6.075611469126906013e+04 1.038788611171312937e+00
6.075611495132966229e+04 1.065359731628418460e+00
6.075611521139026445e+04 1.025557888731935208e+00
6.075611547145085933e+04 1.035324810276653462e+00
6.075611573151146149e+04 9.838970341821198229e-01
6.075611599157206365e+04 1.117213775971223289e+00
6.075611625163265853e+04 1.142721742436100252e+00
6.075611651169326069e+04 9.310037307150403896e-01
6.075611677175386285e+04 1.054448734094687978e+00
6.075611703181446501e+04 9.340397747429191044e-01
6.075611729187506717e+04 1.090470014282752143e+00
6.075611755193566933e+04 1.064594837669850413e+00
6.075611781199626421e+04 1.114943071476277137e+00
6.075611807205687364e+04 1.114116758436041632e+00
6.075611833211747580e+04 1.046665050430370947e+00
6.075611859217807068e+04 1.062169096570869442e+00
6.075611885223867284e+04 1.020540349849938577e+00
6.075611911229926773e+04 1.037283040188132333e+00
6.075612077117233275e+04 9.922185308931331660e-01
6.075612103123303677e+04 1.019381679265253693e+00
6.075612129129374080e+04 1.092619517128951223e+00
6.075612155135445209e+04 1.059998405911927843e+00
6.075612181141516339e+04 1.005800692214750880e+00
6.075612207147586741e+04 1.028417567830682833e+00
6.075612233153657144e+04 9.340846429011272489e-01
6.075612259159728274e+04 1.074352789656617624e+00
6.075612285165798676e+04 9.335022855074447401e-01
6.075612311171869806e+04 1.086008308706932102e+00
6.075612337177940935e+04 1.022366556575273533e+00
6.075612363184010610e+04 1.033962185863544603e+00
6.075612389190081740e+04 9.472527119909487370e-01
6.075612415196152870e+04 1.046923642889107775e+00
6.075612441202222544e+04 1.046157387433829022e+00
6.075612467208293674e+04 9.563114337575022716e-01
6.075612493214364804e+04 1.079921088425996656e+00
6.075612519220435206e+04 1.004556457942386238e+00
6.075612545226506336e+04 1.124980426753295903e+00
6.075612571232576738e+04 1.011801531492710460e+00
6.075612597238647140e+04 1.116531615943464617e+00
6.075612623244718270e+04 1.051474655455607365e+00
6.075612649250789400e+04 9.649854750416426707e-01
6.075612675256859802e+04 9.407481640817823010e-01
6.075612701262930204e+04 1.114192439196119100e+00
6.075612727269001334e+04 1.126859994396197440e+00
6.075612753275071736e+04 1.041015096356866287e+00
6.075612779281142139e+04 1.010939543768482274e+00
6.075612805287213268e+04 9.966344662475558058e-01
6.075612831293283671e+04 1.097632470153002471e+00
6.075612857299354800e+04 1.131769522217956681e+00
6.075612883305425930e+04 9.832696398958595818e-01
6.075612909311495605e+04 1.053314130155168726e+00
6.075612935317566735e+04 1.077445058461458993e+00
6.075612961323637865e+04 1.070852828565584280e+00
6.075612987329708267e+04 1.034732523677265092e+00
6.075613013335779397e+04 9.528263680460656859e-01
6.075613039341849799e+04 1.030699430943970540e+00
6.075613065347920201e+04 1.069546916472161158e+00
6.075613091353991331e+04 1.055936329739354917e+00
6.075613117360061733e+04 1.135993292042190239e+00
6.075613143366133590e+04 9.654591337415316943e-01
6.075613169372203265e+04 9.282632607899526933e-01
6.075613195378274395e+04 1.040160857919651294e+00
6.075613221384345525e+04 9.556942581872597264e-01
6.075613247390415199e+04 9.939171061217111358e-01
6.075613273396486329e+04 1.081340615758812129e+00
6.075613299402557459e+04 1.131298253712893942e+00
6.075613325408627861e+04 9.753327064567136606e-01
6.075613351414698991e+04 1.058084621965091232e+00
6.075613377420769393e+04 1.026753449625471992e+00
6.075613403426840523e+04 9.453600339558827503e-01
6.075613429432910925e+04 1.024596122702220446e+00
6.075613455438982055e+04 1.011261400666616517e+00
6.075613481445053185e+04 1.026403343574575633e+00
6.075613507451122859e+04 1.016808355803042296e+00
6.075613533457193989e+04 1.001361329393018584e+00
6.075613559463265119e+04 1.066296385522536694e+00
6.075613585469334794e+04 1.063357268818853285e+00
6.075613611475405924e+04 1.064622000446458161e+00
6.075613637481477053e+04 1.044391850687377499e+00
6.075613663487548183e+04 9.535781796801942045e-01
6.075613689493618585e+04 1.052552429645999599e+00
6.075613715499688988e+04 9.426072902445337132e-01
6.075613741505760117e+04 9.890270838385575303e-01
6.075613767511830520e+04 1.064756896456721558e+00
6.075613793517901649e+04 1.047776663385255214e+00
6.075613819523972779e+04 1.068808499650944155e+00
6.075613845530043181e+04 1.032847800735147814e+00
6.075613871536113584e+04 1.042564879631967978e+00
6.075613897542184714e+04 1.144963153671806344e+00
6.075613923548255116e+04 1.035422410725892917e+00
6.075613949554325518e+04 1.003131670558266464e+00
6.075613975560396648e+04 1.080837946328191190e+00
6.075614001566467778e+04 1.021746295037120111e+00
6.075614027572538907e+04 1.044631438448180738e+00
6.075614053578608582e+04 1.140325243843121283e+00
6.075614079584679712e+04 9.660354744438874874e-01
6.075614105590750842e+04 1.024393929959019012e+00
6.075614131596821244e+04 1.009442448222797051e+00
6.075614157602892374e+04 1.134078084340810033e+00
6.075614183608962776e+04 1.027520838168394235e+00
6.075614209615033906e+04 9.321812779063518573e-01
6.075614235621104308e+04 9.712567974714420016e-01
6.075614261627174710e+04 1.041457531405605597e+00
6.075614287633246568e+04 9.284088595009766243e-01
6.075614313639316970e+04 1.070677740994651739e+00
6.075614339645387372e+04 1.057487283822216906e+00
6.075614365651458502e+04 1.032990857867415180e+00
6.075614391657528904e+04 9.812327304041371656e-01
6.075614417663600034e+04 9.650130853417677734e-01
6.075614443669670436e+04 1.015970529612209461e+00
6.075614469675741566e+04 9.844191539966093973e-01
6.075614495681812696e+04 1.022152956690044023e+00
6.075614521687882370e+04 1.008068308853776296e+00
6.075614547693953500e+04 9.979944877380960699e-01
6.075614573700024630e+04 1.018931534032251340e+00
6.075614599706095760e+04 9.971651519705786448e-01
6.075614625712166162e+04 1.004248647976562880e+00
6.075614651718236564e+04 1.025115126012175804e+00
6.075614677724307694e+04 1.044072738356169427e+00
6.075614703730378824e+04 1.042942396779321435e+00
6.075614729736448498e+04 9.867635093706073057e-01
6.075614755742519628e+04 9.877571765055572772e-01
6.075614781748590758e+04 1.028594233171310934e+00
6.075614807754661888e+04 1.006378873533353424e+00
6.075614833760732290e+04 9.175046506599174867e-01
6.075614859766802692e+04 1.123466804094833682e+00
6.075614885772873822e+04 1.095733754045634889e+00
6.075614911778944952e+04 9.364010501204962367e-01
