6.075585120116569306e+04 9.491333643754272797e-01
6.075585146121949219e+04 9.955639796252502283e-01
6.075585172127328406e+04 9.152395483169208923e-01
6.075585198132708319e+04 9.453932509046500954e-01
6.075585224138088233e+04 9.017967816897670685e-01
6.075585250143468147e+04 9.812110698025706679e-01
6.075585276148847333e+04 1.076656669005955136e+00
6.075585302154227247e+04 9.605208816026421514e-01
6.075585328159607161e+04 9.035760358933973002e-01
6.075585354164987803e+04 1.010128634944936321e+00
6.075585380170368444e+04 9.064619574671433089e-01
6.075585406175747630e+04 1.077565917861303069e+00
6.075585432181127544e+04 8.899241052765591853e-01
6.075585458186507458e+04 9.776692400127241500e-01
6.075585484191887372e+04 8.930085822081758051e-01
6.075585510197266558e+04 9.932425016073643809e-01
6.075585536202646472e+04 8.458494485758402126e-01
6.075585562208026386e+04 9.304832283500616974e-01
6.075585588213406299e+04 1.100391151771442200e+00
6.075585614218786213e+04 1.060643345403845306e+00
6.075585640224165400e+04 8.902184775220900459e-01
6.075585666229546041e+04 9.036556291259089102e-01
6.075585692234926682e+04 1.018981077322258733e+00
6.075585718240306596e+04 1.010893640982112318e+00
6.075585744245685783e+04 1.056259874027077439e+00
6.075585770251065696e+04 9.975903171361290012e-01
6.075585796256445610e+04 1.024124557810093483e+00
6.075585822261825524e+04 1.044217417072458964e+00
6.075585848267205438e+04 1.121468522386501965e+00
6.075585874272584624e+04 9.279702711890790434e-01
6.075585900277964538e+04 1.009025945978506700e+00
6.075585926283344452e+04 1.006899762127186904e+00
6.075585952288725093e+04 9.535570430513033990e-01
6.075585978294105735e+04 1.006235120823324225e+00
6.075586004299484921e+04 9.875943264670311583e-01
6.075586030304864835e+04 9.063327879237368379e-01
6.075586056310244749e+04 8.792547407179105434e-01
6.075586082315624662e+04 1.019094027175390993e+00
6.075586108321004576e+04 9.854316191922269930e-01
6.075586134326383763e+04 1.029573496130483656e+00
6.075586160331763676e+04 9.690956424072159070e-01
6.075586186337143590e+04 8.750086172492389514e-01
6.075586212342523504e+04 9.686365323145853523e-01
6.075586238347903418e+04 9.024877302083338382e-01
6.075586264353283332e+04 9.792799580645596969e-01
6.075586290358663973e+04 1.057926315919516247e+00
6.075586316364043887e+04 1.018249371252949009e+00
6.075586342369423801e+04 1.067449334500160996e+00
6.075586368374803715e+04 1.057961572600016220e+00
6.075586394380182901e+04 9.126416328266647726e-01
6.075586420385562815e+04 1.095711626879875666e+00
6.075586446390942729e+04 9.642709271673904903e-01
6.075586472396322642e+04 9.548417893082962182e-01
6.075586498401702556e+04 1.044068934745076227e+00
6.075586524407081743e+04 9.020036082181526194e-01
6.075586550412462384e+04 1.012808301586966220e+00
6.075586576417843025e+04 8.540031511873239500e-01
6.075586602423222939e+04 1.026965223666704174e+00
6.075586628428602853e+04 8.860465835636183174e-01
6.075586654433982039e+04 1.029092262029459581e+00
6.075586680439361953e+04 8.811500026231231519e-01
6.075586706444741867e+04 9.663009954514529820e-01
6.075586732450121781e+04 8.469028611239151072e-01
6.075586758455501695e+04 9.567914265131688412e-01
6.075586784460881609e+04 1.019055090983740142e+00
6.075586810466260795e+04 9.554814823797165291e-01
6.075586836471640709e+04 1.092905377241665477e+00
6.075586862477021350e+04 9.176687338573845665e-01
6.075586888482401991e+04 9.662658737100421336e-01
6.075586914487781905e+04 9.557955024111099984e-01
6.075586940493161092e+04 1.119082893961756087e+00
6.075586966498541005e+04 1.022671721504131881e+00
6.075586992503920919e+04 1.015997330987506331e+00
6.075587018509300833e+04 9.021308597426835885e-01
6.075587044514680747e+04 9.648968004030031853e-01
6.075587070520060661e+04 9.720211976363666295e-01
6.075587096525439847e+04 1.035274253861377503e+00
6.075587122530819761e+04 8.977010260228255323e-01
6.075587148536199675e+04 9.249326851706389796e-01
6.075587174541581044e+04 1.070733546459932573e+00
6.075587200546960958e+04 9.282599734955278015e-01
6.075587226552340871e+04 1.001128649817085714e+00
6.075587252557720058e+04 9.618856227531533687e-01
6.075587278563099972e+04 1.039009603193842723e+00
6.075587304568479885e+04 8.690893985400416355e-01
6.075587330573859799e+04 8.726515012596987031e-01
6.075587356579239713e+04 1.032682011509436615e+00
6.075587382584619627e+04 1.103464468948573085e+00
6.075587408589998813e+04 1.054436744663134862e+00
6.075587434595378727e+04 9.845424983161108479e-01
6.075587460600759368e+04 9.461976103651790204e-01
6.075587486606140010e+04 9.955778537340617129e-01
6.075587512611519924e+04 1.047626321048366949e+00
6.075587538616899838e+04 1.028723127793725656e+00
6.075587564622279751e+04 9.194358860831973734e-01
6.075587590627658938e+04 9.460693294964668265e-01
6.075587616633038851e+04 1.081203751737956020e+00
6.075587642638418765e+04 1.042208923567504053e+00
6.075587668643798679e+04 9.739489841464858966e-01
6.075587694649178593e+04 1.088201410194913343e+00
6.075587720654558507e+04 1.018781569180863711e+00
6.075587746659937693e+04 9.882286568163956009e-01
6.075587772665318334e+04 8.641457651509637516e-01
6.075587798670698976e+04 9.795620783267799947e-01
6.075587824676078890e+04 1.045160549879580847e+00
6.075587850681458804e+04 1.169849043092161756e+00
6.075587876686838717e+04 9.445674825041144862e-01
6.075587902692218631e+04 1.082293562708757317e+00
6.075587928697597818e+04 1.047448961291236769e+00
6.075587954702977731e+04 1.167670647089954494e+00
6.075588115586427011e+04 9.550582088708482464e-01
6.075588141592496686e+04 1.040057101003711626e+00
6.075588167598567088e+04 8.980676002839298455e-01
6.075588193604636763e+04 9.821406232871598974e-01
6.075588219610707165e+04 9.322658376394782342e-01
6.075588245616777567e+04 1.003072616820888108e+00
6.075588271622847242e+04 9.089524590669646464e-01
6.075588297628917644e+04 9.741908369060383599e-01
6.075588323634988046e+04 9.388457108528132089e-01
6.075588349641056993e+04 9.264129753622850627e-01
6.075588375647127395e+04 9.253610802997199736e-01
6.075588401653197798e+04 1.041750984713543771e+00
6.075588427659268200e+04 9.756221527597669363e-01
6.075588453665338602e+04 1.013953999236387071e+00
6.075588479671408277e+04 9.598859349696847731e-01
6.075588505677478679e+04 9.548786015998117493e-01
6.075588531683548354e+04 1.010893804944893004e+00
6.075588557689618756e+04 9.562312257909929558e-01
6.075588583695689158e+04 1.061406814782479557e+00
6.075588609701758833e+04 1.049153827622333557e+00
6.075588635707829235e+04 9.766571765484544088e-01
6.075588661713899637e+04 1.020166167893127085e+00
6.075588687719969312e+04 9.473242747055331536e-01
6.075588713726038986e+04 1.039954875309373028e+00
6.075588739732109389e+04 9.207546116535444414e-01
6.075588765738179791e+04 9.858987999354578147e-01
6.075588791744250193e+04 1.006327498542556098e+00
6.075588817750319868e+04 9.400725743128776069e-01
6.075588843756390270e+04 8.868828744572357925e-01
6.075588869762460672e+04 9.960170803699143205e-01
6.075588895768530347e+04 1.076200793214814322e+00
6.075588921774600749e+04 9.396937679104304664e-01
6.075588947780670424e+04 1.003380048401210978e+00
6.075588973786740826e+04 1.051261338708703530e+00
6.075588999792811228e+04 9.018897107453485162e-01
6.075589025798880903e+04 9.588410562986944274e-01
6.075589051804952032e+04 8.737700019141878549e-01
6.075589077811021707e+04 8.995459788403865620e-01
6.075589103817091382e+04 9.545731970651503140e-01
6.075589129823161784e+04 1.016094939141203524e+00
6.075589155829231458e+04 9.588927793862069837e-01
6.075589181835301861e+04 8.473048302147493382e-01
6.075589207841372263e+04 9.976436053403997528e-01
6.075589233847442665e+04 9.914658315970852343e-01
6.075589259853513067e+04 1.053894619119587039e+00
6.075589285859582742e+04 9.618958977302470847e-01
6.075589311865652417e+04 1.010233148420054183e+00
6.075589337871722819e+04 1.070647687234271617e+00
6.075589363877793221e+04 9.428047044489948902e-01
6.075589389883863623e+04 9.529420422610258568e-01
6.075589415889933298e+04 1.062719333596925830e+00
6.075589441896003700e+04 1.011413519810896666e+00
6.075589467902074102e+04 1.042272084631610474e+00
6.075589493908143777e+04 7.860051101826933673e-01
6.075589519914213452e+04 9.408053662483535362e-01
6.075589545920283854e+04 8.889715642599369527e-01
6.075589571926354256e+04 1.068846438226631612e+00
6.075589597932424658e+04 9.539251022328520957e-01
6.075589623938494333e+04 1.020184449186159803e+00
6.075589649944564735e+04 8.736919323754575029e-01
6.075589675950635137e+04 1.143452512020683987e+00
6.075589701956705539e+04 9.923395775480615688e-01
6.075589727962775942e+04 8.938745554666936988e-01
6.075589753968844889e+04 8.957932030169850623e-01
6.075589779974915291e+04 8.859970606594704812e-01
6.075589805980985693e+04 8.985907925039767763e-01
6.075589831987055368e+04 1.008688187991725327e+00
6.075589857993125770e+04 9.059790468073021241e-01
6.075589883999196172e+04 9.586769196282536321e-01
6.075589910005266574e+04 1.213764067995778406e+00
6.075589936011336977e+04 9.633863130722704060e-01
6.075589962017406651e+04 1.020411530921259358e+00
6.075589988023477054e+04 9.815411511820866242e-01
6.075590014029546728e+04 1.010049471595725779e+00
6.075590040035617130e+04 1.031036415299691367e+00
6.075590066041687533e+04 1.076888109295190077e+00
6.075590092047757207e+04 1.049963928756851850e+00
6.075590118053827609e+04 9.891391879976293433e-01
6.075590144059898012e+04 9.580635126663989976e-01
6.075590170065967686e+04 1.001597006101337950e+00
6.075590196072038816e+04 1.013406766878781617e+00
6.075590222078108491e+04 9.918574944294308304e-01
6.075590248084178893e+04 1.069053612898990258e+00
6.075590274090249295e+04 1.007218675044407874e+00
6.075590300096318242e+04 1.090709122521025920e+00
6.075590326102388644e+04 1.011509419851416736e+00
6.075590352108459047e+04 8.650898745792174882e-01
6.075590378114529449e+04 1.101553268583923106e+00
6.075590404120599851e+04 1.039306290021387857e+00
6.075590430126669526e+04 1.061752040867395941e+00
6.075590456132739928e+04 9.907498194237714939e-01
6.075590482138810330e+04 9.423654347755380245e-01
6.075590508144880732e+04 9.896523635381427875e-01
6.075590534150951135e+04 1.001924609984056413e+00
6.075590560157020809e+04 8.826880539028169048e-01
6.075590586163091211e+04 9.178463350039778312e-01
6.075590612169160886e+04 9.952924016793963657e-01
6.075590638175230561e+04 1.044291943700889069e+00
6.075590664181300963e+04 9.359335325172719600e-01
6.075590690187371365e+04 9.545928685777438361e-01
6.075590716193441767e+04 1.082056482399619268e+00
6.075590742199512169e+04 9.700474388790791824e-01
6.075590768205581844e+04 1.081381361280975950e+00
6.075590794211652246e+04 9.569445541105159325e-01
6.075590820217722649e+04 9.955217026581076878e-01
6.075590846223793051e+04 1.002705546029319716e+00
6.075590872229863453e+04 9.210600457691137111e-01
6.075590898235933128e+04 1.017380662755793752e+00
6.075590924242003530e+04 9.229921965701363140e-01
6.075590950248073932e+04 9.597609241667891533e-01
6.075591106051386305e+04 9.375227782370078033e-01
6.075591132057445793e+04 1.148511275047629621e+00
6.075591158063505281e+04 9.425917306375384275e-01
6.075591184069564770e+04 9.383413336947730166e-01
6.075591210075624258e+04 1.006446935651168717e+00
6.075591236081683746e+04 9.471064043179925340e-01
6.075591262087743235e+04 1.052197990044356990e+00
6.075591288093802723e+04 9.624392659047306120e-01
6.075591314099862211e+04 1.013923071051512359e+00
6.075591340105922427e+04 9.699147381285401215e-01
6.075591366111981915e+04 1.001170034883262838e+00
6.075591392118041404e+04 1.070835372913238492e+00
6.075591418124100892e+04 1.060680673460302259e+00
6.075591444130160380e+04 1.008455909264533990e+00
6.075591470136219868e+04 1.006013506678658187e+00
6.075591496142279357e+04 9.011719729834456460e-01
6.075591522148338845e+04 1.024133426295696925e+00
6.075591548154399061e+04 9.304296634877269323e-01
6.075591574160458549e+04 1.079925069049486597e+00
6.075591600166518037e+04 1.184944980336978704e+00
6.075591626172577526e+04 1.022197138084135259e+00
6.075591652178637742e+04 1.022392437130860365e+00
6.075591678184697230e+04 1.064613429546458434e+00
6.075591704190756718e+04 9.809324556196529210e-01
6.075591730196816206e+04 1.021411753077225759e+00
6.075591756202875695e+04 1.058047477517442880e+00
6.075591782208935183e+04 9.308717749106402151e-01
6.075591808214994671e+04 8.919870466929100683e-01
6.075591834221054160e+04 1.018420121780053922e+00
6.075591860227113648e+04 1.119139327424459651e+00
6.075591886233173136e+04 9.820449977734871938e-01
6.075591912239232624e+04 9.122295162557054748e-01
6.075591938245292840e+04 8.886128731392031188e-01
6.075591964251352329e+04 9.988400712208373999e-01
6.075591990257411817e+04 1.074116274964191708e+00
6.075592016263471305e+04 1.043270808463584887e+00
6.075592042269530793e+04 9.655655996988495859e-01
6.075592068275590282e+04 9.978791404098101836e-01
6.075592094281649770e+04 1.110474753710849027e+00
6.075592120287709986e+04 9.507223550799268619e-01
6.075592146293769474e+04 1.019526004123342489e+00
6.075592172299828962e+04 9.931953392520276314e-01
6.075592198305888451e+04 9.744666605411750337e-01
6.075592224311948667e+04 9.250669990081715754e-01
6.075592250318008155e+04 8.916351713543732016e-01
6.075592276324067643e+04 1.047408785250761420e+00
6.075592302330127131e+04 9.971072075737750229e-01
6.075592328336186620e+04 9.417605102950618035e-01
6.075592354342246108e+04 1.009897032881984291e+00
6.075592380348305596e+04 9.969413932609719753e-01
6.075592406354365812e+04 1.024244454445937924e+00
6.075592432360425300e+04 1.046733142013782647e+00
6.075592458366484789e+04 9.872589654087741140e-01
6.075592484372544277e+04 1.035902728962807551e+00
6.075592510378604493e+04 1.038318417510200042e+00
6.075592536384663981e+04 1.033050089790408244e+00
6.075592562390723469e+04 9.406780713413410711e-01
6.075592588396782958e+04 1.011406358981930653e+00
6.075592614402842446e+04 1.165716250587285119e+00
6.075592640408901934e+04 1.171790949709060614e+00
6.075592666414961423e+04 1.045503910073553477e+00
6.075592692421020911e+04 1.004311964679934333e+00
6.075592718427081127e+04 1.030587124141524535e+00
6.075592744433140615e+04 9.624063674541569746e-01
6.075592770439200103e+04 1.041055290137427036e+00
6.075592796445260319e+04 9.874201691365325217e-01
6.075592822451319807e+04 1.066426026861097887e+00
6.075592848457379296e+04 9.687012566408492731e-01
6.075592874463438784e+04 9.966577162912085841e-01
6.075592900469498272e+04 1.043845998182658441e+00
6.075592926475557761e+04 1.070152044862975105e+00
6.075592952481617249e+04 9.256292643623970084e-01
6.075592978487676737e+04 1.071530401424907408e+00
6.075593004493736953e+04 9.361822556664660677e-01
6.075593030499796441e+04 1.020998327059429389e+00
6.075593056505855930e+04 9.930010346905474572e-01
6.075593082511916145e+04 1.028953249828986616e+00
6.075593108517975634e+04 1.065060111346251448e+00
6.075593134524035122e+04 1.077129385745228873e+00
6.075593160530094610e+04 1.054106845135238446e+00
6.075593186536154099e+04 9.697296583318559815e-01
6.075593212542213587e+04 1.029203663330384710e+00
6.075593238548273075e+04 1.079042628971220719e+00
6.075593264554332563e+04 9.733747956835845372e-01
6.075593290560392779e+04 1.009729395456552714e+00
6.075593316566452268e+04 1.078611625627094117e+00
6.075593342572511756e+04 9.728272766329939536e-01
6.075593368578571244e+04 9.541123051285256285e-01
6.075593394584631460e+04 1.030241493684986187e+00
6.075593420590690948e+04 1.088547846783108897e+00
6.075593446596750437e+04 1.039584173511793441e+00
6.075593472602809925e+04 9.029094827199685147e-01
6.075593498608869413e+04 1.067154907662390073e+00
6.075593524614928901e+04 9.725064184336226214e-01
6.075593550620988390e+04 1.044154506892812861e+00
6.075593576627048606e+04 9.362729063567218901e-01
6.075593602633108094e+04 9.834546453271185706e-01
6.075593628639167582e+04 1.027520129949313965e+00
6.075593654645227070e+04 9.769975772749488474e-01
6.075593680651287286e+04 1.013366537368030951e+00
6.075593706657346775e+04 1.011752269521408953e+00
6.075593732663406263e+04 8.771505720718448806e-01
6.075593758669465751e+04 1.041851655261957443e+00
6.075593784675525239e+04 1.000318001291025327e+00
6.075593810681584728e+04 9.598541220357565962e-01
6.075593836687644216e+04 9.714770896103145370e-01
6.075593862693704432e+04 1.022528672038592656e+00
6.075593888699763920e+04 9.988577331918583324e-01
6.075593914705823408e+04 9.518107943461527887e-01
6.075593940711883624e+04 8.833381756632036064e-01
6.075594106598430517e+04 1.015528748850446528e+00
6.075594132604500919e+04 8.919345414067679778e-01
6.075594158610571321e+04 1.012801675543888225e+00
6.075594184616640996e+04 9.434323099958251690e-01
6.075594210622711398e+04 1.025502655874586333e+00
6.075594236628781800e+04 1.056585661848948199e+00
6.075594262634852203e+04 9.775682232055065146e-01
6.075594288640922605e+04 1.011798601486038729e+00
6.075594314646992279e+04 9.615147303776059307e-01
6.075594340653063409e+04 9.525731362224263421e-01
6.075594366659133811e+04 1.076892384877300435e+00
6.075594392665203486e+04 9.535627782395719176e-01
6.075594418671273888e+04 9.828682941299966558e-01
6.075594444677344291e+04 1.082507980810779369e+00
6.075594470683414693e+04 8.906180981481813808e-01
6.075594496689485095e+04 9.707349769441993015e-01
6.075594522695554770e+04 8.571112295219758259e-01
6.075594548701625172e+04 1.136054525015238070e+00
6.075594574707695574e+04 1.001305588796737922e+00
6.075594600713765976e+04 9.475770136368553143e-01
6.075594626719836378e+04 1.032388690001178944e+00
6.075594652725906053e+04 9.892887877497615889e-01
6.075594678731976455e+04 9.910815529639116495e-01
6.075594704738046858e+04 9.512586074225261035e-01
6.075594730744116532e+04 1.101545837039756837e+00
6.075594756750187662e+04 9.625369546238594642e-01
6.075594782756257337e+04 1.160381913637192675e+00
6.075594808762328466e+04 1.151882451106737149e+00
6.075594834768398869e+04 1.081350698569681912e+00
6.075594860774468543e+04 8.541027939981037376e-01
6.075594886780538945e+04 1.031160345555429236e+00
6.075594912786609348e+04 1.006041780219307791e+00
6.075594938792679750e+04 1.017098221064373753e+00
6.075594964798750152e+04 1.144296123672656318e+00
6.075594990804819827e+04 9.988960330454427217e-01
6.075595016810890229e+04 1.012427168195881189e+00
6.075595042816960631e+04 1.076614008508324893e+00
6.075595068823031033e+04 8.782679338622589871e-01
6.075595094829101436e+04 1.061506493709931220e+00
6.075595120835171110e+04 1.048746596188817826e+00
6.075595146841241512e+04 1.015628958150081251e+00
6.075595172847312642e+04 1.072911612458739006e+00
6.075595198853382317e+04 1.020075853962790768e+00
6.075595224859452719e+04 1.034658418684069270e+00
6.075595250865523121e+04 1.070352133021457819e+00
6.075595276871593524e+04 1.038141451558409534e+00
6.075595302877663926e+04 1.028387410306734084e+00
6.075595328883733600e+04 9.570202194055907885e-01
6.075595354889804003e+04 1.005872551799043668e+00
6.075595380895874405e+04 9.465439084866404951e-01
6.075595406901944807e+04 9.083954230518915818e-01
6.075595432908015209e+04 1.166781337761241932e+00
6.075595458914084884e+04 1.075525752781522071e+00
6.075595484920156014e+04 1.001824864196030118e+00
6.075595510926226416e+04 1.124071651609607425e+00
6.075595536932296091e+04 9.972998868118742033e-01
6.075595562938366493e+04 1.176011622226414532e+00
6.075595588944436895e+04 1.003765844466335100e+00
6.075595614950507297e+04 9.557865542132775172e-01
6.075595640956577699e+04 1.015202230682389128e+00
6.075595666962647374e+04 9.931743009838738256e-01
6.075595692968717776e+04 1.176398547151997542e+00
6.075595718974788178e+04 9.775360893986739796e-01
6.075595744980858581e+04 9.727701914447670628e-01
6.075595770986929710e+04 1.036300559589695469e+00
6.075595796992999385e+04 9.032012597252628838e-01
6.075595822999069787e+04 1.026953142207806202e+00
6.075595849005140190e+04 9.191065654051833178e-01
6.075595875011209864e+04 8.769871701500081551e-01
6.075595901017280994e+04 1.085179116989621662e+00
6.075595927023350669e+04 1.095753306316229025e+00
6.075595953029421071e+04 9.996264523146642933e-01
6.075595979035491473e+04 1.056408237488794866e+00
6.075596005041561148e+04 1.088095430863851076e+00
6.075596031047632277e+04 1.016514160529676136e+00
6.075596057053702680e+04 1.040096891592935169e+00
6.075596083059773082e+04 1.013487625752842680e+00
6.075596109065843484e+04 9.626868878732287582e-01
6.075596135071913159e+04 9.075588705061818917e-01
6.075596161077983561e+04 1.107451104979021217e+00
6.075596187084053963e+04 1.030269753803265242e+00
6.075596213090124365e+04 1.103755858105217147e+00
6.075596239096194768e+04 1.089650724753585376e+00
6.075596265102265170e+04 9.758584845016387010e-01
6.075596291108335572e+04 9.980416014331077168e-01
6.075596317114405974e+04 9.406006929114052451e-01
6.075596343120475649e+04 1.037214803251546913e+00
6.075596369126546051e+04 1.002428498636983134e+00
6.075596395132616453e+04 1.012060786802524204e+00
6.075596421138686856e+04 1.046847276583928954e+00
6.075596447144757258e+04 1.040301664074699595e+00
6.075596473150827660e+04 1.034028299967802322e+00
6.075596499156898062e+04 9.636813837152546913e-01
6.075596525162968464e+04 1.020792311583996970e+00
6.075596551169038867e+04 1.086482963943911306e+00
6.075596577175109269e+04 1.044429152320866638e+00
6.075596603181178943e+04 1.129496642275028995e+00
6.075596629187249346e+04 1.151078622741797286e+00
6.075596655193319748e+04 1.038343000037928121e+00
6.075596681199390150e+04 1.066653474710051341e+00
6.075596707205460552e+04 1.120151230255309605e+00
6.075596733211530955e+04 9.537593761119118607e-01
6.075596759217601357e+04 1.058152936867296390e+00
6.075596785223671759e+04 1.029353908225706826e+00
6.075596811229741434e+04 9.951429550933701407e-01
6.075596837235811836e+04 1.058950863999759795e+00
6.075596863241882238e+04 9.845325052609625871e-01
6.075596889247953368e+04 9.836006323835212450e-01
6.075596915254023770e+04 1.067051811735858058e+00
6.075596941260093445e+04 1.007597485785375779e+00
6.075597102105359954e+04 1.075119449637061297e+00
6.075597128111420170e+04 1.097445999470236577e+00
6.075597154117479658e+04 1.110162184537717422e+00
6.075597180123539147e+04 1.006356360112144133e+00
6.075597206129598635e+04 1.119221458633036015e+00
6.075597232135658123e+04 1.024429045368075331e+00
6.075597258141718339e+04 1.085884003192856495e+00
6.075597284147777827e+04 9.356344131362274164e-01
6.075597310153837316e+04 1.045843265452756743e+00
6.075597336159897532e+04 1.039981209042659227e+00
6.075597362165957020e+04 9.461199688844332822e-01
6.075597388172016508e+04 1.021662734671545225e+00
6.075597414178077452e+04 9.791306460644960685e-01
6.075597440184136940e+04 1.025747220919114078e+00
6.075597466190196428e+04 1.034745848650889588e+00
6.075597492196255916e+04 1.042665792106836964e+00
6.075597518202315405e+04 1.129034004692716531e+00
6.075597544208374893e+04 1.005550307374466934e+00
6.075597570214434381e+04 9.957206009407578717e-01
6.075597596220494597e+04 1.056181142547737206e+00
6.075597622226554813e+04 8.732234582459453831e-01
6.075597648232614301e+04 1.032915947970908688e+00
6.075597674238673790e+04 1.165158547585539273e+00
6.075597700244734006e+04 1.085173262017755658e+00
6.075597726250793494e+04 9.204731357914464063e-01
6.075597752256853710e+04 1.054826416169326153e+00
6.075597778262913198e+04 9.825863969645440843e-01
6.075597804268972686e+04 1.026003711614691838e+00
6.075597830275032175e+04 9.815314267972893303e-01
6.075597856281091663e+04 1.035167529759675409e+00
6.075597882287151151e+04 1.079042956714840074e+00
6.075597908293212095e+04 1.141091078970565942e+00
6.075597934299271583e+04 1.034124416493994669e+00
6.075597960305331071e+04 1.130033293772923386e+00
6.075597986311390559e+04 1.049712187186713885e+00
6.075598012317450775e+04 1.065620063615942748e+00
6.075598038323510264e+04 9.608859151946818056e-01
6.075598064329570479e+04 1.085845975182058609e+00
6.075598090335629968e+04 1.061605367604042449e+00
6.075598116341689456e+04 9.873000260523812077e-01
6.075598142347748944e+04 1.061407214336278271e+00
6.075598168353808433e+04 8.991275660799041836e-01
6.075598194359869376e+04 1.015533050645156754e+00
6.075598220365928864e+04 1.021306525904864149e+00
6.075598246371988353e+04 1.124658738973090433e+00
6.075598272378047841e+04 1.058679461091102114e+00
6.075598298384108057e+04 1.158868939151523003e+00
6.075598324390167545e+04 1.019243030368798264e+00
6.075598350396227761e+04 1.080201853733631090e+00
6.075598376402287249e+04 8.880721768915196268e-01
6.075598402408346738e+04 1.037276049207858986e+00
6.075598428414406226e+04 1.109541217926388379e+00
6.075598454420465714e+04 1.062898624942746784e+00
6.075598480426526658e+04 1.054648890413096174e+00
6.075598506432586146e+04 1.099624720199017691e+00
6.075598532438645634e+04 1.060876929147573255e+00
6.075598558444705122e+04 1.143577367132841749e+00
6.075598584450765338e+04 1.068639082533763274e+00
6.075598610456825554e+04 1.004187214520966487e+00
6.075598636462885042e+04 9.706822109070182281e-01
6.075598662468944531e+04 1.089899259058982883e+00
6.075598688475004019e+04 9.850811248378160689e-01
6.075598714481063507e+04 1.033367645844853522e+00
6.075598740487123723e+04 9.479383128684922832e-01
6.075598766493183211e+04 1.001326653364652541e+00
6.075598792499243427e+04 9.976261368826930820e-01
6.075598818505302916e+04 1.094034200440473281e+00
6.075598844511362404e+04 1.112236661710038987e+00
6.075598870517423347e+04 1.138626544460354051e+00
6.075598896523482836e+04 1.047250380267331860e+00
6.075598922529542324e+04 1.032511849643138024e+00
6.075598948535601812e+04 1.042735707774326670e+00
6.075598974541661300e+04 9.918746268801672539e-01
6.075599000547721516e+04 1.101148629011095448e+00
6.075599026553781005e+04 1.060112200473646960e+00
6.075599052559840493e+04 9.629555348866849496e-01
6.075599078565900709e+04 9.027502188088305513e-01
6.075599104571960197e+04 1.082492435063232561e+00
6.075599130578020413e+04 1.174567511175240497e+00
6.075599156584080629e+04 1.016427824605838692e+00
6.075599182590140117e+04 1.074448783246537475e+00
6.075599208596199605e+04 1.162372568850180032e+00
6.075599234602259094e+04 8.910253920891607615e-01
6.075599260608319310e+04 9.501144065507112213e-01
6.075599286614378798e+04 1.111038247371461951e+00
6.075599312620438286e+04 1.074918567543772241e+00
6.075599338626497774e+04 1.043735758040289285e+00
6.075599364632558718e+04 1.014135909302836813e+00
6.075599390638618206e+04 9.650384332800908682e-01
6.075599416644677694e+04 1.028894881975006115e+00
6.075599442650737910e+04 9.206967017886116267e-01
6.075599468656797399e+04 1.081716597080798925e+00
6.075599494662857614e+04 1.045998157706871323e+00
6.075599520668917103e+04 1.162805420316881388e+00
6.075599546674976591e+04 9.974529533891818289e-01
6.075599572681036079e+04 1.056766957045679911e+00
6.075599598687096295e+04 8.883256613280013925e-01
6.075599624693155783e+04 1.054359479061045546e+00
6.075599650699215999e+04 8.220135495277162141e-01
6.075599676705275488e+04 1.050875168834833673e+00
6.075599702711334976e+04 1.007684274019854831e+00
6.075599728717395192e+04 1.027257250915936337e+00
6.075599754723455408e+04 1.031654638880590280e+00
6.075599780729514896e+04 8.834747669492790667e-01
6.075599806735574384e+04 1.022051729514452445e+00
6.075599832741634600e+04 1.038311631611999131e+00
6.075599858747694088e+04 9.677085828382860910e-01
6.075599884753753577e+04 1.048488410051944708e+00
6.075599910759813065e+04 9.865081143086418258e-01
6.075599936765874008e+04 1.089218951958453419e+00
6.075600091310295102e+04 1.048480891911448776e+00
6.075600117316365504e+04 9.276289169437591520e-01
6.075600143322435179e+04 1.071578603048253697e+00
6.075600169328505581e+04 1.081706335494250659e+00
6.075600195334576711e+04 1.038272156541409919e+00
6.075600221340647113e+04 1.045125933935207474e+00
6.075600247346717515e+04 1.090820576752768112e+00
6.075600273352787190e+04 1.079543950841554967e+00
6.075600299358858319e+04 1.021197260055624279e+00
6.075600325364928722e+04 1.008639819547506367e+00
6.075600351370998396e+04 9.111548705013382543e-01
6.075600377377069526e+04 1.154643622896811772e+00
6.075600403383139928e+04 8.836052144028754274e-01
6.075600429389210331e+04 1.029695153974049093e+00
6.075600455395280733e+04 9.910429386955069697e-01
6.075600481401350407e+04 1.098586499663510407e+00
6.075600507407421537e+04 1.048942350667233292e+00
6.075600533413491939e+04 1.004437056181760157e+00
6.075600559419562342e+04 1.049003058032351277e+00
6.075600585425632744e+04 1.037398199550109368e+00
6.075600611431703146e+04 1.069533538300942999e+00
6.075600637437773548e+04 1.090678935259900006e+00
6.075600663443843951e+04 8.837130950024878473e-01
6.075600689449914353e+04 1.025372769925789518e+00
6.075600715455985483e+04 9.768895014986481717e-01
6.075600741462055157e+04 1.011462010303521009e+00
6.075600767468125559e+04 9.723848879292668057e-01
6.075600793474195962e+04 9.403703271699614952e-01
6.075600819480266364e+04 1.069477232730150940e+00
6.075600845486336766e+04 1.032460813251162790e+00
6.075600871492407168e+04 1.064798111445319773e+00
6.075600897498478298e+04 1.004329746697081527e+00
6.075600923504548700e+04 1.027309700693481265e+00
6.075600949510618375e+04 1.035595681023788961e+00
6.075600975516688777e+04 9.763443909813629418e-01
6.075601001522759907e+04 9.852311805345100870e-01
6.075601027528830309e+04 8.631074855248910271e-01
6.075601053534900711e+04 1.142555746656296778e+00
6.075601079540970386e+04 9.894872355750715665e-01
6.075601105547041516e+04 1.123113402960740359e+00
6.075601131553111918e+04 8.277923789291420364e-01
6.075601157559181593e+04 1.047250212386626744e+00
6.075601183565252722e+04 9.539084260965888795e-01
6.075601209571323125e+04 9.459954920443837123e-01
6.075601235577393527e+04 1.077733880899197194e+00
6.075601261583463929e+04 9.446228445674711427e-01
6.075601287589534331e+04 1.098811218944306667e+00
6.075601313595604734e+04 1.031722140980501745e+00
6.075601339601675136e+04 1.088343707039692410e+00
6.075601365607746266e+04 1.095882011716841298e+00
6.075601391613816668e+04 9.613755483302814930e-01
6.075601417619886342e+04 9.316406460466060135e-01
6.075601443625956745e+04 9.493781483614875949e-01
6.075601469632027874e+04 9.547689366838638669e-01
6.075601495638097549e+04 1.085095706590636144e+00
6.075601521644168679e+04 1.068059532755466945e+00
6.075601547650239081e+04 1.132057937264255409e+00
6.075601573656309483e+04 1.110297930234075858e+00
6.075601599662379886e+04 1.059024377440584974e+00
6.075601625668450288e+04 1.075592085021162436e+00
6.075601651674520690e+04 1.092989042948832701e+00
6.075601677680591092e+04 1.027980017801914503e+00
6.075601703686661494e+04 9.665994631759298183e-01
6.075601729692732624e+04 1.016127490958244284e+00
6.075601755698802299e+04 9.280029272002860985e-01
6.075601781704872701e+04 9.091358998309193584e-01
6.075601807710943831e+04 9.351809230215036850e-01
6.075601833717014233e+04 1.071176113613545811e+00
6.075601859723084635e+04 1.010830438972178280e+00
6.075601885729155038e+04 1.022076647146129336e+00
6.075601911735225440e+04 9.945451040745820759e-01
6.075601937741295842e+04 9.908883149648390898e-01
6.075601963747365517e+04 1.205521702082819058e+00
6.075601989753436646e+04 9.965054066776761754e-01
6.075602015759507049e+04 1.155143433390478203e+00
6.075602041765577451e+04 1.009372802549365122e+00
6.075602067771648581e+04 1.011741540090148828e+00
6.075602093777718255e+04 1.162024273426233378e+00
6.075602119783788658e+04 1.120592486899483209e+00
6.075602145789859787e+04 1.042902650272585552e+00
6.075602171795930190e+04 1.025916829006667808e+00
6.075602197802000592e+04 9.301778295443745570e-01
6.075602223808070994e+04 9.655216304132223648e-01
6.075602249814141396e+04 1.022337878237929543e+00
6.075602275820211798e+04 1.122935346245344412e+00
6.075602301826282201e+04 1.009695508980338552e+00
6.075602327832352603e+04 1.160132517012802511e+00
6.075602353838423005e+04 1.122708385584980872e+00
6.075602379844494135e+04 1.099129622512440951e+00
6.075602405850564537e+04 1.037241527293163434e+00
6.075602431856634212e+04 9.888879409821785815e-01
6.075602457862704614e+04 9.807279862788846891e-01
6.075602483868775744e+04 1.035638071781179503e+00
6.075602509874846146e+04 1.089210789423503911e+00
6.075602535880916548e+04 1.048873164932159652e+00
6.075602561886986950e+04 1.041793605182480320e+00
6.075602587893057353e+04 9.735560036092252290e-01
6.075602613899127755e+04 7.946520357116149125e-01
6.075602639905198885e+04 9.888808408871525568e-01
6.075602665911269287e+04 9.419646610826538646e-01
6.075602691917338962e+04 8.995606540140408391e-01
6.075602717923410091e+04 9.355284044749980765e-01
6.075602743929480494e+04 9.173369893245353346e-01
6.075602769935550168e+04 9.911284858789708441e-01
6.075602795941621298e+04 9.450381508179606094e-01
6.075602821947691700e+04 1.060828249520327171e+00
6.075602847953762102e+04 1.061302276686361123e+00
6.075602873959833232e+04 1.065917553868424683e+00
6.075602899965902907e+04 8.861121426386795452e-01
6.075602925971973309e+04 1.047098889915021092e+00
6.075603093119423283e+04 9.162825100317150140e-01
6.075603119125482772e+04 1.013507128687814784e+00
6.075603145131542988e+04 1.022530747501983805e+00
6.075603171137602476e+04 1.055258289705367281e+00
6.075603197143662692e+04 9.414522800671278890e-01
6.075603223149722908e+04 1.049482226764633763e+00
6.075603249155782396e+04 8.422098554970027795e-01
6.075603275161842612e+04 1.031130542661865546e+00
6.075603301167902100e+04 9.304319203033609709e-01
6.075603327173962316e+04 9.608690160733035501e-01
6.075603353180022532e+04 1.060397410182288169e+00
6.075603379186082020e+04 1.100492923698781045e+00
6.075603405192141508e+04 1.067512783247228647e+00
6.075603431198201724e+04 1.049015764685036434e+00
6.075603457204261213e+04 1.080266016469360046e+00
6.075603483210320701e+04 1.009967956081377682e+00
6.075603509216381644e+04 1.048798497746948000e+00
6.075603535222441133e+04 1.059548099269988830e+00
6.075603561228501349e+04 1.027278571913885497e+00
6.075603587234560837e+04 9.264798008086974068e-01
6.075603613240621053e+04 1.071472645527540291e+00
6.075603639246681269e+04 8.874079662984545314e-01
6.075603665252740757e+04 9.866838763124347045e-01
6.075603691258800245e+04 9.999938380944368710e-01
6.075603717264860461e+04 8.795919795076255765e-01
6.075603743270919949e+04 1.083320403310612079e+00
6.075603769276979438e+04 1.131984795835471846e+00
6.075603795283040381e+04 1.009449631105259426e+00
6.075603821289099869e+04 1.150396008663159497e+00
6.075603847295160085e+04 1.132084438535196025e+00
6.075603873301219573e+04 1.101788675692217723e+00
6.075603899307279789e+04 9.630778921250906510e-01
6.075603925313340005e+04 1.060629572581475832e+00
6.075603951319399494e+04 8.571498955953607002e-01
6.075603977325458982e+04 1.022129005589752504e+00
6.075604003331519198e+04 1.018629108199668565e+00
6.075604029337578686e+04 1.000842462322563797e+00
6.075604055343638902e+04 9.029416240421048734e-01
6.075604081349698390e+04 9.807730471235871494e-01
6.075604107355758606e+04 1.006877993024936746e+00
6.075604133361818822e+04 9.313460861162764504e-01
6.075604159367878310e+04 1.001608942569548244e+00
6.075604185373938526e+04 1.026732772467204180e+00
6.075604211379998742e+04 1.012364343282921908e+00
6.075604237386058230e+04 1.036950900913409246e+00
6.075604263392118446e+04 9.809610849380380193e-01
6.075604289398177934e+04 9.302272557798078045e-01
6.075604315404237423e+04 1.035687608102601409e+00
6.075604341410297639e+04 9.897327787176637415e-01
6.075604367416357127e+04 1.139195215131556971e+00
6.075604393422418070e+04 1.121878178022472694e+00
6.075604419428477559e+04 1.072352939786272108e+00
6.075604445434537047e+04 9.555811214912313112e-01
6.075604471440597990e+04 1.048781548321120694e+00
6.075604497446657479e+04 1.123887316631386524e+00
6.075604523452717694e+04 1.024827396319680561e+00
6.075604549458777183e+04 1.054977837665999729e+00
6.075604575464836671e+04 9.961947571139815327e-01
6.075604601470896887e+04 9.872319856292067763e-01
6.075604627476956375e+04 1.120616228021807270e+00
6.075604653483016591e+04 8.848588155183227943e-01
6.075604679489076807e+04 1.056427167605875184e+00
6.075604705495136295e+04 1.106170269885387025e+00
6.075604731501196511e+04 9.235919427301381157e-01
6.075604757507256727e+04 1.022159844199694412e+00
6.075604783513316943e+04 9.741549992575436745e-01
6.075604809519376431e+04 9.887017637385360214e-01
6.075604835525435919e+04 9.149761043498014779e-01
6.075604861531496135e+04 1.060952048475380272e+00
6.075604887537555624e+04 9.910430050327906359e-01
6.075604913543615839e+04 1.065546974101019950e+00
6.075604939549675328e+04 1.162635415768026981e+00
6.075604965555735544e+04 1.008421472558922005e+00
6.075604991561795759e+04 1.002007736679930483e+00
6.075605017567855248e+04 1.030626789886920580e+00
6.075605043573915464e+04 1.028983316819625626e+00
6.075605069579975680e+04 1.056889087940566574e+00
6.075605095586035168e+04 8.905474850143871857e-01
6.075605121592095384e+04 1.055900478918536001e+00
6.075605147598154872e+04 9.368988364534387436e-01
6.075605173604215088e+04 1.026108707192896707e+00
6.075605199610274576e+04 1.043538573465177199e+00
6.075605225616334792e+04 1.057420043400316256e+00
6.075605251622395008e+04 1.025337506406120980e+00
6.075605277628454496e+04 9.429888590747760313e-01
6.075605303634514712e+04 9.234732071552022026e-01
6.075605329640574200e+04 1.037601514165874095e+00
6.075605355646635144e+04 9.860833976955917235e-01
6.075605381652694632e+04 1.166479852763491865e+00
6.075605407658754848e+04 9.971289077159943837e-01
6.075605433664814336e+04 9.935953571056370670e-01
6.075605459670873825e+04 1.049807154463175074e+00
6.075605485676934040e+04 1.037985340065049611e+00
6.075605511682993529e+04 9.597896562344270244e-01
6.075605537689054472e+04 1.085609640643839136e+00
6.075605563695113960e+04 1.022835294595711542e+00
6.075605589701174176e+04 1.068646278113267512e+00
6.075605615707233665e+04 8.710365665858676998e-01
6.075605641713293880e+04 9.931476141034676353e-01
6.075605667719354096e+04 1.070306829492829070e+00
6.075605693725413585e+04 1.017375986104967822e+00
6.075605719731473800e+04 1.056139704287341052e+00
6.075605745737533289e+04 1.120143632489907670e+00
6.075605771743593505e+04 1.016542614281932932e+00
6.075605797749652993e+04 9.828559321590241149e-01
6.075605823755713209e+04 9.685279179982958508e-01
6.075605849761773425e+04 1.002747597993154383e+00
6.075605875767832913e+04 1.007119833637530215e+00
6.075605901773893129e+04 1.036098408083493405e+00
6.075605927779953345e+04 9.926328075243103788e-01
6.075606082322710427e+04 9.366246392549580913e-01
6.075606108328780829e+04 1.088007299911390113e+00
6.075606134334851231e+04 9.664418163854958665e-01
6.075606160340922361e+04 1.028468554722187678e+00
6.075606186346992035e+04 9.718034814797268384e-01
6.075606212353063165e+04 9.896164081636905641e-01
6.075606238359133567e+04 1.080437531357637537e+00
6.075606264365204697e+04 9.817679307050568571e-01
6.075606290371275099e+04 1.064765043449143800e+00
6.075606316377345502e+04 1.002499569099837728e+00
6.075606342383415904e+04 1.145966359810157043e+00
6.075606368389486306e+04 1.019126319339532794e+00
6.075606394395557436e+04 1.032848669056989133e+00
6.075606420401627838e+04 9.425291065433718529e-01
6.075606446407698240e+04 1.044584913985416419e+00
6.075606472413768643e+04 9.237883172009447863e-01
6.075606498419839772e+04 1.004949795794890521e+00
6.075606524425910175e+04 1.050859587222239266e+00
6.075606550431981304e+04 1.141717602953869592e+00
6.075606576438050979e+04 1.089560902323160940e+00
6.075606602444122109e+04 1.006842923124673383e+00
6.075606628450192511e+04 1.038027701654822721e+00
6.075606654456262913e+04 1.009189308502952631e+00
6.075606680462333316e+04 1.065870016573762458e+00
6.075606706468404445e+04 9.782608524288907148e-01
6.075606732474474848e+04 1.057021454802083538e+00
6.075606758480545250e+04 9.924212314107074828e-01
6.075606784486615652e+04 1.082131585370316396e+00
6.075606810492686054e+04 1.013334199762100152e+00
6.075606836498757184e+04 9.965397126996646815e-01
6.075606862504827586e+04 9.587893119227299810e-01
6.075606888510898716e+04 8.889157520722973382e-01
6.075606914516968391e+04 9.149714737193090919e-01
6.075606940523039520e+04 1.048821638008004431e+00
6.075606966529109923e+04 9.615363456925826169e-01
6.075606992535180325e+04 1.028517802413065674e+00
6.075607018541250727e+04 1.012399258744300479e+00
6.075607044547321857e+04 1.050803580458946618e+00
6.075607070553392259e+04 1.014794906256265783e+00
6.075607096559463389e+04 9.779473568489167601e-01
6.075607122565533064e+04 1.090236215962034017e+00
6.075607148571604193e+04 1.087399677891656369e+00
6.075607174577674596e+04 1.071452001451740799e+00
6.075607200583745725e+04 9.923391996318495778e-01
6.075607226589816128e+04 9.006759176497610708e-01
6.075607252595886530e+04 1.067122858877801672e+00
6.075607278601956932e+04 9.625179759165087834e-01
6.075607304608028062e+04 1.103248595556940659e+00
6.075607330614097737e+04 1.009590627013522868e+00
6.075607356620169594e+04 1.027083601533622215e+00
6.075607382626239269e+04 1.062356693659303630e+00
6.075607408632310398e+04 1.006626432772008917e+00
6.075607434638380801e+04 9.758465964433521433e-01
6.075607460644451203e+04 1.006576418371107229e+00
6.075607486650521605e+04 1.028305675903108618e+00
6.075607512656592735e+04 1.046062976361765928e+00
6.075607538662663137e+04 9.383322703377271479e-01
6.075607564668734267e+04 1.018338738637319052e+00
6.075607590674803942e+04 1.036549822094091855e+00
6.075607616680875071e+04 9.112829199587713092e-01
6.075607642686945474e+04 8.843245663078095342e-01
6.075607668693016603e+04 1.007323867841375620e+00
6.075607694699087006e+04 1.001979651920629433e+00
6.075607720705157408e+04 1.033221513443330020e+00
6.075607746711227810e+04 1.017873308391536780e+00
6.075607772717298940e+04 9.704183295588775238e-01
6.075607798723368614e+04 9.270739849754586759e-01
6.075607824729439744e+04 9.556441545763745271e-01
6.075607850735510146e+04 9.941802095693089703e-01
6.075607876741581276e+04 9.053335522743556352e-01
6.075607902747651679e+04 1.015890678465702690e+00
6.075607928753722081e+04 7.983251403135050994e-01
6.075607954759792483e+04 9.544710226824149046e-01
6.075607980765863613e+04 9.177427039002458153e-01
6.075608006771934015e+04 1.000342718356494354e+00
6.075608032778005145e+04 1.054169742842900881e+00
6.075608058784074819e+04 1.075492364426609671e+00
6.075608084790145949e+04 9.816235330472715681e-01
6.075608110796216351e+04 9.760112566352381336e-01
6.075608136802286754e+04 8.772760585920956755e-01
6.075608162808357156e+04 1.038084193032617453e+00
6.075608188814428286e+04 1.014739997074274536e+00
6.075608214820498688e+04 9.742770057107299486e-01
6.075608240826569818e+04 9.713558236752563024e-01
6.075608266832639492e+04 9.456458164322909532e-01
6.075608292838710622e+04 8.652907961989422247e-01
6.075608318844781024e+04 9.840728406313773435e-01
6.075608344850852154e+04 1.078345855319441604e+00
6.075608370856922556e+04 7.986355689835953342e-01
6.075608396862992959e+04 9.824521096351420679e-01
6.075608422869064088e+04 9.879037734523654635e-01
6.075608448875134491e+04 9.839598695086659852e-01
6.075608474881204893e+04 9.731242818645488013e-01
6.075608500887276023e+04 9.352956358511624879e-01
6.075608526893346425e+04 1.001463566485289780e+00
6.075608552899416827e+04 8.961550676115530578e-01
6.075608578905487957e+04 9.623513911065219029e-01
6.075608604911557632e+04 1.011279465436770719e+00
6.075608630917628761e+04 9.752614811164563857e-01
6.075608656923699164e+04 1.012245203114979786e+00
6.075608682929770293e+04 1.038501989238980405e+00
6.075608708935840696e+04 9.585025185411110149e-01
6.075608734941911098e+04 1.014830103911079640e+00
6.075608760947981500e+04 1.022004573295534957e+00
6.075608786954052630e+04 9.598509749726568119e-01
6.075608812960123760e+04 9.781924953989157290e-01
6.075608838966194162e+04 1.000969380888877991e+00
6.075608864972264564e+04 9.427026975966824596e-01
6.075608890978334966e+04 1.071569216889503906e+00
6.075608916984406096e+04 9.772623389951003992e-01
6.075609076569380704e+04 1.029881066164224590e+00
6.075609102575441648e+04 1.029850712165940596e+00
6.075609128581501136e+04 1.077384419802897897e+00
6.075609154587561352e+04 1.011186039187761621e+00
6.075609180593621568e+04 1.093667540200770283e+00
6.075609206599681784e+04 1.087381758996400549e+00
6.075609232605741272e+04 9.128225834951801954e-01
6.075609258611801488e+04 9.845781440504678406e-01
6.075609284617860976e+04 9.791622526085159706e-01
6.075609310623921192e+04 9.924972730684438194e-01
6.075609336629981408e+04 9.320325612925380865e-01
6.075609362636040896e+04 1.112142207908423552e+00
6.075609388642101840e+04 1.064608779945037886e+00
6.075609414648161328e+04 8.666393355391289743e-01
6.075609440654221544e+04 9.422373208014069856e-01
6.075609466660281760e+04 8.374590285929611744e-01
6.075609492666341976e+04 9.525274757810852089e-01
6.075609518672402191e+04 1.019800589646261857e+00
6.075609544678461680e+04 9.319854585424127702e-01
6.075609570684521896e+04 1.073432305340941584e+00
6.075609596690581384e+04 9.097194057702282510e-01
6.075609622696641600e+04 9.580788999483457191e-01
6.075609648702701088e+04 9.908984056735519186e-01
6.075609674708762032e+04 1.058140498062005053e+00
6.075609700714822247e+04 1.023988957175371750e+00
6.075609726720881736e+04 9.247039059684840634e-01
6.075609752726942679e+04 9.946868282288764407e-01
6.075609778733002167e+04 1.009966046335635026e+00
6.075609804739062383e+04 9.420873935807035915e-01
6.075609830745121872e+04 9.995962195878201895e-01
6.075609856751182087e+04 1.017200317767075646e+00
6.075609882757242303e+04 1.050240715185586593e+00
6.075609908763301792e+04 1.025835400700828126e+00
6.075609934769362008e+04 1.084193813328677480e+00
6.075609960775422223e+04 1.013230316962071109e+00
6.075609986781482439e+04 9.394833923388591357e-01
6.075610012787541928e+04 1.086010176135069560e+00
6.075610038793602143e+04 9.292893456372668393e-01
6.075610064799663087e+04 9.596643516612659575e-01
6.075610090805722575e+04 1.028832313125519482e+00
6.075610116811782791e+04 9.822322576188493581e-01
6.075610142817842279e+04 9.939695319206948154e-01
6.075610168823902495e+04 9.370945560765909788e-01
6.075610194829962711e+04 1.097608170862669263e+00
6.075610220836022199e+04 1.026345939956614606e+00
6.075610246842083143e+04 9.437198996377922366e-01
6.075610272848142631e+04 1.123927395418831798e+00
6.075610298854202847e+04 9.045835143903429021e-01
6.075610324860263063e+04 1.069822388826140669e+00
6.075610350866323279e+04 8.813115127375614755e-01
6.075610376872383495e+04 1.071760674055658447e+00
6.075610402878442983e+04 9.137844800297519887e-01
6.075610428884503199e+04 8.884481738145054708e-01
6.075610454890563415e+04 9.573201410763759744e-01
6.075610480896622903e+04 1.102363772282166199e+00
6.075610506902683119e+04 9.498286900723088566e-01
6.075610532908743335e+04 8.367930849156050011e-01
6.075610558914803551e+04 9.053746722488650311e-01
6.075610584920863766e+04 9.755790957900786209e-01
6.075610610926923255e+04 8.565698257101879154e-01
6.075610636932984198e+04 9.768066761247397034e-01
6.075610662939043686e+04 9.854694136931004822e-01
6.075610688945103902e+04 9.116230792721871090e-01
6.075610714951164118e+04 9.567624503383135304e-01
6.075610740957223607e+04 1.019192705386275488e+00
6.075610766963283822e+04 9.620022790452650296e-01
6.075610792969343311e+04 9.673281753705375019e-01
6.075610818975403527e+04 9.246346043715547580e-01
6.075610844981464470e+04 9.293039341035560508e-01
6.075610870987523958e+04 9.636901109394784282e-01
6.075610896993584174e+04 1.082786988123070948e+00
6.075610922999644390e+04 1.081067325310341776e+00
6.075610949005704606e+04 9.515304470021496153e-01
6.075610975011764822e+04 9.691616354194578786e-01
6.075611001017824310e+04 1.068817083334948403e+00
6.075611027023884526e+04 1.013475996443948146e+00
6.075611053029944742e+04 9.732300772581073955e-01
6.075611079036004230e+04 9.437382474329698567e-01
6.075611105042064446e+04 1.025158045027203757e+00
6.075611131048124662e+04 1.073468464262715916e+00
6.075611157054184878e+04 1.035181603922706417e+00
6.075611183060245094e+04 9.053854416663307259e-01
6.075611209066305310e+04 1.000488108631934159e+00
6.075611235072365525e+04 8.843798833048925889e-01
6.075611261078425741e+04 1.043489377869524448e+00
6.075611287084485230e+04 9.569435666830941045e-01
6.075611313090545445e+04 1.041056987233080600e+00
6.075611339096604934e+04 9.984352235775644235e-01
6.075611365102665150e+04 1.059713847107544904e+00
6.075611391108725365e+04 9.185751528181483883e-01
6.075611417114785581e+04 1.028554508299390324e+00
6.075611443120845797e+04 1.067803962977979193e+00
6.075611469126906013e+04 9.826887869409369758e-01
6.075611495132966229e+04 9.901389003225169461e-01
6.075611521139026445e+04 8.973081486180919386e-01
6.075611547145085933e+04 9.774472690158130250e-01
6.075611573151146149e+04 8.332017108685755291e-01
6.075611599157206365e+04 9.843162329252789222e-01
6.075611625163265853e+04 9.868638889876046871e-01
6.075611651169326069e+04 8.896675920515236813e-01
6.075611677175386285e+04 9.602197371216697475e-01
6.075611703181446501e+04 9.821349683098226091e-01
6.075611729187506717e+04 9.363943331397558412e-01
6.075611755193566933e+04 9.464703184886497089e-01
6.075611781199626421e+04 8.902101617895529229e-01
6.075611807205687364e+04 1.024172812004871647e+00
6.075611833211747580e+04 8.799399427187772904e-01
6.075611859217807068e+04 1.047012128342400539e+00
6.075611885223867284e+04 8.770289560573425458e-01
6.075611911229926773e+04 1.013999380187728949e+00
6.075612077117233275e+04 1.017476433740160724e+00
6.075612103123303677e+04 9.794154951494964401e-01
6.075612129129374080e+04 1.009232730479960871e+00
6.075612155135445209e+04 9.493725114254552011e-01
6.075612181141516339e+04 9.358303810785244536e-01
6.075612207147586741e+04 9.781408517389484913e-01
6.075612233153657144e+04 9.224518240764749688e-01
6.075612259159728274e+04 9.434090380498018069e-01
6.075612285165798676e+04 9.963849102340859298e-01
6.075612311171869806e+04 8.691016316413048282e-01
6.075612337177940935e+04 9.390052484658127918e-01
6.075612363184010610e+04 1.001009185585622907e+00
6.075612389190081740e+04 9.493131974000158513e-01
6.075612415196152870e+04 9.332138479730854863e-01
6.075612441202222544e+04 1.043508107363654958e+00
6.075612467208293674e+04 1.046131453835514868e+00
6.075612493214364804e+04 9.525745283957310905e-01
6.075612519220435206e+04 9.770891219101485170e-01
6.075612545226506336e+04 8.793724421644416589e-01
6.075612571232576738e+04 1.019159678217144815e+00
6.075612597238647140e+04 9.791297166672523478e-01
6.075612623244718270e+04 8.605127789139630501e-01
6.075612649250789400e+04 9.793239864489172719e-01
6.075612675256859802e+04 1.003127094273846831e+00
6.075612701262930204e+04 1.016431361811812817e+00
6.075612727269001334e+04 1.003497940491915763e+00
6.075612753275071736e+04 9.872826445279057062e-01
6.075612779281142139e+04 9.122034501346822921e-01
6.075612805287213268e+04 8.950275080430795116e-01
6.075612831293283671e+04 9.632701806178016746e-01
6.075612857299354800e+04 9.810655407374878623e-01
6.075612883305425930e+04 1.011594022797255521e+00
6.075612909311495605e+04 9.916594601999071390e-01
6.075612935317566735e+04 9.954538040682460176e-01
6.075612961323637865e+04 9.931123717098681025e-01
6.075612987329708267e+04 9.328341503152322023e-01
6.075613013335779397e+04 1.000266492162351195e+00
6.075613039341849799e+04 8.876247897701905476e-01
6.075613065347920201e+04 1.055516297340850285e+00
6.075613091353991331e+04 1.043157042228188613e+00
6.075613117360061733e+04 9.969779364041855274e-01
6.075613143366133590e+04 7.698278122954093083e-01
6.075613169372203265e+04 1.001041026079961815e+00
6.075613195378274395e+04 9.629125112976040235e-01
6.075613221384345525e+04 9.541502594489468247e-01
6.075613247390415199e+04 9.316075782265990091e-01
6.075613273396486329e+04 1.056575743561913416e+00
6.075613299402557459e+04 1.024188864414028233e+00
6.075613325408627861e+04 8.883683350542198598e-01
6.075613351414698991e+04 9.271419271444859556e-01
6.075613377420769393e+04 1.038136341961929388e+00
6.075613403426840523e+04 1.012161190367872443e+00
6.075613429432910925e+04 9.732900735325710206e-01
6.075613455438982055e+04 8.709311129746213354e-01
6.075613481445053185e+04 9.391445944109912958e-01
6.075613507451122859e+04 1.027520020368617004e+00
6.075613533457193989e+04 9.085448252995170781e-01
6.075613559463265119e+04 9.396357413530199709e-01
6.075613585469334794e+04 1.032295172155901053e+00
6.075613611475405924e+04 9.228330542966665107e-01
6.075613637481477053e+04 9.779151085903257101e-01
6.075613663487548183e+04 1.020975279473735009e+00
6.075613689493618585e+04 9.792964490426816493e-01
6.075613715499688988e+04 9.553369675616282253e-01
6.075613741505760117e+04 1.003814732806622034e+00
6.075613767511830520e+04 9.627328797561104379e-01
6.075613793517901649e+04 1.132197265290882715e+00
6.075613819523972779e+04 9.631498752078384573e-01
6.075613845530043181e+04 1.024264436688393287e+00
6.075613871536113584e+04 9.380984180216290769e-01
6.075613897542184714e+04 9.707915101418350678e-01
6.075613923548255116e+04 9.873650746606860151e-01
6.075613949554325518e+04 9.839506459275588757e-01
6.075613975560396648e+04 1.053444832415168841e+00
6.075614001566467778e+04 9.844613613278219155e-01
6.075614027572538907e+04 1.022092226943590365e+00
6.075614053578608582e+04 1.013960618099338573e+00
6.075614079584679712e+04 9.746065953699599715e-01
6.075614105590750842e+04 8.905945873982791250e-01
6.075614131596821244e+04 1.020607323454642223e+00
6.075614157602892374e+04 9.521048649926141527e-01
6.075614183608962776e+04 1.057427801644180931e+00
6.075614209615033906e+04 1.066414642585276518e+00
6.075614235621104308e+04 9.884723731403355362e-01
6.075614261627174710e+04 9.683813204760831628e-01
6.075614287633246568e+04 9.671268498725827945e-01
6.075614313639316970e+04 9.858342695550965651e-01
6.075614339645387372e+04 1.002736660033057392e+00
6.075614365651458502e+04 9.967878835107999436e-01
6.075614391657528904e+04 8.777067980403026048e-01
6.075614417663600034e+04 8.722411102017237905e-01
6.075614443669670436e+04 1.057730933460928835e+00
6.075614469675741566e+04 9.855357131312058039e-01
6.075614495681812696e+04 9.361680613973738518e-01
6.075614521687882370e+04 9.444257133437425900e-01
6.075614547693953500e+04 1.044766428958637805e+00
6.075614573700024630e+04 1.013453635226597038e+00
6.075614599706095760e+04 9.315288018527793090e-01
6.075614625712166162e+04 1.025740244762133990e+00
6.075614651718236564e+04 9.730758447624866525e-01
6.075614677724307694e+04 1.071780143673140673e+00
6.075614703730378824e+04 8.528648793966483455e-01
6.075614729736448498e+04 9.449181866743125990e-01
6.075614755742519628e+04 9.221961415561343856e-01
6.075614781748590758e+04 9.691159644945017693e-01
6.075614807754661888e+04 8.478000037202740868e-01
6.075614833760732290e+04 9.638875415663420432e-01
6.075614859766802692e+04 9.237826372808002340e-01
6.075614885772873822e+04 8.150850838848546775e-01
6.075614911778944952e+04 8.721329498297377691e-01
