6.075585120116569306e+04 1.106213131665916949e+00
6.075585146121949219e+04 1.092301022686335221e+00
6.075585172127328406e+04 1.058589979021431926e+00
6.075585198132708319e+04 9.909363587262464135e-01
6.075585224138088233e+04 1.147642187487027066e+00
6.075585250143468147e+04 1.014750477483094437e+00
6.075585276148847333e+04 1.122437545332607201e+00
6.075585302154227247e+04 1.083732563170872965e+00
6.075585328159607161e+04 1.144163868729241251e+00
6.075585354164987803e+04 9.941908926729465801e-01
6.075585380170368444e+04 1.077133073113894612e+00
6.075585406175747630e+04 1.349344079608306712e+00
6.075585432181127544e+04 9.520493535039235011e-01
6.075585458186507458e+04 1.104925288335087741e+00
6.075585484191887372e+04 1.047554504051738888e+00
6.075585510197266558e+04 1.175160436889302051e+00
6.075585536202646472e+04 9.952733239395549214e-01
6.075585562208026386e+04 9.539124621294587936e-01
6.075585588213406299e+04 7.994921388568384524e-01
6.075585614218786213e+04 9.717574546995567664e-01
6.075585640224165400e+04 8.412301247619408118e-01
6.075585666229546041e+04 1.143240073343463781e+00
6.075585692234926682e+04 1.012622502772673849e+00
6.075585718240306596e+04 1.058696620746240935e+00
6.075585744245685783e+04 1.131630397677746869e+00
6.075585770251065696e+04 1.132258276209477721e+00
6.075585796256445610e+04 1.154623137733359339e+00
6.075585822261825524e+04 1.069358071545283950e+00
6.075585848267205438e+04 1.023671743983199489e+00
6.075585874272584624e+04 1.164714374469675739e+00
6.075585900277964538e+04 1.068687876567951278e+00
6.075585926283344452e+04 1.087285719860562772e+00
6.075585952288725093e+04 9.853685854974005842e-01
6.075585978294105735e+04 1.155658447368577146e+00
6.075586004299484921e+04 9.981883123256710677e-01
6.075586030304864835e+04 8.647192446794683685e-01
6.075586056310244749e+04 9.508726037590083946e-01
6.075586082315624662e+04 1.025750672087669013e+00
6.075586108321004576e+04 9.901672539166463949e-01
6.075586134326383763e+04 9.544947073399053794e-01
6.075586160331763676e+04 1.026734973393668371e+00
6.075586186337143590e+04 1.084586610523103456e+00
6.075586212342523504e+04 1.118040614700571922e+00
6.075586238347903418e+04 9.697327578671955939e-01
6.075586264353283332e+04 1.079324558646538090e+00
6.075586290358663973e+04 1.044009378918673070e+00
6.075586316364043887e+04 9.633102160616147103e-01
6.075586342369423801e+04 1.077672587798045534e+00
6.075586368374803715e+04 9.431610015428726346e-01
6.075586394380182901e+04 9.773372680593378492e-01
6.075586420385562815e+04 8.559118701304027077e-01
6.075586446390942729e+04 1.029566207275256939e+00
6.075586472396322642e+04 1.058397370468125986e+00
6.075586498401702556e+04 9.890330993832622264e-01
6.075586524407081743e+04 1.062849157023195268e+00
6.075586550412462384e+04 9.391317005849456612e-01
6.075586576417843025e+04 9.667567119701154787e-01
6.075586602423222939e+04 1.114165114955302238e+00
6.075586628428602853e+04 9.729218664818293227e-01
6.075586654433982039e+04 1.057725849386722095e+00
6.075586680439361953e+04 9.005427229393320188e-01
6.075586706444741867e+04 9.135022496831808336e-01
6.075586732450121781e+04 1.095428279350990852e+00
6.075586758455501695e+04 1.167827149577246759e+00
6.075586784460881609e+04 9.840150477250204641e-01
6.075586810466260795e+04 9.437702158196756841e-01
6.075586836471640709e+04 1.009626233363017045e+00
6.075586862477021350e+04 1.039943526071193558e+00
6.075586888482401991e+04 9.396838631540476161e-01
6.075586914487781905e+04 9.537758441297948808e-01
6.075586940493161092e+04 1.097754526615683845e+00
6.075586966498541005e+04 1.003258726601895745e+00
6.075586992503920919e+04 8.592697836787176469e-01
6.075587018509300833e+04 1.034811298918441480e+00
6.075587044514680747e+04 9.315036170094047607e-01
6.075587070520060661e+04 1.135380064531030575e+00
6.075587096525439847e+04 1.025500598122188745e+00
6.075587122530819761e+04 1.093459396155202157e+00
6.075587148536199675e+04 1.036090854478952217e+00
6.075587174541581044e+04 9.540503503924052664e-01
6.075587200546960958e+04 8.841036887878054307e-01
6.075587226552340871e+04 1.170564299823328991e+00
6.075587252557720058e+04 9.667495864908776104e-01
6.075587278563099972e+04 1.036169942440578806e+00
6.075587304568479885e+04 1.060809051288768678e+00
6.075587330573859799e+04 8.588840528354418913e-01
6.075587356579239713e+04 1.146060804742004002e+00
6.075587382584619627e+04 1.118902452073578413e+00
6.075587408589998813e+04 9.917754953886674940e-01
6.075587434595378727e+04 1.115886886903836306e+00
6.075587460600759368e+04 9.484531476164368424e-01
6.075587486606140010e+04 1.102827583265747702e+00
6.075587512611519924e+04 1.157137885974617530e+00
6.075587538616899838e+04 9.509840911397314800e-01
6.075587564622279751e+04 1.142329155298458687e+00
6.075587590627658938e+04 9.857521062475841367e-01
6.075587616633038851e+04 1.123117448250247064e+00
6.075587642638418765e+04 9.832181306724213643e-01
6.075587668643798679e+04 9.302743930336849765e-01
6.075587694649178593e+04 9.067550509290819294e-01
6.075587720654558507e+04 1.071718966920436111e+00
6.075587746659937693e+04 1.133060844305499915e+00
6.075587772665318334e+04 1.107535362995106354e+00
6.075587798670698976e+04 9.204320761072506407e-01
6.075587824676078890e+04 1.119822674112052274e+00
6.075587850681458804e+04 9.111719751594761219e-01
6.075587876686838717e+04 9.527784478937260104e-01
6.075587902692218631e+04 8.539595448333991978e-01
6.075587928697597818e+04 1.188977245409523764e+00
6.075587954702977731e+04 1.042179926449895877e+00
6.075588115586427011e+04 7.622688103670912652e-01
6.075588141592496686e+04 9.728125205467995640e-01
6.075588167598567088e+04 1.007959585105912659e+00
6.075588193604636763e+04 9.928229333182206906e-01
6.075588219610707165e+04 1.017630689178291137e+00
6.075588245616777567e+04 7.923816052509297103e-01
6.075588271622847242e+04 1.009749402303235621e+00
6.075588297628917644e+04 1.042995504087449676e+00
6.075588323634988046e+04 8.045954595775832718e-01
6.075588349641056993e+04 1.046235224597104496e+00
6.075588375647127395e+04 1.009479328357665073e+00
6.075588401653197798e+04 1.011159467792426270e+00
6.075588427659268200e+04 9.343214705753501992e-01
6.075588453665338602e+04 9.889367377687375837e-01
6.075588479671408277e+04 1.077868598389895904e+00
6.075588505677478679e+04 9.359032226431169832e-01
6.075588531683548354e+04 1.031712890936165250e+00
6.075588557689618756e+04 1.012246645260897360e+00
6.075588583695689158e+04 9.535376014750075457e-01
6.075588609701758833e+04 1.169703118506903117e+00
6.075588635707829235e+04 1.104068893880398194e+00
6.075588661713899637e+04 1.092480345575910450e+00
6.075588687719969312e+04 1.103907062483238555e+00
6.075588713726038986e+04 1.081421155466083084e+00
6.075588739732109389e+04 1.008637382105090685e+00
6.075588765738179791e+04 9.348351291097687366e-01
6.075588791744250193e+04 8.852418163431660103e-01
6.075588817750319868e+04 9.850923111569580559e-01
6.075588843756390270e+04 1.007631469261214940e+00
6.075588869762460672e+04 8.585999105049985092e-01
6.075588895768530347e+04 1.080689543564050892e+00
6.075588921774600749e+04 1.006911112808229314e+00
6.075588947780670424e+04 1.039616791528686024e+00
6.075588973786740826e+04 1.051914335982871762e+00
6.075588999792811228e+04 9.636292556421206523e-01
6.075589025798880903e+04 9.804269194603298931e-01
6.075589051804952032e+04 9.762967991673924262e-01
6.075589077811021707e+04 1.070984390799933905e+00
6.075589103817091382e+04 9.243414022918501338e-01
6.075589129823161784e+04 9.607452091776816916e-01
6.075589155829231458e+04 9.545906817974056935e-01
6.075589181835301861e+04 9.361434379859638888e-01
6.075589207841372263e+04 9.811617793017132216e-01
6.075589233847442665e+04 1.123294672446566222e+00
6.075589259853513067e+04 1.028759063876668600e+00
6.075589285859582742e+04 9.986933762102067069e-01
6.075589311865652417e+04 1.179935300577906743e+00
6.075589337871722819e+04 9.818591508769561882e-01
6.075589363877793221e+04 1.146215527967165748e+00
6.075589389883863623e+04 1.037364198129025361e+00
6.075589415889933298e+04 9.380199982479331400e-01
6.075589441896003700e+04 9.282455193153853479e-01
6.075589467902074102e+04 9.911438084570158846e-01
6.075589493908143777e+04 9.012214781420100351e-01
6.075589519914213452e+04 1.005990415460420673e+00
6.075589545920283854e+04 9.936333351151241944e-01
6.075589571926354256e+04 8.853401884771885388e-01
6.075589597932424658e+04 1.036899750813002230e+00
6.075589623938494333e+04 1.094778087682511281e+00
6.075589649944564735e+04 1.039034666950612085e+00
6.075589675950635137e+04 9.166398243227010800e-01
6.075589701956705539e+04 9.996308884324456301e-01
6.075589727962775942e+04 9.472621618871983618e-01
6.075589753968844889e+04 1.042421953372705490e+00
6.075589779974915291e+04 9.302986792141930694e-01
6.075589805980985693e+04 8.923142799819678839e-01
6.075589831987055368e+04 8.789131637955100995e-01
6.075589857993125770e+04 1.001680403473674819e+00
6.075589883999196172e+04 8.682892368853432075e-01
6.075589910005266574e+04 1.007107361380084054e+00
6.075589936011336977e+04 1.008222620160550198e+00
6.075589962017406651e+04 8.692321025712377303e-01
6.075589988023477054e+04 1.049619232346301168e+00
6.075590014029546728e+04 1.057144796182319713e+00
6.075590040035617130e+04 9.893435262669874053e-01
6.075590066041687533e+04 1.065124050848105908e+00
6.075590092047757207e+04 9.152027286605828316e-01
6.075590118053827609e+04 9.606142175800913563e-01
6.075590144059898012e+04 9.638961481278477406e-01
6.075590170065967686e+04 1.088252841532994397e+00
6.075590196072038816e+04 9.600494118858071690e-01
6.075590222078108491e+04 1.072992307569259118e+00
6.075590248084178893e+04 9.113049490177244083e-01
6.075590274090249295e+04 9.194682428337183078e-01
6.075590300096318242e+04 9.962730636125839423e-01
6.075590326102388644e+04 9.761139711689952314e-01
6.075590352108459047e+04 9.677149436233954960e-01
6.075590378114529449e+04 8.677910187684066967e-01
6.075590404120599851e+04 9.998565972371141752e-01
6.075590430126669526e+04 1.100105463178292942e+00
6.075590456132739928e+04 1.118160815052072765e+00
6.075590482138810330e+04 1.067081763615519208e+00
6.075590508144880732e+04 1.061164212040922816e+00
6.075590534150951135e+04 9.522828136708542113e-01
6.075590560157020809e+04 8.310723214749459187e-01
6.075590586163091211e+04 1.007430907242235829e+00
6.075590612169160886e+04 1.121768992304006174e+00
6.075590638175230561e+04 8.615524089311918932e-01
6.075590664181300963e+04 1.085434750832225737e+00
6.075590690187371365e+04 1.063653372045438195e+00
6.075590716193441767e+04 1.039516994987082832e+00
6.075590742199512169e+04 1.114146222625122196e+00
6.075590768205581844e+04 1.033747152152632465e+00
6.075590794211652246e+04 9.264841965078963737e-01
6.075590820217722649e+04 9.675457424069462409e-01
6.075590846223793051e+04 9.291315762031815417e-01
6.075590872229863453e+04 1.053267356089563123e+00
6.075590898235933128e+04 9.241037319030241948e-01
6.075590924242003530e+04 1.169175648555800917e+00
6.075590950248073932e+04 1.034601878221055316e+00
6.075591106051386305e+04 9.151776772574207186e-01
6.075591132057445793e+04 1.093018522599569442e+00
6.075591158063505281e+04 1.060113029654282890e+00
6.075591184069564770e+04 9.553848649248908309e-01
6.075591210075624258e+04 8.713864036948445468e-01
6.075591236081683746e+04 9.602600505641905038e-01
6.075591262087743235e+04 1.010997688606546374e+00
6.075591288093802723e+04 9.769373680190078790e-01
6.075591314099862211e+04 1.036058421833387033e+00
6.075591340105922427e+04 9.288431545212270102e-01
6.075591366111981915e+04 1.098983948968319524e+00
6.075591392118041404e+04 1.102131719927797793e+00
6.075591418124100892e+04 1.022788188930865649e+00
6.075591444130160380e+04 1.014196905020579464e+00
6.075591470136219868e+04 1.065464232639506514e+00
6.075591496142279357e+04 9.939284653683126969e-01
6.075591522148338845e+04 8.507552604637389493e-01
6.075591548154399061e+04 9.156570594446573619e-01
6.075591574160458549e+04 1.087574906680077280e+00
6.075591600166518037e+04 7.935113236428241734e-01
6.075591626172577526e+04 1.094826017594065615e+00
6.075591652178637742e+04 9.196580508778159357e-01
6.075591678184697230e+04 8.835115473176681222e-01
6.075591704190756718e+04 9.440799265425945386e-01
6.075591730196816206e+04 1.054076563436485925e+00
6.075591756202875695e+04 1.004574080195858476e+00
6.075591782208935183e+04 1.003352428905039062e+00
6.075591808214994671e+04 1.124612008302529720e+00
6.075591834221054160e+04 9.170421039087549575e-01
6.075591860227113648e+04 1.062473359612431389e+00
6.075591886233173136e+04 1.159013636198143571e+00
6.075591912239232624e+04 9.204863826716138675e-01
6.075591938245292840e+04 1.029535819800000640e+00
6.075591964251352329e+04 9.308248127222471524e-01
6.075591990257411817e+04 9.240398768662423379e-01
6.075592016263471305e+04 8.916808143659541441e-01
6.075592042269530793e+04 8.083388205369907986e-01
6.075592068275590282e+04 9.558852461075835194e-01
6.075592094281649770e+04 1.012254540331934738e+00
6.075592120287709986e+04 9.952830113442941995e-01
6.075592146293769474e+04 9.557676248545312614e-01
6.075592172299828962e+04 1.033925892448667172e+00
6.075592198305888451e+04 1.049286075665171181e+00
6.075592224311948667e+04 1.046915282935759972e+00
6.075592250318008155e+04 1.039322534821500277e+00
6.075592276324067643e+04 1.101395810510797046e+00
6.075592302330127131e+04 8.904234980017382561e-01
6.075592328336186620e+04 9.138638617698165989e-01
6.075592354342246108e+04 9.718392492524087212e-01
6.075592380348305596e+04 9.884932616861489274e-01
6.075592406354365812e+04 1.058652984456043944e+00
6.075592432360425300e+04 1.026084476640485299e+00
6.075592458366484789e+04 1.098792184605718480e+00
6.075592484372544277e+04 9.427980211179717296e-01
6.075592510378604493e+04 8.528345253309298490e-01
6.075592536384663981e+04 8.129026516800464952e-01
6.075592562390723469e+04 8.517576647643523291e-01
6.075592588396782958e+04 8.599616211047236281e-01
6.075592614402842446e+04 9.944476441022837010e-01
6.075592640408901934e+04 9.202591145426696206e-01
6.075592666414961423e+04 9.898802759682573393e-01
6.075592692421020911e+04 7.534360003849619458e-01
6.075592718427081127e+04 9.453197470021127424e-01
6.075592744433140615e+04 9.112862425231331720e-01
6.075592770439200103e+04 1.034822448435690045e+00
6.075592796445260319e+04 9.519154274674650473e-01
6.075592822451319807e+04 1.085637763189423399e+00
6.075592848457379296e+04 9.477989718984397571e-01
6.075592874463438784e+04 9.094103599193775755e-01
6.075592900469498272e+04 1.011025611585571804e+00
6.075592926475557761e+04 9.974098935596622528e-01
6.075592952481617249e+04 1.049679178234166788e+00
6.075592978487676737e+04 9.901434222507415894e-01
6.075593004493736953e+04 1.052703839004331954e+00
6.075593030499796441e+04 1.057794942520068338e+00
6.075593056505855930e+04 8.835828905950339207e-01
6.075593082511916145e+04 1.094396735845496904e+00
6.075593108517975634e+04 9.875879594332893641e-01
6.075593134524035122e+04 1.036872239580806543e+00
6.075593160530094610e+04 9.825393284197754262e-01
6.075593186536154099e+04 9.868751427296146295e-01
6.075593212542213587e+04 9.747796290300699829e-01
6.075593238548273075e+04 1.221371006403153547e+00
6.075593264554332563e+04 1.044360616685594323e+00
6.075593290560392779e+04 9.502568249654828048e-01
6.075593316566452268e+04 9.541175407629099992e-01
6.075593342572511756e+04 1.138019166521519354e+00
6.075593368578571244e+04 1.046851561201334047e+00
6.075593394584631460e+04 9.564489432491125598e-01
6.075593420590690948e+04 9.353214519817376615e-01
6.075593446596750437e+04 1.030144937900759006e+00
6.075593472602809925e+04 8.991900577564478914e-01
6.075593498608869413e+04 9.921114102806629642e-01
6.075593524614928901e+04 1.001480721215755265e+00
6.075593550620988390e+04 8.796916477193845729e-01
6.075593576627048606e+04 8.650950896046031291e-01
6.075593602633108094e+04 8.396395091642309128e-01
6.075593628639167582e+04 9.503428069388543120e-01
6.075593654645227070e+04 1.007253215484287256e+00
6.075593680651287286e+04 1.108284673860041147e+00
6.075593706657346775e+04 1.200676263256634346e+00
6.075593732663406263e+04 9.254044278125229672e-01
6.075593758669465751e+04 9.896874560786713682e-01
6.075593784675525239e+04 1.023064381710957038e+00
6.075593810681584728e+04 9.653436370531630617e-01
6.075593836687644216e+04 9.637728243701344510e-01
6.075593862693704432e+04 8.418751879134779292e-01
6.075593888699763920e+04 8.177594166726224190e-01
6.075593914705823408e+04 1.003201933310782668e+00
6.075593940711883624e+04 7.618412095850998211e-01
6.075594106598430517e+04 7.633223712974831487e-01
6.075594132604500919e+04 1.099504023113154094e+00
6.075594158610571321e+04 9.437883094005702356e-01
6.075594184616640996e+04 8.201981099051202095e-01
6.075594210622711398e+04 9.010661712679230995e-01
6.075594236628781800e+04 8.143145726964585718e-01
6.075594262634852203e+04 8.973780132589883607e-01
6.075594288640922605e+04 1.047112197223605712e+00
6.075594314646992279e+04 1.004221830171853513e+00
6.075594340653063409e+04 8.901216796993913771e-01
6.075594366659133811e+04 8.940413582921560298e-01
6.075594392665203486e+04 8.780475537418480636e-01
6.075594418671273888e+04 8.804337211211170633e-01
6.075594444677344291e+04 1.052260683199891522e+00
6.075594470683414693e+04 8.736524003815500095e-01
6.075594496689485095e+04 1.051020176375170312e+00
6.075594522695554770e+04 1.018202756545885546e+00
6.075594548701625172e+04 1.161616573563309274e+00
6.075594574707695574e+04 8.379519515858432355e-01
6.075594600713765976e+04 7.067699599152403866e-01
6.075594626719836378e+04 9.428857147037815745e-01
6.075594652725906053e+04 9.877490994500245369e-01
6.075594678731976455e+04 1.003566714338088417e+00
6.075594704738046858e+04 9.837364366961235396e-01
6.075594730744116532e+04 9.377387087119837261e-01
6.075594756750187662e+04 9.351645456230645026e-01
6.075594782756257337e+04 8.814364690932494639e-01
6.075594808762328466e+04 9.752547032635741076e-01
6.075594834768398869e+04 9.433155845821983299e-01
6.075594860774468543e+04 7.495110809265302931e-01
6.075594886780538945e+04 1.074559499593095380e+00
6.075594912786609348e+04 1.029177019339900134e+00
6.075594938792679750e+04 8.684934833373499918e-01
6.075594964798750152e+04 1.047293185192599285e+00
6.075594990804819827e+04 8.453064355416910480e-01
6.075595016810890229e+04 9.592142812814626884e-01
6.075595042816960631e+04 8.901116682005288938e-01
6.075595068823031033e+04 8.991406255557040650e-01
6.075595094829101436e+04 1.030201044100991670e+00
6.075595120835171110e+04 9.364151459605599692e-01
6.075595146841241512e+04 9.364951588362413482e-01
6.075595172847312642e+04 8.975950742320923936e-01
6.075595198853382317e+04 1.017025413528790390e+00
6.075595224859452719e+04 8.978735409396816358e-01
6.075595250865523121e+04 1.134394837578165394e+00
6.075595276871593524e+04 1.102664938463307154e+00
6.075595302877663926e+04 9.563985018696244955e-01
6.075595328883733600e+04 8.623645624836707713e-01
6.075595354889804003e+04 9.362019973739411638e-01
6.075595380895874405e+04 8.749844801544698347e-01
6.075595406901944807e+04 1.058687120173476437e+00
6.075595432908015209e+04 1.144303425340548408e+00
6.075595458914084884e+04 7.685560772094746085e-01
6.075595484920156014e+04 9.562731000296519346e-01
6.075595510926226416e+04 9.051146729552723702e-01
6.075595536932296091e+04 9.920580483325666110e-01
6.075595562938366493e+04 1.094279672041116314e+00
6.075595588944436895e+04 8.934955020085819655e-01
6.075595614950507297e+04 8.529408419461136370e-01
6.075595640956577699e+04 8.454304188704231393e-01
6.075595666962647374e+04 8.831019481983087838e-01
6.075595692968717776e+04 9.677795552290893166e-01
6.075595718974788178e+04 8.497562238794001965e-01
6.075595744980858581e+04 9.141870846022758235e-01
6.075595770986929710e+04 9.773538548467461951e-01
6.075595796992999385e+04 8.528405440059793063e-01
6.075595822999069787e+04 1.027946611051986592e+00
6.075595849005140190e+04 1.077559670876362841e+00
6.075595875011209864e+04 1.040798221933934675e+00
6.075595901017280994e+04 1.035990184762691779e+00
6.075595927023350669e+04 8.762714527842702106e-01
6.075595953029421071e+04 8.881320537817403160e-01
6.075595979035491473e+04 9.203064707417566437e-01
6.075596005041561148e+04 9.296294892250810404e-01
6.075596031047632277e+04 8.980314337916489587e-01
6.075596057053702680e+04 9.145392208715601434e-01
6.075596083059773082e+04 1.007206528853656913e+00
6.075596109065843484e+04 8.819130015686158508e-01
6.075596135071913159e+04 9.908957159658536851e-01
6.075596161077983561e+04 9.508367560528677709e-01
6.075596187084053963e+04 9.053899409450982816e-01
6.075596213090124365e+04 8.539276948823355529e-01
6.075596239096194768e+04 9.273524543960189881e-01
6.075596265102265170e+04 1.053519303837329169e+00
6.075596291108335572e+04 9.791385500014013754e-01
6.075596317114405974e+04 1.063026458930705909e+00
6.075596343120475649e+04 1.009346544161759507e+00
6.075596369126546051e+04 9.390743146718536494e-01
6.075596395132616453e+04 8.879113895143920798e-01
6.075596421138686856e+04 9.242407477265904836e-01
6.075596447144757258e+04 1.044922346913648159e+00
6.075596473150827660e+04 8.800637564252073997e-01
6.075596499156898062e+04 1.088520595204454322e+00
6.075596525162968464e+04 9.762354257418822678e-01
6.075596551169038867e+04 9.675586083807902193e-01
6.075596577175109269e+04 9.723912043816833606e-01
6.075596603181178943e+04 9.022577288595262646e-01
6.075596629187249346e+04 9.609095435481277425e-01
6.075596655193319748e+04 9.932886490648037414e-01
6.075596681199390150e+04 1.004411994149582821e+00
6.075596707205460552e+04 9.404528556305492559e-01
6.075596733211530955e+04 8.087187037234311315e-01
6.075596759217601357e+04 8.280814653480607079e-01
6.075596785223671759e+04 9.046957614709134621e-01
6.075596811229741434e+04 9.088098052557588291e-01
6.075596837235811836e+04 8.972681050247726109e-01
6.075596863241882238e+04 9.931474321337013800e-01
6.075596889247953368e+04 8.742831461140654348e-01
6.075596915254023770e+04 8.309825805249487773e-01
6.075596941260093445e+04 1.017191074441444965e+00
6.075597102105359954e+04 1.151785178513714980e+00
6.075597128111420170e+04 9.877906859534456574e-01
6.075597154117479658e+04 8.677172609252962188e-01
6.075597180123539147e+04 9.808938330248239135e-01
6.075597206129598635e+04 8.685926851448704245e-01
6.075597232135658123e+04 8.619754155523203787e-01
6.075597258141718339e+04 1.072011680810597278e+00
6.075597284147777827e+04 1.029325026214112260e+00
6.075597310153837316e+04 9.501591251581575914e-01
6.075597336159897532e+04 1.067635514106496597e+00
6.075597362165957020e+04 9.011122836618673526e-01
6.075597388172016508e+04 1.071606370659718532e+00
6.075597414178077452e+04 9.959542567417327685e-01
6.075597440184136940e+04 1.009679429560409458e+00
6.075597466190196428e+04 1.051923457164267051e+00
6.075597492196255916e+04 9.264572273866565899e-01
6.075597518202315405e+04 1.033330682062934880e+00
6.075597544208374893e+04 1.050200932538319920e+00
6.075597570214434381e+04 8.809503424880411604e-01
6.075597596220494597e+04 9.519974568467330922e-01
6.075597622226554813e+04 9.233271316794209316e-01
6.075597648232614301e+04 9.970464853819239748e-01
6.075597674238673790e+04 8.817160192145778730e-01
6.075597700244734006e+04 8.751390863401770082e-01
6.075597726250793494e+04 8.575464869624997988e-01
6.075597752256853710e+04 8.874932761327940511e-01
6.075597778262913198e+04 8.859665265623968278e-01
6.075597804268972686e+04 9.400666558063932587e-01
6.075597830275032175e+04 1.077608622170268093e+00
6.075597856281091663e+04 8.894141109066691087e-01
6.075597882287151151e+04 1.057556667104394554e+00
6.075597908293212095e+04 9.850355200258442689e-01
6.075597934299271583e+04 9.119234427291895706e-01
6.075597960305331071e+04 8.793658303740189419e-01
6.075597986311390559e+04 7.572751783178462981e-01
6.075598012317450775e+04 1.094167021519570460e+00
6.075598038323510264e+04 9.987026938015824973e-01
6.075598064329570479e+04 1.038278861626140914e+00
6.075598090335629968e+04 9.980578499408719884e-01
6.075598116341689456e+04 9.233244692485809146e-01
6.075598142347748944e+04 1.167385506083983504e+00
6.075598168353808433e+04 9.431535452135200170e-01
6.075598194359869376e+04 9.640517997325197541e-01
6.075598220365928864e+04 1.088684423683909275e+00
6.075598246371988353e+04 1.074073491816673664e+00
6.075598272378047841e+04 9.081702636246647975e-01
6.075598298384108057e+04 8.966317238743043427e-01
6.075598324390167545e+04 1.113409710511304107e+00
6.075598350396227761e+04 8.759455553208456147e-01
6.075598376402287249e+04 1.119150674004798285e+00
6.075598402408346738e+04 9.867956818658892848e-01
6.075598428414406226e+04 9.305714308638511900e-01
6.075598454420465714e+04 9.485164097237290814e-01
6.075598480426526658e+04 9.260282577526537384e-01
6.075598506432586146e+04 9.858577100973185958e-01
6.075598532438645634e+04 9.423135311846622120e-01
6.075598558444705122e+04 9.209663931391980363e-01
6.075598584450765338e+04 9.423047628380181173e-01
6.075598610456825554e+04 9.258430039907219466e-01
6.075598636462885042e+04 9.431450483677541463e-01
6.075598662468944531e+04 9.724157263648525173e-01
6.075598688475004019e+04 9.493886570130840585e-01
6.075598714481063507e+04 8.699047336616284598e-01
6.075598740487123723e+04 8.438872228875088366e-01
6.075598766493183211e+04 9.153645031519366260e-01
6.075598792499243427e+04 1.017114491605427107e+00
6.075598818505302916e+04 1.051087917194976962e+00
6.075598844511362404e+04 8.952058046690839488e-01
6.075598870517423347e+04 9.119868847402169409e-01
6.075598896523482836e+04 1.046397722409690978e+00
6.075598922529542324e+04 8.861894851350406999e-01
6.075598948535601812e+04 9.866174445945370408e-01
6.075598974541661300e+04 9.437675159206662112e-01
6.075599000547721516e+04 9.368906338866611616e-01
6.075599026553781005e+04 9.365138346586877605e-01
6.075599052559840493e+04 8.474554120493527076e-01
6.075599078565900709e+04 1.009097041417194029e+00
6.075599104571960197e+04 1.007620995973955047e+00
6.075599130578020413e+04 9.532953914773650839e-01
6.075599156584080629e+04 8.722750683450600784e-01
6.075599182590140117e+04 1.006443372476801823e+00
6.075599208596199605e+04 1.080764848363517716e+00
6.075599234602259094e+04 1.027919105286666523e+00
6.075599260608319310e+04 9.850154213608770526e-01
6.075599286614378798e+04 8.650765597453238254e-01
6.075599312620438286e+04 8.629111507266065129e-01
6.075599338626497774e+04 9.624439284943311357e-01
6.075599364632558718e+04 9.938096425129674394e-01
6.075599390638618206e+04 9.659369388890446384e-01
6.075599416644677694e+04 9.842669938171857424e-01
6.075599442650737910e+04 1.057704539414668465e+00
6.075599468656797399e+04 9.728669444661444121e-01
6.075599494662857614e+04 9.373538255475410974e-01
6.075599520668917103e+04 9.701001697285825953e-01
6.075599546674976591e+04 1.036020174609515676e+00
6.075599572681036079e+04 9.404794758561962897e-01
6.075599598687096295e+04 9.107117407515366025e-01
6.075599624693155783e+04 8.933032261283299080e-01
6.075599650699215999e+04 9.891184752506706479e-01
6.075599676705275488e+04 1.076100294352593245e+00
6.075599702711334976e+04 8.603205909031123033e-01
6.075599728717395192e+04 8.461754707807701559e-01
6.075599754723455408e+04 1.016794752227865972e+00
6.075599780729514896e+04 9.693677575826523674e-01
6.075599806735574384e+04 9.769998548008401729e-01
6.075599832741634600e+04 1.067307441267149049e+00
6.075599858747694088e+04 1.014810205978914359e+00
6.075599884753753577e+04 1.112054341207685315e+00
6.075599910759813065e+04 9.030734109322476888e-01
6.075599936765874008e+04 1.072044027580805414e+00
6.075600091310295102e+04 1.052580978009246548e+00
6.075600117316365504e+04 8.365147009258920852e-01
6.075600143322435179e+04 8.407805525619399534e-01
6.075600169328505581e+04 9.225360230693578911e-01
6.075600195334576711e+04 9.009361098455224148e-01
6.075600221340647113e+04 9.914047969459424126e-01
6.075600247346717515e+04 9.169100856335949956e-01
6.075600273352787190e+04 1.061372072584355619e+00
6.075600299358858319e+04 8.741683376641955494e-01
6.075600325364928722e+04 1.077574183744040237e+00
6.075600351370998396e+04 1.040637533016324445e+00
6.075600377377069526e+04 1.020958934693863451e+00
6.075600403383139928e+04 8.446038510537967614e-01
6.075600429389210331e+04 9.562537652880223060e-01
6.075600455395280733e+04 8.829969768339123171e-01
6.075600481401350407e+04 7.800984345370438611e-01
6.075600507407421537e+04 1.053194223112242423e+00
6.075600533413491939e+04 9.356264392735869073e-01
6.075600559419562342e+04 1.070086474911042806e+00
6.075600585425632744e+04 1.034363566018159597e+00
6.075600611431703146e+04 9.863295137105003718e-01
6.075600637437773548e+04 9.209914500993197084e-01
6.075600663443843951e+04 1.036795928006831291e+00
6.075600689449914353e+04 1.137508707387537621e+00
6.075600715455985483e+04 1.115580178876007578e+00
6.075600741462055157e+04 9.816649163325409377e-01
6.075600767468125559e+04 9.383024216188310396e-01
6.075600793474195962e+04 1.090033060086552874e+00
6.075600819480266364e+04 9.364412927172326429e-01
6.075600845486336766e+04 1.044951416631341390e+00
6.075600871492407168e+04 8.754497953435039781e-01
6.075600897498478298e+04 1.105939918594303961e+00
6.075600923504548700e+04 9.729164919327728533e-01
6.075600949510618375e+04 8.297454584275064660e-01
6.075600975516688777e+04 8.931677005450801010e-01
6.075601001522759907e+04 1.009830366307330252e+00
6.075601027528830309e+04 9.709502905617868329e-01
6.075601053534900711e+04 8.717786131445243170e-01
6.075601079540970386e+04 9.187877701915609929e-01
6.075601105547041516e+04 1.030803143348518747e+00
6.075601131553111918e+04 9.768313307371003784e-01
6.075601157559181593e+04 9.616610096500707305e-01
6.075601183565252722e+04 8.258112810018314320e-01
6.075601209571323125e+04 1.053992731772533720e+00
6.075601235577393527e+04 9.925011655045805625e-01
6.075601261583463929e+04 9.533524417870438139e-01
6.075601287589534331e+04 9.642409474973847594e-01
6.075601313595604734e+04 1.211977223269899984e+00
6.075601339601675136e+04 1.071640326000750987e+00
6.075601365607746266e+04 1.001089511896008144e+00
6.075601391613816668e+04 1.006758884887064553e+00
6.075601417619886342e+04 1.049432176016255713e+00
6.075601443625956745e+04 9.304629122292457089e-01
6.075601469632027874e+04 1.114698292835695437e+00
6.075601495638097549e+04 9.390027851445598150e-01
6.075601521644168679e+04 9.849247153247513431e-01
6.075601547650239081e+04 9.461808282112450508e-01
6.075601573656309483e+04 8.808186240080405627e-01
6.075601599662379886e+04 1.002161301004494520e+00
6.075601625668450288e+04 9.506572209006217689e-01
6.075601651674520690e+04 9.610160062036153805e-01
6.075601677680591092e+04 8.365712999071658329e-01
6.075601703686661494e+04 9.959094014519874749e-01
6.075601729692732624e+04 9.917597453388667939e-01
6.075601755698802299e+04 1.036131151571243247e+00
6.075601781704872701e+04 1.128152585315685075e+00
6.075601807710943831e+04 9.014730800864770854e-01
6.075601833717014233e+04 1.141310353944887224e+00
6.075601859723084635e+04 8.911718744578297491e-01
6.075601885729155038e+04 1.026211721731720594e+00
6.075601911735225440e+04 9.761452737171139038e-01
6.075601937741295842e+04 1.170187811108363896e+00
6.075601963747365517e+04 1.013156217740420084e+00
6.075601989753436646e+04 1.152224472882120931e+00
6.075602015759507049e+04 8.851617987100361962e-01
6.075602041765577451e+04 9.726407322563903612e-01
6.075602067771648581e+04 1.020739666488945208e+00
6.075602093777718255e+04 1.081395270922549612e+00
6.075602119783788658e+04 1.062841007302034679e+00
6.075602145789859787e+04 1.008670796808330383e+00
6.075602171795930190e+04 9.610416853290713046e-01
6.075602197802000592e+04 1.023808539451973365e+00
6.075602223808070994e+04 9.175115028498163072e-01
6.075602249814141396e+04 1.131850995308916197e+00
6.075602275820211798e+04 1.077919849877692737e+00
6.075602301826282201e+04 8.932654689328761721e-01
6.075602327832352603e+04 9.351994550412598972e-01
6.075602353838423005e+04 9.496126118308858555e-01
6.075602379844494135e+04 1.089314773349154386e+00
6.075602405850564537e+04 8.867322497650494961e-01
6.075602431856634212e+04 9.426088532891261362e-01
6.075602457862704614e+04 8.735207445382578983e-01
6.075602483868775744e+04 7.894726957094247988e-01
6.075602509874846146e+04 1.016715211679864561e+00
6.075602535880916548e+04 8.593734156062339258e-01
6.075602561886986950e+04 9.483494758626600518e-01
6.075602587893057353e+04 8.936783307592466308e-01
6.075602613899127755e+04 9.554271102356702849e-01
6.075602639905198885e+04 9.182892939222698780e-01
6.075602665911269287e+04 9.535401785459516333e-01
6.075602691917338962e+04 9.506590992088910230e-01
6.075602717923410091e+04 1.053735307616942674e+00
6.075602743929480494e+04 9.556001841050009160e-01
6.075602769935550168e+04 1.066819768022955195e+00
6.075602795941621298e+04 9.947014297451627352e-01
6.075602821947691700e+04 1.176172969329371876e+00
6.075602847953762102e+04 9.603738555288189316e-01
6.075602873959833232e+04 9.957737624399199960e-01
6.075602899965902907e+04 9.273927741972877170e-01
6.075602925971973309e+04 9.484457022316832298e-01
6.075603093119423283e+04 1.082770621498265973e+00
6.075603119125482772e+04 1.005843813602604220e+00
6.075603145131542988e+04 1.094883225554831307e+00
6.075603171137602476e+04 9.951620000856709058e-01
6.075603197143662692e+04 9.663271485137542305e-01
6.075603223149722908e+04 8.805744715076577744e-01
6.075603249155782396e+04 9.903338736948387178e-01
6.075603275161842612e+04 9.351542347598859051e-01
6.075603301167902100e+04 1.151646631753338257e+00
6.075603327173962316e+04 9.997825773091393309e-01
6.075603353180022532e+04 9.506393812521138909e-01
6.075603379186082020e+04 1.086881560533394797e+00
6.075603405192141508e+04 1.043829803928909783e+00
6.075603431198201724e+04 9.563759710905571643e-01
6.075603457204261213e+04 8.757635090231512542e-01
6.075603483210320701e+04 1.060038810622375260e+00
6.075603509216381644e+04 9.123059116092389065e-01
6.075603535222441133e+04 8.202133919540176565e-01
6.075603561228501349e+04 9.924016546999517852e-01
6.075603587234560837e+04 8.817143979604598059e-01
6.075603613240621053e+04 9.582049343305490963e-01
6.075603639246681269e+04 9.054919934547944749e-01
6.075603665252740757e+04 8.710962668775894535e-01
6.075603691258800245e+04 1.033580651341129197e+00
6.075603717264860461e+04 1.065667505377494217e+00
6.075603743270919949e+04 9.562794944250478935e-01
6.075603769276979438e+04 1.109830543977543105e+00
6.075603795283040381e+04 8.627182435952669426e-01
6.075603821289099869e+04 1.058381505660119570e+00
6.075603847295160085e+04 1.065324450272028045e+00
6.075603873301219573e+04 9.374755892032331506e-01
6.075603899307279789e+04 1.081522270841331901e+00
6.075603925313340005e+04 9.102642784285700506e-01
6.075603951319399494e+04 9.554326509635000519e-01
6.075603977325458982e+04 9.833119834502601631e-01
6.075604003331519198e+04 9.179573582431647116e-01
6.075604029337578686e+04 1.041692879835542263e+00
6.075604055343638902e+04 9.957028307476410989e-01
6.075604081349698390e+04 1.143696795033857905e+00
6.075604107355758606e+04 7.833582388142655839e-01
6.075604133361818822e+04 1.089710781231269188e+00
6.075604159367878310e+04 1.004617944266017027e+00
6.075604185373938526e+04 1.019232792761769479e+00
6.075604211379998742e+04 9.450837199506263442e-01
6.075604237386058230e+04 1.020147905374383823e+00
6.075604263392118446e+04 9.922391863191825090e-01
6.075604289398177934e+04 8.856329060707871514e-01
6.075604315404237423e+04 1.018512912621066135e+00
6.075604341410297639e+04 8.581282503673389739e-01
6.075604367416357127e+04 1.178971248281357909e+00
6.075604393422418070e+04 1.020687607156241183e+00
6.075604419428477559e+04 1.005682703740548467e+00
6.075604445434537047e+04 7.569625568636535462e-01
6.075604471440597990e+04 1.082156552767895796e+00
6.075604497446657479e+04 1.008571224251124887e+00
6.075604523452717694e+04 9.612668571877674983e-01
6.075604549458777183e+04 1.014259993904780943e+00
6.075604575464836671e+04 9.525304032401324950e-01
6.075604601470896887e+04 1.058225845884248617e+00
6.075604627476956375e+04 8.937093803120107482e-01
6.075604653483016591e+04 1.070215239762047243e+00
6.075604679489076807e+04 1.023447978118195101e+00
6.075604705495136295e+04 9.969070917799004450e-01
6.075604731501196511e+04 8.077377003517045573e-01
6.075604757507256727e+04 9.741298148986221594e-01
6.075604783513316943e+04 1.118219973713048709e+00
6.075604809519376431e+04 1.076975824451215979e+00
6.075604835525435919e+04 9.243753786514373738e-01
6.075604861531496135e+04 9.274933012329009685e-01
6.075604887537555624e+04 9.716074239208943863e-01
6.075604913543615839e+04 8.098503991301098104e-01
6.075604939549675328e+04 1.098153894102619654e+00
6.075604965555735544e+04 1.106680856773153421e+00
6.075604991561795759e+04 8.995664283774923442e-01
6.075605017567855248e+04 8.997732105918490042e-01
6.075605043573915464e+04 9.463472194359553447e-01
6.075605069579975680e+04 1.040566350973927356e+00
6.075605095586035168e+04 1.142096868468761350e+00
6.075605121592095384e+04 1.062835168430047661e+00
6.075605147598154872e+04 1.163923448515001846e+00
6.075605173604215088e+04 9.733663867247431822e-01
6.075605199610274576e+04 1.159285799510779924e+00
6.075605225616334792e+04 8.811823686854621807e-01
6.075605251622395008e+04 9.975703548629645256e-01
6.075605277628454496e+04 1.067393198075889060e+00
6.075605303634514712e+04 1.006421791968478141e+00
6.075605329640574200e+04 8.930385125073844188e-01
6.075605355646635144e+04 8.853276048141501819e-01
6.075605381652694632e+04 8.810925442608738001e-01
6.075605407658754848e+04 9.699657544158641898e-01
6.075605433664814336e+04 1.031759526943505589e+00
6.075605459670873825e+04 9.972688144242649599e-01
6.075605485676934040e+04 8.856184050214515047e-01
6.075605511682993529e+04 1.024318611490428355e+00
6.075605537689054472e+04 1.077898159730142691e+00
6.075605563695113960e+04 1.073847712501152074e+00
6.075605589701174176e+04 9.850463285109867240e-01
6.075605615707233665e+04 1.023671251022267192e+00
6.075605641713293880e+04 9.746582028622378102e-01
6.075605667719354096e+04 1.022026299997244037e+00
6.075605693725413585e+04 1.040859838327460096e+00
6.075605719731473800e+04 1.032568757446155505e+00
6.075605745737533289e+04 8.429451905433705816e-01
6.075605771743593505e+04 1.172854944303457492e+00
6.075605797749652993e+04 8.222779484437853226e-01
6.075605823755713209e+04 1.073751129016557337e+00
6.075605849761773425e+04 1.212444392943454297e+00
6.075605875767832913e+04 1.049658311651445297e+00
6.075605901773893129e+04 1.070333364858854663e+00
6.075605927779953345e+04 1.063183275923146098e+00
6.075606082322710427e+04 9.303183640422773015e-01
6.075606108328780829e+04 1.082310940241136610e+00
6.075606134334851231e+04 9.332740630985465469e-01
6.075606160340922361e+04 9.046788407929977627e-01
6.075606186346992035e+04 9.947343954698069091e-01
6.075606212353063165e+04 1.092290880876251480e+00
6.075606238359133567e+04 1.078418878438162753e+00
6.075606264365204697e+04 9.881984448245334507e-01
6.075606290371275099e+04 9.571693141683916828e-01
6.075606316377345502e+04 8.688808420787170750e-01
6.075606342383415904e+04 1.086174151795571197e+00
6.075606368389486306e+04 1.010098641300431810e+00
6.075606394395557436e+04 1.104591473758040454e+00
6.075606420401627838e+04 1.025861503328284741e+00
6.075606446407698240e+04 9.117099172468953183e-01
6.075606472413768643e+04 1.055230256889947205e+00
6.075606498419839772e+04 1.054462630589896754e+00
6.075606524425910175e+04 1.065478161461017814e+00
6.075606550431981304e+04 8.149481168527357156e-01
6.075606576438050979e+04 1.126545732801131905e+00
6.075606602444122109e+04 1.103503220953791164e+00
6.075606628450192511e+04 8.911629594131736942e-01
6.075606654456262913e+04 9.844439000112472637e-01
6.075606680462333316e+04 8.920318804357542097e-01
6.075606706468404445e+04 1.084751863175235531e+00
6.075606732474474848e+04 8.568926084228991602e-01
6.075606758480545250e+04 1.052811026932402250e+00
6.075606784486615652e+04 1.024141100551388073e+00
6.075606810492686054e+04 9.832214170404068865e-01
6.075606836498757184e+04 1.022384209316012926e+00
6.075606862504827586e+04 1.117016896649285718e+00
6.075606888510898716e+04 9.501984379307640838e-01
6.075606914516968391e+04 9.836452503087060872e-01
6.075606940523039520e+04 1.013664948982386127e+00
6.075606966529109923e+04 1.154636083232669419e+00
6.075606992535180325e+04 1.098700245347594473e+00
6.075607018541250727e+04 1.003971051054442398e+00
6.075607044547321857e+04 1.125276058740710905e+00
6.075607070553392259e+04 1.144517684279090064e+00
6.075607096559463389e+04 1.050773353712308733e+00
6.075607122565533064e+04 9.901281706339104538e-01
6.075607148571604193e+04 1.142047349925503053e+00
6.075607174577674596e+04 1.056447026466766248e+00
6.075607200583745725e+04 9.348635167591606843e-01
6.075607226589816128e+04 1.059068343256906131e+00
6.075607252595886530e+04 1.067948989574434071e+00
6.075607278601956932e+04 9.570645867903896375e-01
6.075607304608028062e+04 1.103152198741748746e+00
6.075607330614097737e+04 1.006043212419798660e+00
6.075607356620169594e+04 7.393614433691109156e-01
6.075607382626239269e+04 1.042310746699967927e+00
6.075607408632310398e+04 9.696385033088275041e-01
6.075607434638380801e+04 9.261909849123446392e-01
6.075607460644451203e+04 9.146330709946233206e-01
6.075607486650521605e+04 9.929702415130194915e-01
6.075607512656592735e+04 9.178387417500101231e-01
6.075607538662663137e+04 1.127232688652227477e+00
6.075607564668734267e+04 9.542559279660249860e-01
6.075607590674803942e+04 9.054863859515240865e-01
6.075607616680875071e+04 1.084188200926269774e+00
6.075607642686945474e+04 9.026074790938490855e-01
6.075607668693016603e+04 8.990340066983520950e-01
6.075607694699087006e+04 8.839907412154143218e-01
6.075607720705157408e+04 9.384476152575875751e-01
6.075607746711227810e+04 9.701147545444498421e-01
6.075607772717298940e+04 7.203206260054213494e-01
6.075607798723368614e+04 1.034243770268622686e+00
6.075607824729439744e+04 1.038824737229853357e+00
6.075607850735510146e+04 1.148897272746136622e+00
6.075607876741581276e+04 9.850767792329803152e-01
6.075607902747651679e+04 8.923044649983536969e-01
6.075607928753722081e+04 1.156954411227603341e+00
6.075607954759792483e+04 1.006873377518699986e+00
6.075607980765863613e+04 1.128817781919638552e+00
6.075608006771934015e+04 1.019963458136909029e+00
6.075608032778005145e+04 8.555305518216557159e-01
6.075608058784074819e+04 1.061129443395870231e+00
6.075608084790145949e+04 1.154629336044147303e+00
6.075608110796216351e+04 1.092161165908960507e+00
6.075608136802286754e+04 1.113240895490322124e+00
6.075608162808357156e+04 9.701067555633006156e-01
6.075608188814428286e+04 9.795690753951338259e-01
6.075608214820498688e+04 1.028621965616710376e+00
6.075608240826569818e+04 9.876567407734611059e-01
6.075608266832639492e+04 1.029033407836415837e+00
6.075608292838710622e+04 1.118146145010664894e+00
6.075608318844781024e+04 1.014954172055975823e+00
6.075608344850852154e+04 8.465553069492973703e-01
6.075608370856922556e+04 9.715204973492469476e-01
6.075608396862992959e+04 1.137674632722770474e+00
6.075608422869064088e+04 1.212855367110037941e+00
6.075608448875134491e+04 9.826480190882785903e-01
6.075608474881204893e+04 9.661239015414723186e-01
6.075608500887276023e+04 1.099744928774277541e+00
6.075608526893346425e+04 1.034376663673535202e+00
6.075608552899416827e+04 9.752593942040548303e-01
6.075608578905487957e+04 1.031780706188614838e+00
6.075608604911557632e+04 1.101608636307019218e+00
6.075608630917628761e+04 1.082876380519874671e+00
6.075608656923699164e+04 1.019088434819851674e+00
6.075608682929770293e+04 9.318490541440342945e-01
6.075608708935840696e+04 1.043664059680044609e+00
6.075608734941911098e+04 9.440261212459395423e-01
6.075608760947981500e+04 8.787898333502399684e-01
6.075608786954052630e+04 9.610373756937082845e-01
6.075608812960123760e+04 1.032885523566159147e+00
6.075608838966194162e+04 1.095007910106346571e+00
6.075608864972264564e+04 1.127017031674796277e+00
6.075608890978334966e+04 1.086488652229585572e+00
6.075608916984406096e+04 9.788092619737133182e-01
6.075609076569380704e+04 9.883545788147338751e-01
6.075609102575441648e+04 8.965389364105590397e-01
6.075609128581501136e+04 1.043028963022591293e+00
6.075609154587561352e+04 1.150761918297457775e+00
6.075609180593621568e+04 1.069315933935163887e+00
6.075609206599681784e+04 9.231796482043500562e-01
6.075609232605741272e+04 1.136558662948517151e+00
6.075609258611801488e+04 1.086378280828830700e+00
6.075609284617860976e+04 1.055204205469635559e+00
6.075609310623921192e+04 8.867336977566363521e-01
6.075609336629981408e+04 1.140256480863741428e+00
6.075609362636040896e+04 1.059490625903160232e+00
6.075609388642101840e+04 9.151279712280365741e-01
6.075609414648161328e+04 1.048827501185294775e+00
6.075609440654221544e+04 1.006358437570759268e+00
6.075609466660281760e+04 9.023701380128080762e-01
6.075609492666341976e+04 1.160420455639990855e+00
6.075609518672402191e+04 9.630180442042394207e-01
6.075609544678461680e+04 1.120161617837923229e+00
6.075609570684521896e+04 8.484478928086236493e-01
6.075609596690581384e+04 1.143108225053979687e+00
6.075609622696641600e+04 1.159199061787783647e+00
6.075609648702701088e+04 1.025993467612527521e+00
6.075609674708762032e+04 1.051053500953653685e+00
6.075609700714822247e+04 1.113452465942223135e+00
6.075609726720881736e+04 9.257171100848344825e-01
6.075609752726942679e+04 9.399014730050234689e-01
6.075609778733002167e+04 1.033071211188567373e+00
6.075609804739062383e+04 1.112930986003604295e+00
6.075609830745121872e+04 1.052479410119706138e+00
6.075609856751182087e+04 9.787305525023793917e-01
6.075609882757242303e+04 1.064557673189618026e+00
6.075609908763301792e+04 1.123174745412060638e+00
6.075609934769362008e+04 1.202541157705433461e+00
6.075609960775422223e+04 1.074148475673627257e+00
6.075609986781482439e+04 9.139849807259093906e-01
6.075610012787541928e+04 1.020204333832268828e+00
6.075610038793602143e+04 9.782962923345800421e-01
6.075610064799663087e+04 8.798000682307955955e-01
6.075610090805722575e+04 1.161800044697603340e+00
6.075610116811782791e+04 1.047404196037985846e+00
6.075610142817842279e+04 1.016777072496249490e+00
6.075610168823902495e+04 1.111558653312114009e+00
6.075610194829962711e+04 1.044830864233448287e+00
6.075610220836022199e+04 9.373427384952522923e-01
6.075610246842083143e+04 1.068211583714751667e+00
6.075610272848142631e+04 1.073293885908121359e+00
6.075610298854202847e+04 1.119469817806904688e+00
6.075610324860263063e+04 1.036176001001471780e+00
6.075610350866323279e+04 1.132461667645870973e+00
6.075610376872383495e+04 1.176993978435142640e+00
6.075610402878442983e+04 1.161152158731506345e+00
6.075610428884503199e+04 1.275663708060660761e+00
6.075610454890563415e+04 8.800476840124603628e-01
6.075610480896622903e+04 1.001229927527354402e+00
6.075610506902683119e+04 1.090757574572461808e+00
6.075610532908743335e+04 1.016806383004303260e+00
6.075610558914803551e+04 1.052944208365375278e+00
6.075610584920863766e+04 1.045082720939418008e+00
6.075610610926923255e+04 1.035008166286714992e+00
6.075610636932984198e+04 1.031144229968326442e+00
6.075610662939043686e+04 1.112481692185348203e+00
6.075610688945103902e+04 1.218687771246774298e+00
6.075610714951164118e+04 9.721053922021223315e-01
6.075610740957223607e+04 1.085365222635044757e+00
6.075610766963283822e+04 9.824191834772734166e-01
6.075610792969343311e+04 1.153439100905507608e+00
6.075610818975403527e+04 9.760764891134645627e-01
6.075610844981464470e+04 1.048268650472379937e+00
6.075610870987523958e+04 9.577340917108430052e-01
6.075610896993584174e+04 1.085902232647081744e+00
6.075610922999644390e+04 9.476887291515728728e-01
6.075610949005704606e+04 1.021281824474919331e+00
6.075610975011764822e+04 1.019002417548278361e+00
6.075611001017824310e+04 9.577681770064654376e-01
6.075611027023884526e+04 1.175588189033730080e+00
6.075611053029944742e+04 9.826078297369621461e-01
6.075611079036004230e+04 1.165771168694171189e+00
6.075611105042064446e+04 8.675467078594992776e-01
6.075611131048124662e+04 1.028059248451540952e+00
6.075611157054184878e+04 1.219809140431274530e+00
6.075611183060245094e+04 9.150996583108017557e-01
6.075611209066305310e+04 1.139040494183815477e+00
6.075611235072365525e+04 1.091410872921477093e+00
6.075611261078425741e+04 9.553888227030969960e-01
6.075611287084485230e+04 1.206280321367887209e+00
6.075611313090545445e+04 1.017943449554849389e+00
6.075611339096604934e+04 1.008080897815533339e+00
6.075611365102665150e+04 1.009304769923615064e+00
6.075611391108725365e+04 1.030453551514224575e+00
6.075611417114785581e+04 1.147963312243364564e+00
6.075611443120845797e+04 9.708820527624222319e-01
6.075611469126906013e+04 1.068855452636893633e+00
6.075611495132966229e+04 9.695581787875736657e-01
6.075611521139026445e+04 1.174631782830911630e+00
6.075611547145085933e+04 1.160581760202676227e+00
6.075611573151146149e+04 1.028039646845210653e+00
6.075611599157206365e+04 1.005674651962316091e+00
6.075611625163265853e+04 9.165771415073200590e-01
6.075611651169326069e+04 1.147368207158025566e+00
6.075611677175386285e+04 1.054587705481861981e+00
6.075611703181446501e+04 1.027303770347763878e+00
6.075611729187506717e+04 1.018355780912109321e+00
6.075611755193566933e+04 9.517545226541640480e-01
6.075611781199626421e+04 1.068361599427106068e+00
6.075611807205687364e+04 9.718102200270243296e-01
6.075611833211747580e+04 1.091344060270523553e+00
6.075611859217807068e+04 9.629717820734005063e-01
6.075611885223867284e+04 9.165722470734922744e-01
6.075611911229926773e+04 1.130842547605150905e+00
6.075612077117233275e+04 1.002126570540708528e+00
6.075612103123303677e+04 1.169523211759375014e+00
6.075612129129374080e+04 1.034281045934116516e+00
6.075612155135445209e+04 9.974158830036193857e-01
6.075612181141516339e+04 1.016471003136974138e+00
6.075612207147586741e+04 1.124512098290903150e+00
6.075612233153657144e+04 1.002513926074087180e+00
6.075612259159728274e+04 1.006219332870989414e+00
6.075612285165798676e+04 1.582558611886980549e+00
6.075612311171869806e+04 1.098160217065484945e+00
6.075612337177940935e+04 1.087573989223064697e+00
6.075612363184010610e+04 9.131676982363220452e-01
6.075612389190081740e+04 9.411728322607247899e-01
6.075612415196152870e+04 9.283721548987615702e-01
6.075612441202222544e+04 9.313942238221379899e-01
6.075612467208293674e+04 9.347139985971667508e-01
6.075612493214364804e+04 9.677341866223697631e-01
6.075612519220435206e+04 1.146281342573394424e+00
6.075612545226506336e+04 1.257889767947701243e+00
6.075612571232576738e+04 1.111860163022283965e+00
6.075612597238647140e+04 9.140592707412857898e-01
6.075612623244718270e+04 8.713085347473410458e-01
6.075612649250789400e+04 9.468885666517349309e-01
6.075612675256859802e+04 1.088498781787994085e+00
6.075612701262930204e+04 1.234663205419444187e+00
6.075612727269001334e+04 1.153772613955228010e+00
6.075612753275071736e+04 1.053480970402417949e+00
6.075612779281142139e+04 1.121297593649779989e+00
6.075612805287213268e+04 9.388307816624797963e-01
6.075612831293283671e+04 9.274319333144340760e-01
6.075612857299354800e+04 1.137017746760223158e+00
6.075612883305425930e+04 1.192771325482142597e+00
6.075612909311495605e+04 1.089588257495150092e+00
6.075612935317566735e+04 9.081715399081062845e-01
6.075612961323637865e+04 9.781285384712156139e-01
6.075612987329708267e+04 9.329992058357774454e-01
6.075613013335779397e+04 9.088046150830020320e-01
6.075613039341849799e+04 9.739038201209094803e-01
6.075613065347920201e+04 9.675349714539731583e-01
6.075613091353991331e+04 1.169885213703742766e+00
6.075613117360061733e+04 1.003443173424269697e+00
6.075613143366133590e+04 1.079693077628092635e+00
6.075613169372203265e+04 1.040843452397003821e+00
6.075613195378274395e+04 1.121993993016845659e+00
6.075613221384345525e+04 9.705485049329117819e-01
6.075613247390415199e+04 1.192076972857816441e+00
6.075613273396486329e+04 1.008354201061997468e+00
6.075613299402557459e+04 9.984918984259625319e-01
6.075613325408627861e+04 1.039064665231895557e+00
6.075613351414698991e+04 1.012151034184878950e+00
6.075613377420769393e+04 1.047540550591827380e+00
6.075613403426840523e+04 1.009332510931634452e+00
6.075613429432910925e+04 1.100833585035878581e+00
6.075613455438982055e+04 8.549809774283134711e-01
6.075613481445053185e+04 9.824547492903754620e-01
6.075613507451122859e+04 1.142721806465795353e+00
6.075613533457193989e+04 1.020700777472011378e+00
6.075613559463265119e+04 9.697650027131451411e-01
6.075613585469334794e+04 9.773251265316708070e-01
6.075613611475405924e+04 9.691030504235782495e-01
6.075613637481477053e+04 9.752852212893098338e-01
6.075613663487548183e+04 1.203846091884651637e+00
6.075613689493618585e+04 9.795445325608042042e-01
6.075613715499688988e+04 1.088596912660194871e+00
6.075613741505760117e+04 9.737969548416912646e-01
6.075613767511830520e+04 1.050175181737444507e+00
6.075613793517901649e+04 1.198385302792577045e+00
6.075613819523972779e+04 9.252714838910670592e-01
6.075613845530043181e+04 1.113962793710936872e+00
6.075613871536113584e+04 1.111623368118695554e+00
6.075613897542184714e+04 1.087961891503678169e+00
6.075613923548255116e+04 9.297634481417430541e-01
6.075613949554325518e+04 1.098163595368731427e+00
6.075613975560396648e+04 1.031173390105893040e+00
6.075614001566467778e+04 9.346929322994375067e-01
6.075614027572538907e+04 9.923020915067183312e-01
6.075614053578608582e+04 9.839458555635058890e-01
6.075614079584679712e+04 1.137702441220066474e+00
6.075614105590750842e+04 1.023647411893241488e+00
6.075614131596821244e+04 9.889797972317792008e-01
6.075614157602892374e+04 1.102854113259230218e+00
6.075614183608962776e+04 1.145935458112404826e+00
6.075614209615033906e+04 8.901221155431925380e-01
6.075614235621104308e+04 1.012785008480308724e+00
6.075614261627174710e+04 1.016247402672057376e+00
6.075614287633246568e+04 1.071793346258522517e+00
6.075614313639316970e+04 9.961276970629506788e-01
6.075614339645387372e+04 1.124563442078819753e+00
6.075614365651458502e+04 9.848781992492305903e-01
6.075614391657528904e+04 1.018601579185796524e+00
6.075614417663600034e+04 1.042517286414105904e+00
6.075614443669670436e+04 1.186714096679936548e+00
6.075614469675741566e+04 9.612965553655962170e-01
6.075614495681812696e+04 1.099315206947697243e+00
6.075614521687882370e+04 9.372001263321674269e-01
6.075614547693953500e+04 9.616950708974769668e-01
6.075614573700024630e+04 1.134261769495771066e+00
6.075614599706095760e+04 1.116630466667373200e+00
6.075614625712166162e+04 9.565222187848632096e-01
6.075614651718236564e+04 1.039425458070452279e+00
6.075614677724307694e+04 1.128956528360870459e+00
6.075614703730378824e+04 1.081779290303812147e+00
6.075614729736448498e+04 1.170264595258146745e+00
6.075614755742519628e+04 1.048412382733722614e+00
6.075614781748590758e+04 9.696183938542703995e-01
6.075614807754661888e+04 1.024364918867921137e+00
6.075614833760732290e+04 1.044752009753246558e+00
6.075614859766802692e+04 1.081174022915173616e+00
6.075614885772873822e+04 9.798724475303245418e-01
6.075614911778944952e+04 9.724423523746101861e-01
