6.075585120116569306e+04 9.513316541987335562e-01
6.075585146121949219e+04 1.025201175166984502e+00
6.075585172127328406e+04 1.008690467134052859e+00
6.075585198132708319e+04 1.063727966283569915e+00
6.075585224138088233e+04 1.084093721788214948e+00
6.075585250143468147e+04 8.417185648641209994e-01
6.075585276148847333e+04 1.042760534743244705e+00
6.075585302154227247e+04 1.000748949468201587e+00
6.075585328159607161e+04 9.876926894264050905e-01
6.075585354164987803e+04 1.004241975330047776e+00
6.075585380170368444e+04 9.825904034653989427e-01
6.075585406175747630e+04 1.000241131344006718e+00
6.075585432181127544e+04 9.518446673582223738e-01
6.075585458186507458e+04 1.002522688381710658e+00
6.075585484191887372e+04 1.085673488975731127e+00
6.075585510197266558e+04 1.008515149452268389e+00
6.075585536202646472e+04 9.788110360471176108e-01
6.075585562208026386e+04 9.713018653014666715e-01
6.075585588213406299e+04 8.981694039049420430e-01
6.075585614218786213e+04 8.909210677502164000e-01
6.075585640224165400e+04 1.009041236137725894e+00
6.075585666229546041e+04 1.153578873065533417e+00
6.075585692234926682e+04 1.012229382016287760e+00
6.075585718240306596e+04 9.760523509352335703e-01
6.075585744245685783e+04 9.785667488739964170e-01
6.075585770251065696e+04 9.148534349848631564e-01
6.075585796256445610e+04 1.021127178536858526e+00
6.075585822261825524e+04 1.026572067598078064e+00
6.075585848267205438e+04 1.020607875902274753e+00
6.075585874272584624e+04 9.476159294924851872e-01
6.075585900277964538e+04 9.590560350416751367e-01
6.075585926283344452e+04 9.641036097875330668e-01
6.075585952288725093e+04 1.025128915736176038e+00
6.075585978294105735e+04 9.709974731362394085e-01
6.075586004299484921e+04 9.979806537284798829e-01
6.075586030304864835e+04 9.035240582429514555e-01
6.075586056310244749e+04 9.769444108549077965e-01
6.075586082315624662e+04 1.054783923467936146e+00
6.075586108321004576e+04 9.816011451153672240e-01
6.075586134326383763e+04 1.025996599545340171e+00
6.075586160331763676e+04 9.570387214070702475e-01
6.075586186337143590e+04 1.051167614738752754e+00
6.075586212342523504e+04 9.573608347837820887e-01
6.075586238347903418e+04 9.425385857668684420e-01
6.075586264353283332e+04 1.007786937089999668e+00
6.075586290358663973e+04 9.732382508778686381e-01
6.075586316364043887e+04 9.583717632616003401e-01
6.075586342369423801e+04 9.616179437596358293e-01
6.075586368374803715e+04 1.032018695390561458e+00
6.075586394380182901e+04 9.611113732544971366e-01
6.075586420385562815e+04 9.787754671189392575e-01
6.075586446390942729e+04 1.035465933041244790e+00
6.075586472396322642e+04 1.074839692248926060e+00
6.075586498401702556e+04 1.006988108641568846e+00
6.075586524407081743e+04 9.543950192097573337e-01
6.075586550412462384e+04 9.858413716719132136e-01
6.075586576417843025e+04 1.061077773516738043e+00
6.075586602423222939e+04 1.044941291412390560e+00
6.075586628428602853e+04 9.836611085331956605e-01
6.075586654433982039e+04 1.006080971305393534e+00
6.075586680439361953e+04 9.042849385882100188e-01
6.075586706444741867e+04 1.012070470433218627e+00
6.075586732450121781e+04 9.709819419177524447e-01
6.075586758455501695e+04 1.023953236365823471e+00
6.075586784460881609e+04 9.228980963933304249e-01
6.075586810466260795e+04 9.460890641334854800e-01
6.075586836471640709e+04 1.043039246867918823e+00
6.075586862477021350e+04 9.311652220580542982e-01
6.075586888482401991e+04 9.717261721674878006e-01
6.075586914487781905e+04 9.598953959521779877e-01
6.075586940493161092e+04 1.020064092119976396e+00
6.075586966498541005e+04 1.053635926490841479e+00
6.075586992503920919e+04 9.889115302988452649e-01
6.075587018509300833e+04 9.794584287334686667e-01
6.075587044514680747e+04 1.084133600193512903e+00
6.075587070520060661e+04 9.864640021072649256e-01
6.075587096525439847e+04 1.083746157178540281e+00
6.075587122530819761e+04 9.575330862233413232e-01
6.075587148536199675e+04 9.678280981249278714e-01
6.075587174541581044e+04 9.879363192615151501e-01
6.075587200546960958e+04 9.724886145068614152e-01
6.075587226552340871e+04 9.215405201568772631e-01
6.075587252557720058e+04 9.821503000699797203e-01
6.075587278563099972e+04 1.036612119019233447e+00
6.075587304568479885e+04 9.081162687466112216e-01
6.075587330573859799e+04 9.757337724492221032e-01
6.075587356579239713e+04 1.016509621130110119e+00
6.075587382584619627e+04 9.926519917096525703e-01
6.075587408589998813e+04 1.080432460750023083e+00
6.075587434595378727e+04 9.531148291500904923e-01
6.075587460600759368e+04 9.201074379862146380e-01
6.075587486606140010e+04 9.844449100528802621e-01
6.075587512611519924e+04 9.229515985734471073e-01
6.075587538616899838e+04 1.002749697283915165e+00
6.075587564622279751e+04 9.245356752368761866e-01
6.075587590627658938e+04 1.040902360318126663e+00
6.075587616633038851e+04 1.048972996167415239e+00
6.075587642638418765e+04 9.021030823174887026e-01
6.075587668643798679e+04 9.281655260966240606e-01
6.075587694649178593e+04 1.041066751476040109e+00
6.075587720654558507e+04 9.774357352480294026e-01
6.075587746659937693e+04 1.053420596200202786e+00
6.075587772665318334e+04 1.004367018289251456e+00
6.075587798670698976e+04 1.034627572667575990e+00
6.075587824676078890e+04 1.053069096205311306e+00
6.075587850681458804e+04 8.916225803155515273e-01
6.075587876686838717e+04 9.376835155171511227e-01
6.075587902692218631e+04 9.485224257449286211e-01
6.075587928697597818e+04 9.870531285954756706e-01
6.075587954702977731e+04 9.526969901034897381e-01
6.075588115586427011e+04 8.787458118987443445e-01
6.075588141592496686e+04 9.875983870450176783e-01
6.075588167598567088e+04 9.486695584138316040e-01
6.075588193604636763e+04 1.006391436971076248e+00
6.075588219610707165e+04 9.619689841190720569e-01
6.075588245616777567e+04 1.006244295658339505e+00
6.075588271622847242e+04 9.749730202951778502e-01
6.075588297628917644e+04 9.157844755090438493e-01
6.075588323634988046e+04 1.006191180523176687e+00
6.075588349641056993e+04 1.046993750538866452e+00
6.075588375647127395e+04 8.880851697542928580e-01
6.075588401653197798e+04 9.324188152873709168e-01
6.075588427659268200e+04 9.468598446268937652e-01
6.075588453665338602e+04 9.830008287334087713e-01
6.075588479671408277e+04 9.050022330802816040e-01
6.075588505677478679e+04 9.385798579593533919e-01
6.075588531683548354e+04 9.701304537323522936e-01
6.075588557689618756e+04 1.151978583742935935e+00
6.075588583695689158e+04 1.011321836040098399e+00
6.075588609701758833e+04 9.766806288323526264e-01
6.075588635707829235e+04 1.005341172866884181e+00
6.075588661713899637e+04 1.019324516239604961e+00
6.075588687719969312e+04 8.706805532446353357e-01
6.075588713726038986e+04 9.573506955041558575e-01
6.075588739732109389e+04 1.066104248232263796e+00
6.075588765738179791e+04 9.376647354110670962e-01
6.075588791744250193e+04 9.740414522969098599e-01
6.075588817750319868e+04 1.010065501881354910e+00
6.075588843756390270e+04 9.096878702486632662e-01
6.075588869762460672e+04 9.546232361141901990e-01
6.075588895768530347e+04 1.004714875498272209e+00
6.075588921774600749e+04 9.207443433901205676e-01
6.075588947780670424e+04 9.582526927932005778e-01
6.075588973786740826e+04 9.864458077609539188e-01
6.075588999792811228e+04 8.931790876790430822e-01
6.075589025798880903e+04 9.950402066190283668e-01
6.075589051804952032e+04 1.054894730278733705e+00
6.075589077811021707e+04 9.342651485697355263e-01
6.075589103817091382e+04 9.879787575018394996e-01
6.075589129823161784e+04 9.553395513819157303e-01
6.075589155829231458e+04 9.443246711435041574e-01
6.075589181835301861e+04 1.015786853558011682e+00
6.075589207841372263e+04 9.464514978873235229e-01
6.075589233847442665e+04 1.014111737415067216e+00
6.075589259853513067e+04 9.632383131485455774e-01
6.075589285859582742e+04 8.923669671166586381e-01
6.075589311865652417e+04 9.232798497188037246e-01
6.075589337871722819e+04 9.814576220027653175e-01
6.075589363877793221e+04 1.065087526882345870e+00
6.075589389883863623e+04 9.674726176216831286e-01
6.075589415889933298e+04 9.671490910736831870e-01
6.075589441896003700e+04 9.727210669365772278e-01
6.075589467902074102e+04 9.803450385064065298e-01
6.075589493908143777e+04 9.657451755684084427e-01
6.075589519914213452e+04 1.029331232573955202e+00
6.075589545920283854e+04 9.674696323654838892e-01
6.075589571926354256e+04 9.972170858802473781e-01
6.075589597932424658e+04 9.809872835111413947e-01
6.075589623938494333e+04 9.913526021816626566e-01
6.075589649944564735e+04 1.013207615279079654e+00
6.075589675950635137e+04 1.065199017186630126e+00
6.075589701956705539e+04 9.654941043332831985e-01
6.075589727962775942e+04 9.810299472505114027e-01
6.075589753968844889e+04 9.495265695929582250e-01
6.075589779974915291e+04 9.805866591118855835e-01
6.075589805980985693e+04 9.948939302696959697e-01
6.075589831987055368e+04 9.598021969448248258e-01
6.075589857993125770e+04 9.380934016778790241e-01
6.075589883999196172e+04 9.611683256180063584e-01
6.075589910005266574e+04 9.022657989976637927e-01
6.075589936011336977e+04 9.166812441167030423e-01
6.075589962017406651e+04 1.012286226998492467e+00
6.075589988023477054e+04 8.988841523310948656e-01
6.075590014029546728e+04 1.021399681999571429e+00
6.075590040035617130e+04 9.869654672869213607e-01
6.075590066041687533e+04 1.076817616180316017e+00
6.075590092047757207e+04 1.014516275790806610e+00
6.075590118053827609e+04 8.965471427180287112e-01
6.075590144059898012e+04 9.627353337726485272e-01
6.075590170065967686e+04 9.128652681329103569e-01
6.075590196072038816e+04 9.430381665850728901e-01
6.075590222078108491e+04 9.814040311727831867e-01
6.075590248084178893e+04 9.252814178813795198e-01
6.075590274090249295e+04 9.995965126488584040e-01
6.075590300096318242e+04 9.116831840820961430e-01
6.075590326102388644e+04 9.906793050618009078e-01
6.075590352108459047e+04 1.011691321162182966e+00
6.075590378114529449e+04 9.488118104392359031e-01
6.075590404120599851e+04 1.000376418259001365e+00
6.075590430126669526e+04 9.523694821497847851e-01
6.075590456132739928e+04 9.784638021842243516e-01
6.075590482138810330e+04 9.950615688653381419e-01
6.075590508144880732e+04 1.003082293571916583e+00
6.075590534150951135e+04 1.037244943919330309e+00
6.075590560157020809e+04 9.685542967172029449e-01
6.075590586163091211e+04 9.078703561535435007e-01
6.075590612169160886e+04 1.080060075218088000e+00
6.075590638175230561e+04 1.042267136271346928e+00
6.075590664181300963e+04 1.078841340689950856e+00
6.075590690187371365e+04 9.538504557645153259e-01
6.075590716193441767e+04 9.111851295792019467e-01
6.075590742199512169e+04 9.257925304656158261e-01
6.075590768205581844e+04 9.261043217509390413e-01
6.075590794211652246e+04 9.688850670666107057e-01
6.075590820217722649e+04 9.578168666624514715e-01
6.075590846223793051e+04 9.754283739335304348e-01
6.075590872229863453e+04 1.005413669566624257e+00
6.075590898235933128e+04 1.040173693266539523e+00
6.075590924242003530e+04 9.782397834067239062e-01
6.075590950248073932e+04 9.777457460895623287e-01
6.075591106051386305e+04 9.875044046450196511e-01
6.075591132057445793e+04 9.810501246178874313e-01
6.075591158063505281e+04 9.400363143980081659e-01
6.075591184069564770e+04 9.183756774227461728e-01
6.075591210075624258e+04 9.391718621837805703e-01
6.075591236081683746e+04 1.036289972808068338e+00
6.075591262087743235e+04 1.055427660973204063e+00
6.075591288093802723e+04 9.332739942381864662e-01
6.075591314099862211e+04 9.475432833591589388e-01
6.075591340105922427e+04 9.868621016060802331e-01
6.075591366111981915e+04 9.275915343352129083e-01
6.075591392118041404e+04 9.476606185435032526e-01
6.075591418124100892e+04 9.349127243263608555e-01
6.075591444130160380e+04 1.042179038824920578e+00
6.075591470136219868e+04 9.629997554707541152e-01
6.075591496142279357e+04 9.997127530660698813e-01
6.075591522148338845e+04 1.010958012993797173e+00
6.075591548154399061e+04 9.427415323782971646e-01
6.075591574160458549e+04 9.307198233896010198e-01
6.075591600166518037e+04 9.742593999395516846e-01
6.075591626172577526e+04 1.047007119323904334e+00
6.075591652178637742e+04 9.883221251531466578e-01
6.075591678184697230e+04 8.768454580704471146e-01
6.075591704190756718e+04 9.424146901370403784e-01
6.075591730196816206e+04 1.067202047443639445e+00
6.075591756202875695e+04 9.753829834717498981e-01
6.075591782208935183e+04 9.693003482576009189e-01
6.075591808214994671e+04 1.019975017640889714e+00
6.075591834221054160e+04 9.791302831724497668e-01
6.075591860227113648e+04 9.321913865066522309e-01
6.075591886233173136e+04 9.904214291801709535e-01
6.075591912239232624e+04 9.743137069669275396e-01
6.075591938245292840e+04 9.641135235070210641e-01
6.075591964251352329e+04 9.508880229284931707e-01
6.075591990257411817e+04 9.539045635718221838e-01
6.075592016263471305e+04 9.150457551507512610e-01
6.075592042269530793e+04 9.739225905750154011e-01
6.075592068275590282e+04 9.646193829522833330e-01
6.075592094281649770e+04 9.018776146472473609e-01
6.075592120287709986e+04 9.632895855842874555e-01
6.075592146293769474e+04 1.005186322669856969e+00
6.075592172299828962e+04 1.021448700917057639e+00
6.075592198305888451e+04 1.021030929309294510e+00
6.075592224311948667e+04 9.616634143570769178e-01
6.075592250318008155e+04 1.013405376678031544e+00
6.075592276324067643e+04 9.805197320489216217e-01
6.075592302330127131e+04 9.876858546883688916e-01
6.075592328336186620e+04 9.606494928981044179e-01
6.075592354342246108e+04 1.016383926431677853e+00
6.075592380348305596e+04 9.856747152265473710e-01
6.075592406354365812e+04 9.675935934084368695e-01
6.075592432360425300e+04 9.337443910715405027e-01
6.075592458366484789e+04 9.287420436385710465e-01
6.075592484372544277e+04 9.362024111541962235e-01
6.075592510378604493e+04 1.074256134174141897e+00
6.075592536384663981e+04 9.458915555889133575e-01
6.075592562390723469e+04 1.010396006055492402e+00
6.075592588396782958e+04 1.042155895832711510e+00
6.075592614402842446e+04 9.867074678841927238e-01
6.075592640408901934e+04 9.518709227172218457e-01
6.075592666414961423e+04 9.625661682578996459e-01
6.075592692421020911e+04 9.818292696420037879e-01
6.075592718427081127e+04 9.618124144068865844e-01
6.075592744433140615e+04 9.626722958960310939e-01
6.075592770439200103e+04 9.080181666116587946e-01
6.075592796445260319e+04 1.025493656005484810e+00
6.075592822451319807e+04 9.174217128301817015e-01
6.075592848457379296e+04 9.652850365170898561e-01
6.075592874463438784e+04 8.733852504070291900e-01
6.075592900469498272e+04 8.760674052687761337e-01
6.075592926475557761e+04 9.684454887350641972e-01
6.075592952481617249e+04 9.708770167328496514e-01
6.075592978487676737e+04 9.519031433802005449e-01
6.075593004493736953e+04 9.200813873470171655e-01
6.075593030499796441e+04 9.170295724148005423e-01
6.075593056505855930e+04 1.021975708258967552e+00
6.075593082511916145e+04 1.013203824904575834e+00
6.075593108517975634e+04 1.005653773050196653e+00
6.075593134524035122e+04 9.774597679127169370e-01
6.075593160530094610e+04 9.643363779535650826e-01
6.075593186536154099e+04 1.047288985504156944e+00
6.075593212542213587e+04 9.900666224531180504e-01
6.075593238548273075e+04 1.001242532279097874e+00
6.075593264554332563e+04 1.063823210776126515e+00
6.075593290560392779e+04 9.444189841071450875e-01
6.075593316566452268e+04 1.079389818363417630e+00
6.075593342572511756e+04 9.571337700904744006e-01
6.075593368578571244e+04 9.303200220498532014e-01
6.075593394584631460e+04 9.838479075840098620e-01
6.075593420590690948e+04 9.512133517175548336e-01
6.075593446596750437e+04 9.676726033252229797e-01
6.075593472602809925e+04 9.701362060566799395e-01
6.075593498608869413e+04 1.003404863147763226e+00
6.075593524614928901e+04 9.833179344450537762e-01
6.075593550620988390e+04 9.832002463553669580e-01
6.075593576627048606e+04 1.022166933962217916e+00
6.075593602633108094e+04 9.327727970804745583e-01
6.075593628639167582e+04 1.067320131276333406e+00
6.075593654645227070e+04 1.009929639196226914e+00
6.075593680651287286e+04 9.099630875617085168e-01
6.075593706657346775e+04 1.034886034734275650e+00
6.075593732663406263e+04 1.019246954207431166e+00
6.075593758669465751e+04 9.098147618643712686e-01
6.075593784675525239e+04 8.641216056316510796e-01
6.075593810681584728e+04 1.004650214154092502e+00
6.075593836687644216e+04 1.026273404221569985e+00
6.075593862693704432e+04 1.024885770199815749e+00
6.075593888699763920e+04 8.955428323970127114e-01
6.075593914705823408e+04 9.658521925933231111e-01
6.075593940711883624e+04 1.022468042144895284e+00
6.075594106598430517e+04 9.881124943747144895e-01
6.075594132604500919e+04 9.889830889301518546e-01
6.075594158610571321e+04 1.100573033165634040e+00
6.075594184616640996e+04 9.175584193683423706e-01
6.075594210622711398e+04 1.062289389884298885e+00
6.075594236628781800e+04 9.953730020793610800e-01
6.075594262634852203e+04 9.847489596155460934e-01
6.075594288640922605e+04 9.432885079497578262e-01
6.075594314646992279e+04 9.767792388630548439e-01
6.075594340653063409e+04 9.820173027555205714e-01
6.075594366659133811e+04 8.581596377508310391e-01
6.075594392665203486e+04 1.034086513466900836e+00
6.075594418671273888e+04 9.156897762135249863e-01
6.075594444677344291e+04 9.936347748895010268e-01
6.075594470683414693e+04 8.952066952050425908e-01
6.075594496689485095e+04 9.819163122774394736e-01
6.075594522695554770e+04 9.476499203464159304e-01
6.075594548701625172e+04 9.844716520618903566e-01
6.075594574707695574e+04 9.271632015276562999e-01
6.075594600713765976e+04 9.574432325695587664e-01
6.075594626719836378e+04 9.461037040973233614e-01
6.075594652725906053e+04 9.805686517865744856e-01
6.075594678731976455e+04 9.109114600279002438e-01
6.075594704738046858e+04 9.975122951694196383e-01
6.075594730744116532e+04 9.588295183903086105e-01
6.075594756750187662e+04 9.263988056366833090e-01
6.075594782756257337e+04 1.029266076038308553e+00
6.075594808762328466e+04 9.991355279427814873e-01
6.075594834768398869e+04 9.607310393587994435e-01
6.075594860774468543e+04 9.754508939902031273e-01
6.075594886780538945e+04 9.213268250642517865e-01
6.075594912786609348e+04 8.694079839877041360e-01
6.075594938792679750e+04 1.032663002723443357e+00
6.075594964798750152e+04 9.424034862595043194e-01
6.075594990804819827e+04 9.993084736158134307e-01
6.075595016810890229e+04 9.558943452446290179e-01
6.075595042816960631e+04 9.843118468759389783e-01
6.075595068823031033e+04 9.021488444827502340e-01
6.075595094829101436e+04 1.033721036907864654e+00
6.075595120835171110e+04 1.026256099088880935e+00
6.075595146841241512e+04 9.483389372413624230e-01
6.075595172847312642e+04 1.002507985674894853e+00
6.075595198853382317e+04 9.287958504627835676e-01
6.075595224859452719e+04 9.833660993993172950e-01
6.075595250865523121e+04 1.003645564882933661e+00
6.075595276871593524e+04 9.493425608211419897e-01
6.075595302877663926e+04 9.897313730096682916e-01
6.075595328883733600e+04 9.913236465461807700e-01
6.075595354889804003e+04 9.676458677733539293e-01
6.075595380895874405e+04 9.718145995541266347e-01
6.075595406901944807e+04 9.273950558228777341e-01
6.075595432908015209e+04 9.283623386475950978e-01
6.075595458914084884e+04 1.006917286202200223e+00
6.075595484920156014e+04 8.811886644441133676e-01
6.075595510926226416e+04 9.803542012800856575e-01
6.075595536932296091e+04 9.674497211182165879e-01
6.075595562938366493e+04 9.073579710117488650e-01
6.075595588944436895e+04 8.962856935431764427e-01
6.075595614950507297e+04 8.627528328727632756e-01
6.075595640956577699e+04 9.144163699244630683e-01
6.075595666962647374e+04 9.554667773453980884e-01
6.075595692968717776e+04 1.040381967767973093e+00
6.075595718974788178e+04 1.008229593287848669e+00
6.075595744980858581e+04 9.473863684480359204e-01
6.075595770986929710e+04 9.565463077554569038e-01
6.075595796992999385e+04 9.585970329318140859e-01
6.075595822999069787e+04 9.296748802587431193e-01
6.075595849005140190e+04 1.001030455233919314e+00
6.075595875011209864e+04 9.572061506225205685e-01
6.075595901017280994e+04 9.214312224200481571e-01
6.075595927023350669e+04 9.496275334240268373e-01
6.075595953029421071e+04 1.095261350704761938e+00
6.075595979035491473e+04 1.033076530414441141e+00
6.075596005041561148e+04 9.074591063549467540e-01
6.075596031047632277e+04 9.690746473466255173e-01
6.075596057053702680e+04 8.982837570686181827e-01
6.075596083059773082e+04 9.781480143857079756e-01
6.075596109065843484e+04 1.012700110394443742e+00
6.075596135071913159e+04 9.576332490512213802e-01
6.075596161077983561e+04 9.787009959979935392e-01
6.075596187084053963e+04 9.966631470455961095e-01
6.075596213090124365e+04 9.304931966067420124e-01
6.075596239096194768e+04 9.665444803181404421e-01
6.075596265102265170e+04 1.063791065426473281e+00
6.075596291108335572e+04 9.518412099608056787e-01
6.075596317114405974e+04 9.510971553346581064e-01
6.075596343120475649e+04 9.647825597085669669e-01
6.075596369126546051e+04 8.800412025838521002e-01
6.075596395132616453e+04 1.012611848227630063e+00
6.075596421138686856e+04 8.912856993011479823e-01
6.075596447144757258e+04 1.042964351302605230e+00
6.075596473150827660e+04 9.545030517225620015e-01
6.075596499156898062e+04 1.001786868275846398e+00
6.075596525162968464e+04 9.865547314756452080e-01
6.075596551169038867e+04 9.688702244267523023e-01
6.075596577175109269e+04 9.853398657897551871e-01
6.075596603181178943e+04 9.023667335515140886e-01
6.075596629187249346e+04 9.800060848558663773e-01
6.075596655193319748e+04 9.762293114026053820e-01
6.075596681199390150e+04 9.598053810330837710e-01
6.075596707205460552e+04 1.003134543038670223e+00
6.075596733211530955e+04 9.646284237969643405e-01
6.075596759217601357e+04 8.676257243714432521e-01
6.075596785223671759e+04 9.125461337221183467e-01
6.075596811229741434e+04 9.416398768115296081e-01
6.075596837235811836e+04 9.563103709325894153e-01
6.075596863241882238e+04 9.696834602844801587e-01
6.075596889247953368e+04 1.077185883118259246e+00
6.075596915254023770e+04 8.441765335003348358e-01
6.075596941260093445e+04 9.616262569517770586e-01
6.075597102105359954e+04 9.549007917215101005e-01
6.075597128111420170e+04 1.046303200560068536e+00
6.075597154117479658e+04 9.355352320890993889e-01
6.075597180123539147e+04 1.034631077486995565e+00
6.075597206129598635e+04 9.888033823911854814e-01
6.075597232135658123e+04 9.939401892837523844e-01
6.075597258141718339e+04 1.017778381920116271e+00
6.075597284147777827e+04 9.468815320528570778e-01
6.075597310153837316e+04 1.018608497225605314e+00
6.075597336159897532e+04 9.224967958265781753e-01
6.075597362165957020e+04 1.024345916736139506e+00
6.075597388172016508e+04 1.044661375837488304e+00
6.075597414178077452e+04 9.816048833207849933e-01
6.075597440184136940e+04 9.602211012847386984e-01
6.075597466190196428e+04 1.030347866873452256e+00
6.075597492196255916e+04 1.075527389761234298e+00
6.075597518202315405e+04 1.066131876838530612e+00
6.075597544208374893e+04 9.812196867328142336e-01
6.075597570214434381e+04 9.709450983907677024e-01
6.075597596220494597e+04 1.030866087013393440e+00
6.075597622226554813e+04 9.870318199802077253e-01
6.075597648232614301e+04 1.019004377913012016e+00
6.075597674238673790e+04 1.029753323513329821e+00
6.075597700244734006e+04 9.866419657115232944e-01
6.075597726250793494e+04 1.004845093634665121e+00
6.075597752256853710e+04 9.476332414990281672e-01
6.075597778262913198e+04 9.316192390000118673e-01
6.075597804268972686e+04 9.979847978581832812e-01
6.075597830275032175e+04 9.292499492272361383e-01
6.075597856281091663e+04 1.041751020953958884e+00
6.075597882287151151e+04 1.079893760889808929e+00
6.075597908293212095e+04 1.003997535526523377e+00
6.075597934299271583e+04 9.747063314824481184e-01
6.075597960305331071e+04 1.077236833466584498e+00
6.075597986311390559e+04 9.975244747176390536e-01
6.075598012317450775e+04 9.634172708259935991e-01
6.075598038323510264e+04 9.314554980253395566e-01
6.075598064329570479e+04 9.297582834712235789e-01
6.075598090335629968e+04 1.042497693904121059e+00
6.075598116341689456e+04 9.190965346546131620e-01
6.075598142347748944e+04 9.928232891740612631e-01
6.075598168353808433e+04 9.911786065634193843e-01
6.075598194359869376e+04 1.035391200262357092e+00
6.075598220365928864e+04 1.030794076548271931e+00
6.075598246371988353e+04 9.652137416898278754e-01
6.075598272378047841e+04 1.031865744746348179e+00
6.075598298384108057e+04 1.052584438567843783e+00
6.075598324390167545e+04 9.827663953859252510e-01
6.075598350396227761e+04 1.029787596265847816e+00
6.075598376402287249e+04 1.069486538847499224e+00
6.075598402408346738e+04 9.772045396796803507e-01
6.075598428414406226e+04 9.840017368017638377e-01
6.075598454420465714e+04 9.818052586569725459e-01
6.075598480426526658e+04 9.692510979122409553e-01
6.075598506432586146e+04 9.330049143083622987e-01
6.075598532438645634e+04 1.007132197120422790e+00
6.075598558444705122e+04 1.084645890039608540e+00
6.075598584450765338e+04 9.846737112324631669e-01
6.075598610456825554e+04 9.676650265496529180e-01
6.075598636462885042e+04 9.646237418593318624e-01
6.075598662468944531e+04 9.562293358857257841e-01
6.075598688475004019e+04 9.764777226327070458e-01
6.075598714481063507e+04 9.584659230397535312e-01
6.075598740487123723e+04 9.880245078590500496e-01
6.075598766493183211e+04 1.041159709206601836e+00
6.075598792499243427e+04 9.993852537086546084e-01
6.075598818505302916e+04 9.864588501481754701e-01
6.075598844511362404e+04 1.042925559685856429e+00
6.075598870517423347e+04 1.016063329492069345e+00
6.075598896523482836e+04 9.968117565868089835e-01
6.075598922529542324e+04 1.014646915026005347e+00
6.075598948535601812e+04 9.673942029597869530e-01
6.075598974541661300e+04 1.073413357031677506e+00
6.075599000547721516e+04 1.003993694017707661e+00
6.075599026553781005e+04 1.026912194182458604e+00
6.075599052559840493e+04 9.738243931557257760e-01
6.075599078565900709e+04 8.954462321939790082e-01
6.075599104571960197e+04 1.088044402617206030e+00
6.075599130578020413e+04 1.061572970232163460e+00
6.075599156584080629e+04 1.083723427991960309e+00
6.075599182590140117e+04 1.039682947069003438e+00
6.075599208596199605e+04 9.675091811781111328e-01
6.075599234602259094e+04 1.014553659365009519e+00
6.075599260608319310e+04 9.972099324156884492e-01
6.075599286614378798e+04 9.273937085966492688e-01
6.075599312620438286e+04 1.008597608568719828e+00
6.075599338626497774e+04 9.522982818916637671e-01
6.075599364632558718e+04 1.005021099168041943e+00
6.075599390638618206e+04 1.044021742582693868e+00
6.075599416644677694e+04 1.022648853979757133e+00
6.075599442650737910e+04 9.912783730049017361e-01
6.075599468656797399e+04 1.048916844542186366e+00
6.075599494662857614e+04 1.008675234088391326e+00
6.075599520668917103e+04 1.011503141010866136e+00
6.075599546674976591e+04 9.854043615786927113e-01
6.075599572681036079e+04 9.814047071973279746e-01
6.075599598687096295e+04 1.122092097328074134e+00
6.075599624693155783e+04 9.772917854583329511e-01
6.075599650699215999e+04 9.321781291983101125e-01
6.075599676705275488e+04 9.862300442703180181e-01
6.075599702711334976e+04 1.059233845104866845e+00
6.075599728717395192e+04 9.270650476431080422e-01
6.075599754723455408e+04 1.045404945344576841e+00
6.075599780729514896e+04 1.065896327175359204e+00
6.075599806735574384e+04 9.996603563633713607e-01
6.075599832741634600e+04 9.316223624741953868e-01
6.075599858747694088e+04 9.954115759629617033e-01
6.075599884753753577e+04 1.018765363126126644e+00
6.075599910759813065e+04 9.633840481142301737e-01
6.075599936765874008e+04 1.022915696069910840e+00
6.075600091310295102e+04 9.859759823846568905e-01
6.075600117316365504e+04 1.069289148319062743e+00
6.075600143322435179e+04 1.005605448329323082e+00
6.075600169328505581e+04 9.761765107383774120e-01
6.075600195334576711e+04 9.859688555171962632e-01
6.075600221340647113e+04 1.048794187808932632e+00
6.075600247346717515e+04 9.382447509996627577e-01
6.075600273352787190e+04 1.018489292745065722e+00
6.075600299358858319e+04 1.009465820838556960e+00
6.075600325364928722e+04 1.031378524831190413e+00
6.075600351370998396e+04 1.009440454476181026e+00
6.075600377377069526e+04 9.189381448839154531e-01
6.075600403383139928e+04 1.001478119126151478e+00
6.075600429389210331e+04 9.821663757081320334e-01
6.075600455395280733e+04 9.692782701996537353e-01
6.075600481401350407e+04 9.688058943753196095e-01
6.075600507407421537e+04 1.011104276376143973e+00
6.075600533413491939e+04 1.060684587122700195e+00
6.075600559419562342e+04 1.015248730815687894e+00
6.075600585425632744e+04 9.262300604490920630e-01
6.075600611431703146e+04 1.078544759234104422e+00
6.075600637437773548e+04 9.693617119804210924e-01
6.075600663443843951e+04 1.138911812008790214e+00
6.075600689449914353e+04 9.372360820308108798e-01
6.075600715455985483e+04 1.004603768838063571e+00
6.075600741462055157e+04 9.869793301978252442e-01
6.075600767468125559e+04 1.005669091346634403e+00
6.075600793474195962e+04 1.056181852454639802e+00
6.075600819480266364e+04 1.017870347136978770e+00
6.075600845486336766e+04 1.179334653563975044e+00
6.075600871492407168e+04 9.672390212689341293e-01
6.075600897498478298e+04 1.031833903542374919e+00
6.075600923504548700e+04 1.020029055186722378e+00
6.075600949510618375e+04 9.916621694738788628e-01
6.075600975516688777e+04 1.003564296076947970e+00
6.075601001522759907e+04 1.048763548213013319e+00
6.075601027528830309e+04 9.599446367747794806e-01
6.075601053534900711e+04 1.032578325372041750e+00
6.075601079540970386e+04 1.016525412618040525e+00
6.075601105547041516e+04 1.049454900665690138e+00
6.075601131553111918e+04 1.006589386242263462e+00
6.075601157559181593e+04 1.035474192700912344e+00
6.075601183565252722e+04 1.003666348925410512e+00
6.075601209571323125e+04 8.922048671069382486e-01
6.075601235577393527e+04 1.011011928271824178e+00
6.075601261583463929e+04 9.844684720948967405e-01
6.075601287589534331e+04 9.770927665014766950e-01
6.075601313595604734e+04 9.919471203316418961e-01
6.075601339601675136e+04 1.010238824794704060e+00
6.075601365607746266e+04 1.018363895439236666e+00
6.075601391613816668e+04 9.706467605210380434e-01
6.075601417619886342e+04 1.091783730432539956e+00
6.075601443625956745e+04 9.946466944949837741e-01
6.075601469632027874e+04 9.971651635618821174e-01
6.075601495638097549e+04 1.012884536046775752e+00
6.075601521644168679e+04 1.065822234343826391e+00
6.075601547650239081e+04 1.035430224779958941e+00
6.075601573656309483e+04 1.079200247721506134e+00
6.075601599662379886e+04 9.856442160326763791e-01
6.075601625668450288e+04 9.432662295619277382e-01
6.075601651674520690e+04 9.542783867309053702e-01
6.075601677680591092e+04 1.079334427100504312e+00
6.075601703686661494e+04 1.006997868930818107e+00
6.075601729692732624e+04 9.834921941741359142e-01
6.075601755698802299e+04 1.023258758312653560e+00
6.075601781704872701e+04 1.016105100728585731e+00
6.075601807710943831e+04 1.045265475453868387e+00
6.075601833717014233e+04 9.252680732894296156e-01
6.075601859723084635e+04 1.013127764829791611e+00
6.075601885729155038e+04 1.026799722857594022e+00
6.075601911735225440e+04 9.086760690827095921e-01
6.075601937741295842e+04 1.095351668614944263e+00
6.075601963747365517e+04 1.048460622820504895e+00
6.075601989753436646e+04 1.045955592851126381e+00
6.075602015759507049e+04 9.400011313042198058e-01
6.075602041765577451e+04 9.717991758014841164e-01
6.075602067771648581e+04 9.528034952239998745e-01
6.075602093777718255e+04 1.063367902891381389e+00
6.075602119783788658e+04 9.792451806126375446e-01
6.075602145789859787e+04 1.045077996254187402e+00
6.075602171795930190e+04 1.060866835700349009e+00
6.075602197802000592e+04 9.589888312648310320e-01
6.075602223808070994e+04 1.019790089522439658e+00
6.075602249814141396e+04 1.033066756833392441e+00
6.075602275820211798e+04 9.974713765353829809e-01
6.075602301826282201e+04 9.413022588956223569e-01
6.075602327832352603e+04 9.880841302593068587e-01
6.075602353838423005e+04 1.018123774362914569e+00
6.075602379844494135e+04 9.804392923803957327e-01
6.075602405850564537e+04 1.013631713241594179e+00
6.075602431856634212e+04 1.064734507583647183e+00
6.075602457862704614e+04 1.031172860222856258e+00
6.075602483868775744e+04 9.724898182101920918e-01
6.075602509874846146e+04 1.035630561484528700e+00
6.075602535880916548e+04 1.015897648585463386e+00
6.075602561886986950e+04 9.191193358154856607e-01
6.075602587893057353e+04 1.008243348147939145e+00
6.075602613899127755e+04 1.019594135029718407e+00
6.075602639905198885e+04 1.117461312219010239e+00
6.075602665911269287e+04 9.909362032163210321e-01
6.075602691917338962e+04 9.988424679117208216e-01
6.075602717923410091e+04 9.877339105413619480e-01
6.075602743929480494e+04 1.102138505750588138e+00
6.075602769935550168e+04 9.937702416060320010e-01
6.075602795941621298e+04 1.002774272329910454e+00
6.075602821947691700e+04 1.002701282491850865e+00
6.075602847953762102e+04 9.970956859572568387e-01
6.075602873959833232e+04 1.072884401268744181e+00
6.075602899965902907e+04 1.132312113376670926e+00
6.075602925971973309e+04 9.935351517043840008e-01
6.075603093119423283e+04 1.010515404727460265e+00
6.075603119125482772e+04 1.009246018044347437e+00
6.075603145131542988e+04 1.070674035931481471e+00
6.075603171137602476e+04 9.891119207893325216e-01
6.075603197143662692e+04 1.028139451999137588e+00
6.075603223149722908e+04 1.075638802014787343e+00
6.075603249155782396e+04 9.884892623356265062e-01
6.075603275161842612e+04 9.843894392192323872e-01
6.075603301167902100e+04 1.026516150033898400e+00
6.075603327173962316e+04 1.000384147766591791e+00
6.075603353180022532e+04 1.051748506696449814e+00
6.075603379186082020e+04 1.049492573852606414e+00
6.075603405192141508e+04 9.429638003353989495e-01
6.075603431198201724e+04 9.595784301930938565e-01
6.075603457204261213e+04 9.870726571581924791e-01
6.075603483210320701e+04 1.018788001793554665e+00
6.075603509216381644e+04 1.040007963553809089e+00
6.075603535222441133e+04 1.092650696268607780e+00
6.075603561228501349e+04 9.556276823608803594e-01
6.075603587234560837e+04 9.002480400531961413e-01
6.075603613240621053e+04 1.073192830987103719e+00
6.075603639246681269e+04 9.735955030361252982e-01
6.075603665252740757e+04 9.574970875164653394e-01
6.075603691258800245e+04 1.012269927529593438e+00
6.075603717264860461e+04 9.837129044349206541e-01
6.075603743270919949e+04 9.797163131063416630e-01
6.075603769276979438e+04 1.050829362338281392e+00
6.075603795283040381e+04 1.002182416170220414e+00
6.075603821289099869e+04 1.077397330133625486e+00
6.075603847295160085e+04 1.063973813019962078e+00
6.075603873301219573e+04 1.106218730831615149e+00
6.075603899307279789e+04 9.704646830309413552e-01
6.075603925313340005e+04 1.040168766706806247e+00
6.075603951319399494e+04 9.838727934974177414e-01
6.075603977325458982e+04 1.071688411772661498e+00
6.075604003331519198e+04 9.883911906968425587e-01
6.075604029337578686e+04 1.063773280694242596e+00
6.075604055343638902e+04 9.664351551022694053e-01
6.075604081349698390e+04 1.031888540586753056e+00
6.075604107355758606e+04 1.032583764994661646e+00
6.075604133361818822e+04 9.444555928823106239e-01
6.075604159367878310e+04 9.870209296630834128e-01
6.075604185373938526e+04 1.012293925459165411e+00
6.075604211379998742e+04 1.065635137959963563e+00
6.075604237386058230e+04 9.710623482956609598e-01
6.075604263392118446e+04 1.108306623085439035e+00
6.075604289398177934e+04 9.614724303966784014e-01
6.075604315404237423e+04 9.725572109178187707e-01
6.075604341410297639e+04 1.091586707616103880e+00
6.075604367416357127e+04 1.055941083290570015e+00
6.075604393422418070e+04 9.852377600721035078e-01
6.075604419428477559e+04 1.067234805319795976e+00
6.075604445434537047e+04 9.469519431188810898e-01
6.075604471440597990e+04 1.047833084792554548e+00
6.075604497446657479e+04 1.034903703366536920e+00
6.075604523452717694e+04 9.350806368229638288e-01
6.075604549458777183e+04 9.922853408086235172e-01
6.075604575464836671e+04 9.517693839408554179e-01
6.075604601470896887e+04 1.032241817166395181e+00
6.075604627476956375e+04 9.763799179945475970e-01
6.075604653483016591e+04 1.117792127674432034e+00
6.075604679489076807e+04 8.990585730935719555e-01
6.075604705495136295e+04 1.071971956837155071e+00
6.075604731501196511e+04 1.001410936384321548e+00
6.075604757507256727e+04 1.073283324295525309e+00
6.075604783513316943e+04 1.168062586012788451e+00
6.075604809519376431e+04 1.031260697149446237e+00
6.075604835525435919e+04 9.494079037311463631e-01
6.075604861531496135e+04 9.954225123493422034e-01
6.075604887537555624e+04 1.010824308419975281e+00
6.075604913543615839e+04 1.011634883265619012e+00
6.075604939549675328e+04 1.022229874754650103e+00
6.075604965555735544e+04 1.018404957478736383e+00
6.075604991561795759e+04 1.129282393468746593e+00
6.075605017567855248e+04 1.009663773117072783e+00
6.075605043573915464e+04 1.018536301088639906e+00
6.075605069579975680e+04 1.040146117650588842e+00
6.075605095586035168e+04 1.033372693970784573e+00
6.075605121592095384e+04 9.761118103172993221e-01
6.075605147598154872e+04 1.046842001464743266e+00
6.075605173604215088e+04 1.021503041359322461e+00
6.075605199610274576e+04 9.499282306784827545e-01
6.075605225616334792e+04 1.001275119807000680e+00
6.075605251622395008e+04 1.081050191644973069e+00
6.075605277628454496e+04 9.830296306546806306e-01
6.075605303634514712e+04 1.064894499252673654e+00
6.075605329640574200e+04 1.073417257502461197e+00
6.075605355646635144e+04 1.022305349093147964e+00
6.075605381652694632e+04 9.593589344985707923e-01
6.075605407658754848e+04 1.066267207509663750e+00
6.075605433664814336e+04 9.572894573690737818e-01
6.075605459670873825e+04 1.036019045306264985e+00
6.075605485676934040e+04 1.135960267637856624e+00
6.075605511682993529e+04 9.557046338528008000e-01
6.075605537689054472e+04 1.020983854951673431e+00
6.075605563695113960e+04 1.041509968399937369e+00
6.075605589701174176e+04 9.571137974957265593e-01
6.075605615707233665e+04 1.086919987944022781e+00
6.075605641713293880e+04 1.039335199819012123e+00
6.075605667719354096e+04 1.030158269665347071e+00
6.075605693725413585e+04 1.062208722345394651e+00
6.075605719731473800e+04 9.935403905336246400e-01
6.075605745737533289e+04 9.874474812095622722e-01
6.075605771743593505e+04 9.968262065858761733e-01
6.075605797749652993e+04 9.634887160443046383e-01
6.075605823755713209e+04 1.056307141085741197e+00
6.075605849761773425e+04 9.900969937712834623e-01
6.075605875767832913e+04 1.022752661977479827e+00
6.075605901773893129e+04 9.866430736098399379e-01
6.075605927779953345e+04 1.053027530545780799e+00
6.075606082322710427e+04 1.039343458523541930e+00
6.075606108328780829e+04 1.040052605858912793e+00
6.075606134334851231e+04 1.117611275019821937e+00
6.075606160340922361e+04 9.406470475684636234e-01
6.075606186346992035e+04 1.088084702848302499e+00
6.075606212353063165e+04 1.045694091427836092e+00
6.075606238359133567e+04 8.998616074879365323e-01
6.075606264365204697e+04 1.048432745958274293e+00
6.075606290371275099e+04 1.044027481855296591e+00
6.075606316377345502e+04 1.092423947659099115e+00
6.075606342383415904e+04 1.038574473714366286e+00
6.075606368389486306e+04 1.017929890404243753e+00
6.075606394395557436e+04 1.010027376452021119e+00
6.075606420401627838e+04 9.957713298114527767e-01
6.075606446407698240e+04 1.092881362098585107e+00
6.075606472413768643e+04 1.007506574083333994e+00
6.075606498419839772e+04 1.071766011169189792e+00
6.075606524425910175e+04 1.033192095610335315e+00
6.075606550431981304e+04 9.888665160879954730e-01
6.075606576438050979e+04 1.051845189517507828e+00
6.075606602444122109e+04 1.136497880329807586e+00
6.075606628450192511e+04 1.074520816601473472e+00
6.075606654456262913e+04 1.005666420522884241e+00
6.075606680462333316e+04 1.014050893171877243e+00
6.075606706468404445e+04 1.026683118918100046e+00
6.075606732474474848e+04 1.123885153882614230e+00
6.075606758480545250e+04 1.049990335155251309e+00
6.075606784486615652e+04 1.078720331390653486e+00
6.075606810492686054e+04 9.841688977825086004e-01
6.075606836498757184e+04 1.024071773332053459e+00
6.075606862504827586e+04 9.874357378432051524e-01
6.075606888510898716e+04 1.042580129667284750e+00
6.075606914516968391e+04 1.036388219760469243e+00
6.075606940523039520e+04 1.073641181251676846e+00
6.075606966529109923e+04 1.054223157821310819e+00
6.075606992535180325e+04 9.904360347278658994e-01
6.075607018541250727e+04 1.130562738991106597e+00
6.075607044547321857e+04 1.042899642818190920e+00
6.075607070553392259e+04 1.025976391547464228e+00
6.075607096559463389e+04 1.018208486861130080e+00
6.075607122565533064e+04 9.810085051102342968e-01
6.075607148571604193e+04 9.563738485710149284e-01
6.075607174577674596e+04 1.051110267715232638e+00
6.075607200583745725e+04 1.057501692971826612e+00
6.075607226589816128e+04 1.078806082704992342e+00
6.075607252595886530e+04 1.066986374501135426e+00
6.075607278601956932e+04 1.055565026691555497e+00
6.075607304608028062e+04 9.152088406293943379e-01
6.075607330614097737e+04 9.921716674175713457e-01
6.075607356620169594e+04 9.489460213099047969e-01
6.075607382626239269e+04 1.060197675020988717e+00
6.075607408632310398e+04 1.061354753188295863e+00
6.075607434638380801e+04 9.849217578006966844e-01
6.075607460644451203e+04 1.040951107974115608e+00
6.075607486650521605e+04 1.067161715308876380e+00
6.075607512656592735e+04 9.136935513759125715e-01
6.075607538662663137e+04 1.038055462737225598e+00
6.075607564668734267e+04 1.043964134954697753e+00
6.075607590674803942e+04 1.083902136646118786e+00
6.075607616680875071e+04 9.825862837119826443e-01
6.075607642686945474e+04 9.962877438531408947e-01
6.075607668693016603e+04 1.064139407827407569e+00
6.075607694699087006e+04 1.008723809440411401e+00
6.075607720705157408e+04 1.062209308333798008e+00
6.075607746711227810e+04 9.090298246176011787e-01
6.075607772717298940e+04 1.091445494599954547e+00
6.075607798723368614e+04 1.144452840848398489e+00
6.075607824729439744e+04 9.805635488218722440e-01
6.075607850735510146e+04 1.010004306020333420e+00
6.075607876741581276e+04 1.012411630783239813e+00
6.075607902747651679e+04 9.898392427641493629e-01
6.075607928753722081e+04 1.061704197162277152e+00
6.075607954759792483e+04 1.069862522636268354e+00
6.075607980765863613e+04 9.679838901113581029e-01
6.075608006771934015e+04 1.050291573671200629e+00
6.075608032778005145e+04 1.004199772019717107e+00
6.075608058784074819e+04 1.029587142346962469e+00
6.075608084790145949e+04 1.015580877984246122e+00
6.075608110796216351e+04 1.045521026730886982e+00
6.075608136802286754e+04 1.017161504909232184e+00
6.075608162808357156e+04 1.149440892350305887e+00
6.075608188814428286e+04 1.086558345710164186e+00
6.075608214820498688e+04 1.049500558878542655e+00
6.075608240826569818e+04 1.170629592112111927e+00
6.075608266832639492e+04 1.036537653011948334e+00
6.075608292838710622e+04 1.037772008780864619e+00
6.075608318844781024e+04 1.049404253546529997e+00
6.075608344850852154e+04 1.056762623755349351e+00
6.075608370856922556e+04 1.007211291270899478e+00
6.075608396862992959e+04 1.070952507044724555e+00
6.075608422869064088e+04 9.830085065263082233e-01
6.075608448875134491e+04 1.079821023500217470e+00
6.075608474881204893e+04 1.028869032618414669e+00
6.075608500887276023e+04 1.073376283779181595e+00
6.075608526893346425e+04 1.052780686483247852e+00
6.075608552899416827e+04 9.127296961449576918e-01
6.075608578905487957e+04 1.055719707202350532e+00
6.075608604911557632e+04 1.042253078024268698e+00
6.075608630917628761e+04 1.021576692739248893e+00
6.075608656923699164e+04 1.053283751700235804e+00
6.075608682929770293e+04 9.851342170919620278e-01
6.075608708935840696e+04 9.877016104439036992e-01
6.075608734941911098e+04 1.094138832823993157e+00
6.075608760947981500e+04 1.051693409772272991e+00
6.075608786954052630e+04 1.020753317009379213e+00
6.075608812960123760e+04 1.004185021120793442e+00
6.075608838966194162e+04 9.656857847988670196e-01
6.075608864972264564e+04 1.046752421916527620e+00
6.075608890978334966e+04 9.516180097701300022e-01
6.075608916984406096e+04 1.000097122972113839e+00
6.075609076569380704e+04 9.527466943235989305e-01
6.075609102575441648e+04 1.069490194466085065e+00
6.075609128581501136e+04 1.021781676024609009e+00
6.075609154587561352e+04 1.014520127929999571e+00
6.075609180593621568e+04 1.005746219275749365e+00
6.075609206599681784e+04 9.557958705958360390e-01
6.075609232605741272e+04 1.026088572767064999e+00
6.075609258611801488e+04 1.058516310600948751e+00
6.075609284617860976e+04 1.016296081869222157e+00
6.075609310623921192e+04 1.007511947912024031e+00
6.075609336629981408e+04 1.014350595485376871e+00
6.075609362636040896e+04 9.942425416200728616e-01
6.075609388642101840e+04 9.564683220392404817e-01
6.075609414648161328e+04 1.031018627695754475e+00
6.075609440654221544e+04 9.623112979623552610e-01
6.075609466660281760e+04 9.685535050083071695e-01
6.075609492666341976e+04 9.910287888031746872e-01
6.075609518672402191e+04 1.105551342715883623e+00
6.075609544678461680e+04 1.037915279220543274e+00
6.075609570684521896e+04 9.712674421023971272e-01
6.075609596690581384e+04 8.969365842859944316e-01
6.075609622696641600e+04 1.134365178669283436e+00
6.075609648702701088e+04 1.088150455426577734e+00
6.075609674708762032e+04 1.049439152763536498e+00
6.075609700714822247e+04 1.039628852483511778e+00
6.075609726720881736e+04 9.685343889058213307e-01
6.075609752726942679e+04 1.065256225817535318e+00
6.075609778733002167e+04 9.764312474955175736e-01
6.075609804739062383e+04 9.895614050718247734e-01
6.075609830745121872e+04 9.502450961549936403e-01
6.075609856751182087e+04 1.097642531360292217e+00
6.075609882757242303e+04 9.960704740725585538e-01
6.075609908763301792e+04 1.021317059861947429e+00
6.075609934769362008e+04 9.635127656061881485e-01
6.075609960775422223e+04 1.064201578783938507e+00
6.075609986781482439e+04 1.080938232515154862e+00
6.075610012787541928e+04 9.986468268861773412e-01
6.075610038793602143e+04 1.067236742855659060e+00
6.075610064799663087e+04 9.993393308334623804e-01
6.075610090805722575e+04 9.609308448170990058e-01
6.075610116811782791e+04 9.749113689141135630e-01
6.075610142817842279e+04 9.713146718882559316e-01
6.075610168823902495e+04 9.829946584074026328e-01
6.075610194829962711e+04 1.024992058536267514e+00
6.075610220836022199e+04 9.974420900953844260e-01
6.075610246842083143e+04 9.882761146733360924e-01
6.075610272848142631e+04 1.052391648461862061e+00
6.075610298854202847e+04 9.917081197699991746e-01
6.075610324860263063e+04 9.529056243322185926e-01
6.075610350866323279e+04 1.017474367861296303e+00
6.075610376872383495e+04 9.991370468062128474e-01
6.075610402878442983e+04 9.169476352130632169e-01
6.075610428884503199e+04 9.967119220028903825e-01
6.075610454890563415e+04 9.881172626312313412e-01
6.075610480896622903e+04 1.035042444415958940e+00
6.075610506902683119e+04 1.028637493329039643e+00
6.075610532908743335e+04 9.826347617006642166e-01
6.075610558914803551e+04 1.035618326064098316e+00
6.075610584920863766e+04 1.038638604674607224e+00
6.075610610926923255e+04 1.087710163763897508e+00
6.075610636932984198e+04 1.021188548973841703e+00
6.075610662939043686e+04 1.023129533070712638e+00
6.075610688945103902e+04 1.052800370125011709e+00
6.075610714951164118e+04 1.033394557125323132e+00
6.075610740957223607e+04 9.872412396879689522e-01
6.075610766963283822e+04 1.047597944009636572e+00
6.075610792969343311e+04 1.054662076334845322e+00
6.075610818975403527e+04 1.039259245301074497e+00
6.075610844981464470e+04 1.083356590869326341e+00
6.075610870987523958e+04 1.074159245420126751e+00
6.075610896993584174e+04 1.029416101308314069e+00
6.075610922999644390e+04 1.026771778165281201e+00
6.075610949005704606e+04 1.000478285464788453e+00
6.075610975011764822e+04 1.036219237418032346e+00
6.075611001017824310e+04 9.517109129516554411e-01
6.075611027023884526e+04 1.055749661678957230e+00
6.075611053029944742e+04 1.120943660198782110e+00
6.075611079036004230e+04 1.035187576669967191e+00
6.075611105042064446e+04 1.002191720298151845e+00
6.075611131048124662e+04 1.063302428078118256e+00
6.075611157054184878e+04 1.094024954896360979e+00
6.075611183060245094e+04 1.021913409705325959e+00
6.075611209066305310e+04 9.942942490529999011e-01
6.075611235072365525e+04 1.060494328137253417e+00
6.075611261078425741e+04 1.070508306952199451e+00
6.075611287084485230e+04 1.013606323720358526e+00
6.075611313090545445e+04 1.012564226243666488e+00
6.075611339096604934e+04 9.719687106439174329e-01
6.075611365102665150e+04 9.743053052228111133e-01
6.075611391108725365e+04 1.035989028819881419e+00
6.075611417114785581e+04 1.032820851058662948e+00
6.075611443120845797e+04 9.983703193393205222e-01
6.075611469126906013e+04 1.028869895507575016e+00
6.075611495132966229e+04 1.080301658662564224e+00
6.075611521139026445e+04 1.001313836261137569e+00
6.075611547145085933e+04 9.739891420213334650e-01
6.075611573151146149e+04 9.926093768688460939e-01
6.075611599157206365e+04 1.012759843115869529e+00
6.075611625163265853e+04 1.103854245889613894e+00
6.075611651169326069e+04 9.998744670336625617e-01
6.075611677175386285e+04 9.699226279466295342e-01
6.075611703181446501e+04 9.747814805393499871e-01
6.075611729187506717e+04 1.081839323544713016e+00
6.075611755193566933e+04 1.041653302145113758e+00
6.075611781199626421e+04 9.951276287640483664e-01
6.075611807205687364e+04 9.981160300806289909e-01
6.075611833211747580e+04 1.086989064493903534e+00
6.075611859217807068e+04 1.043180228331288539e+00
6.075611885223867284e+04 1.042570155376145058e+00
6.075611911229926773e+04 1.047661281092755470e+00
6.075612077117233275e+04 1.053609797191808362e+00
6.075612103123303677e+04 9.661037313361052759e-01
6.075612129129374080e+04 1.021900815931495732e+00
6.075612155135445209e+04 1.022962905372855946e+00
6.075612181141516339e+04 9.988389112276724324e-01
6.075612207147586741e+04 1.083004702453851165e+00
6.075612233153657144e+04 9.785170746945305309e-01
6.075612259159728274e+04 1.035220315664611368e+00
6.075612285165798676e+04 1.013914791214348687e+00
6.075612311171869806e+04 9.982927686191547245e-01
6.075612337177940935e+04 9.471425350368684049e-01
6.075612363184010610e+04 1.090006414285392244e+00
6.075612389190081740e+04 9.911090122128237700e-01
6.075612415196152870e+04 1.048930047134741805e+00
6.075612441202222544e+04 1.041053871848452994e+00
6.075612467208293674e+04 9.790009055453525733e-01
6.075612493214364804e+04 1.021478555213605866e+00
6.075612519220435206e+04 1.021951204602383978e+00
6.075612545226506336e+04 1.009635265845281404e+00
6.075612571232576738e+04 1.058678039932065884e+00
6.075612597238647140e+04 1.063846324072154736e+00
6.075612623244718270e+04 1.091463887664388288e+00
6.075612649250789400e+04 9.873293974669289375e-01
6.075612675256859802e+04 9.970062123285591271e-01
6.075612701262930204e+04 9.903989755123281391e-01
6.075612727269001334e+04 1.085165606080602529e+00
6.075612753275071736e+04 9.319465773859353375e-01
6.075612779281142139e+04 9.583955708805287355e-01
6.075612805287213268e+04 9.270612748108773005e-01
6.075612831293283671e+04 1.035528003971819988e+00
6.075612857299354800e+04 1.078496072084738300e+00
6.075612883305425930e+04 1.022687475040765737e+00
6.075612909311495605e+04 9.614014967582467097e-01
6.075612935317566735e+04 9.402580228201149470e-01
6.075612961323637865e+04 9.912346683606102493e-01
6.075612987329708267e+04 1.033986191298720714e+00
6.075613013335779397e+04 1.020172297466024336e+00
6.075613039341849799e+04 1.050460591171999303e+00
6.075613065347920201e+04 1.045615078268381293e+00
6.075613091353991331e+04 1.104884702388304829e+00
6.075613117360061733e+04 1.073569094351515485e+00
6.075613143366133590e+04 1.032490060457606385e+00
6.075613169372203265e+04 9.835259573723701410e-01
6.075613195378274395e+04 1.086321966418588802e+00
6.075613221384345525e+04 1.020295480584924031e+00
6.075613247390415199e+04 9.002674254913859420e-01
6.075613273396486329e+04 9.761214758516447709e-01
6.075613299402557459e+04 1.143225244069729474e+00
6.075613325408627861e+04 1.030277739065050158e+00
6.075613351414698991e+04 1.097753087725768406e+00
6.075613377420769393e+04 1.114436893753649960e+00
6.075613403426840523e+04 1.052024561224132793e+00
6.075613429432910925e+04 1.064425564357295295e+00
6.075613455438982055e+04 1.006846764183544796e+00
6.075613481445053185e+04 1.030192650573927615e+00
6.075613507451122859e+04 1.089038867236916230e+00
6.075613533457193989e+04 9.586173091294512005e-01
6.075613559463265119e+04 1.070816977709946771e+00
6.075613585469334794e+04 1.050042376536086230e+00
6.075613611475405924e+04 9.977856163939353706e-01
6.075613637481477053e+04 1.078684620160760499e+00
6.075613663487548183e+04 1.013706301275026700e+00
6.075613689493618585e+04 9.844722188865719925e-01
6.075613715499688988e+04 9.512782510312995932e-01
6.075613741505760117e+04 9.615837928629972220e-01
6.075613767511830520e+04 9.934477749454733164e-01
6.075613793517901649e+04 1.009675850277174547e+00
6.075613819523972779e+04 9.694246995273155809e-01
6.075613845530043181e+04 9.499025601225620230e-01
6.075613871536113584e+04 9.886222689934629493e-01
6.075613897542184714e+04 1.029784399899704272e+00
6.075613923548255116e+04 9.977949579993593554e-01
6.075613949554325518e+04 9.894268769320034851e-01
6.075613975560396648e+04 1.130042388502397133e+00
6.075614001566467778e+04 1.061134090728655721e+00
6.075614027572538907e+04 1.110407890485993976e+00
6.075614053578608582e+04 9.851678771675059787e-01
6.075614079584679712e+04 9.705305024443688922e-01
6.075614105590750842e+04 1.006163149682112845e+00
6.075614131596821244e+04 9.594484673978780354e-01
6.075614157602892374e+04 9.854204698768844750e-01
6.075614183608962776e+04 9.762732002430839495e-01
6.075614209615033906e+04 9.577817138373688755e-01
6.075614235621104308e+04 9.939950747144600252e-01
6.075614261627174710e+04 1.024906330613021721e+00
6.075614287633246568e+04 9.749113046663325788e-01
6.075614313639316970e+04 1.074909225897165976e+00
6.075614339645387372e+04 1.038826675543714773e+00
6.075614365651458502e+04 1.026007433492667209e+00
6.075614391657528904e+04 1.041107448810632441e+00
6.075614417663600034e+04 9.518565828848670751e-01
6.075614443669670436e+04 9.552891320666773156e-01
6.075614469675741566e+04 9.490698863373268068e-01
6.075614495681812696e+04 9.440380321127813668e-01
6.075614521687882370e+04 9.898704635834284504e-01
6.075614547693953500e+04 1.001079225584231125e+00
6.075614573700024630e+04 9.793837370255532582e-01
6.075614599706095760e+04 1.052503103680112906e+00
6.075614625712166162e+04 1.011511835742884058e+00
6.075614651718236564e+04 9.550954246830598571e-01
6.075614677724307694e+04 1.064867975189062843e+00
6.075614703730378824e+04 1.067936126642418992e+00
6.075614729736448498e+04 9.586170054627844994e-01
6.075614755742519628e+04 1.045428956839445034e+00
6.075614781748590758e+04 9.806134598805553715e-01
6.075614807754661888e+04 1.087274241283055831e+00
6.075614833760732290e+04 1.003653058211645410e+00
6.075614859766802692e+04 1.076511865465007656e+00
6.075614885772873822e+04 1.091357011838304025e+00
6.075614911778944952e+04 9.746690360779096673e-01
