6.075585120116569306e+04 1.029417943617408682e+00
6.075585146121949219e+04 9.750391987194947374e-01
6.075585172127328406e+04 9.895614734909116139e-01
6.075585198132708319e+04 1.002318473424089973e+00
6.075585224138088233e+04 1.038356508669269651e+00
6.075585250143468147e+04 9.894167746661206575e-01
6.075585276148847333e+04 1.004091189359142655e+00
6.075585302154227247e+04 1.000103068629732972e+00
6.075585328159607161e+04 9.976492361204011283e-01
6.075585354164987803e+04 1.010006414945309405e+00
6.075585380170368444e+04 9.928211723746456219e-01
6.075585406175747630e+04 9.408671293028935123e-01
6.075585432181127544e+04 1.015684061794942750e+00
6.075585458186507458e+04 1.006163966109492103e+00
6.075585484191887372e+04 1.002494170888274638e+00
6.075585510197266558e+04 9.951386047316190808e-01
6.075585536202646472e+04 1.036862988932209184e+00
6.075585562208026386e+04 1.002643680835156426e+00
6.075585588213406299e+04 1.017107545445217198e+00
6.075585614218786213e+04 9.712004832016079003e-01
6.075585640224165400e+04 1.000484031375871830e+00
6.075585666229546041e+04 1.015136227716681105e+00
6.075585692234926682e+04 1.024113151914763931e+00
6.075585718240306596e+04 1.003250051394845910e+00
6.075585744245685783e+04 9.658630157412554373e-01
6.075585770251065696e+04 9.882904921529669373e-01
6.075585796256445610e+04 1.051260904189612599e+00
6.075585822261825524e+04 9.686194270723900157e-01
6.075585848267205438e+04 1.015763796239003369e+00
6.075585874272584624e+04 9.888085145001321852e-01
6.075585900277964538e+04 1.000531857544004977e+00
6.075585926283344452e+04 1.009783643179251067e+00
6.075585952288725093e+04 1.002135568492885875e+00
6.075585978294105735e+04 1.012383583135179732e+00
6.075586004299484921e+04 1.010702223481521722e+00
6.075586030304864835e+04 1.020870304370756543e+00
6.075586056310244749e+04 9.600808060050886050e-01
6.075586082315624662e+04 9.915342745447208728e-01
6.075586108321004576e+04 9.922885246949257887e-01
6.075586134326383763e+04 9.846223221977815632e-01
6.075586160331763676e+04 1.000994116438234993e+00
6.075586186337143590e+04 1.006149334889694158e+00
6.075586212342523504e+04 9.902391700945415431e-01
6.075586238347903418e+04 1.000177901874546249e+00
6.075586264353283332e+04 1.018763461097941470e+00
6.075586290358663973e+04 9.805766989601886197e-01
6.075586316364043887e+04 1.007469792530438113e+00
6.075586342369423801e+04 9.840699249646233104e-01
6.075586368374803715e+04 1.005042986189613075e+00
6.075586394380182901e+04 9.576018312878031846e-01
6.075586420385562815e+04 1.017508282202429504e+00
6.075586446390942729e+04 9.529804277611552132e-01
6.075586472396322642e+04 9.432557070228300145e-01
6.075586498401702556e+04 9.876993359768247993e-01
6.075586524407081743e+04 1.005954280705677162e+00
6.075586550412462384e+04 1.000860349527734172e+00
6.075586576417843025e+04 9.774402403749483659e-01
6.075586602423222939e+04 1.033200563733219557e+00
6.075586628428602853e+04 9.779731375239144597e-01
6.075586654433982039e+04 9.573644198323577603e-01
6.075586680439361953e+04 9.536730555532058062e-01
6.075586706444741867e+04 1.001505530529570587e+00
6.075586732450121781e+04 9.841290125499588815e-01
6.075586758455501695e+04 9.833276426686976546e-01
6.075586784460881609e+04 9.999345070635347055e-01
6.075586810466260795e+04 1.041558396597147551e+00
6.075586836471640709e+04 9.742003795194389415e-01
6.075586862477021350e+04 9.913805214557268597e-01
6.075586888482401991e+04 9.838107934856823444e-01
6.075586914487781905e+04 1.008053279531280433e+00
6.075586940493161092e+04 1.001495203682692736e+00
6.075586966498541005e+04 9.487576026668492757e-01
6.075586992503920919e+04 9.476378265982631222e-01
6.075587018509300833e+04 1.007511217213801435e+00
6.075587044514680747e+04 1.011647072824503502e+00
6.075587070520060661e+04 9.929040370459624176e-01
6.075587096525439847e+04 1.035280972308393332e+00
6.075587122530819761e+04 9.717459853324615926e-01
6.075587148536199675e+04 9.918658041391952285e-01
6.075587174541581044e+04 9.649740520394919363e-01
6.075587200546960958e+04 9.682492317158956086e-01
6.075587226552340871e+04 9.828012283185094677e-01
6.075587252557720058e+04 9.915539332469612832e-01
6.075587278563099972e+04 9.930630084948235403e-01
6.075587304568479885e+04 9.743254280188958782e-01
6.075587330573859799e+04 9.803672006708205044e-01
6.075587356579239713e+04 9.650222465780714520e-01
6.075587382584619627e+04 9.861706193076857918e-01
6.075587408589998813e+04 1.010004964621376455e+00
6.075587434595378727e+04 1.028357081211106916e+00
6.075587460600759368e+04 1.014691241727201598e+00
6.075587486606140010e+04 1.014958517289011430e+00
6.075587512611519924e+04 1.044931467097628852e+00
6.075587538616899838e+04 1.039732351067288674e+00
6.075587564622279751e+04 1.024186197169715262e+00
6.075587590627658938e+04 1.003384287728747770e+00
6.075587616633038851e+04 1.009398873411115005e+00
6.075587642638418765e+04 9.627643385536214238e-01
6.075587668643798679e+04 9.478438825675175039e-01
6.075587694649178593e+04 9.642486260743676763e-01
6.075587720654558507e+04 9.770591130229037136e-01
6.075587746659937693e+04 1.027046163396060807e+00
6.075587772665318334e+04 9.803198119447443792e-01
6.075587798670698976e+04 1.000490595727069110e+00
6.075587824676078890e+04 9.916336088766221080e-01
6.075587850681458804e+04 9.384146559493194983e-01
6.075587876686838717e+04 9.834876259866751624e-01
6.075587902692218631e+04 1.015577416445401449e+00
6.075587928697597818e+04 9.708674787357519653e-01
6.075587954702977731e+04 1.033223573102562298e+00
6.075588115586427011e+04 1.006547638626181573e+00
6.075588141592496686e+04 9.796400549312704875e-01
6.075588167598567088e+04 1.004173142687759812e+00
6.075588193604636763e+04 9.917392707525272133e-01
6.075588219610707165e+04 1.010087959445123085e+00
6.075588245616777567e+04 1.015382053263415019e+00
6.075588271622847242e+04 1.007526277337756682e+00
6.075588297628917644e+04 9.846150604484830149e-01
6.075588323634988046e+04 9.944716528413464207e-01
6.075588349641056993e+04 9.660228724103957498e-01
6.075588375647127395e+04 9.682380553410208091e-01
6.075588401653197798e+04 9.840255838209777117e-01
6.075588427659268200e+04 9.734985366719138833e-01
6.075588453665338602e+04 1.019521143993000090e+00
6.075588479671408277e+04 9.945716672365266797e-01
6.075588505677478679e+04 9.833685355247185900e-01
6.075588531683548354e+04 9.937599153083246373e-01
6.075588557689618756e+04 9.832985118701005334e-01
6.075588583695689158e+04 9.913416456584581704e-01
6.075588609701758833e+04 9.987253770569813893e-01
6.075588635707829235e+04 1.006591599776945012e+00
6.075588661713899637e+04 1.007996402220185939e+00
6.075588687719969312e+04 1.004421310166069725e+00
6.075588713726038986e+04 9.754173271584881677e-01
6.075588739732109389e+04 9.852266993848308729e-01
6.075588765738179791e+04 9.997638381379299055e-01
6.075588791744250193e+04 9.462608162612102802e-01
6.075588817750319868e+04 9.799422319020324457e-01
6.075588843756390270e+04 1.020927855004035267e+00
6.075588869762460672e+04 9.776598004122348806e-01
6.075588895768530347e+04 9.858091982828333100e-01
6.075588921774600749e+04 9.564293639529276581e-01
6.075588947780670424e+04 9.825139309947580335e-01
6.075588973786740826e+04 9.582555463069543089e-01
6.075588999792811228e+04 9.852677568242619310e-01
6.075589025798880903e+04 9.848377580081405513e-01
6.075589051804952032e+04 1.024931866190980534e+00
6.075589077811021707e+04 9.649869384916358594e-01
6.075589103817091382e+04 9.804902605910531532e-01
6.075589129823161784e+04 9.687477397951370639e-01
6.075589155829231458e+04 9.911755865576534763e-01
6.075589181835301861e+04 9.724551870138086196e-01
6.075589207841372263e+04 9.963191744747417200e-01
6.075589233847442665e+04 9.639462236138212070e-01
6.075589259853513067e+04 9.858052542836426291e-01
6.075589285859582742e+04 9.930511503220448288e-01
6.075589311865652417e+04 9.801703220733006816e-01
6.075589337871722819e+04 9.718345009684981051e-01
6.075589363877793221e+04 9.729530039143495790e-01
6.075589389883863623e+04 9.198462644010434452e-01
6.075589415889933298e+04 9.615489739966405214e-01
6.075589441896003700e+04 1.008153903634055437e+00
6.075589467902074102e+04 9.935502378797335110e-01
6.075589493908143777e+04 1.018338294587086912e+00
6.075589519914213452e+04 1.015211104626580152e+00
6.075589545920283854e+04 9.189888606254091874e-01
6.075589571926354256e+04 1.012566614040508961e+00
6.075589597932424658e+04 9.817579492685453157e-01
6.075589623938494333e+04 1.001482394733889114e+00
6.075589649944564735e+04 1.007673644770471943e+00
6.075589675950635137e+04 9.879810407624743940e-01
6.075589701956705539e+04 9.568728884771140475e-01
6.075589727962775942e+04 9.562376915046933989e-01
6.075589753968844889e+04 9.887471560898183354e-01
6.075589779974915291e+04 1.020745897248523049e+00
6.075589805980985693e+04 9.620441149330309916e-01
6.075589831987055368e+04 9.584499464489710796e-01
6.075589857993125770e+04 9.997327884701630030e-01
6.075589883999196172e+04 1.019281053628805722e+00
6.075589910005266574e+04 1.022913542054531666e+00
6.075589936011336977e+04 9.996770413105547926e-01
6.075589962017406651e+04 1.009010399183543072e+00
6.075589988023477054e+04 1.053011227974543829e+00
6.075590014029546728e+04 1.003787439174478102e+00
6.075590040035617130e+04 9.767041914678022962e-01
6.075590066041687533e+04 9.835787738763928090e-01
6.075590092047757207e+04 9.055741862272401743e-01
6.075590118053827609e+04 9.739560858274289856e-01
6.075590144059898012e+04 9.757927914293967886e-01
6.075590170065967686e+04 1.002267733625266999e+00
6.075590196072038816e+04 9.363669823429487948e-01
6.075590222078108491e+04 1.026403505811044781e+00
6.075590248084178893e+04 9.973391360451947518e-01
6.075590274090249295e+04 9.801267613163752168e-01
6.075590300096318242e+04 1.057231564035722160e+00
6.075590326102388644e+04 1.022029126801059951e+00
6.075590352108459047e+04 1.015783192108597577e+00
6.075590378114529449e+04 9.453612240303409520e-01
6.075590404120599851e+04 9.983480282222056967e-01
6.075590430126669526e+04 9.685509119768377362e-01
6.075590456132739928e+04 9.972553163987659675e-01
6.075590482138810330e+04 9.464382171987933967e-01
6.075590508144880732e+04 9.543760919851281832e-01
6.075590534150951135e+04 9.695702509877259789e-01
6.075590560157020809e+04 9.999797093518906221e-01
6.075590586163091211e+04 1.034498381365940078e+00
6.075590612169160886e+04 9.754132213074632185e-01
6.075590638175230561e+04 9.811175560334143286e-01
6.075590664181300963e+04 9.803047296722893211e-01
6.075590690187371365e+04 9.224148214861446204e-01
6.075590716193441767e+04 1.030260744088118408e+00
6.075590742199512169e+04 1.032567048697418111e+00
6.075590768205581844e+04 9.647072136830107114e-01
6.075590794211652246e+04 9.668068010659074396e-01
6.075590820217722649e+04 9.776418575045330295e-01
6.075590846223793051e+04 9.921534599580150715e-01
6.075590872229863453e+04 9.822764517487275748e-01
6.075590898235933128e+04 1.003839642428467238e+00
6.075590924242003530e+04 1.022210809331988601e+00
6.075590950248073932e+04 9.858021933428455785e-01
6.075591106051386305e+04 1.031716019126017292e+00
6.075591132057445793e+04 9.403511587567562335e-01
6.075591158063505281e+04 9.621364461020869285e-01
6.075591184069564770e+04 9.754121942753952723e-01
6.075591210075624258e+04 9.471300646860567607e-01
6.075591236081683746e+04 1.000898291561993947e+00
6.075591262087743235e+04 1.051186498633235322e+00
6.075591288093802723e+04 1.000131861895774410e+00
6.075591314099862211e+04 1.007417541436685049e+00
6.075591340105922427e+04 9.857478394515171161e-01
6.075591366111981915e+04 9.913721059479027042e-01
6.075591392118041404e+04 9.752558949772532904e-01
6.075591418124100892e+04 9.849432123095783753e-01
6.075591444130160380e+04 9.804092442665195417e-01
6.075591470136219868e+04 9.697579942435265998e-01
6.075591496142279357e+04 9.822921893190493803e-01
6.075591522148338845e+04 9.505147490076041317e-01
6.075591548154399061e+04 1.006864990378775193e+00
6.075591574160458549e+04 9.771297983653194352e-01
6.075591600166518037e+04 9.494513366289834000e-01
6.075591626172577526e+04 1.005476771540080305e+00
6.075591652178637742e+04 9.698695528291482182e-01
6.075591678184697230e+04 9.663416615005567811e-01
6.075591704190756718e+04 9.761412431652938260e-01
6.075591730196816206e+04 1.003234677584668777e+00
6.075591756202875695e+04 9.866069748250394511e-01
6.075591782208935183e+04 1.013854637011961657e+00
6.075591808214994671e+04 9.490015600210448543e-01
6.075591834221054160e+04 9.738758120588558720e-01
6.075591860227113648e+04 1.003238112729760267e+00
6.075591886233173136e+04 9.642890186936609043e-01
6.075591912239232624e+04 9.471885952770164874e-01
6.075591938245292840e+04 9.971463543212836234e-01
6.075591964251352329e+04 9.825734020019606385e-01
6.075591990257411817e+04 9.292405942329015067e-01
6.075592016263471305e+04 1.012130813223249604e+00
6.075592042269530793e+04 1.004098433527705891e+00
6.075592068275590282e+04 9.693596267090450747e-01
6.075592094281649770e+04 9.687111166599877699e-01
6.075592120287709986e+04 9.830842883563268852e-01
6.075592146293769474e+04 1.005749589904438634e+00
6.075592172299828962e+04 9.650431928911605839e-01
6.075592198305888451e+04 9.823213452861474515e-01
6.075592224311948667e+04 1.009777408773391283e+00
6.075592250318008155e+04 9.992862762906978835e-01
6.075592276324067643e+04 9.678800322973875048e-01
6.075592302330127131e+04 9.640322997948591599e-01
6.075592328336186620e+04 9.933548773853617675e-01
6.075592354342246108e+04 9.309585495066043936e-01
6.075592380348305596e+04 9.594576356478837775e-01
6.075592406354365812e+04 9.940095242423527822e-01
6.075592432360425300e+04 9.881474169906525606e-01
6.075592458366484789e+04 9.645831471166641524e-01
6.075592484372544277e+04 9.514403737571621722e-01
6.075592510378604493e+04 1.002032952193311566e+00
6.075592536384663981e+04 9.364740910922393358e-01
6.075592562390723469e+04 1.006219556384330804e+00
6.075592588396782958e+04 9.691796440823507996e-01
6.075592614402842446e+04 9.836876246621319986e-01
6.075592640408901934e+04 9.583375968653944366e-01
6.075592666414961423e+04 9.312685627265437915e-01
6.075592692421020911e+04 9.642758890493265955e-01
6.075592718427081127e+04 9.504654430825906219e-01
6.075592744433140615e+04 9.562062756707148115e-01
6.075592770439200103e+04 9.856254999435886122e-01
6.075592796445260319e+04 9.402716795625809532e-01
6.075592822451319807e+04 9.639437925452258860e-01
6.075592848457379296e+04 1.050957374783873632e+00
6.075592874463438784e+04 1.014577410418213699e+00
6.075592900469498272e+04 1.006367653844150833e+00
6.075592926475557761e+04 1.019085378130726305e+00
6.075592952481617249e+04 9.403702906110388282e-01
6.075592978487676737e+04 9.127611434740664498e-01
6.075593004493736953e+04 9.648680238380994423e-01
6.075593030499796441e+04 9.443380218374687329e-01
6.075593056505855930e+04 9.529413180928861804e-01
6.075593082511916145e+04 9.712888887724219211e-01
6.075593108517975634e+04 9.806567186230834565e-01
6.075593134524035122e+04 9.484235235210382031e-01
6.075593160530094610e+04 1.009021154109761786e+00
6.075593186536154099e+04 9.867800298781744806e-01
6.075593212542213587e+04 9.372360166451310093e-01
6.075593238548273075e+04 9.833569767633425496e-01
6.075593264554332563e+04 9.542854082783823744e-01
6.075593290560392779e+04 9.644564957656083237e-01
6.075593316566452268e+04 9.621736076642285473e-01
6.075593342572511756e+04 9.827210002488532270e-01
6.075593368578571244e+04 1.005836319227087383e+00
6.075593394584631460e+04 1.000892747521937354e+00
6.075593420590690948e+04 9.504184138119206038e-01
6.075593446596750437e+04 9.805557781212831392e-01
6.075593472602809925e+04 9.547069071214379088e-01
6.075593498608869413e+04 1.006780778121106001e+00
6.075593524614928901e+04 9.684959841385150092e-01
6.075593550620988390e+04 9.658939913425661494e-01
6.075593576627048606e+04 9.586194025519340078e-01
6.075593602633108094e+04 1.000307346828296362e+00
6.075593628639167582e+04 9.862187698512131506e-01
6.075593654645227070e+04 1.021168907609006915e+00
6.075593680651287286e+04 9.396538878510611870e-01
6.075593706657346775e+04 1.008189935870268616e+00
6.075593732663406263e+04 9.582905107782947463e-01
6.075593758669465751e+04 9.751649170427738600e-01
6.075593784675525239e+04 9.877247519147531740e-01
6.075593810681584728e+04 9.338970152855399220e-01
6.075593836687644216e+04 9.920283671760948829e-01
6.075593862693704432e+04 9.363705663638687282e-01
6.075593888699763920e+04 9.572224608242946298e-01
6.075593914705823408e+04 9.485107506713049697e-01
6.075593940711883624e+04 9.917407308744322636e-01
6.075594106598430517e+04 9.557683007703593470e-01
6.075594132604500919e+04 9.817831125476392806e-01
6.075594158610571321e+04 1.000942700563596910e+00
6.075594184616640996e+04 9.556025284667694075e-01
6.075594210622711398e+04 9.889932553469777954e-01
6.075594236628781800e+04 9.615482669663192317e-01
6.075594262634852203e+04 9.631704775798533014e-01
6.075594288640922605e+04 9.504600166977014153e-01
6.075594314646992279e+04 9.435827376505382391e-01
6.075594340653063409e+04 9.743076892851456616e-01
6.075594366659133811e+04 9.057533006358247096e-01
6.075594392665203486e+04 1.012777007578266941e+00
6.075594418671273888e+04 9.445898196296368399e-01
6.075594444677344291e+04 1.011139848855913348e+00
6.075594470683414693e+04 1.003075616855601648e+00
6.075594496689485095e+04 9.750907277943219320e-01
6.075594522695554770e+04 9.328484219827535284e-01
6.075594548701625172e+04 9.694995259477621197e-01
6.075594574707695574e+04 1.008054396638284222e+00
6.075594600713765976e+04 9.775846319579006849e-01
6.075594626719836378e+04 9.660051062467228666e-01
6.075594652725906053e+04 9.317899505697520013e-01
6.075594678731976455e+04 9.716247959499046960e-01
6.075594704738046858e+04 9.903569923356366766e-01
6.075594730744116532e+04 9.512839035042379709e-01
6.075594756750187662e+04 9.703493194322754256e-01
6.075594782756257337e+04 1.027930245022303790e+00
6.075594808762328466e+04 9.739806122275825873e-01
6.075594834768398869e+04 9.374086066364630820e-01
6.075594860774468543e+04 9.827072924077842053e-01
6.075594886780538945e+04 9.946808778628579706e-01
6.075594912786609348e+04 9.747215571729975769e-01
6.075594938792679750e+04 9.445474364495362041e-01
6.075594964798750152e+04 9.758647191972860124e-01
6.075594990804819827e+04 1.001179368085011623e+00
6.075595016810890229e+04 9.875045569087411712e-01
6.075595042816960631e+04 9.785262600985057402e-01
6.075595068823031033e+04 9.601228948448637945e-01
6.075595094829101436e+04 9.739356539523857936e-01
6.075595120835171110e+04 9.647269661438290234e-01
6.075595146841241512e+04 1.009998522766909712e+00
6.075595172847312642e+04 1.014232808909428574e+00
6.075595198853382317e+04 9.628138536726984498e-01
6.075595224859452719e+04 9.496977423205122948e-01
6.075595250865523121e+04 9.302789569488513211e-01
6.075595276871593524e+04 9.929631708525850087e-01
6.075595302877663926e+04 9.967792171893893327e-01
6.075595328883733600e+04 1.002957255649050472e+00
6.075595354889804003e+04 1.012340145512036438e+00
6.075595380895874405e+04 9.737757537035147681e-01
6.075595406901944807e+04 9.665343852387311419e-01
6.075595432908015209e+04 9.577168385289076546e-01
6.075595458914084884e+04 9.804081132204500726e-01
6.075595484920156014e+04 9.827421325946680275e-01
6.075595510926226416e+04 9.525113613135912649e-01
6.075595536932296091e+04 9.819444518970110725e-01
6.075595562938366493e+04 9.880920877072109088e-01
6.075595588944436895e+04 1.010029469094045451e+00
6.075595614950507297e+04 9.760993210753891036e-01
6.075595640956577699e+04 9.904898267152220104e-01
6.075595666962647374e+04 9.596331051964721581e-01
6.075595692968717776e+04 9.952187014341672411e-01
6.075595718974788178e+04 9.771271698066767986e-01
6.075595744980858581e+04 9.684771784379392345e-01
6.075595770986929710e+04 1.004218251681164853e+00
6.075595796992999385e+04 9.773146241325858519e-01
6.075595822999069787e+04 9.483422901577426289e-01
6.075595849005140190e+04 9.806449262370328102e-01
6.075595875011209864e+04 9.918238620025687791e-01
6.075595901017280994e+04 1.013339528101945719e+00
6.075595927023350669e+04 9.510537021470933938e-01
6.075595953029421071e+04 9.685004556871894543e-01
6.075595979035491473e+04 9.849436311370489694e-01
6.075596005041561148e+04 9.713546846506958543e-01
6.075596031047632277e+04 1.005160752601362839e+00
6.075596057053702680e+04 9.139910379587014022e-01
6.075596083059773082e+04 1.001944680230516083e+00
6.075596109065843484e+04 1.020082329222010475e+00
6.075596135071913159e+04 9.602676843073645330e-01
6.075596161077983561e+04 9.838404435104315393e-01
6.075596187084053963e+04 9.881755581765279128e-01
6.075596213090124365e+04 9.900706236849889930e-01
6.075596239096194768e+04 1.006683471836058219e+00
6.075596265102265170e+04 1.001523021661758550e+00
6.075596291108335572e+04 1.003270035725429166e+00
6.075596317114405974e+04 9.935447328229244368e-01
6.075596343120475649e+04 1.013920692331437223e+00
6.075596369126546051e+04 9.836702614705133962e-01
6.075596395132616453e+04 9.315505915531369086e-01
6.075596421138686856e+04 9.927764914490250225e-01
6.075596447144757258e+04 1.003082942756921891e+00
6.075596473150827660e+04 1.004604129739052443e+00
6.075596499156898062e+04 9.633945137972127482e-01
6.075596525162968464e+04 1.003964925114904760e+00
6.075596551169038867e+04 1.019757045754995817e+00
6.075596577175109269e+04 9.699319056130266681e-01
6.075596603181178943e+04 9.797377413261051382e-01
6.075596629187249346e+04 9.960627811749970251e-01
6.075596655193319748e+04 9.823547135790592355e-01
6.075596681199390150e+04 9.899511941231970980e-01
6.075596707205460552e+04 1.034040536001588073e+00
6.075596733211530955e+04 9.856726190414335509e-01
6.075596759217601357e+04 9.658010366175560080e-01
6.075596785223671759e+04 9.911066407904746134e-01
6.075596811229741434e+04 9.424532945793688832e-01
6.075596837235811836e+04 9.796969178114230958e-01
6.075596863241882238e+04 1.030978755687252946e+00
6.075596889247953368e+04 9.827040810394392922e-01
6.075596915254023770e+04 9.619185524787746688e-01
6.075596941260093445e+04 9.991167780534830900e-01
6.075597102105359954e+04 9.805798791667804659e-01
6.075597128111420170e+04 9.754399542097018649e-01
6.075597154117479658e+04 9.762900825641386282e-01
6.075597180123539147e+04 9.734627169941195701e-01
6.075597206129598635e+04 9.888991985028954268e-01
6.075597232135658123e+04 9.911630982466825834e-01
6.075597258141718339e+04 9.970501629233308183e-01
6.075597284147777827e+04 1.017431824699710941e+00
6.075597310153837316e+04 1.030780682397115733e+00
6.075597336159897532e+04 9.710336164239918855e-01
6.075597362165957020e+04 9.622177910697478076e-01
6.075597388172016508e+04 9.977689233363714605e-01
6.075597414178077452e+04 9.497436691519303142e-01
6.075597440184136940e+04 9.346315936278054570e-01
6.075597466190196428e+04 9.675856811385278311e-01
6.075597492196255916e+04 9.923422407695567937e-01
6.075597518202315405e+04 9.160519671945552833e-01
6.075597544208374893e+04 1.004211758166798196e+00
6.075597570214434381e+04 9.880693164767855308e-01
6.075597596220494597e+04 9.908058595384240386e-01
6.075597622226554813e+04 1.002079384229261239e+00
6.075597648232614301e+04 1.018793683286128848e+00
6.075597674238673790e+04 9.616258313976440153e-01
6.075597700244734006e+04 1.043075762304251697e+00
6.075597726250793494e+04 9.715778319859064149e-01
6.075597752256853710e+04 9.923750581726877851e-01
6.075597778262913198e+04 9.591492507797672040e-01
6.075597804268972686e+04 9.609065494796744655e-01
6.075597830275032175e+04 9.736369536244802170e-01
6.075597856281091663e+04 9.580875953412377743e-01
6.075597882287151151e+04 9.583440034703444299e-01
6.075597908293212095e+04 9.912347819861389020e-01
6.075597934299271583e+04 1.014432108050239645e+00
6.075597960305331071e+04 1.028629694255751126e+00
6.075597986311390559e+04 9.896476667296453256e-01
6.075598012317450775e+04 1.001083795006675548e+00
6.075598038323510264e+04 9.983353051473460305e-01
6.075598064329570479e+04 1.005704316670553267e+00
6.075598090335629968e+04 9.676874664494965472e-01
6.075598116341689456e+04 1.034297494662443251e+00
6.075598142347748944e+04 9.751058194430174408e-01
6.075598168353808433e+04 9.856998039018644020e-01
6.075598194359869376e+04 1.006395843246161048e+00
6.075598220365928864e+04 9.924842034137021374e-01
6.075598246371988353e+04 1.029582951170303851e+00
6.075598272378047841e+04 1.014864982624719802e+00
6.075598298384108057e+04 9.566078484017909167e-01
6.075598324390167545e+04 1.028766052103869511e+00
6.075598350396227761e+04 1.000385659290066842e+00
6.075598376402287249e+04 9.708388168666302054e-01
6.075598402408346738e+04 9.974151708059829646e-01
6.075598428414406226e+04 9.684282728485205105e-01
6.075598454420465714e+04 9.653203256009341704e-01
6.075598480426526658e+04 1.006687962981005491e+00
6.075598506432586146e+04 9.824898710551025482e-01
6.075598532438645634e+04 1.035082406679601608e+00
6.075598558444705122e+04 1.006799183416311694e+00
6.075598584450765338e+04 9.616377526704160683e-01
6.075598610456825554e+04 1.027830449317228556e+00
6.075598636462885042e+04 1.048155508622432119e+00
6.075598662468944531e+04 1.051406661191122360e+00
6.075598688475004019e+04 9.770958947451546805e-01
6.075598714481063507e+04 9.683669848404952152e-01
6.075598740487123723e+04 9.869166286289943191e-01
6.075598766493183211e+04 9.645308692652027061e-01
6.075598792499243427e+04 9.644368347523575302e-01
6.075598818505302916e+04 1.009807237353603337e+00
6.075598844511362404e+04 1.020911252317775020e+00
6.075598870517423347e+04 9.871695542145189073e-01
6.075598896523482836e+04 9.692734050775846377e-01
6.075598922529542324e+04 9.905192314139409371e-01
6.075598948535601812e+04 9.738438185898650179e-01
6.075598974541661300e+04 1.010706228923019312e+00
6.075599000547721516e+04 1.027896818109569343e+00
6.075599026553781005e+04 1.012066527790929982e+00
6.075599052559840493e+04 1.008680085797205139e+00
6.075599078565900709e+04 9.979023484057345517e-01
6.075599104571960197e+04 1.004248446999676192e+00
6.075599130578020413e+04 9.965189426735474587e-01
6.075599156584080629e+04 9.843521110543133057e-01
6.075599182590140117e+04 1.004830592190531391e+00
6.075599208596199605e+04 1.002232484614725694e+00
6.075599234602259094e+04 9.858033693538228448e-01
6.075599260608319310e+04 9.804834443572338909e-01
6.075599286614378798e+04 9.394331938869560084e-01
6.075599312620438286e+04 1.027933448626953794e+00
6.075599338626497774e+04 9.630128691859952683e-01
6.075599364632558718e+04 9.656589526698035053e-01
6.075599390638618206e+04 1.011423089147999832e+00
6.075599416644677694e+04 9.709173608210318607e-01
6.075599442650737910e+04 9.996041291738038126e-01
6.075599468656797399e+04 9.753894206913708009e-01
6.075599494662857614e+04 9.863639338977426840e-01
6.075599520668917103e+04 9.653093697321760702e-01
6.075599546674976591e+04 1.011185468829808975e+00
6.075599572681036079e+04 9.703942136469151380e-01
6.075599598687096295e+04 9.875718334878655913e-01
6.075599624693155783e+04 9.954886567828852284e-01
6.075599650699215999e+04 9.915799151088505736e-01
6.075599676705275488e+04 9.932560756801114277e-01
6.075599702711334976e+04 1.001732835714300052e+00
6.075599728717395192e+04 9.399877870374101496e-01
6.075599754723455408e+04 1.005664806358107066e+00
6.075599780729514896e+04 9.988011041454790684e-01
6.075599806735574384e+04 9.856896773647222387e-01
6.075599832741634600e+04 9.803802779807646584e-01
6.075599858747694088e+04 9.898914149447022304e-01
6.075599884753753577e+04 1.026077419191276041e+00
6.075599910759813065e+04 9.597444534724925980e-01
6.075599936765874008e+04 9.880742776373216962e-01
6.075600091310295102e+04 9.570110824344084666e-01
6.075600117316365504e+04 1.009814361257157733e+00
6.075600143322435179e+04 9.931749242576421999e-01
6.075600169328505581e+04 9.815793672034796025e-01
6.075600195334576711e+04 1.006234888329268218e+00
6.075600221340647113e+04 1.002622757534734177e+00
6.075600247346717515e+04 9.681392591821845750e-01
6.075600273352787190e+04 9.987247817119188076e-01
6.075600299358858319e+04 9.672908365097420136e-01
6.075600325364928722e+04 1.010881345366470452e+00
6.075600351370998396e+04 9.884165275996811273e-01
6.075600377377069526e+04 1.007968658913835691e+00
6.075600403383139928e+04 1.001840485750384202e+00
6.075600429389210331e+04 1.023258508375922915e+00
6.075600455395280733e+04 9.888176757256817995e-01
6.075600481401350407e+04 9.689330268847415883e-01
6.075600507407421537e+04 1.024879917489240233e+00
6.075600533413491939e+04 9.879843918562718486e-01
6.075600559419562342e+04 1.029404097680301167e+00
6.075600585425632744e+04 9.733756070735856136e-01
6.075600611431703146e+04 9.910626309580063964e-01
6.075600637437773548e+04 9.684767368203743843e-01
6.075600663443843951e+04 1.009672387351020717e+00
6.075600689449914353e+04 9.428602878730268921e-01
6.075600715455985483e+04 1.028291686238785196e+00
6.075600741462055157e+04 1.082499270092805776e+00
6.075600767468125559e+04 1.018101480231534461e+00
6.075600793474195962e+04 9.661453627786851239e-01
6.075600819480266364e+04 1.007768516609620413e+00
6.075600845486336766e+04 1.014042691855563394e+00
6.075600871492407168e+04 1.033330882952628871e+00
6.075600897498478298e+04 9.523054555597522119e-01
6.075600923504548700e+04 1.003667990707410862e+00
6.075600949510618375e+04 1.008434689896589909e+00
6.075600975516688777e+04 9.901988378550480308e-01
6.075601001522759907e+04 9.234683642029409834e-01
6.075601027528830309e+04 1.000647560804810654e+00
6.075601053534900711e+04 9.726726861082903852e-01
6.075601079540970386e+04 1.052423633061627894e+00
6.075601105547041516e+04 9.814294491793705832e-01
6.075601131553111918e+04 9.945612235720304728e-01
6.075601157559181593e+04 9.664432694241825716e-01
6.075601183565252722e+04 9.787770100527928285e-01
6.075601209571323125e+04 9.837393057877570346e-01
6.075601235577393527e+04 1.023155756957464302e+00
6.075601261583463929e+04 1.015646102689809815e+00
6.075601287589534331e+04 1.000416579044844934e+00
6.075601313595604734e+04 9.683274424088669230e-01
6.075601339601675136e+04 1.010172492837459579e+00
6.075601365607746266e+04 1.012951395243989028e+00
6.075601391613816668e+04 1.008958873282583157e+00
6.075601417619886342e+04 1.032254904988995081e+00
6.075601443625956745e+04 9.639483294967019500e-01
6.075601469632027874e+04 1.019669916562517153e+00
6.075601495638097549e+04 1.039811086938820850e+00
6.075601521644168679e+04 9.691582769661126751e-01
6.075601547650239081e+04 9.920775538508621594e-01
6.075601573656309483e+04 9.885822250939306777e-01
6.075601599662379886e+04 9.936685184471456544e-01
6.075601625668450288e+04 1.030004681757128449e+00
6.075601651674520690e+04 9.646376999162555865e-01
6.075601677680591092e+04 1.029616434012014414e+00
6.075601703686661494e+04 9.919488864768176706e-01
6.075601729692732624e+04 9.870751361623749665e-01
6.075601755698802299e+04 9.644162828732927295e-01
6.075601781704872701e+04 1.029196928109275655e+00
6.075601807710943831e+04 1.047912527177718323e+00
6.075601833717014233e+04 9.477048315546461321e-01
6.075601859723084635e+04 1.029351934760143417e+00
6.075601885729155038e+04 1.021413750531658726e+00
6.075601911735225440e+04 9.880824291837755347e-01
6.075601937741295842e+04 1.046665988211945564e+00
6.075601963747365517e+04 1.022624932659515817e+00
6.075601989753436646e+04 1.013797891768815518e+00
6.075602015759507049e+04 1.014581170866503124e+00
6.075602041765577451e+04 1.006747388164332735e+00
6.075602067771648581e+04 1.041249809224689127e+00
6.075602093777718255e+04 9.806361073811720175e-01
6.075602119783788658e+04 1.030099782941472197e+00
6.075602145789859787e+04 1.026388489495192458e+00
6.075602171795930190e+04 1.041183772701699040e+00
6.075602197802000592e+04 1.007356530091373381e+00
6.075602223808070994e+04 1.017297041427438486e+00
6.075602249814141396e+04 1.048790083666106376e+00
6.075602275820211798e+04 1.020482175763483212e+00
6.075602301826282201e+04 1.058597998848203492e+00
6.075602327832352603e+04 1.000719800168700768e+00
6.075602353838423005e+04 1.036232927168267981e+00
6.075602379844494135e+04 9.954249400377456203e-01
6.075602405850564537e+04 9.992924534164222550e-01
6.075602431856634212e+04 1.034213885201086702e+00
6.075602457862704614e+04 1.055961610612558221e+00
6.075602483868775744e+04 1.004884937739365158e+00
6.075602509874846146e+04 1.019181635020963039e+00
6.075602535880916548e+04 9.573871030263290116e-01
6.075602561886986950e+04 1.008526526149273517e+00
6.075602587893057353e+04 1.000031696445955687e+00
6.075602613899127755e+04 9.730753679536968681e-01
6.075602639905198885e+04 1.056199579593009474e+00
6.075602665911269287e+04 1.048925403505987397e+00
6.075602691917338962e+04 1.028118958183700249e+00
6.075602717923410091e+04 9.845329676493169702e-01
6.075602743929480494e+04 1.037583522971846417e+00
6.075602769935550168e+04 1.004687140927923217e+00
6.075602795941621298e+04 1.025173456600132482e+00
6.075602821947691700e+04 9.978777763976167670e-01
6.075602847953762102e+04 9.810225087873313266e-01
6.075602873959833232e+04 1.000575925753050655e+00
6.075602899965902907e+04 1.060984638642403111e+00
6.075602925971973309e+04 9.823438448159859115e-01
6.075603093119423283e+04 1.048021842805391346e+00
6.075603119125482772e+04 9.295244459965043005e-01
6.075603145131542988e+04 1.000405176494505666e+00
6.075603171137602476e+04 9.592810113498343449e-01
6.075603197143662692e+04 9.756655352380708690e-01
6.075603223149722908e+04 1.010379198007858692e+00
6.075603249155782396e+04 9.998021748025595068e-01
6.075603275161842612e+04 9.681599709859417535e-01
6.075603301167902100e+04 1.040004440465878366e+00
6.075603327173962316e+04 9.584707200435531593e-01
6.075603353180022532e+04 1.003097848104478329e+00
6.075603379186082020e+04 9.699069424418214069e-01
6.075603405192141508e+04 1.022162916163988911e+00
6.075603431198201724e+04 9.467362137979506986e-01
6.075603457204261213e+04 9.749087719693635412e-01
6.075603483210320701e+04 9.926654542572188600e-01
6.075603509216381644e+04 1.010909554484107353e+00
6.075603535222441133e+04 1.017827771320589658e+00
6.075603561228501349e+04 1.031629912181087239e+00
6.075603587234560837e+04 1.009759863849712502e+00
6.075603613240621053e+04 1.012790487872018197e+00
6.075603639246681269e+04 1.001194597477073955e+00
6.075603665252740757e+04 1.001940741431721626e+00
6.075603691258800245e+04 1.012564650873485794e+00
6.075603717264860461e+04 1.050075369288019589e+00
6.075603743270919949e+04 1.042449993660437668e+00
6.075603769276979438e+04 9.914961111206035405e-01
6.075603795283040381e+04 1.015717349437609718e+00
6.075603821289099869e+04 1.006744937593715195e+00
6.075603847295160085e+04 1.047258257515274682e+00
6.075603873301219573e+04 1.026121668561211564e+00
6.075603899307279789e+04 1.020103908434560891e+00
6.075603925313340005e+04 1.054378781772193685e+00
6.075603951319399494e+04 1.019506512848535440e+00
6.075603977325458982e+04 1.014610285669294676e+00
6.075604003331519198e+04 9.624423938837346482e-01
6.075604029337578686e+04 1.022550237413247132e+00
6.075604055343638902e+04 1.020736635535872017e+00
6.075604081349698390e+04 9.896574405535977226e-01
6.075604107355758606e+04 1.029929128804248473e+00
6.075604133361818822e+04 1.030237436339637380e+00
6.075604159367878310e+04 1.054929668099790163e+00
6.075604185373938526e+04 1.002425995181372098e+00
6.075604211379998742e+04 1.019243547594217647e+00
6.075604237386058230e+04 1.007480051869149129e+00
6.075604263392118446e+04 1.017374340001208521e+00
6.075604289398177934e+04 9.612145255098244467e-01
6.075604315404237423e+04 9.671751263862693460e-01
6.075604341410297639e+04 1.028236168147227181e+00
6.075604367416357127e+04 9.844944380769544701e-01
6.075604393422418070e+04 9.401829029840022001e-01
6.075604419428477559e+04 1.043104806662896733e+00
6.075604445434537047e+04 1.003860605230671776e+00
6.075604471440597990e+04 1.044342956498419239e+00
6.075604497446657479e+04 1.019459654835199069e+00
6.075604523452717694e+04 9.766188733674231459e-01
6.075604549458777183e+04 1.026059601911426311e+00
6.075604575464836671e+04 1.019569800909331470e+00
6.075604601470896887e+04 9.951107494658658625e-01
6.075604627476956375e+04 9.572432564705671831e-01
6.075604653483016591e+04 9.892767383886872379e-01
6.075604679489076807e+04 1.004084232250188613e+00
6.075604705495136295e+04 1.005295413040314445e+00
6.075604731501196511e+04 1.002641907376170982e+00
6.075604757507256727e+04 9.929332452909966911e-01
6.075604783513316943e+04 1.021752385924022732e+00
6.075604809519376431e+04 1.019354016430297660e+00
6.075604835525435919e+04 1.028457285308164160e+00
6.075604861531496135e+04 1.016796247584355717e+00
6.075604887537555624e+04 1.056333057472949921e+00
6.075604913543615839e+04 1.008700607160091023e+00
6.075604939549675328e+04 1.042889293684796437e+00
6.075604965555735544e+04 9.964319539551038662e-01
6.075604991561795759e+04 9.754939875192036869e-01
6.075605017567855248e+04 1.022692781546877150e+00
6.075605043573915464e+04 1.042450828827508280e+00
6.075605069579975680e+04 9.862580261939279946e-01
6.075605095586035168e+04 9.878728982810809356e-01
6.075605121592095384e+04 9.956276637947620856e-01
6.075605147598154872e+04 1.000534756986249496e+00
6.075605173604215088e+04 1.022677799547440092e+00
6.075605199610274576e+04 9.792346794751046746e-01
6.075605225616334792e+04 1.028018781165038309e+00
6.075605251622395008e+04 1.019398873924213689e+00
6.075605277628454496e+04 1.043225221372357181e+00
6.075605303634514712e+04 1.022568341803442804e+00
6.075605329640574200e+04 9.652406454613021713e-01
6.075605355646635144e+04 9.924411606128021868e-01
6.075605381652694632e+04 1.004881846836555459e+00
6.075605407658754848e+04 1.063150246472718496e+00
6.075605433664814336e+04 1.007805271776833766e+00
6.075605459670873825e+04 9.851624914510941355e-01
6.075605485676934040e+04 1.070321214978487978e+00
6.075605511682993529e+04 1.001287685706635955e+00
6.075605537689054472e+04 1.027418292714751269e+00
6.075605563695113960e+04 1.005671776287331731e+00
6.075605589701174176e+04 9.823023798516771210e-01
6.075605615707233665e+04 1.018469963593005012e+00
6.075605641713293880e+04 9.919258207799461768e-01
6.075605667719354096e+04 1.038276763202892194e+00
6.075605693725413585e+04 1.036629153223238786e+00
6.075605719731473800e+04 1.048271574695457176e+00
6.075605745737533289e+04 9.778771575042869424e-01
6.075605771743593505e+04 1.018579262726457380e+00
6.075605797749652993e+04 1.056938552267311149e+00
6.075605823755713209e+04 1.028738654911399264e+00
6.075605849761773425e+04 1.002884726515339553e+00
6.075605875767832913e+04 1.028331948319805900e+00
6.075605901773893129e+04 1.032151422670304575e+00
6.075605927779953345e+04 1.067773087930460774e+00
6.075606082322710427e+04 1.041067214516117945e+00
6.075606108328780829e+04 1.003896568490167951e+00
6.075606134334851231e+04 1.008448087414583361e+00
6.075606160340922361e+04 9.676614536356700214e-01
6.075606186346992035e+04 1.045095931350358498e+00
6.075606212353063165e+04 1.065996153116790524e+00
6.075606238359133567e+04 1.019140028966147193e+00
6.075606264365204697e+04 1.075749640859369194e+00
6.075606290371275099e+04 1.007479310243464932e+00
6.075606316377345502e+04 1.007195108668818895e+00
6.075606342383415904e+04 1.001000972414264556e+00
6.075606368389486306e+04 1.019483242803640000e+00
6.075606394395557436e+04 1.025693995832457128e+00
6.075606420401627838e+04 1.016464570632034770e+00
6.075606446407698240e+04 9.772582718705579152e-01
6.075606472413768643e+04 1.023905002494357674e+00
6.075606498419839772e+04 1.022656915437181180e+00
6.075606524425910175e+04 1.022042288262503540e+00
6.075606550431981304e+04 1.014654909120167758e+00
6.075606576438050979e+04 1.023397920029448516e+00
6.075606602444122109e+04 1.039445560683414538e+00
6.075606628450192511e+04 9.841361297688102638e-01
6.075606654456262913e+04 1.009329282839793507e+00
6.075606680462333316e+04 9.899960205442820405e-01
6.075606706468404445e+04 1.025538867808725829e+00
6.075606732474474848e+04 1.011754406263021933e+00
6.075606758480545250e+04 9.975378447315155217e-01
6.075606784486615652e+04 1.014868261283684125e+00
6.075606810492686054e+04 1.062718330456063009e+00
6.075606836498757184e+04 1.020312523295979545e+00
6.075606862504827586e+04 1.027956075334822694e+00
6.075606888510898716e+04 9.995421718088719487e-01
6.075606914516968391e+04 1.020202007562707847e+00
6.075606940523039520e+04 9.963365111062126855e-01
6.075606966529109923e+04 9.877202967466874872e-01
6.075606992535180325e+04 1.053838516501082845e+00
6.075607018541250727e+04 1.049425005263028954e+00
6.075607044547321857e+04 1.003019047421983556e+00
6.075607070553392259e+04 9.768772917607914108e-01
6.075607096559463389e+04 9.953071272761579991e-01
6.075607122565533064e+04 9.855068653421045211e-01
6.075607148571604193e+04 1.009714404952712474e+00
6.075607174577674596e+04 1.006877475298548763e+00
6.075607200583745725e+04 1.003438437304633890e+00
6.075607226589816128e+04 1.015538487355272412e+00
6.075607252595886530e+04 1.036965303953099271e+00
6.075607278601956932e+04 1.002229604391404294e+00
6.075607304608028062e+04 1.030372262435408137e+00
6.075607330614097737e+04 1.055700041423617286e+00
6.075607356620169594e+04 1.010586097364006397e+00
6.075607382626239269e+04 1.003309511177207680e+00
6.075607408632310398e+04 9.937674476770208543e-01
6.075607434638380801e+04 1.014632815926289400e+00
6.075607460644451203e+04 9.909056755353610191e-01
6.075607486650521605e+04 9.731489697066557643e-01
6.075607512656592735e+04 9.814320361731506681e-01
6.075607538662663137e+04 1.000500926281759462e+00
6.075607564668734267e+04 1.035074340562511797e+00
6.075607590674803942e+04 1.015297275651067643e+00
6.075607616680875071e+04 1.034855705231898293e+00
6.075607642686945474e+04 1.037363545202966808e+00
6.075607668693016603e+04 1.020988676117364102e+00
6.075607694699087006e+04 1.004103588598296515e+00
6.075607720705157408e+04 1.009394993048784217e+00
6.075607746711227810e+04 1.018567210233580322e+00
6.075607772717298940e+04 1.022748761157252329e+00
6.075607798723368614e+04 1.034791551473722260e+00
6.075607824729439744e+04 1.012344112498421156e+00
6.075607850735510146e+04 1.005347101588749181e+00
6.075607876741581276e+04 1.014716772477280093e+00
6.075607902747651679e+04 9.947321718531024759e-01
6.075607928753722081e+04 9.975212400038750982e-01
6.075607954759792483e+04 9.871306628886963308e-01
6.075607980765863613e+04 1.009579819144093227e+00
6.075608006771934015e+04 1.003053589114272892e+00
6.075608032778005145e+04 1.030639268080112192e+00
6.075608058784074819e+04 1.032236272992836046e+00
6.075608084790145949e+04 1.038794113980948897e+00
6.075608110796216351e+04 1.023350582949022147e+00
6.075608136802286754e+04 1.067276516652667206e+00
6.075608162808357156e+04 1.055348125659011149e+00
6.075608188814428286e+04 1.034531596043265722e+00
6.075608214820498688e+04 1.017151818918574646e+00
6.075608240826569818e+04 1.062476471880677620e+00
6.075608266832639492e+04 1.003012508752927801e+00
6.075608292838710622e+04 9.775069268997178540e-01
6.075608318844781024e+04 1.054518567606192780e+00
6.075608344850852154e+04 1.022894545183687942e+00
6.075608370856922556e+04 1.020107035766853798e+00
6.075608396862992959e+04 1.033086760620177014e+00
6.075608422869064088e+04 1.047667768304324509e+00
6.075608448875134491e+04 9.992460423659818014e-01
6.075608474881204893e+04 1.008432193821791056e+00
6.075608500887276023e+04 9.962471243856628744e-01
6.075608526893346425e+04 9.843937259415715957e-01
6.075608552899416827e+04 9.713118580744495301e-01
6.075608578905487957e+04 1.024020939873302227e+00
6.075608604911557632e+04 1.027276067449901964e+00
6.075608630917628761e+04 1.045137989817550128e+00
6.075608656923699164e+04 1.015140464518627494e+00
6.075608682929770293e+04 9.927150752510982556e-01
6.075608708935840696e+04 9.803255249794613491e-01
6.075608734941911098e+04 1.054958166354444948e+00
6.075608760947981500e+04 1.044352374239023717e+00
6.075608786954052630e+04 1.038054084440218405e+00
6.075608812960123760e+04 9.628453733834757555e-01
6.075608838966194162e+04 9.543545018029653271e-01
6.075608864972264564e+04 9.964871447284615602e-01
6.075608890978334966e+04 1.046259222794537980e+00
6.075608916984406096e+04 1.016888282292453871e+00
6.075609076569380704e+04 1.006189878002723415e+00
6.075609102575441648e+04 9.707500257595064186e-01
6.075609128581501136e+04 9.932036890422991648e-01
6.075609154587561352e+04 1.007314088055891288e+00
6.075609180593621568e+04 1.008474193592970192e+00
6.075609206599681784e+04 1.020000591968039716e+00
6.075609232605741272e+04 1.021756707710193224e+00
6.075609258611801488e+04 1.007631000881257455e+00
6.075609284617860976e+04 1.012983909663454085e+00
6.075609310623921192e+04 1.072780893142926351e+00
6.075609336629981408e+04 1.024141754725126585e+00
6.075609362636040896e+04 1.012100557274767221e+00
6.075609388642101840e+04 1.052424645832618966e+00
6.075609414648161328e+04 1.039651999665051507e+00
6.075609440654221544e+04 1.016397246499974205e+00
6.075609466660281760e+04 1.041578837991409490e+00
6.075609492666341976e+04 9.940706654000973641e-01
6.075609518672402191e+04 1.033783948427471788e+00
6.075609544678461680e+04 1.011905269767518156e+00
6.075609570684521896e+04 9.752723847186275385e-01
6.075609596690581384e+04 1.019629291979234020e+00
6.075609622696641600e+04 9.905542808219517381e-01
6.075609648702701088e+04 1.048520495944951225e+00
6.075609674708762032e+04 1.013982397637944066e+00
6.075609700714822247e+04 1.003777910858339562e+00
6.075609726720881736e+04 1.021969801777220521e+00
6.075609752726942679e+04 1.105082230004656774e+00
6.075609778733002167e+04 1.050597952554096715e+00
6.075609804739062383e+04 1.014913556722954135e+00
6.075609830745121872e+04 1.030184564923734669e+00
6.075609856751182087e+04 9.800958083675409549e-01
6.075609882757242303e+04 9.904029724929396261e-01
6.075609908763301792e+04 9.957285895857213021e-01
6.075609934769362008e+04 9.762763598430309608e-01
6.075609960775422223e+04 1.031402931461356864e+00
6.075609986781482439e+04 9.911085795082679173e-01
6.075610012787541928e+04 1.013904040296600639e+00
6.075610038793602143e+04 1.045572982627659853e+00
6.075610064799663087e+04 1.064619894291071844e+00
6.075610090805722575e+04 1.019929613995106399e+00
6.075610116811782791e+04 9.879071161863048900e-01
6.075610142817842279e+04 1.008765497740967243e+00
6.075610168823902495e+04 1.071107913871506057e+00
6.075610194829962711e+04 1.039114996564026061e+00
6.075610220836022199e+04 1.083329174846944465e+00
6.075610246842083143e+04 9.930917203748186317e-01
6.075610272848142631e+04 1.032557357645335072e+00
6.075610298854202847e+04 9.986808597875586058e-01
6.075610324860263063e+04 1.021133839896746220e+00
6.075610350866323279e+04 1.040082363116623387e+00
6.075610376872383495e+04 1.021730512950848491e+00
6.075610402878442983e+04 1.037881435724827606e+00
6.075610428884503199e+04 9.673086719863532856e-01
6.075610454890563415e+04 1.013827031626561403e+00
6.075610480896622903e+04 1.021580894823997943e+00
6.075610506902683119e+04 9.974491433139316410e-01
6.075610532908743335e+04 9.555158970632202653e-01
6.075610558914803551e+04 9.882848187327715195e-01
6.075610584920863766e+04 1.039959162110185797e+00
6.075610610926923255e+04 1.010534147593417087e+00
6.075610636932984198e+04 1.064923669514929339e+00
6.075610662939043686e+04 1.029378300694478554e+00
6.075610688945103902e+04 9.891859005812896344e-01
6.075610714951164118e+04 1.065610888175808180e+00
6.075610740957223607e+04 1.015400739009413744e+00
6.075610766963283822e+04 9.831084922163947359e-01
6.075610792969343311e+04 1.016100954340998452e+00
6.075610818975403527e+04 9.733027171728018123e-01
6.075610844981464470e+04 1.034891308194059834e+00
6.075610870987523958e+04 1.013362765878998983e+00
6.075610896993584174e+04 1.006715716657034188e+00
6.075610922999644390e+04 1.048916432953359124e+00
6.075610949005704606e+04 9.879732489157507791e-01
6.075610975011764822e+04 9.838850527492584153e-01
6.075611001017824310e+04 1.006375505648821500e+00
6.075611027023884526e+04 1.001959378960596503e+00
6.075611053029944742e+04 1.058072804725014526e+00
6.075611079036004230e+04 9.584410862610032167e-01
6.075611105042064446e+04 9.944682398603157392e-01
6.075611131048124662e+04 9.786492911275832540e-01
6.075611157054184878e+04 1.028239459973106396e+00
6.075611183060245094e+04 9.487046139729449212e-01
6.075611209066305310e+04 9.949965263998408194e-01
6.075611235072365525e+04 1.010498501675483274e+00
6.075611261078425741e+04 9.955634505240581467e-01
6.075611287084485230e+04 1.042890977923278673e+00
6.075611313090545445e+04 9.997749742778823112e-01
6.075611339096604934e+04 1.057620164962132847e+00
6.075611365102665150e+04 9.983365945177450351e-01
6.075611391108725365e+04 1.015593746266002295e+00
6.075611417114785581e+04 1.017560811332151260e+00
6.075611443120845797e+04 1.035466136051735875e+00
6.075611469126906013e+04 9.681122709304651464e-01
6.075611495132966229e+04 1.024493078808872859e+00
6.075611521139026445e+04 1.018204678524653017e+00
6.075611547145085933e+04 1.034753872255751217e+00
6.075611573151146149e+04 1.009600956419002493e+00
6.075611599157206365e+04 1.023813253872040141e+00
6.075611625163265853e+04 9.802387641149465924e-01
6.075611651169326069e+04 1.021393050145223524e+00
6.075611677175386285e+04 1.023978191831460993e+00
6.075611703181446501e+04 1.033738254227834386e+00
6.075611729187506717e+04 1.032277921390448272e+00
6.075611755193566933e+04 1.023310733519740445e+00
6.075611781199626421e+04 9.983299384806062493e-01
6.075611807205687364e+04 9.597825685522991535e-01
6.075611833211747580e+04 1.049034525194794343e+00
6.075611859217807068e+04 1.032088830027458881e+00
6.075611885223867284e+04 1.014421951613860173e+00
6.075611911229926773e+04 9.825870257817699294e-01
6.075612077117233275e+04 9.912087301574020737e-01
6.075612103123303677e+04 9.924489970460627086e-01
6.075612129129374080e+04 1.025055375033120164e+00
6.075612155135445209e+04 1.012336746833783607e+00
6.075612181141516339e+04 9.774967133749055126e-01
6.075612207147586741e+04 1.026991607329249323e+00
6.075612233153657144e+04 1.019857144215950528e+00
6.075612259159728274e+04 1.023579176574517691e+00
6.075612285165798676e+04 1.018924089857965232e+00
6.075612311171869806e+04 9.891909091712721702e-01
6.075612337177940935e+04 9.989993717184347810e-01
6.075612363184010610e+04 1.023210488276204533e+00
6.075612389190081740e+04 1.029616052828397299e+00
6.075612415196152870e+04 9.869480339207302722e-01
6.075612441202222544e+04 1.026977712203156701e+00
6.075612467208293674e+04 1.040499962013003543e+00
6.075612493214364804e+04 9.865539707302658501e-01
6.075612519220435206e+04 1.028796482911445542e+00
6.075612545226506336e+04 1.022822936225453949e+00
6.075612571232576738e+04 1.032926750097406421e+00
6.075612597238647140e+04 1.050459006070804335e+00
6.075612623244718270e+04 1.022155139017615788e+00
6.075612649250789400e+04 9.723324581508948627e-01
6.075612675256859802e+04 1.001572845038756876e+00
6.075612701262930204e+04 1.010817569478221989e+00
6.075612727269001334e+04 1.009669817991954544e+00
6.075612753275071736e+04 9.960811432059184511e-01
6.075612779281142139e+04 1.057725354602544243e+00
6.075612805287213268e+04 1.035204284603100211e+00
6.075612831293283671e+04 9.992615477212555275e-01
6.075612857299354800e+04 1.031584908465867256e+00
6.075612883305425930e+04 9.950081272579941460e-01
6.075612909311495605e+04 9.660865247467066430e-01
6.075612935317566735e+04 1.061961996858887591e+00
6.075612961323637865e+04 1.040233749816015241e+00
6.075612987329708267e+04 1.025811214943115113e+00
6.075613013335779397e+04 1.015098360062224758e+00
6.075613039341849799e+04 9.799787963377887268e-01
6.075613065347920201e+04 1.006424904495391903e+00
6.075613091353991331e+04 1.021625479441086837e+00
6.075613117360061733e+04 1.027620609928437734e+00
6.075613143366133590e+04 1.008274970632701217e+00
6.075613169372203265e+04 1.031071921068414943e+00
6.075613195378274395e+04 1.028651569818989531e+00
6.075613221384345525e+04 1.047292609108184891e+00
6.075613247390415199e+04 1.061580040447262840e+00
6.075613273396486329e+04 9.917043323555637668e-01
6.075613299402557459e+04 1.036190668414884497e+00
6.075613325408627861e+04 1.065443941757145296e+00
6.075613351414698991e+04 9.756252065413738572e-01
6.075613377420769393e+04 1.005408027407581839e+00
6.075613403426840523e+04 1.038404577830954301e+00
6.075613429432910925e+04 1.031900496082809537e+00
6.075613455438982055e+04 1.036422593393278913e+00
6.075613481445053185e+04 1.017083648887778136e+00
6.075613507451122859e+04 1.026711070156501204e+00
6.075613533457193989e+04 9.916610061486581529e-01
6.075613559463265119e+04 1.024681574386553606e+00
6.075613585469334794e+04 9.983034178561039917e-01
6.075613611475405924e+04 1.018800240096671139e+00
6.075613637481477053e+04 1.036900039226716919e+00
6.075613663487548183e+04 1.039811733972170416e+00
6.075613689493618585e+04 1.020920267979685603e+00
6.075613715499688988e+04 1.030242252437078232e+00
6.075613741505760117e+04 1.059034446973519783e+00
6.075613767511830520e+04 1.019210259741781366e+00
6.075613793517901649e+04 1.002932715618399362e+00
6.075613819523972779e+04 1.000744426191482628e+00
6.075613845530043181e+04 1.001443806370833745e+00
6.075613871536113584e+04 9.759183288443580295e-01
6.075613897542184714e+04 9.953305506330324404e-01
6.075613923548255116e+04 1.024221474972320856e+00
6.075613949554325518e+04 1.044334301678967902e+00
6.075613975560396648e+04 1.004856975256902096e+00
6.075614001566467778e+04 1.027674572362208272e+00
6.075614027572538907e+04 1.027697755554364045e+00
6.075614053578608582e+04 1.024632091870576023e+00
6.075614079584679712e+04 1.036619761589680833e+00
6.075614105590750842e+04 1.027309921436445839e+00
6.075614131596821244e+04 1.013878500388817550e+00
6.075614157602892374e+04 9.870287582551592331e-01
6.075614183608962776e+04 1.045146425006137969e+00
6.075614209615033906e+04 1.048168911511610180e+00
6.075614235621104308e+04 1.016929703129457296e+00
6.075614261627174710e+04 1.041046594971722250e+00
6.075614287633246568e+04 1.040662383763781840e+00
6.075614313639316970e+04 1.065464004392924435e+00
6.075614339645387372e+04 1.050622587392833429e+00
6.075614365651458502e+04 1.039518192741754277e+00
6.075614391657528904e+04 1.028083198733343639e+00
6.075614417663600034e+04 9.969988002550060902e-01
6.075614443669670436e+04 1.002883998517769104e+00
6.075614469675741566e+04 9.963202545947652533e-01
6.075614495681812696e+04 1.020423925761438255e+00
6.075614521687882370e+04 1.060305219535449428e+00
6.075614547693953500e+04 9.957768325882129234e-01
6.075614573700024630e+04 1.015298632974936721e+00
6.075614599706095760e+04 1.020229115840491030e+00
6.075614625712166162e+04 9.936643575786575644e-01
6.075614651718236564e+04 1.022646976828569088e+00
6.075614677724307694e+04 1.040575473594842482e+00
6.075614703730378824e+04 1.003393755344488492e+00
6.075614729736448498e+04 1.052836142566561550e+00
6.075614755742519628e+04 1.010075902553944083e+00
6.075614781748590758e+04 1.047040360962484762e+00
6.075614807754661888e+04 9.861641808463975645e-01
6.075614833760732290e+04 1.031172916413352736e+00
6.075614859766802692e+04 1.016009979007882036e+00
6.075614885772873822e+04 1.034805857351392744e+00
6.075614911778944952e+04 1.044384886886617014e+00
