6.075547523418369383e+04 1.235595963320222923e+00
6.075547549424438330e+04 1.022385103066083545e+00
6.075547575430508005e+04 1.202721769152701681e+00
6.075547601436576224e+04 1.159289330657953032e+00
6.075547627442645899e+04 1.516902404082610900e+00
6.075547653448714846e+04 1.165620856231450508e+00
6.075547679454784520e+04 1.146630905242612908e+00
6.075547705460853467e+04 1.145542459817726844e+00
6.075547731466922414e+04 1.035423705899647162e+00
6.075547757472991361e+04 1.029141002422164108e+00
6.075547783479061036e+04 1.113252692054423010e+00
6.075547809485129255e+04 7.794392468249458084e-01
6.075547835491198930e+04 1.208591387569463382e+00
6.075547861497267877e+04 1.272414684690413633e+00
6.075547887503337552e+04 1.430076128012518488e+00
6.075547913509406499e+04 1.089515854270686868e+00
6.075547939515475446e+04 9.353095290667660100e-01
6.075547965521544393e+04 1.316425994028319835e+00
6.075547991527614067e+04 1.398806995011719012e+00
6.075548017533683014e+04 1.227709657305519952e+00
6.075548043539752689e+04 1.116496710942173953e+00
6.075548069545820908e+04 1.148286092090985866e+00
6.075548095551890583e+04 1.408141457359245674e+00
6.075548121557959530e+04 7.581524277635066644e-01
6.075548147564028477e+04 1.348067579500942914e+00
6.075548173570098152e+04 1.017427206908368520e+00
6.075548199576167099e+04 1.094370992864049041e+00
6.075548225582236773e+04 1.057466054262715227e+00
6.075548251588305720e+04 1.191114560217047647e+00
6.075548277594374667e+04 1.268810360815863403e+00
6.075548303600443614e+04 1.238745653630231924e+00
6.075548329606513289e+04 1.328797413733489918e+00
6.075548355612582236e+04 1.306253599049013614e+00
6.075548381618651911e+04 1.121102913905809961e+00
6.075548407624720130e+04 9.892624791139138507e-01
6.075548433630789805e+04 7.212885518770929538e-01
6.075548459636858752e+04 7.005416811173691416e-01
6.075548485642928426e+04 1.072993196965051910e+00
6.075548511648997373e+04 1.096962175808231965e+00
6.075548537655066320e+04 1.314093105239666714e+00
6.075548563661135267e+04 1.013391920927077416e+00
6.075548589667204942e+04 1.259433722016002788e+00
6.075548615673273162e+04 1.180256542080968529e+00
6.075548641679342836e+04 9.956179192831454694e-01
6.075548667685411783e+04 1.039258919280808380e+00
6.075548693691481458e+04 1.379574523873592806e+00
6.075548719697551132e+04 1.074786190740328884e+00
6.075548745703619352e+04 9.211786196102470514e-01
6.075548771709689026e+04 9.767781337688065113e-01
6.075548797715757973e+04 1.201334633737861424e+00
6.075548823721827648e+04 1.221692499061107773e+00
6.075548849727896595e+04 1.010016261225321399e+00
6.075548875733965542e+04 8.670100009185301992e-01
6.075548901740034489e+04 1.093106914070798963e+00
6.075548927746104164e+04 9.752846361783498175e-01
6.075548953752172383e+04 1.094201723458872122e+00
6.075548979758242058e+04 1.538222745525497315e+00
6.075549005764311732e+04 1.218434953937673981e+00
6.075549031770380680e+04 1.364620874536776940e+00
6.075549057776450354e+04 7.247618220727417571e-01
6.075549083782518574e+04 8.726925138504493251e-01
6.075549109788588248e+04 1.033703346426887659e+00
6.075549135794657195e+04 1.004165942663196809e+00
6.075549161800726870e+04 1.339807204599629653e+00
6.075549187806795817e+04 1.232014946720764614e+00
6.075549213812864764e+04 1.333114169612338307e+00
6.075549239818933711e+04 1.297120382945923689e+00
6.075549265825003386e+04 1.151923826554865027e+00
6.075549291831072333e+04 1.267370068113975012e+00
6.075549317837142007e+04 8.435534843229584023e-01
6.075549343843210954e+04 8.699614561068369500e-01
6.075549369849279901e+04 1.300066588129216605e+00
6.075549395855349576e+04 1.212919416503673409e+00
6.075549421861417795e+04 1.298191492313810036e+00
6.075549447867487470e+04 1.237244414960842365e+00
6.075549473873556417e+04 9.914589211921022160e-01
6.075549499879626092e+04 1.016699100357304042e+00
6.075549525885695766e+04 1.472326153793307446e+00
6.075549551891763986e+04 1.095828999489274036e+00
6.075549577897833660e+04 9.820979041873588722e-01
6.075549603903902607e+04 1.330188752952453868e+00
6.075549629909972282e+04 1.320872400917145528e+00
6.075549655916041229e+04 1.029269054049840149e+00
6.075549681922110176e+04 1.432722282531636804e+00
6.075549707928179851e+04 1.289174618981778542e+00
6.075549733934248798e+04 1.389033504752683612e+00
6.075549759940317745e+04 8.320879993444201261e-01
6.075549785946386692e+04 1.303173349799935377e+00
6.075549811952456366e+04 1.159019987610558466e+00
6.075549837958525313e+04 1.107316179543812673e+00
6.075549863964594988e+04 1.284907245244577778e+00
6.075549889970663935e+04 9.412038156639153108e-01
6.075549915976732882e+04 1.250646994473754825e+00
6.075549941982802557e+04 1.298402869071835219e+00
6.075549967988871504e+04 1.266380981014771701e+00
6.075549993994941178e+04 1.375605591661200666e+00
6.075550020001009398e+04 1.058231329080284278e+00
6.075550046007079072e+04 9.181578418129510144e-01
6.075550072013148747e+04 1.165182601501917325e+00
6.075550098019216966e+04 8.503407661740174373e-01
6.075550124025286641e+04 1.085347826632698132e+00
6.075550150031355588e+04 1.190847325056883843e+00
6.075550176037425263e+04 1.064046803491561111e+00
6.075550202043494210e+04 1.445232585073133125e+00
6.075550228049563157e+04 7.273629075371835784e-01
6.075550254055632831e+04 1.249971259939874901e+00
6.075550280061701778e+04 8.358367737245460116e-01
6.075550306067771453e+04 8.237343873394374905e-01
6.075550332073840400e+04 1.278082301866863002e+00
6.075550358079909347e+04 9.884529584676481351e-01
6.075550513883041276e+04 1.132810963182877328e+00
6.075550539889110951e+04 1.518097195071792749e+00
6.075550565895179898e+04 1.137892214794297585e+00
6.075550591901248845e+04 1.176281101455263212e+00
6.075550617907318519e+04 1.109698472060454799e+00
6.075550643913387466e+04 1.152181325382038768e+00
6.075550669919457141e+04 1.475744396112791179e+00
6.075550695925526088e+04 9.750536517433205930e-01
6.075550721931595035e+04 1.162557987717775632e+00
6.075550747937664710e+04 1.049909085676383080e+00
6.075550773943733657e+04 1.227981698865154847e+00
6.075550799949803331e+04 1.212537393019355481e+00
6.075550825955872278e+04 9.457820395388540913e-01
6.075550851961941225e+04 1.101854438795855318e+00
6.075550877968010900e+04 1.190999875056380386e+00
6.075550903974079847e+04 1.138537410513838832e+00
6.075550929980148794e+04 1.139751120526921957e+00
6.075550955986217741e+04 1.131284357320342826e+00
6.075550981992287416e+04 9.791081794288575280e-01
6.075551007998357090e+04 1.039742810625696290e+00
6.075551034004426037e+04 1.088409576009835344e+00
6.075551060010494984e+04 1.467025358650106748e+00
6.075551086016564659e+04 9.442980159180152100e-01
6.075551112022633606e+04 1.134511645473106345e+00
6.075551138028703281e+04 8.898518253126742605e-01
6.075551164034772228e+04 1.234751364217371306e+00
6.075551190040841175e+04 1.058689528729980456e+00
6.075551216046910849e+04 8.194354727461885535e-01
6.075551242052979796e+04 1.367823815847320379e+00
6.075551268059049471e+04 1.138598092205138412e+00
6.075551294065118418e+04 1.291576434612116575e+00
6.075551320071187365e+04 1.218948494690843765e+00
6.075551346077257040e+04 1.297088497166607457e+00
6.075551372083325987e+04 1.393590917323150880e+00
6.075551398089394934e+04 1.161538125162637325e+00
6.075551424095464608e+04 1.179138233610511399e+00
6.075551450101533555e+04 1.140947547809979756e+00
6.075551476107603230e+04 1.222828471568202069e+00
6.075551502113672177e+04 9.172215813586465094e-01
6.075551528119741124e+04 9.814826171259799503e-01
6.075551554125810799e+04 1.279256876539260679e+00
6.075551580131879746e+04 9.059831253781016613e-01
6.075551606137949420e+04 1.096755640682598010e+00
6.075551632144019095e+04 1.027872189092611244e+00
6.075551658150087314e+04 1.155216379964349782e+00
6.075551684156156989e+04 1.281315210408898286e+00
6.075551710162226664e+04 9.592512698322427367e-01
6.075551736168294883e+04 1.003056071615058054e+00
6.075551762174364558e+04 1.062699934713485783e+00
6.075551788180433505e+04 1.252914706739266082e+00
6.075551814186503179e+04 1.076382847348025473e+00
6.075551840192572854e+04 1.179480960053393757e+00
6.075551866198641073e+04 1.270038509265689397e+00
6.075551892204710748e+04 9.239965544959181099e-01
6.075551918210780423e+04 7.309998591813652302e-01
6.075551944216849370e+04 1.235079296293661422e+00
6.075551970222919044e+04 9.855924047905466612e-01
6.075551996228987991e+04 1.131483275941789435e+00
6.075552022235056938e+04 1.116456828658414890e+00
6.075552048241126613e+04 1.256855386833568566e+00
6.075552074247194832e+04 1.485425221329299994e+00
6.075552100253265235e+04 1.269712383009318657e+00
6.075552126259334182e+04 1.246748351942056132e+00
6.075552152265403129e+04 1.062440931742295591e+00
6.075552178271472803e+04 9.559028174279549095e-01
6.075552204277541750e+04 1.283314173556906912e+00
6.075552230283610697e+04 1.308983949690553761e+00
6.075552256289680372e+04 1.153931724852181429e+00
6.075552282295750047e+04 1.228262562163439542e+00
6.075552308301818994e+04 1.128153800458780776e+00
6.075552334307887941e+04 1.056714812816608395e+00
6.075552360313957615e+04 1.079665403729629158e+00
6.075552386320026562e+04 1.212553196611284800e+00
6.075552412326096237e+04 7.534006663549595029e-01
6.075552438332165912e+04 6.399905492632973480e-01
6.075552464338234131e+04 1.274268179798205614e+00
6.075552490344303806e+04 1.309482871999001929e+00
6.075552516350373480e+04 1.382423842153477356e+00
6.075552542356441700e+04 1.176808566654493626e+00
6.075552568362511374e+04 1.270413025898182502e+00
6.075552594368581049e+04 1.305139782687992023e+00
6.075552620374649996e+04 9.174867073746918456e-01
6.075552646380719671e+04 1.222609908902710041e+00
6.075552672386788618e+04 1.049250702895306198e+00
6.075552698392857565e+04 1.066830569622084335e+00
6.075552724398927239e+04 9.506309622206768895e-01
6.075552750404996914e+04 1.228061144010059058e+00
6.075552776411065861e+04 1.076044585052665870e+00
6.075552802417134808e+04 9.920168491111724940e-01
6.075552828423204483e+04 1.134316894573032641e+00
6.075552854429273430e+04 1.080982503613099777e+00
6.075552880435342377e+04 8.458435376427236863e-01
6.075552906441412051e+04 9.116042248261476688e-01
6.075552932447480998e+04 9.197019967528434758e-01
6.075552958453550673e+04 8.099633510169770290e-01
6.075552984459620347e+04 1.350468498247436200e+00
6.075553010465688567e+04 1.032946065857904827e+00
6.075553036471758242e+04 8.934056647537128582e-01
6.075553062477827916e+04 1.030737245098246380e+00
6.075553088483896863e+04 6.497331263933924239e-01
6.075553114489966538e+04 8.843238866752178851e-01
6.075553140496035485e+04 1.046268101887864788e+00
6.075553166502104432e+04 1.159020035867851961e+00
6.075553192508174106e+04 1.060268294393385435e+00
6.075553218514243054e+04 1.214738236708971186e+00
6.075553244520312728e+04 1.128061765967081964e+00
6.075553270526381675e+04 9.678733357084018385e-01
6.075553296532451350e+04 8.071345965930158961e-01
6.075553322538520297e+04 1.151083689636331897e+00
6.075553348544589244e+04 1.325283058333533104e+00
6.075553503087646095e+04 7.843551291842073558e-01
6.075553529093715770e+04 1.281262706298635923e+00
6.075553555099784717e+04 7.659178278728847600e-01
6.075553581105853664e+04 8.500873330122984406e-01
6.075553607111923338e+04 9.279609065833513970e-01
6.075553633117992285e+04 1.092959290433898056e+00
6.075553659124061960e+04 9.023234751323249148e-01
6.075553685130131635e+04 9.349719635519286864e-01
6.075553711136199854e+04 1.251436781586648950e+00
6.075553737142269529e+04 1.021587480703235018e+00
6.075553763148339203e+04 1.221819052643451808e+00
6.075553789154408878e+04 1.010444555248616982e+00
6.075553815160477825e+04 9.568203999018114470e-01
6.075553841166546772e+04 1.154576667770471410e+00
6.075553867172616447e+04 1.205870519461638146e+00
6.075553893178685394e+04 1.064816112891064925e+00
6.075553919184754341e+04 1.141511029058632110e+00
6.075553945190824015e+04 8.208633789511051715e-01
6.075553971196892962e+04 1.210172777959410251e+00
6.075553997202962637e+04 1.224493843558892792e+00
6.075554023209032312e+04 1.138403374696990378e+00
6.075554049215101259e+04 9.275508255732680674e-01
6.075554075221170206e+04 1.231004986917878963e+00
6.075554101227239880e+04 1.118588076503289397e+00
6.075554127233309555e+04 1.133072499460780147e+00
6.075554153239378502e+04 9.039086877038532419e-01
6.075554179245447449e+04 1.202868681735533407e+00
6.075554205251517124e+04 1.143571534891713259e+00
6.075554231257586798e+04 1.142224221371896276e+00
6.075554257263655018e+04 1.037788042219177642e+00
6.075554283269725420e+04 7.360642162573058922e-01
6.075554309275794367e+04 1.127205649280712763e+00
6.075554335281863314e+04 1.219254674406492711e+00
6.075554361287932988e+04 1.028853345021695231e+00
6.075554387294001936e+04 9.813899040702879217e-01
6.075554413300071610e+04 8.769154337088723716e-01
6.075554439306140557e+04 1.249712186526692248e+00
6.075554465312210232e+04 1.319176388913885223e+00
6.075554491318279906e+04 8.714469884149602663e-01
6.075554517324348853e+04 1.356778200542553492e+00
6.075554543330417800e+04 1.063884506901677796e+00
6.075554569336487475e+04 1.361976822955256905e+00
6.075554595342557150e+04 8.797412683555371204e-01
6.075554621348626097e+04 1.048498166183285507e+00
6.075554647354695044e+04 1.077952891827107074e+00
6.075554673360764718e+04 1.303319869578910550e+00
6.075554699366834393e+04 9.474601853930605388e-01
6.075554725372902612e+04 1.264692097624623646e+00
6.075554751378972287e+04 1.253556425581017209e+00
6.075554777385041962e+04 1.138447184534081558e+00
6.075554803391111636e+04 1.375360213663895825e+00
6.075554829397180583e+04 1.052490982166173428e+00
6.075554855403249530e+04 1.238858314205390609e+00
6.075554881409319205e+04 1.075334016077818422e+00
6.075554907415388152e+04 1.234924055700344248e+00
6.075554933421457827e+04 1.180239100502426197e+00
6.075554959427527501e+04 1.396447419692222969e+00
6.075554985433596448e+04 1.099631701421247332e+00
6.075555011439665395e+04 9.700534831607777742e-01
6.075555037445735070e+04 6.811478449740558938e-01
6.075555063451804017e+04 1.166773276309010843e+00
6.075555089457873692e+04 9.609208288637703932e-01
6.075555115463942639e+04 1.299351141127199183e+00
6.075555141470012313e+04 7.898180666350622658e-01
6.075555167476081988e+04 9.089859501463979363e-01
6.075555193482150935e+04 1.179396533290040905e+00
6.075555219488219882e+04 9.558528688315863775e-01
6.075555245494289557e+04 8.282734762101621184e-01
6.075555271500359231e+04 1.204795875607715283e+00
6.075555297506428906e+04 1.120772735500833672e+00
6.075555323512497125e+04 8.063001270588736613e-01
6.075555349518566800e+04 1.363687539948331251e+00
6.075555375524636474e+04 1.110256237544624103e+00
6.075555401530705421e+04 1.371261277881314244e+00
6.075555427536775096e+04 1.004215737521131580e+00
6.075555453542844043e+04 8.957043491777739730e-01
6.075555479548913718e+04 1.308048815239177154e+00
6.075555505554983392e+04 1.270609848790710261e+00
6.075555531561051612e+04 1.151054776526971191e+00
6.075555557567121286e+04 1.054895202408802524e+00
6.075555583573190961e+04 9.661074271002475511e-01
6.075555609579260636e+04 1.197606955829707109e+00
6.075555635585329583e+04 8.311424211280723506e-01
6.075555661591398530e+04 1.128222743879370160e+00
6.075555687597468204e+04 1.009543419732728875e+00
6.075555713603537879e+04 1.114644900128273219e+00
6.075555739609607554e+04 1.101276622431724528e+00
6.075555765615676501e+04 1.131400981578277287e+00
6.075555791621745448e+04 1.282006881731671877e+00
6.075555817627815122e+04 8.429684519283161537e-01
6.075555843633884797e+04 1.089274181804927855e+00
6.075555869639953016e+04 8.650776526933096067e-01
6.075555895646022691e+04 9.292135560168436337e-01
6.075555921652092366e+04 1.108473523710049813e+00
6.075555947658162040e+04 8.892581966817165728e-01
6.075555973664230987e+04 1.183810740865559152e+00
6.075555999670299934e+04 9.173739776484753916e-01
6.075556025676369609e+04 9.716966321370513748e-01
6.075556051682439283e+04 1.228110715454509894e+00
6.075556077688508958e+04 1.241311868564037413e+00
6.075556103694577905e+04 1.418993511519764938e+00
6.075556129700646852e+04 1.039806648706850467e+00
6.075556155706716527e+04 6.413721417355657817e-01
6.075556181712786201e+04 1.006002189497130272e+00
6.075556207718854421e+04 9.737612665443045046e-01
6.075556233724924095e+04 9.612343251281066925e-01
6.075556259730993770e+04 1.286384989183680494e+00
6.075556285737063445e+04 1.203761586350826196e+00
6.075556311743133119e+04 1.075466827833979844e+00
6.075556337749201339e+04 1.042088789437370266e+00
6.075556504896522529e+04 9.930358766361705447e-01
6.075556530902591476e+04 1.030410136036023605e+00
6.075556556908661150e+04 1.286348526805098924e+00
6.075556582914730097e+04 9.802280163640321176e-01
6.075556608920799772e+04 1.487920979190604287e+00
6.075556634926869447e+04 5.639585978357130047e-01
6.075556660932938394e+04 1.298161647855778700e+00
6.075556686939008068e+04 9.603186296360969321e-01
6.075556712945077015e+04 1.095390913422110479e+00
6.075556738951146690e+04 1.138435169505658040e+00
6.075556764957216365e+04 1.388726570573842523e+00
6.075556790963285312e+04 9.986734010815004892e-01
6.075556816969354986e+04 8.524695769728598549e-01
6.075556842975423933e+04 8.580983035026854555e-01
6.075556868981492880e+04 8.349910730575936801e-01
6.075556894987563282e+04 9.581116474035622499e-01
6.075556920993632230e+04 1.373231323108472068e+00
6.075556946999701904e+04 9.019311476074076683e-01
6.075556973005770851e+04 1.138499980775062204e+00
6.075556999011839798e+04 9.181057141784474407e-01
6.075557025017909473e+04 1.090116313182766916e+00
6.075557051023979147e+04 9.174704265076562004e-01
6.075557077030048822e+04 9.236500713222212111e-01
6.075557103036117769e+04 1.044982460565467619e+00
6.075557129042186716e+04 7.362575998460511029e-01
6.075557155048256391e+04 1.019265202962158945e+00
6.075557181054326065e+04 1.146783794983925908e+00
6.075557207060395740e+04 9.319282632851376702e-01
6.075557233066464687e+04 1.379289488120965412e+00
6.075557259072533634e+04 1.234562262602495686e+00
6.075557285078603309e+04 8.779608219991061890e-01
6.075557311084672983e+04 1.020982771604662664e+00
6.075557337090741930e+04 8.969726430084095092e-01
6.075557363096811605e+04 1.192209878306819348e+00
6.075557389102880552e+04 1.137821636761068955e+00
6.075557415108950227e+04 1.121091792612488813e+00
6.075557441115019901e+04 9.678715185563345758e-01
6.075557467121088848e+04 1.019285516976454087e+00
6.075557493127158523e+04 9.686116817460486139e-01
6.075557519133227470e+04 8.607101944931675463e-01
6.075557545139297144e+04 8.985892628421060513e-01
6.075557571145366819e+04 1.051457833669672937e+00
6.075557597151435766e+04 1.108602505113811532e+00
6.075557623157505441e+04 1.181308681664141824e+00
6.075557649163575115e+04 9.759294221299792405e-01
6.075557675169643335e+04 1.337682708638021190e+00
6.075557701175713009e+04 1.216770144010796972e+00
6.075557727181782684e+04 1.166291614456820724e+00
6.075557753187852359e+04 1.326381083750209244e+00
6.075557779193922033e+04 1.428462836864518026e+00
6.075557805199990980e+04 9.335246503371557036e-01
6.075557831206059927e+04 9.691486306265374440e-01
6.075557857212129602e+04 1.253056214381877087e+00
6.075557883218199277e+04 1.128737599595198926e+00
6.075557909224268951e+04 1.148080816230988788e+00
6.075557935230337898e+04 1.103374330008997317e+00
6.075557961236407573e+04 1.130310491063093448e+00
6.075557987242476520e+04 1.221182255144090512e+00
6.075558013248546195e+04 1.061301966608672709e+00
6.075558039254615869e+04 9.007032188122908734e-01
6.075558065260684816e+04 1.020540229334088167e+00
6.075558091266754491e+04 9.286718004840708307e-01
6.075558117272824165e+04 1.164389880217361561e+00
6.075558143278892385e+04 8.471351806633731218e-01
6.075558169284962059e+04 1.135647593100554076e+00
6.075558195291031734e+04 9.087399362723095342e-01
6.075558221297101409e+04 1.345281711389582302e+00
6.075558247303171083e+04 1.154279235478856469e+00
6.075558273309240030e+04 1.358856024150742137e+00
6.075558299315309705e+04 1.213019958327413717e+00
6.075558325321378652e+04 1.037484401367945175e+00
6.075558351327448327e+04 1.206001481795237362e+00
6.075558377333518001e+04 1.102175999482827073e+00
6.075558403339586948e+04 8.621964136365800613e-01
6.075558429345656623e+04 9.208132632142237428e-01
6.075558455351726298e+04 1.075907859790938170e+00
6.075558481357794517e+04 8.741311840959719026e-01
6.075558507363864192e+04 1.059089945131892030e+00
6.075558533369933866e+04 1.051001820345589532e+00
6.075558559376003541e+04 8.155050222524244941e-01
6.075558585382073215e+04 8.633447646647524065e-01
6.075558611388142162e+04 1.121234795988894417e+00
6.075558637394211837e+04 7.282988998118070656e-01
6.075558663400280784e+04 1.210438205695054670e+00
6.075558689406350459e+04 7.778669360138017463e-01
6.075558715412420133e+04 9.042938514077570877e-01
6.075558741418489080e+04 1.004737984710793786e+00
6.075558767424558755e+04 1.057375312349191798e+00
6.075558793430628430e+04 8.957384390184376377e-01
6.075558819436697377e+04 1.053013718927286568e+00
6.075558845442767051e+04 7.446648182237339819e-01
6.075558871448835998e+04 9.700967103864438501e-01
6.075558897454905673e+04 9.716050388533173932e-01
6.075558923460975348e+04 9.903613546894988184e-01
6.075558949467044295e+04 8.134754132741394139e-01
6.075558975473113969e+04 9.796096341263976770e-01
6.075559001479183644e+04 1.453224049271951035e+00
6.075559027485253318e+04 8.088786144836833669e-01
6.075559053491322265e+04 1.026650175903970341e+00
6.075559079497391212e+04 9.510635991732176997e-01
6.075559105503460887e+04 1.038253685593183206e+00
6.075559131509530562e+04 1.131610516504327979e+00
6.075559157515600236e+04 9.624988923331881940e-01
6.075559183521669911e+04 1.140921596709990382e+00
6.075559209527738858e+04 9.816989523204624479e-01
6.075559235533808533e+04 1.057300170712648146e+00
6.075559261539877480e+04 8.508372215157885554e-01
6.075559287545946427e+04 1.254548984587073424e+00
6.075559313552016101e+04 1.049913603611560831e+00
6.075559339558085776e+04 1.288750578566411287e+00
6.075559494101491873e+04 6.568328164187201557e-01
6.075559520107561548e+04 1.231550370537490835e+00
6.075559546113631222e+04 1.115943279754980866e+00
6.075559572119700897e+04 1.044076743047055000e+00
6.075559598125769844e+04 1.387838949739863104e+00
6.075559624131839519e+04 1.059173359555723559e+00
6.075559650137908466e+04 1.004487159664793960e+00
6.075559676143977413e+04 8.171949125121901192e-01
6.075559702150047087e+04 8.300997365060905908e-01
6.075559728156116762e+04 1.055843718176007862e+00
6.075559754162186437e+04 1.014504342102282353e+00
6.075559780168256111e+04 1.114333902193797465e+00
6.075559806174325058e+04 7.362144399599457323e-01
6.075559832180394733e+04 1.170448418760551945e+00
6.075559858186464407e+04 1.206917402304548137e+00
6.075559884192533355e+04 9.119680077628929959e-01
6.075559910198603029e+04 8.964525686171435082e-01
6.075559936204671976e+04 8.327897218270187141e-01
6.075559962210741651e+04 9.536244498897271660e-01
6.075559988216811325e+04 1.244933955948341664e+00
6.075560014222880272e+04 1.172783032341456755e+00
6.075560040228950675e+04 1.124414961521803979e+00
6.075560066235019622e+04 1.176827484430328141e+00
6.075560092241089296e+04 1.170366173974972890e+00
6.075560118247158971e+04 7.188775325465808219e-01
6.075560144253227918e+04 8.101360410212871122e-01
6.075560170259296865e+04 8.981124808166429663e-01
6.075560196265366540e+04 4.350407926100677281e-01
6.075560222271436214e+04 1.005728629455358458e+00
6.075560248277505889e+04 8.527158391495595069e-01
6.075560274283574836e+04 9.239148025449439583e-01
6.075560300289644510e+04 1.105715397507742059e+00
6.075560326295714185e+04 1.048903765905853991e+00
6.075560352301783860e+04 9.125363593951899555e-01
6.075560378307853534e+04 8.509540304192156901e-01
6.075560404313922481e+04 9.637932997401648105e-01
6.075560430319992156e+04 1.092786772577326815e+00
6.075560456326061831e+04 8.882410279029426814e-01
6.075560482332130050e+04 6.854889561757054883e-01
6.075560508338199725e+04 8.936639552868697045e-01
6.075560534344269399e+04 1.058126223712644753e+00
6.075560560350339074e+04 7.818351514788796086e-01
6.075560586356408749e+04 1.237006453200399037e+00
6.075560612362477696e+04 1.297729737300317820e+00
6.075560638368547370e+04 6.787359804884348646e-01
6.075560664374617045e+04 9.392009972483443825e-01
6.075560690380686719e+04 7.964910158403581963e-01
6.075560716386756394e+04 1.104548894842005025e+00
6.075560742392825341e+04 1.091553142022094525e+00
6.075560768398895016e+04 8.051794341989922943e-01
6.075560794404964690e+04 1.120340893949680616e+00
6.075560820411032910e+04 1.003865024562638819e+00
6.075560846417102584e+04 9.375041682101118434e-01
6.075560872423172259e+04 8.782184514158635213e-01
6.075560898429241934e+04 7.118544853977099018e-01
6.075560924435311608e+04 7.570198872595412798e-01
6.075560950441380555e+04 1.057533855764642539e+00
6.075560976447450230e+04 1.015475658434644712e+00
6.075561002453519905e+04 1.128289347498608208e+00
6.075561028459589579e+04 8.364461903071883642e-01
6.075561054465659254e+04 9.310220732460678938e-01
6.075561080471728201e+04 1.069645275554596653e+00
6.075561106477797875e+04 7.797121475755219855e-01
6.075561132483867550e+04 1.064575634265149784e+00
6.075561158489937225e+04 8.399549915975935699e-01
6.075561184496006899e+04 9.311620102286773948e-01
6.075561210502075846e+04 8.943851456104523479e-01
6.075561236508144793e+04 8.015478799029096546e-01
6.075561262514214468e+04 8.421964786771766187e-01
6.075561288520283415e+04 1.002975444325986842e+00
6.075561314526353090e+04 1.061581509401828383e+00
6.075561340532422764e+04 1.057832704900211418e+00
6.075561366538492439e+04 9.459125832338524109e-01
6.075561392544562113e+04 8.258926211019890218e-01
6.075561418550631060e+04 8.817860056341668695e-01
6.075561444556700735e+04 8.489763006006979529e-01
6.075561470562770410e+04 1.135501457350014842e+00
6.075561496568840084e+04 1.031147898127737328e+00
6.075561522574909759e+04 9.778126807636557949e-01
6.075561548580978706e+04 1.125167264204430362e+00
6.075561574587048381e+04 9.478466665403740832e-01
6.075561600593118055e+04 9.387608016804516176e-01
6.075561626599187002e+04 1.139677673778966227e+00
6.075561652605256677e+04 1.084788458442480286e+00
6.075561678611326352e+04 8.194405834021312174e-01
6.075561704617396026e+04 1.162810796691567283e+00
6.075561730623465701e+04 9.167982399714712516e-01
6.075561756629534648e+04 6.123221757392972586e-01
6.075561782635604322e+04 1.082697943205163549e+00
6.075561808641673269e+04 9.152222971733608992e-01
6.075561834647742944e+04 8.096928148327156016e-01
6.075561860653812619e+04 8.531871983853611674e-01
6.075561886659881566e+04 1.112719428784940456e+00
6.075561912665951240e+04 7.282303803152234689e-01
6.075561938672020915e+04 1.066568419993344286e+00
6.075561964678089862e+04 7.358444668900053776e-01
6.075561990684160264e+04 1.089034153916746961e+00
6.075562016690229211e+04 8.754337958639197836e-01
6.075562042696298886e+04 8.050927085153526397e-01
6.075562068702368560e+04 7.616401387064590800e-01
6.075562094708437508e+04 9.317817451724822453e-01
6.075562120714507182e+04 1.219802407819582157e+00
6.075562146720576857e+04 9.441951111111781536e-01
6.075562172726646531e+04 8.919494828146912191e-01
6.075562198732716206e+04 7.159540236312056383e-01
6.075562224738785153e+04 8.904531395775726610e-01
6.075562250744854828e+04 1.317424763253964626e+00
6.075562276750924502e+04 8.332503857103070732e-01
6.075562302756994177e+04 8.831226521891107906e-01
6.075562328763063852e+04 9.586994763026011057e-01
6.075562490904599690e+04 8.524303985634058556e-01
6.075562516909990518e+04 5.935455911530072015e-01
6.075562542915379890e+04 9.000968563516011933e-01
6.075562568920769263e+04 9.712278711597561731e-01
6.075562594926160091e+04 1.231545398923127754e+00
6.075562620931549463e+04 7.785495131854124340e-01
6.075562646936939564e+04 9.383924483566498109e-01
6.075562672942329664e+04 8.996028833865055141e-01
6.075562698947719036e+04 1.179030056466104925e+00
6.075562724953109864e+04 6.641195590936020965e-01
6.075562750958499237e+04 8.315798243329374229e-01
6.075562776963889337e+04 9.772284372356482285e-01
6.075562802969280165e+04 1.150604335270997813e+00
6.075562828974669537e+04 8.181123235730280996e-01
6.075562854980059637e+04 8.585587283199750397e-01
6.075562880985449738e+04 8.225211311775997292e-01
6.075562906990839110e+04 9.215352653657057358e-01
6.075562932996229938e+04 8.632199381593796961e-01
6.075562959001619311e+04 8.204712025290380462e-01
6.075562985007009411e+04 7.690380150321581842e-01
6.075563011012399511e+04 7.183181942785223928e-01
6.075563037017788884e+04 7.743073535148963238e-01
6.075563063023179711e+04 8.172578476013604432e-01
6.075563089028569084e+04 8.666126752537987032e-01
6.075563115033958456e+04 9.430206439116255446e-01
6.075563141039349284e+04 1.080255589572166386e+00
6.075563167044738657e+04 1.225609296185295793e+00
6.075563193050128757e+04 9.135681272071239922e-01
6.075563219055518857e+04 8.457080931834214388e-01
6.075563245060908230e+04 1.061181904136190068e+00
6.075563271066299058e+04 6.921068491630406605e-01
6.075563297071688430e+04 1.369971222712107695e+00
6.075563323077078530e+04 5.333942219999007195e-01
6.075563349082468631e+04 9.635518023074415295e-01
6.075563375087858003e+04 9.625483887043840836e-01
6.075563401093248831e+04 9.984789555305821906e-01
6.075563427098638203e+04 7.155587054168187633e-01
6.075563453104027576e+04 8.714346486669339864e-01
6.075563479109418404e+04 9.815716435302916931e-01
6.075563505114807776e+04 8.272407400088290785e-01
6.075563531120197877e+04 9.012198554822868912e-01
6.075563557125588704e+04 1.156135622702793020e+00
6.075563583130978077e+04 7.972282874318625812e-01
6.075563609136368905e+04 1.114019625728624563e+00
6.075563635141758277e+04 1.242281169873989288e+00
6.075563661147148377e+04 9.398658155993198093e-01
6.075563687152538478e+04 1.008173507802741842e+00
6.075563713157927850e+04 7.536216502429115005e-01
6.075563739163318678e+04 8.514836167213701845e-01
6.075563765168708051e+04 7.428054520868025978e-01
6.075563791174097423e+04 1.302213847108566691e+00
6.075563817179488251e+04 7.274493305159752676e-01
6.075563843184877624e+04 1.214158547807507205e+00
6.075563869190267724e+04 1.365217843426639099e+00
6.075563895195657824e+04 8.152952020250734400e-01
6.075563921201047197e+04 8.241988091027795393e-01
6.075563947206438024e+04 7.698197503890988891e-01
6.075563973211827397e+04 1.068418600644436944e+00
6.075563999217217497e+04 1.024677778177676801e+00
6.075564025222608325e+04 9.674121633954421151e-01
6.075564051227997697e+04 9.128533101525415638e-01
6.075564077233388525e+04 8.979027706533516673e-01
6.075564103238777898e+04 6.329559663032807704e-01
6.075564129244167270e+04 8.302176567626464720e-01
6.075564155249558098e+04 7.396230366949180235e-01
6.075564181254947471e+04 1.053878116202459969e+00
6.075564207260337571e+04 6.724479918662993327e-01
6.075564233265727671e+04 8.247977573782137029e-01
6.075564259271117044e+04 7.138088410076869339e-01
6.075564285276507871e+04 8.925590630262700831e-01
6.075564311281897244e+04 1.058326976908719796e+00
6.075564337287286617e+04 1.131943130291812594e+00
6.075564363292677444e+04 8.209895000821176847e-01
6.075564389298066817e+04 1.012899318955836625e+00
6.075564415303458372e+04 1.012779680484125810e+00
6.075564441308847745e+04 7.955728055903130702e-01
6.075564467314237118e+04 1.062793389333098748e+00
6.075564493319627945e+04 1.012633863482668817e+00
6.075564519325017318e+04 8.120985523712314080e-01
6.075564545330407418e+04 8.469359262660406396e-01
6.075564571335797518e+04 7.100604815147325555e-01
6.075564597341186891e+04 1.151536485337391946e+00
6.075564623346577719e+04 9.332622537696869669e-01
6.075564649351967091e+04 8.705199142468044160e-01
6.075564675357356464e+04 9.430492516586612695e-01
6.075564701362747292e+04 7.641343649453595788e-01
6.075564727368136664e+04 9.864715405860359221e-01
6.075564753373527492e+04 9.660896272896046799e-01
6.075564779378917592e+04 8.385857896003358070e-01
6.075564805384306965e+04 1.243899595331677377e+00
6.075564831389697792e+04 1.071676684814479419e+00
6.075564857395087165e+04 9.600973966964915229e-01
6.075564883400477265e+04 1.021882059168096157e+00
6.075564909405867365e+04 9.830187792360737253e-01
6.075564935411256738e+04 6.963812976516507991e-01
6.075564961416647566e+04 8.981103484327417341e-01
6.075564987422036938e+04 1.078505104284545935e+00
6.075565013427426311e+04 7.020578558438912431e-01
6.075565039432817866e+04 9.191732551289771846e-01
6.075565065438207239e+04 7.171401949949184340e-01
6.075565091443597339e+04 5.856234649353309063e-01
6.075565117448987439e+04 6.859093677442094084e-01
6.075565143454376812e+04 1.155515408247977494e+00
6.075565169459767640e+04 9.744307229347728416e-01
6.075565195465157012e+04 9.071062557863857068e-01
6.075565221470547112e+04 9.277462384510138937e-01
6.075565247475937213e+04 1.153954803254175987e+00
6.075565273481326585e+04 8.137190471823793070e-01
6.075565299486718141e+04 9.913462251970265315e-01
6.075565325492107513e+04 1.238051032005911267e+00
6.075565492676799477e+04 1.079133091713462500e+00
6.075565518682868424e+04 9.479784580913964698e-01
6.075565544688938098e+04 7.551976110625359118e-01
6.075565570695007773e+04 1.067626233055754881e+00
6.075565596701077448e+04 7.059020669587018348e-01
6.075565622707147122e+04 9.480356818587897250e-01
6.075565648713216069e+04 9.139778631675553600e-01
6.075565674719285744e+04 1.139866224926346705e+00
6.075565700725356146e+04 9.882108145443794234e-01
6.075565726731425821e+04 8.809330563466538644e-01
6.075565752737495495e+04 1.271402121052757073e+00
6.075565778743564442e+04 8.722051227122351591e-01
6.075565804749634117e+04 9.160648991328372848e-01
6.075565830755703792e+04 6.505546256389708182e-01
6.075565856761772739e+04 7.419513568395423864e-01
6.075565882767842413e+04 1.080392509097318765e+00
6.075565908773912088e+04 9.903928687773719819e-01
6.075565934779981762e+04 1.021109912409975173e+00
6.075565960786051437e+04 1.277323954661563787e+00
6.075565986792121112e+04 6.559042331186681896e-01
6.075566012798190786e+04 9.934121386611665105e-01
6.075566038804260461e+04 9.012857233718002403e-01
6.075566064810330136e+04 8.304703197871275977e-01
6.075566090816399810e+04 8.388096685311213774e-01
6.075566116822468757e+04 1.047805338782779039e+00
6.075566142828538432e+04 9.539660224128304611e-01
6.075566168834608106e+04 1.131273424495357949e+00
6.075566194840677781e+04 9.502873082211820144e-01
6.075566220846748183e+04 9.028222552610967178e-01
6.075566246852817130e+04 8.955318499488078565e-01
6.075566272858886805e+04 1.066572002992270063e+00
6.075566298864956480e+04 1.157298498763609018e+00
6.075566324871025427e+04 8.597758655597991240e-01
6.075566350877095101e+04 1.041702500964108991e+00
6.075566376883164776e+04 6.126735682197865795e-01
6.075566402889234450e+04 9.713523545100305467e-01
6.075566428895304125e+04 9.441070230184380740e-01
6.075566454901373800e+04 1.275991741950896596e+00
6.075566480907443474e+04 9.488675894262930122e-01
6.075566506913513149e+04 8.181331375941984785e-01
6.075566532919582824e+04 7.528410939866750917e-01
6.075566558925652498e+04 8.059004728468978085e-01
6.075566584931721445e+04 1.026170345470799772e+00
6.075566610937791120e+04 8.758034384806621109e-01
6.075566636943860794e+04 8.170352889489777004e-01
6.075566662949930469e+04 8.780985925520310431e-01
6.075566688956000144e+04 7.135726820769162648e-01
6.075566714962069818e+04 9.253031352777232321e-01
6.075566740968139493e+04 8.562410325209076634e-01
6.075566766974209168e+04 7.797337508359679648e-01
6.075566792980278115e+04 9.860177243226694310e-01
6.075566818986347789e+04 8.324016614579167195e-01
6.075566844992417464e+04 9.743406714588106476e-01
6.075566870998487866e+04 9.416580370061656824e-01
6.075566897004557541e+04 9.777524170138622850e-01
6.075566923010626488e+04 7.127486206291132609e-01
6.075566949016696162e+04 9.748131165407186716e-01
6.075566975022765837e+04 8.933774198954606005e-01
6.075567001028834784e+04 8.230160158469437270e-01
6.075567027034905186e+04 9.804204410299653949e-01
6.075567053040974133e+04 1.134103402526385862e+00
6.075567079047044535e+04 8.542150720785041118e-01
6.075567105053114210e+04 8.601824460478091350e-01
6.075567131059183157e+04 1.108400349290735276e+00
6.075567157065252832e+04 1.073727022138120324e+00
6.075567183071322506e+04 1.019854699470484016e+00
6.075567209077392181e+04 1.148073327032133495e+00
6.075567235083461856e+04 7.598665678972074122e-01
6.075567261089531530e+04 7.271656090367494274e-01
6.075567287095601205e+04 1.001364617940430968e+00
6.075567313101670879e+04 7.522778308173059258e-01
6.075567339107740554e+04 8.010834268912744305e-01
6.075567365113810229e+04 9.733275729091581674e-01
6.075567391119879176e+04 8.443528011975925951e-01
6.075567417125948850e+04 8.357409837780696016e-01
6.075567443132019253e+04 7.894693344036712856e-01
6.075567469138088200e+04 9.302097138540824650e-01
6.075567495144157874e+04 8.059049532667591498e-01
6.075567521150227549e+04 9.595532685028470565e-01
6.075567547156297223e+04 9.839894938814226499e-01
6.075567573162366898e+04 9.074729448053504566e-01
6.075567599168436573e+04 1.145185480142390855e+00
6.075567625174506247e+04 7.328137120759119494e-01
6.075567651180575922e+04 1.123151861818440844e+00
6.075567677186645597e+04 9.591835310660339342e-01
6.075567703192715271e+04 7.529919141211263156e-01
6.075567729198784218e+04 9.572523008558040392e-01
6.075567755204853893e+04 7.376486357500248170e-01
6.075567781210924295e+04 6.349511024474426835e-01
6.075567807216993242e+04 1.018106346118425432e+00
6.075567833223062917e+04 7.337099864498999313e-01
6.075567859229132591e+04 1.048568737280483054e+00
6.075567885235202266e+04 8.352626875780355675e-01
6.075567911241271941e+04 1.115453054077054196e+00
6.075567937247341615e+04 1.000227542748478360e+00
6.075567963253411290e+04 8.876897865661563802e-01
6.075567989259480964e+04 8.665979193872670461e-01
6.075568015265550639e+04 6.836650145721643312e-01
6.075568041271620314e+04 8.503858411996739752e-01
6.075568067277689261e+04 9.641549593989664491e-01
6.075568093283759663e+04 7.466607764383915713e-01
6.075568119289829338e+04 7.599215354726182037e-01
6.075568145295898285e+04 7.149108588038367573e-01
6.075568171301968687e+04 8.674661387310602656e-01
6.075568197308037634e+04 7.950338398438110410e-01
6.075568223314107308e+04 8.715381598727348633e-01
6.075568249320177711e+04 7.075462975489226203e-01
6.075568275326246658e+04 6.398431183901837072e-01
6.075568301332316332e+04 7.061692956442205960e-01
6.075568327338386007e+04 1.251284563899970559e+00
6.075568483179301256e+04 7.918498157975548679e-01
6.075568509184680443e+04 8.790840294948455425e-01
6.075568535190059629e+04 7.597306393575393724e-01
6.075568561195438815e+04 7.894387931109696499e-01
6.075568587200818729e+04 1.184368583973491429e+00
6.075568613206199370e+04 1.027423086690821163e+00
6.075568639211578557e+04 8.827514717991520321e-01
6.075568665216957743e+04 9.625212666811161499e-01
6.075568691222336929e+04 9.498467543989004280e-01
6.075568717227716115e+04 9.512073734763828448e-01
6.075568743233096029e+04 1.004591184816331806e+00
6.075568769238475215e+04 1.105992665649966566e+00
6.075568795243854402e+04 9.922834670757881836e-01
6.075568821249233588e+04 8.034473718338513981e-01
6.075568847254613502e+04 9.462574145514373036e-01
6.075568873259992688e+04 9.704173843318055770e-01
6.075568899265372602e+04 1.090535179621466622e+00
6.075568925270752516e+04 8.041076791593599893e-01
6.075568951276131702e+04 8.711256870648472761e-01
6.075568977281511616e+04 7.744926039031524434e-01
6.075569003286890802e+04 1.041183175358295854e+00
6.075569029292269988e+04 8.704243386746413069e-01
6.075569055297649174e+04 8.914106933017190704e-01
6.075569081303029088e+04 1.075376022609684679e+00
6.075569107308408275e+04 8.737813798070726001e-01
6.075569133313787461e+04 1.098088317242286616e+00
6.075569159319166647e+04 9.858174780756744360e-01
6.075569185324547288e+04 9.305854716093105994e-01
6.075569211329927202e+04 9.275525035575530319e-01
6.075569237335306389e+04 1.059818305065933330e+00
6.075569263340685575e+04 1.039882927149235803e+00
6.075569289346064761e+04 9.124467255299448798e-01
6.075569315351444675e+04 9.559397578744522894e-01
6.075569341356823861e+04 8.775642649468461398e-01
6.075569367362203047e+04 1.087439688581273600e+00
6.075569393367582234e+04 1.077246264313914459e+00
6.075569419372962147e+04 8.519728943058286763e-01
6.075569445378341334e+04 1.259461436071250606e+00
6.075569471383720520e+04 8.399651530798957211e-01
6.075569497389100434e+04 1.009238829658236192e+00
6.075569523394481075e+04 6.827822287217868436e-01
6.075569549399860261e+04 1.020086730745428216e+00
6.075569575405239448e+04 1.091405407226896829e+00
6.075569601410618634e+04 7.787322887592742493e-01
6.075569627415998548e+04 6.594044038226218873e-01
6.075569653421377734e+04 8.961776335443599750e-01
6.075569679426756920e+04 8.819395151002767941e-01
6.075569705432136107e+04 8.550542549857789165e-01
6.075569731437516020e+04 8.036538342771877286e-01
6.075569757442895207e+04 9.174313637382157660e-01
6.075569783448274393e+04 5.502988091465066400e-01
6.075569809453654307e+04 9.957027445529772480e-01
6.075569835459034948e+04 7.023192400614711728e-01
6.075569861464414134e+04 8.548393420248610042e-01
6.075569887469793321e+04 8.078237015756583039e-01
6.075569913475172507e+04 1.079537804102897791e+00
6.075569939480552421e+04 1.073993865292854233e+00
6.075569965485931607e+04 5.858375726800953975e-01
6.075569991491310793e+04 8.546372901739750505e-01
6.075570017496689979e+04 1.073996897831487773e+00
6.075570043502069893e+04 6.569567308187543864e-01
6.075570069507449080e+04 8.665644101102080166e-01
6.075570095512828993e+04 1.024652686582792294e+00
6.075570121518208907e+04 9.928149055998846118e-01
6.075570147523588821e+04 7.462448398805617833e-01
6.075570173528968007e+04 1.067780447505317420e+00
6.075570199534347194e+04 8.277676268670404180e-01
6.075570225539727107e+04 1.030414853471992576e+00
6.075570251545106294e+04 1.013956177867157304e+00
6.075570277550485480e+04 7.397930324017901738e-01
6.075570303555864666e+04 7.504058332637281170e-01
6.075570329561244580e+04 1.036148378548169324e+00
6.075570355566623766e+04 1.148064439235118028e+00
6.075570381572002952e+04 6.215256249464843341e-01
6.075570407577382866e+04 7.132045462328234775e-01
6.075570433582763508e+04 8.107149035775779167e-01
6.075570459588142694e+04 6.586575733124324650e-01
6.075570485593521880e+04 1.077041022318670827e+00
6.075570511598901066e+04 8.895755203859687654e-01
6.075570537604280980e+04 1.219154377827663671e+00
6.075570563609660167e+04 1.020638623919800425e+00
6.075570589615039353e+04 9.898519942864149046e-01
6.075570615620419267e+04 9.221059534652584766e-01
6.075570641625798453e+04 9.066927353249155663e-01
6.075570667631177639e+04 8.101725103933545835e-01
6.075570693636557553e+04 1.075468384513410092e+00
6.075570719641938194e+04 8.547051345482191698e-01
6.075570745647317381e+04 7.260173962659545177e-01
6.075570771652696567e+04 1.139195705541537373e+00
6.075570797658076481e+04 1.071480063746913292e+00
6.075570823663455667e+04 9.297040388269435240e-01
6.075570849668834853e+04 1.011685361649911741e+00
6.075570875674214039e+04 1.043426143003796991e+00
6.075570901679593953e+04 9.135358104017420322e-01
6.075570927684973140e+04 8.597901113858854583e-01
6.075570953690352326e+04 8.135181147951704439e-01
6.075570979695732240e+04 1.037049736583095516e+00
6.075571005701112153e+04 8.405811994779673890e-01
6.075571031706492067e+04 1.033960083991634971e+00
6.075571057711871254e+04 7.178289288611449104e-01
6.075571083717251167e+04 8.716725717646143234e-01
6.075571109722630354e+04 7.857647235489902959e-01
6.075571135728009540e+04 8.620878129819877778e-01
6.075571161733389454e+04 1.027039447116551596e+00
6.075571187738768640e+04 8.288470849587418199e-01
6.075571213744147826e+04 8.434593604597655503e-01
6.075571239749527740e+04 1.056713014797137751e+00
6.075571265754906926e+04 8.748748427967953933e-01
6.075571291760286840e+04 9.802812222937639097e-01
6.075571317765666754e+04 6.945664835290707995e-01
6.075571474868715450e+04 1.111475951335691548e+00
6.075571500874785124e+04 7.658085793376416817e-01
6.075571526880854799e+04 9.620445609411285570e-01
6.075571552886924474e+04 9.612349356338617534e-01
6.075571578892994148e+04 1.001931735275721991e+00
6.075571604899063823e+04 8.800149000695326462e-01
6.075571630905133497e+04 9.317077480484037277e-01
6.075571656911203172e+04 1.259435181070086784e+00
6.075571682917273574e+04 9.081025693951687572e-01
6.075571708923342521e+04 7.924349023750272281e-01
6.075571734929412196e+04 7.789885647882466291e-01
6.075571760935482598e+04 1.154171731548574664e+00
6.075571786941552273e+04 1.020997228916995736e+00
6.075571812947621947e+04 6.442591096201042422e-01
6.075571838953690894e+04 1.006702531657448718e+00
6.075571864959761297e+04 8.297848084804975155e-01
6.075571890965830971e+04 9.879954035585517547e-01
6.075571916971899918e+04 8.878347995508150126e-01
6.075571942977970320e+04 5.728105442824455995e-01
6.075571968984039995e+04 8.526891689974677169e-01
6.075571994990109670e+04 9.278005850948235489e-01
6.075572020996180072e+04 7.447529536369910108e-01
6.075572047002249019e+04 6.912675892238562270e-01
6.075572073008318694e+04 1.103225986174922513e+00
6.075572099014388368e+04 7.911376820708918567e-01
6.075572125020458770e+04 8.634203028581158845e-01
6.075572151026528445e+04 1.074941837234888675e+00
6.075572177032597392e+04 6.851696456164287907e-01
6.075572203038667794e+04 1.185985906999406092e+00
6.075572229044737469e+04 1.023106088975599848e+00
6.075572255050806416e+04 1.010788958705756801e+00
6.075572281056877546e+04 1.071537470627590416e+00
6.075572307062946493e+04 1.217838769372938668e+00
6.075572333069016167e+04 7.218918708802255502e-01
6.075572359075086570e+04 8.959406272767627133e-01
6.075572385081155517e+04 8.463125725884204087e-01
6.075572411087225191e+04 6.592870222020711379e-01
6.075572437093294866e+04 9.540038430782087353e-01
6.075572463099365268e+04 1.009760470647522057e+00
6.075572489105434943e+04 7.740655743252174981e-01
6.075572515111503890e+04 8.284904452932758678e-01
6.075572541117574292e+04 8.265213406003921737e-01
6.075572567123643967e+04 8.102635627755261361e-01
6.075572593129713641e+04 1.031100425360328421e+00
6.075572619135784043e+04 1.393758887715708772e+00
6.075572645141852990e+04 6.551815232648995346e-01
6.075572671147922665e+04 7.511620449420461920e-01
6.075572697153993067e+04 6.353762517603106508e-01
6.075572723160062014e+04 9.826877635571766856e-01
6.075572749166131689e+04 8.213144557693098369e-01
6.075572775172202091e+04 7.277609906107773696e-01
6.075572801178271766e+04 7.129194021194089625e-01
6.075572827184341440e+04 9.996179486368542699e-01
6.075572853190411115e+04 8.862946458853473430e-01
6.075572879196480790e+04 9.905191401307933408e-01
6.075572905202550464e+04 9.969324221704916056e-01
6.075572931208620867e+04 8.023283135422010215e-01
6.075572957214690541e+04 6.740398075186566640e-01
6.075572983220759488e+04 1.129478996545546510e+00
6.075573009226829890e+04 1.150391888216851788e+00
6.075573035232899565e+04 1.036490549362742764e+00
6.075573061238968512e+04 7.509590010945988992e-01
6.075573087245038914e+04 9.632983369975536281e-01
6.075573113251108589e+04 1.104922328804593512e+00
6.075573139257178264e+04 7.792298300238270636e-01
6.075573165263248666e+04 8.761437047066846784e-01
6.075573191269317613e+04 1.048099685250476032e+00
6.075573217275387287e+04 9.616884548105287811e-01
6.075573243281457690e+04 1.028930148912608811e+00
6.075573269287527364e+04 9.432307926878943372e-01
6.075573295293597039e+04 1.015128455983679290e+00
6.075573321299666713e+04 8.554272534405784612e-01
6.075573347305736388e+04 1.024982712258424966e+00
6.075573373311806063e+04 8.481559690620468217e-01
6.075573399317875737e+04 8.160687164611712952e-01
6.075573425323946140e+04 7.961145814533810983e-01
6.075573451330015087e+04 8.647569378448992650e-01
6.075573477336085489e+04 8.649099793437612371e-01
6.075573503342155163e+04 1.083368556424639584e+00
6.075573529348224110e+04 6.399229703826722071e-01
6.075573555354294513e+04 8.692942334262045989e-01
6.075573581360364187e+04 9.270396554572951642e-01
6.075573607366434589e+04 8.273200081292642061e-01
6.075573633372504264e+04 7.861502294199155250e-01
6.075573659378573211e+04 8.330484838049426743e-01
6.075573685384643613e+04 1.020940183392148759e+00
6.075573711390713288e+04 1.006222006857176332e+00
6.075573737396782963e+04 9.363175683905152757e-01
6.075573763402853365e+04 6.495885410105609603e-01
6.075573789408922312e+04 1.228814071606428415e+00
6.075573815414991986e+04 8.218381390063735914e-01
6.075573841421062389e+04 8.902307563584614947e-01
6.075573867427131336e+04 6.681443340911858986e-01
6.075573893433201010e+04 1.065103858115730828e+00
6.075573919439271413e+04 7.213925284628620593e-01
6.075573945445341087e+04 9.334044815471826961e-01
6.075573971451411489e+04 8.340045947910398327e-01
6.075573997457480436e+04 7.747636728237300430e-01
6.075574023463550111e+04 1.095054473315066668e+00
6.075574049469620513e+04 9.374830079986901099e-01
6.075574075475690188e+04 7.583631009015153746e-01
6.075574101481759863e+04 8.494060314803837386e-01
6.075574127487829537e+04 9.596518499632712418e-01
6.075574153493899212e+04 8.708879026950683278e-01
6.075574179499969614e+04 1.148703282658156688e+00
6.075574205506038561e+04 9.131981959625123935e-01
6.075574231512108236e+04 6.525995564837365759e-01
6.075574257518178638e+04 7.873467634080284494e-01
6.075574283524248312e+04 1.171537721990163261e+00
6.075574309530317987e+04 5.853402538724596926e-01
6.075574483016229351e+04 1.011381567242744417e+00
6.075574509021608537e+04 6.851823807294524782e-01
6.075574535026989179e+04 1.071316429980627483e+00
6.075574561032369093e+04 5.357807944566678193e-01
6.075574587037748279e+04 8.489304474234038445e-01
6.075574613043128193e+04 9.443642720683630420e-01
6.075574639048507379e+04 8.700413235273599666e-01
6.075574665053887293e+04 7.740267619926627374e-01
6.075574691059266479e+04 7.570133247354464689e-01
6.075574717064645665e+04 8.821390042036544310e-01
6.075574743070025579e+04 8.634221958163399435e-01
6.075574769075404765e+04 9.788346324365235773e-01
6.075574795080784679e+04 6.714629333920035803e-01
6.075574821086163865e+04 8.175359900008762892e-01
6.075574847091544507e+04 7.171253587448370714e-01
6.075574873096924421e+04 7.630624281396680697e-01
6.075574899102303607e+04 9.157780422622315841e-01
6.075574925107683521e+04 7.917538512637933845e-01
6.075574951113062707e+04 1.106712794612807471e+00
6.075574977118442621e+04 7.893865572856164636e-01
6.075575003123821807e+04 8.201769938406809901e-01
6.075575029129201721e+04 1.016493870920543552e+00
6.075575055134580907e+04 7.622209810129642049e-01
6.075575081139960093e+04 8.890051431565941797e-01
6.075575107145340007e+04 8.853541396267406993e-01
6.075575133150719921e+04 9.123243309878960039e-01
6.075575159156100563e+04 9.901459962217605826e-01
6.075575185161479749e+04 9.227985393616503496e-01
6.075575211166859663e+04 9.569152769985864726e-01
6.075575237172238849e+04 8.597819457983738589e-01
6.075575263177618035e+04 6.746875297323640108e-01
6.075575289182997949e+04 6.989355212315708776e-01
6.075575315188377135e+04 8.700072246720982339e-01
6.075575341193757049e+04 7.390251885624736783e-01
6.075575367199136235e+04 7.904177018520105458e-01
6.075575393204516149e+04 9.836473780065261296e-01
6.075575419209895335e+04 1.064721539731951383e+00
6.075575445215275249e+04 1.011296421751742836e+00
6.075575471220655891e+04 1.187200749111201992e+00
6.075575497226035077e+04 7.556286408047901970e-01
6.075575523231414991e+04 1.085274288354850736e+00
6.075575549236794177e+04 8.655840312949243387e-01
6.075575575242174091e+04 1.140192983133293092e+00
6.075575601247553277e+04 7.662293306162770712e-01
6.075575627252933191e+04 6.468656156879984964e-01
6.075575653258312377e+04 1.063197636538512736e+00
6.075575679263691563e+04 1.303692351348727074e+00
6.075575705269071477e+04 8.881564755970882130e-01
6.075575731274451391e+04 1.117437599890372502e+00
6.075575757279832033e+04 6.167759581153711146e-01
6.075575783285211219e+04 5.627776169286281549e-01
6.075575809290591133e+04 8.147241269035375710e-01
6.075575835295970319e+04 8.774439528854383052e-01
6.075575861301350233e+04 5.480130040208553988e-01
6.075575887306729419e+04 1.050369376652402931e+00
6.075575913312109333e+04 8.098968273906242965e-01
6.075575939317488519e+04 9.431362340349298545e-01
6.075575965322867705e+04 1.300108846473720048e+00
6.075575991328247619e+04 9.243157547093294735e-01
6.075576017333626805e+04 1.174445109175549229e+00
6.075576043339007447e+04 1.031703737801986431e+00
6.075576069344387361e+04 7.713861903995963276e-01
6.075576095349767274e+04 1.091189313507918035e+00
6.075576121355146461e+04 9.423074821313102145e-01
6.075576147360526375e+04 1.255115999090346435e+00
6.075576173365905561e+04 1.150836681457127808e+00
6.075576199371285475e+04 7.806398416537373430e-01
6.075576225376664661e+04 8.452543630285669352e-01
6.075576251382044575e+04 8.190073251274090360e-01
6.075576277387423761e+04 7.739915955909129064e-01
6.075576303392802947e+04 7.328887822835251642e-01
6.075576329398183589e+04 9.398864007991262204e-01
6.075576355403563502e+04 1.116241780457805755e+00
6.075576381408943416e+04 1.250526386487085695e+00
6.075576407414322603e+04 7.984494971356962401e-01
6.075576433419702516e+04 1.223515333784623182e+00
6.075576459425081703e+04 7.417138211257239266e-01
6.075576485430461616e+04 8.752425351558011934e-01
6.075576511435840803e+04 8.767266230361542290e-01
6.075576537441220717e+04 1.021295932498047510e+00
6.075576563446599903e+04 9.684198638389386327e-01
6.075576589451979817e+04 9.276403826319704615e-01
6.075576615457359003e+04 1.073045085746291205e+00
6.075576641462739644e+04 7.979534178200050620e-01
6.075576667468119558e+04 1.070891264643981877e+00
6.075576693473499472e+04 1.167241681029731470e+00
6.075576719478878658e+04 5.447403726563215809e-01
6.075576745484258572e+04 9.857963903443193177e-01
6.075576771489637758e+04 8.240991611379431259e-01
6.075576797495017672e+04 1.272993103278590610e+00
6.075576823500396858e+04 6.654534502827770259e-01
6.075576849505776045e+04 1.101566991476707891e+00
6.075576875511155959e+04 9.022578933055857009e-01
6.075576901516535145e+04 8.362251908839545278e-01
6.075576927521915786e+04 1.089850725973423584e+00
6.075576953527295700e+04 1.206267581456453186e+00
6.075576979532675614e+04 1.015748687985168486e+00
6.075577005538054800e+04 1.043546537865455814e+00
6.075577031543434714e+04 8.067888074196756243e-01
6.075577057548813900e+04 1.115431771539288075e+00
6.075577083554193814e+04 9.523030988344443060e-01
6.075577109559573000e+04 9.511027203857469470e-01
6.075577135564952914e+04 1.149337551834717974e+00
6.075577161570332100e+04 1.024644341793740532e+00
6.075577187575712014e+04 8.291674972292834012e-01
6.075577213581091200e+04 6.953678889004329955e-01
6.075577239586471842e+04 1.223128549883445881e+00
6.075577265591851756e+04 9.749919876047536960e-01
6.075577291597231670e+04 1.234528700828140257e+00
6.075577317602610856e+04 9.056426070492877844e-01
