6.075585120116569306e+04 9.323683831727702653e-01
6.075585146121949219e+04 9.982588474986577864e-01
6.075585172127328406e+04 9.716223570692464895e-01
6.075585198132708319e+04 9.944709476070399123e-01
6.075585224138088233e+04 9.818306265112722864e-01
6.075585250143468147e+04 9.103348279030450962e-01
6.075585276148847333e+04 9.606221131213774633e-01
6.075585302154227247e+04 9.548377707008575133e-01
6.075585328159607161e+04 1.047974689777497526e+00
6.075585354164987803e+04 9.926703952129402042e-01
6.075585380170368444e+04 1.051899332100585394e+00
6.075585406175747630e+04 9.375470535457987031e-01
6.075585432181127544e+04 9.485130025221547578e-01
6.075585458186507458e+04 9.778767115776875185e-01
6.075585484191887372e+04 9.702765973767047969e-01
6.075585510197266558e+04 1.030898031489061673e+00
6.075585536202646472e+04 9.872505055310933919e-01
6.075585562208026386e+04 9.630718365419573823e-01
6.075585588213406299e+04 1.049286034483885910e+00
6.075585614218786213e+04 9.533575419736430856e-01
6.075585640224165400e+04 9.095168207665537130e-01
6.075585666229546041e+04 9.753090245656653723e-01
6.075585692234926682e+04 1.024012761970676477e+00
6.075585718240306596e+04 1.053396726387065829e+00
6.075585744245685783e+04 1.010436271494048910e+00
6.075585770251065696e+04 1.016175254894206459e+00
6.075585796256445610e+04 9.632935960515225382e-01
6.075585822261825524e+04 9.596098416986703628e-01
6.075585848267205438e+04 9.785827303649964337e-01
6.075585874272584624e+04 9.972488777515480241e-01
6.075585900277964538e+04 9.874898477427329624e-01
6.075585926283344452e+04 1.027356089549860796e+00
6.075585952288725093e+04 9.805466905557238544e-01
6.075585978294105735e+04 1.131583701823808408e+00
6.075586004299484921e+04 1.001171647239770701e+00
6.075586030304864835e+04 1.000539964438017515e+00
6.075586056310244749e+04 9.985224799613048319e-01
6.075586082315624662e+04 1.040181409007599811e+00
6.075586108321004576e+04 9.635436889960972140e-01
6.075586134326383763e+04 1.014624729116681001e+00
6.075586160331763676e+04 9.827342688464774101e-01
6.075586186337143590e+04 9.219200119502649615e-01
6.075586212342523504e+04 9.526444699050943266e-01
6.075586238347903418e+04 1.031129210610300939e+00
6.075586264353283332e+04 9.606836466111008388e-01
6.075586290358663973e+04 1.011482129148134401e+00
6.075586316364043887e+04 9.581505154834805138e-01
6.075586342369423801e+04 9.508422643738593250e-01
6.075586368374803715e+04 9.525713259696431123e-01
6.075586394380182901e+04 9.909093303184336454e-01
6.075586420385562815e+04 1.058139532677619288e+00
6.075586446390942729e+04 1.018782006959999098e+00
6.075586472396322642e+04 1.007873105236480438e+00
6.075586498401702556e+04 1.023842436867292927e+00
6.075586524407081743e+04 9.708675811919029730e-01
6.075586550412462384e+04 9.619567381031307596e-01
6.075586576417843025e+04 9.811185676262758060e-01
6.075586602423222939e+04 1.015496248990844119e+00
6.075586628428602853e+04 9.727519243608688804e-01
6.075586654433982039e+04 1.021918285328803355e+00
6.075586680439361953e+04 1.000531430027127300e+00
6.075586706444741867e+04 9.673556640365723602e-01
6.075586732450121781e+04 1.007631723877493446e+00
6.075586758455501695e+04 9.823531432900987070e-01
6.075586784460881609e+04 9.883717165787312409e-01
6.075586810466260795e+04 9.699191988743114390e-01
6.075586836471640709e+04 1.034713306918253695e+00
6.075586862477021350e+04 1.014272552211336720e+00
6.075586888482401991e+04 9.011302299440117070e-01
6.075586914487781905e+04 9.909868604212140886e-01
6.075586940493161092e+04 1.038468558678698805e+00
6.075586966498541005e+04 9.803466235691388198e-01
6.075586992503920919e+04 9.811554306626787403e-01
6.075587018509300833e+04 9.727620018602427532e-01
6.075587044514680747e+04 9.265058394533602915e-01
6.075587070520060661e+04 9.670983835187405564e-01
6.075587096525439847e+04 1.023109533953082240e+00
6.075587122530819761e+04 9.424567934152235926e-01
6.075587148536199675e+04 9.714472166359895411e-01
6.075587174541581044e+04 9.890477539158207820e-01
6.075587200546960958e+04 9.461848520679765340e-01
6.075587226552340871e+04 1.031445385834327100e+00
6.075587252557720058e+04 9.681395421411914670e-01
6.075587278563099972e+04 9.895680498394449076e-01
6.075587304568479885e+04 9.912254462546982170e-01
6.075587330573859799e+04 9.823029779142651297e-01
6.075587356579239713e+04 9.740132337577900312e-01
6.075587382584619627e+04 9.917181055877409834e-01
6.075587408589998813e+04 9.528028957742690208e-01
6.075587434595378727e+04 9.254893470458086524e-01
6.075587460600759368e+04 9.505301153936908110e-01
6.075587486606140010e+04 9.868004375356776992e-01
6.075587512611519924e+04 9.937410454551975914e-01
6.075587538616899838e+04 1.000944553174451412e+00
6.075587564622279751e+04 9.953614495014815322e-01
6.075587590627658938e+04 1.020195958860192986e+00
6.075587616633038851e+04 9.904784726179061138e-01
6.075587642638418765e+04 9.555946301985832614e-01
6.075587668643798679e+04 9.974507135748591491e-01
6.075587694649178593e+04 9.526152495782399532e-01
6.075587720654558507e+04 9.189402906078548705e-01
6.075587746659937693e+04 1.025815375370271454e+00
6.075587772665318334e+04 1.046076656859828535e+00
6.075587798670698976e+04 9.605396451724675932e-01
6.075587824676078890e+04 1.015264944599400421e+00
6.075587850681458804e+04 9.611102818471146669e-01
6.075587876686838717e+04 1.023794613060978076e+00
6.075587902692218631e+04 9.915170403611953676e-01
6.075587928697597818e+04 9.919135546926400870e-01
6.075587954702977731e+04 1.073860108914814315e+00
6.075588115586427011e+04 9.752157549530809932e-01
6.075588141592496686e+04 9.947569455202238675e-01
6.075588167598567088e+04 9.714212647805025025e-01
6.075588193604636763e+04 1.025708917497151207e+00
6.075588219610707165e+04 1.037567424784715087e+00
6.075588245616777567e+04 1.036511549887486172e+00
6.075588271622847242e+04 9.738752282704943308e-01
6.075588297628917644e+04 9.963195007020028138e-01
6.075588323634988046e+04 1.056012684044431493e+00
6.075588349641056993e+04 1.023088602840318107e+00
6.075588375647127395e+04 9.697752528900918101e-01
6.075588401653197798e+04 1.014438930662555860e+00
6.075588427659268200e+04 9.720093378061094302e-01
6.075588453665338602e+04 9.592125055361697683e-01
6.075588479671408277e+04 1.032471209196439643e+00
6.075588505677478679e+04 1.042951925226207166e+00
6.075588531683548354e+04 1.040063250621330759e+00
6.075588557689618756e+04 1.034659427274377208e+00
6.075588583695689158e+04 1.053242278836441725e+00
6.075588609701758833e+04 9.596743585745306504e-01
6.075588635707829235e+04 1.031767671169216305e+00
6.075588661713899637e+04 1.018187915808786093e+00
6.075588687719969312e+04 9.758630632773300784e-01
6.075588713726038986e+04 1.000481595041063931e+00
6.075588739732109389e+04 9.819935948078749588e-01
6.075588765738179791e+04 9.991031857428188667e-01
6.075588791744250193e+04 9.647062003677061570e-01
6.075588817750319868e+04 9.817494404710566114e-01
6.075588843756390270e+04 9.934116578539594622e-01
6.075588869762460672e+04 1.019418845910530003e+00
6.075588895768530347e+04 1.068995595291500011e+00
6.075588921774600749e+04 1.013157419488495137e+00
6.075588947780670424e+04 9.836127147402083937e-01
6.075588973786740826e+04 1.005155414725032559e+00
6.075588999792811228e+04 9.802983802590956586e-01
6.075589025798880903e+04 1.027483259793256831e+00
6.075589051804952032e+04 9.827357199908635099e-01
6.075589077811021707e+04 1.071680881544253117e+00
6.075589103817091382e+04 9.385970904670517534e-01
6.075589129823161784e+04 9.755717224264364162e-01
6.075589155829231458e+04 9.509729727967036750e-01
6.075589181835301861e+04 9.869202161638974680e-01
6.075589207841372263e+04 9.991216240506538560e-01
6.075589233847442665e+04 9.610981464489408710e-01
6.075589259853513067e+04 9.928857761156885120e-01
6.075589285859582742e+04 9.924842456839794158e-01
6.075589311865652417e+04 1.005218528348094109e+00
6.075589337871722819e+04 1.017977484402333266e+00
6.075589363877793221e+04 9.817446558416181857e-01
6.075589389883863623e+04 1.003565043420659109e+00
6.075589415889933298e+04 9.962005581374541174e-01
6.075589441896003700e+04 1.023079736949527696e+00
6.075589467902074102e+04 9.813534284783079764e-01
6.075589493908143777e+04 8.779321683353790151e-01
6.075589519914213452e+04 9.567592227387859971e-01
6.075589545920283854e+04 9.766874082495625720e-01
6.075589571926354256e+04 1.007024222334826247e+00
6.075589597932424658e+04 9.711585824737822836e-01
6.075589623938494333e+04 9.733922862136767939e-01
6.075589649944564735e+04 9.922757721714178247e-01
6.075589675950635137e+04 1.052883853324817043e+00
6.075589701956705539e+04 9.899467221867571665e-01
6.075589727962775942e+04 9.403740769872608318e-01
6.075589753968844889e+04 9.564458051758659707e-01
6.075589779974915291e+04 9.759027369446617861e-01
6.075589805980985693e+04 9.869576453597831422e-01
6.075589831987055368e+04 9.527463492427084013e-01
6.075589857993125770e+04 9.735944953915636191e-01
6.075589883999196172e+04 1.053189602250384826e+00
6.075589910005266574e+04 1.006277686110768954e+00
6.075589936011336977e+04 9.982556491717189395e-01
6.075589962017406651e+04 1.013708220069039490e+00
6.075589988023477054e+04 9.563598263033454838e-01
6.075590014029546728e+04 9.016975380152557618e-01
6.075590040035617130e+04 1.003852503863259749e+00
6.075590066041687533e+04 9.669288392318272640e-01
6.075590092047757207e+04 1.031571055373802448e+00
6.075590118053827609e+04 9.889573233098313265e-01
6.075590144059898012e+04 9.381118819677251031e-01
6.075590170065967686e+04 9.963767501216896916e-01
6.075590196072038816e+04 1.007078440227192395e+00
6.075590222078108491e+04 1.020268421387787727e+00
6.075590248084178893e+04 1.022797257347865862e+00
6.075590274090249295e+04 1.028531641524240481e+00
6.075590300096318242e+04 1.022829319428447903e+00
6.075590326102388644e+04 9.885726673920571805e-01
6.075590352108459047e+04 9.697805189339169241e-01
6.075590378114529449e+04 9.621737870572103501e-01
6.075590404120599851e+04 9.881791242586515089e-01
6.075590430126669526e+04 9.897682365173936514e-01
6.075590456132739928e+04 1.026309815747998622e+00
6.075590482138810330e+04 9.436890754520265157e-01
6.075590508144880732e+04 9.370394255748678569e-01
6.075590534150951135e+04 1.001909424147577443e+00
6.075590560157020809e+04 1.020718122973271580e+00
6.075590586163091211e+04 9.663406620272816383e-01
6.075590612169160886e+04 9.687678793772253050e-01
6.075590638175230561e+04 1.022103578992653139e+00
6.075590664181300963e+04 9.433010952950798833e-01
6.075590690187371365e+04 1.033695495888144356e+00
6.075590716193441767e+04 9.415864159882825213e-01
6.075590742199512169e+04 9.781043510744573677e-01
6.075590768205581844e+04 9.283842218473534746e-01
6.075590794211652246e+04 9.654032399211952553e-01
6.075590820217722649e+04 9.377649861700333433e-01
6.075590846223793051e+04 9.499705430614315826e-01
6.075590872229863453e+04 1.016356469361022530e+00
6.075590898235933128e+04 9.543250111977136241e-01
6.075590924242003530e+04 9.843089915115484922e-01
6.075590950248073932e+04 9.727147008451931809e-01
6.075591106051386305e+04 9.557783376406335796e-01
6.075591132057445793e+04 1.013687418047129585e+00
6.075591158063505281e+04 9.042546424168946828e-01
6.075591184069564770e+04 1.014812952814051261e+00
6.075591210075624258e+04 1.003305719741385271e+00
6.075591236081683746e+04 9.158725137430984153e-01
6.075591262087743235e+04 9.662004631432777879e-01
6.075591288093802723e+04 9.842450047881143860e-01
6.075591314099862211e+04 1.003933212043610190e+00
6.075591340105922427e+04 9.623617199112978193e-01
6.075591366111981915e+04 9.669457364277597167e-01
6.075591392118041404e+04 9.742433950899147543e-01
6.075591418124100892e+04 9.788129357210328951e-01
6.075591444130160380e+04 9.901468164297916319e-01
6.075591470136219868e+04 9.764839644998740686e-01
6.075591496142279357e+04 9.903099769721317447e-01
6.075591522148338845e+04 1.061814371711408134e+00
6.075591548154399061e+04 1.010954842995339664e+00
6.075591574160458549e+04 1.011883786655605633e+00
6.075591600166518037e+04 9.768593831272016637e-01
6.075591626172577526e+04 9.852702738003972227e-01
6.075591652178637742e+04 9.790572428943307148e-01
6.075591678184697230e+04 9.997430604736516901e-01
6.075591704190756718e+04 9.768876436287977638e-01
6.075591730196816206e+04 9.936193853118080455e-01
6.075591756202875695e+04 9.306139324052720152e-01
6.075591782208935183e+04 1.021292511444164441e+00
6.075591808214994671e+04 9.520061264578203453e-01
6.075591834221054160e+04 9.211831831408270332e-01
6.075591860227113648e+04 1.032914639587883654e+00
6.075591886233173136e+04 8.864634038900675028e-01
6.075591912239232624e+04 1.035001446810513093e+00
6.075591938245292840e+04 1.028726799208496967e+00
6.075591964251352329e+04 9.999890180592884148e-01
6.075591990257411817e+04 9.656456386071711195e-01
6.075592016263471305e+04 1.032679479112284193e+00
6.075592042269530793e+04 1.026044048568645284e+00
6.075592068275590282e+04 9.659698572982713394e-01
6.075592094281649770e+04 1.022607304120872307e+00
6.075592120287709986e+04 9.488779118485002328e-01
6.075592146293769474e+04 1.019053078944276436e+00
6.075592172299828962e+04 9.842932350972863897e-01
6.075592198305888451e+04 1.022927338651454576e+00
6.075592224311948667e+04 9.714847532768215999e-01
6.075592250318008155e+04 1.015935257391478608e+00
6.075592276324067643e+04 1.006398645369842360e+00
6.075592302330127131e+04 1.008298912282820758e+00
6.075592328336186620e+04 1.001543575593793811e+00
6.075592354342246108e+04 9.484522590055683988e-01
6.075592380348305596e+04 9.577582305986275246e-01
6.075592406354365812e+04 9.682311137959581648e-01
6.075592432360425300e+04 9.734596445175716095e-01
6.075592458366484789e+04 9.738897496594225434e-01
6.075592484372544277e+04 9.357137592881369370e-01
6.075592510378604493e+04 9.543007318741105749e-01
6.075592536384663981e+04 9.706486563168986725e-01
6.075592562390723469e+04 1.020699793927238641e+00
6.075592588396782958e+04 9.960393680780851300e-01
6.075592614402842446e+04 1.004345276562711442e+00
6.075592640408901934e+04 9.928511396300649938e-01
6.075592666414961423e+04 9.909147671739109153e-01
6.075592692421020911e+04 9.942303035696857805e-01
6.075592718427081127e+04 9.780239667682426585e-01
6.075592744433140615e+04 9.815544837856340354e-01
6.075592770439200103e+04 1.007174968504235935e+00
6.075592796445260319e+04 9.874892109661397299e-01
6.075592822451319807e+04 9.933299657120020498e-01
6.075592848457379296e+04 9.104416527548910842e-01
6.075592874463438784e+04 1.041161486074769549e+00
6.075592900469498272e+04 9.972826725998760189e-01
6.075592926475557761e+04 9.894913858630245418e-01
6.075592952481617249e+04 9.899013558951900160e-01
6.075592978487676737e+04 1.007818569859527225e+00
6.075593004493736953e+04 1.006152164951927608e+00
6.075593030499796441e+04 1.047990007742629626e+00
6.075593056505855930e+04 9.773937060425715861e-01
6.075593082511916145e+04 1.006956353157359318e+00
6.075593108517975634e+04 1.053118021813611582e+00
6.075593134524035122e+04 1.045128846075554119e+00
6.075593160530094610e+04 9.658072022740644691e-01
6.075593186536154099e+04 9.382693213655682873e-01
6.075593212542213587e+04 1.007000226526977960e+00
6.075593238548273075e+04 1.003883156504014051e+00
6.075593264554332563e+04 9.938775872613307971e-01
6.075593290560392779e+04 9.964566045419472884e-01
6.075593316566452268e+04 9.626659398509791465e-01
6.075593342572511756e+04 9.960802852770913596e-01
6.075593368578571244e+04 9.605260415629343074e-01
6.075593394584631460e+04 9.537071632492897244e-01
6.075593420590690948e+04 1.000931664988147007e+00
6.075593446596750437e+04 9.790882530946538598e-01
6.075593472602809925e+04 1.027826681856153002e+00
6.075593498608869413e+04 9.899156773269283116e-01
6.075593524614928901e+04 1.008456120717989624e+00
6.075593550620988390e+04 1.031804598861704614e+00
6.075593576627048606e+04 9.993498290783977556e-01
6.075593602633108094e+04 1.021991469897447935e+00
6.075593628639167582e+04 9.978651064148682526e-01
6.075593654645227070e+04 9.811777169434969803e-01
6.075593680651287286e+04 9.607025391736413455e-01
6.075593706657346775e+04 9.967177205824722108e-01
6.075593732663406263e+04 9.886900219012696445e-01
6.075593758669465751e+04 1.004406137232593199e+00
6.075593784675525239e+04 1.025057713135411719e+00
6.075593810681584728e+04 9.992893488774844402e-01
6.075593836687644216e+04 1.007700318184739929e+00
6.075593862693704432e+04 1.036878202826920781e+00
6.075593888699763920e+04 9.671031446369741102e-01
6.075593914705823408e+04 1.015567466685178166e+00
6.075593940711883624e+04 9.583803933148233867e-01
6.075594106598430517e+04 1.056877853837852932e+00
6.075594132604500919e+04 1.063198703533220435e+00
6.075594158610571321e+04 9.830403854102465200e-01
6.075594184616640996e+04 1.016836236567940199e+00
6.075594210622711398e+04 1.033510629384360113e+00
6.075594236628781800e+04 9.068408961895173537e-01
6.075594262634852203e+04 9.413573795704190950e-01
6.075594288640922605e+04 1.000869828227211933e+00
6.075594314646992279e+04 9.919753696129629539e-01
6.075594340653063409e+04 1.024667393504043789e+00
6.075594366659133811e+04 9.471717544718986082e-01
6.075594392665203486e+04 1.011404152693321068e+00
6.075594418671273888e+04 9.815848179184789579e-01
6.075594444677344291e+04 9.523741961223297636e-01
6.075594470683414693e+04 9.759520053434163067e-01
6.075594496689485095e+04 1.038521947286270342e+00
6.075594522695554770e+04 1.015210190422305869e+00
6.075594548701625172e+04 1.012469632052108048e+00
6.075594574707695574e+04 9.852566574003550626e-01
6.075594600713765976e+04 9.726542906048927239e-01
6.075594626719836378e+04 9.911614808847086788e-01
6.075594652725906053e+04 1.035608117212504675e+00
6.075594678731976455e+04 9.835516199863266751e-01
6.075594704738046858e+04 9.688505029968913496e-01
6.075594730744116532e+04 1.008328064110327160e+00
6.075594756750187662e+04 9.338530070036255015e-01
6.075594782756257337e+04 1.020853683548919255e+00
6.075594808762328466e+04 9.675722222480102053e-01
6.075594834768398869e+04 1.044992346172846975e+00
6.075594860774468543e+04 9.995743144721456197e-01
6.075594886780538945e+04 1.010946338774250552e+00
6.075594912786609348e+04 1.041348790725800333e+00
6.075594938792679750e+04 9.575670258347915853e-01
6.075594964798750152e+04 1.038106975275512767e+00
6.075594990804819827e+04 1.004750948134786492e+00
6.075595016810890229e+04 1.002460431451054568e+00
6.075595042816960631e+04 1.010769685813537322e+00
6.075595068823031033e+04 9.454399568486405725e-01
6.075595094829101436e+04 1.045906286031878629e+00
6.075595120835171110e+04 1.012034931876029553e+00
6.075595146841241512e+04 9.817781126101189360e-01
6.075595172847312642e+04 1.032449411962005348e+00
6.075595198853382317e+04 9.957770180067734289e-01
6.075595224859452719e+04 9.475580128253878742e-01
6.075595250865523121e+04 9.996676188394674201e-01
6.075595276871593524e+04 9.704171063490689697e-01
6.075595302877663926e+04 9.569246059861805653e-01
6.075595328883733600e+04 9.817882909998648655e-01
6.075595354889804003e+04 1.026255406729775332e+00
6.075595380895874405e+04 9.815285968315407006e-01
6.075595406901944807e+04 1.006774158886116988e+00
6.075595432908015209e+04 9.878947255897378987e-01
6.075595458914084884e+04 1.011782101228794861e+00
6.075595484920156014e+04 1.015625656845990044e+00
6.075595510926226416e+04 1.025320947344758205e+00
6.075595536932296091e+04 9.672452378801019712e-01
6.075595562938366493e+04 1.014380033075656717e+00
6.075595588944436895e+04 9.940929469223881432e-01
6.075595614950507297e+04 9.941970979070826608e-01
6.075595640956577699e+04 9.461273111389307822e-01
6.075595666962647374e+04 9.383423099169019288e-01
6.075595692968717776e+04 1.021391616190852059e+00
6.075595718974788178e+04 9.808648923847893553e-01
6.075595744980858581e+04 1.028615126307698135e+00
6.075595770986929710e+04 9.570133297826718399e-01
6.075595796992999385e+04 9.692439979646038095e-01
6.075595822999069787e+04 1.006147303116947445e+00
6.075595849005140190e+04 1.016082595134129241e+00
6.075595875011209864e+04 9.837092184609038670e-01
6.075595901017280994e+04 1.009304656112913312e+00
6.075595927023350669e+04 9.705760999164538827e-01
6.075595953029421071e+04 1.007925935517367533e+00
6.075595979035491473e+04 1.036856903484323578e+00
6.075596005041561148e+04 9.980862119552094125e-01
6.075596031047632277e+04 9.832115404682527648e-01
6.075596057053702680e+04 1.007743354976577521e+00
6.075596083059773082e+04 9.634785533518820388e-01
6.075596109065843484e+04 9.992969213850587673e-01
6.075596135071913159e+04 9.551513600237909740e-01
6.075596161077983561e+04 1.029961464916944403e+00
6.075596187084053963e+04 9.990511772920419586e-01
6.075596213090124365e+04 1.043666911709719702e+00
6.075596239096194768e+04 9.875115084312962033e-01
6.075596265102265170e+04 1.000078932591075276e+00
6.075596291108335572e+04 9.657974289865937090e-01
6.075596317114405974e+04 1.056932039326604178e+00
6.075596343120475649e+04 1.008159667007753946e+00
6.075596369126546051e+04 1.022829446750957105e+00
6.075596395132616453e+04 9.448959097557256825e-01
6.075596421138686856e+04 1.025031567818255551e+00
6.075596447144757258e+04 9.791483587122066234e-01
6.075596473150827660e+04 1.016844943749989350e+00
6.075596499156898062e+04 1.025334361707270991e+00
6.075596525162968464e+04 9.895579645397475366e-01
6.075596551169038867e+04 9.669587838109521272e-01
6.075596577175109269e+04 9.786486673795102842e-01
6.075596603181178943e+04 9.866953781478632335e-01
6.075596629187249346e+04 9.717469635260356231e-01
6.075596655193319748e+04 9.944454851866317835e-01
6.075596681199390150e+04 1.055889734011107084e+00
6.075596707205460552e+04 1.049999941020824057e+00
6.075596733211530955e+04 1.013164066749478343e+00
6.075596759217601357e+04 9.924688708039973717e-01
6.075596785223671759e+04 1.020068233879235065e+00
6.075596811229741434e+04 1.025977925061276830e+00
6.075596837235811836e+04 1.048634218324453249e+00
6.075596863241882238e+04 1.010077464735513297e+00
6.075596889247953368e+04 9.784366863208200371e-01
6.075596915254023770e+04 9.916892221279797193e-01
6.075596941260093445e+04 9.717530839974649615e-01
6.075597102105359954e+04 9.763724292426053664e-01
6.075597128111420170e+04 9.853538539117570050e-01
6.075597154117479658e+04 1.015507799283916990e+00
6.075597180123539147e+04 1.003116027198113436e+00
6.075597206129598635e+04 9.878639425161117593e-01
6.075597232135658123e+04 9.593613303457815267e-01
6.075597258141718339e+04 9.737775127607753989e-01
6.075597284147777827e+04 1.037000874676063722e+00
6.075597310153837316e+04 9.990934910798675572e-01
6.075597336159897532e+04 1.018947416386330129e+00
6.075597362165957020e+04 9.277363885164405799e-01
6.075597388172016508e+04 1.009308160207805338e+00
6.075597414178077452e+04 9.745767026298592928e-01
6.075597440184136940e+04 1.025349909564226669e+00
6.075597466190196428e+04 9.501303948828278001e-01
6.075597492196255916e+04 1.035797535483854670e+00
6.075597518202315405e+04 9.807606454608275293e-01
6.075597544208374893e+04 1.038710491750077125e+00
6.075597570214434381e+04 1.008697232555452183e+00
6.075597596220494597e+04 9.791879708112963820e-01
6.075597622226554813e+04 9.813073729490688901e-01
6.075597648232614301e+04 1.014920393634963114e+00
6.075597674238673790e+04 1.040775936053402129e+00
6.075597700244734006e+04 1.016967409846528891e+00
6.075597726250793494e+04 9.950595550916851995e-01
6.075597752256853710e+04 9.915887213224791052e-01
6.075597778262913198e+04 9.521667944716944998e-01
6.075597804268972686e+04 9.538204605851857698e-01
6.075597830275032175e+04 1.041032415297353797e+00
6.075597856281091663e+04 9.413338076630020090e-01
6.075597882287151151e+04 1.009458423257087123e+00
6.075597908293212095e+04 1.007058081383903847e+00
6.075597934299271583e+04 1.098434609815679863e+00
6.075597960305331071e+04 1.051830707560942990e+00
6.075597986311390559e+04 1.030840947569616972e+00
6.075598012317450775e+04 1.043324746888575794e+00
6.075598038323510264e+04 9.845749509589940551e-01
6.075598064329570479e+04 1.020985173818421465e+00
6.075598090335629968e+04 9.948282196779449915e-01
6.075598116341689456e+04 1.056655896752179746e+00
6.075598142347748944e+04 9.905248199720428914e-01
6.075598168353808433e+04 1.099699003011311849e+00
6.075598194359869376e+04 1.009931113271699488e+00
6.075598220365928864e+04 9.989182828867101405e-01
6.075598246371988353e+04 1.081355941850489888e+00
6.075598272378047841e+04 9.649140926386572392e-01
6.075598298384108057e+04 1.022433457638040499e+00
6.075598324390167545e+04 1.008652044738767017e+00
6.075598350396227761e+04 9.907108392792988161e-01
6.075598376402287249e+04 1.023865284614684956e+00
6.075598402408346738e+04 9.856976798980251475e-01
6.075598428414406226e+04 9.629852830431243627e-01
6.075598454420465714e+04 9.625030355742397736e-01
6.075598480426526658e+04 9.856779260672409171e-01
6.075598506432586146e+04 1.030219147665839774e+00
6.075598532438645634e+04 1.007560337452513055e+00
6.075598558444705122e+04 1.013696673676989901e+00
6.075598584450765338e+04 9.832244961337323064e-01
6.075598610456825554e+04 1.060403024372025493e+00
6.075598636462885042e+04 8.974228302664877255e-01
6.075598662468944531e+04 1.008215025380112317e+00
6.075598688475004019e+04 1.061167433610244792e+00
6.075598714481063507e+04 9.905528427891001630e-01
6.075598740487123723e+04 1.039575002477487686e+00
6.075598766493183211e+04 1.043029961352222257e+00
6.075598792499243427e+04 1.001012667784078269e+00
6.075598818505302916e+04 1.070580929244993262e+00
6.075598844511362404e+04 9.604010124906091628e-01
6.075598870517423347e+04 1.038101640452510743e+00
6.075598896523482836e+04 1.073031267679090073e+00
6.075598922529542324e+04 1.023654095583469870e+00
6.075598948535601812e+04 1.008132039814779057e+00
6.075598974541661300e+04 1.039116980879703833e+00
6.075599000547721516e+04 9.749445403639821484e-01
6.075599026553781005e+04 9.925369317376099287e-01
6.075599052559840493e+04 1.022525010538699819e+00
6.075599078565900709e+04 1.036579387425355714e+00
6.075599104571960197e+04 1.049982759567102963e+00
6.075599130578020413e+04 1.038650167311384154e+00
6.075599156584080629e+04 9.641925832758830861e-01
6.075599182590140117e+04 9.549835903923128422e-01
6.075599208596199605e+04 1.015272032971304528e+00
6.075599234602259094e+04 9.409116876489672654e-01
6.075599260608319310e+04 9.813302688127852891e-01
6.075599286614378798e+04 1.020345729596471074e+00
6.075599312620438286e+04 1.003683209446977198e+00
6.075599338626497774e+04 9.676303388209590572e-01
6.075599364632558718e+04 1.003276998847577595e+00
6.075599390638618206e+04 1.016603946966828653e+00
6.075599416644677694e+04 1.037190776415075399e+00
6.075599442650737910e+04 1.024553274947107129e+00
6.075599468656797399e+04 1.042916395221031634e+00
6.075599494662857614e+04 1.056409802325365854e+00
6.075599520668917103e+04 1.030123112227445237e+00
6.075599546674976591e+04 9.719294493889354403e-01
6.075599572681036079e+04 1.080923323796643576e+00
6.075599598687096295e+04 1.010155160694196974e+00
6.075599624693155783e+04 1.026594819946289094e+00
6.075599650699215999e+04 9.553366127374672834e-01
6.075599676705275488e+04 1.010927898403622516e+00
6.075599702711334976e+04 1.023159480544648670e+00
6.075599728717395192e+04 1.080978440127337681e+00
6.075599754723455408e+04 9.897021519058878392e-01
6.075599780729514896e+04 9.654023018134827439e-01
6.075599806735574384e+04 1.023908270549438893e+00
6.075599832741634600e+04 1.042876358723077157e+00
6.075599858747694088e+04 9.912768928076177710e-01
6.075599884753753577e+04 1.030676932738363361e+00
6.075599910759813065e+04 1.050257180496799281e+00
6.075599936765874008e+04 1.034038987642815766e+00
6.075600091310295102e+04 1.005016638835580789e+00
6.075600117316365504e+04 9.734736137675011891e-01
6.075600143322435179e+04 9.906516513538523583e-01
6.075600169328505581e+04 9.646921087030614350e-01
6.075600195334576711e+04 9.308994599638403811e-01
6.075600221340647113e+04 1.057074182528426443e+00
6.075600247346717515e+04 1.013926151114568519e+00
6.075600273352787190e+04 1.044217290799912545e+00
6.075600299358858319e+04 1.056267770985730658e+00
6.075600325364928722e+04 1.016915647091803709e+00
6.075600351370998396e+04 1.013398868583488932e+00
6.075600377377069526e+04 1.046807613873505405e+00
6.075600403383139928e+04 9.796770009578406047e-01
6.075600429389210331e+04 1.060956804490420735e+00
6.075600455395280733e+04 1.025003832128815073e+00
6.075600481401350407e+04 1.045599837499757268e+00
6.075600507407421537e+04 1.054093082937211490e+00
6.075600533413491939e+04 1.029964520247173887e+00
6.075600559419562342e+04 9.297544047819085167e-01
6.075600585425632744e+04 1.009574567053545646e+00
6.075600611431703146e+04 1.015650101252960624e+00
6.075600637437773548e+04 9.837848404134154068e-01
6.075600663443843951e+04 1.013010673218672997e+00
6.075600689449914353e+04 1.028795345214899903e+00
6.075600715455985483e+04 1.023654163484629454e+00
6.075600741462055157e+04 1.041637060866234421e+00
6.075600767468125559e+04 1.073014956895693928e+00
6.075600793474195962e+04 9.904173349074687493e-01
6.075600819480266364e+04 9.238527623595212956e-01
6.075600845486336766e+04 9.690559892943685361e-01
6.075600871492407168e+04 1.016672756867288197e+00
6.075600897498478298e+04 9.700203262786897263e-01
6.075600923504548700e+04 9.579503290254727244e-01
6.075600949510618375e+04 1.005519288219950624e+00
6.075600975516688777e+04 9.908280948599711424e-01
6.075601001522759907e+04 1.029275953259688459e+00
6.075601027528830309e+04 1.024275715312428670e+00
6.075601053534900711e+04 1.017567470665672325e+00
6.075601079540970386e+04 1.027559285320155391e+00
6.075601105547041516e+04 1.081508807716820675e+00
6.075601131553111918e+04 1.002987124451439449e+00
6.075601157559181593e+04 1.069364156443268099e+00
6.075601183565252722e+04 1.036021932382114707e+00
6.075601209571323125e+04 9.932160807917592704e-01
6.075601235577393527e+04 1.054873172907043966e+00
6.075601261583463929e+04 9.790835143031495491e-01
6.075601287589534331e+04 9.501345050119247571e-01
6.075601313595604734e+04 1.010794800676432015e+00
6.075601339601675136e+04 1.031071774325434287e+00
6.075601365607746266e+04 9.932336572594431257e-01
6.075601391613816668e+04 9.834422406970052544e-01
6.075601417619886342e+04 1.020316677281485340e+00
6.075601443625956745e+04 9.647562096594259895e-01
6.075601469632027874e+04 9.859068059197017009e-01
6.075601495638097549e+04 9.965673675047366231e-01
6.075601521644168679e+04 9.962363855535438795e-01
6.075601547650239081e+04 1.072022075329794211e+00
6.075601573656309483e+04 1.016904766874799249e+00
6.075601599662379886e+04 1.005720344032354330e+00
6.075601625668450288e+04 9.577953439572984840e-01
6.075601651674520690e+04 1.008699445743137968e+00
6.075601677680591092e+04 1.029035478234956447e+00
6.075601703686661494e+04 1.039649690639268487e+00
6.075601729692732624e+04 1.040768354613910596e+00
6.075601755698802299e+04 9.979045469199803176e-01
6.075601781704872701e+04 1.107075218752501922e+00
6.075601807710943831e+04 9.712176137155508204e-01
6.075601833717014233e+04 1.026228104110473494e+00
6.075601859723084635e+04 1.033291493764098679e+00
6.075601885729155038e+04 1.064213576704030828e+00
6.075601911735225440e+04 1.075669924598361415e+00
6.075601937741295842e+04 1.003718750272006632e+00
6.075601963747365517e+04 1.016823756944719825e+00
6.075601989753436646e+04 1.022943020729292218e+00
6.075602015759507049e+04 1.060474137127807470e+00
6.075602041765577451e+04 1.028481975469759391e+00
6.075602067771648581e+04 9.431065415151322906e-01
6.075602093777718255e+04 9.473793519324085199e-01
6.075602119783788658e+04 9.899865356650913162e-01
6.075602145789859787e+04 1.020432721775144103e+00
6.075602171795930190e+04 1.101989732326142279e+00
6.075602197802000592e+04 1.048784439858594597e+00
6.075602223808070994e+04 9.844051496995196437e-01
6.075602249814141396e+04 9.956657415782208531e-01
6.075602275820211798e+04 1.028463808188956330e+00
6.075602301826282201e+04 1.003355068639211201e+00
6.075602327832352603e+04 1.067422370511379670e+00
6.075602353838423005e+04 1.016028426842585874e+00
6.075602379844494135e+04 9.806060407249237443e-01
6.075602405850564537e+04 1.065428928237338146e+00
6.075602431856634212e+04 9.970023685981254102e-01
6.075602457862704614e+04 1.007731191880157695e+00
6.075602483868775744e+04 1.078139488264331147e+00
6.075602509874846146e+04 9.697993608885286942e-01
6.075602535880916548e+04 1.016165691157965068e+00
6.075602561886986950e+04 9.786173852685385866e-01
6.075602587893057353e+04 9.584393036796204912e-01
6.075602613899127755e+04 9.282549459739976028e-01
6.075602639905198885e+04 1.005834662968497550e+00
6.075602665911269287e+04 1.064116044751182155e+00
6.075602691917338962e+04 9.885260153185156939e-01
6.075602717923410091e+04 1.016455395343339285e+00
6.075602743929480494e+04 1.031604777318577471e+00
6.075602769935550168e+04 1.021490239391280364e+00
6.075602795941621298e+04 9.526465419239166232e-01
6.075602821947691700e+04 1.012051447992257547e+00
6.075602847953762102e+04 9.522980897835073844e-01
6.075602873959833232e+04 9.830435645049840909e-01
6.075602899965902907e+04 9.408842634495024893e-01
6.075602925971973309e+04 1.059261695849905927e+00
6.075603093119423283e+04 9.926441593913553074e-01
6.075603119125482772e+04 1.005506083253960403e+00
6.075603145131542988e+04 1.009363540569770734e+00
6.075603171137602476e+04 1.072939576191103139e+00
6.075603197143662692e+04 9.677895091922649184e-01
6.075603223149722908e+04 9.723355448551066482e-01
6.075603249155782396e+04 9.473149334241536268e-01
6.075603275161842612e+04 9.803339351122121181e-01
6.075603301167902100e+04 9.847783876494853317e-01
6.075603327173962316e+04 9.930116324279351092e-01
6.075603353180022532e+04 9.922868284760281155e-01
6.075603379186082020e+04 1.025884513053071379e+00
6.075603405192141508e+04 1.018524212488320257e+00
6.075603431198201724e+04 1.011769156011700366e+00
6.075603457204261213e+04 1.058013726220972561e+00
6.075603483210320701e+04 1.016571600600396197e+00
6.075603509216381644e+04 9.740090683547911743e-01
6.075603535222441133e+04 1.003402763359329652e+00
6.075603561228501349e+04 1.032777743321002806e+00
6.075603587234560837e+04 9.891092644932928390e-01
6.075603613240621053e+04 1.018844283179899390e+00
6.075603639246681269e+04 1.009704221840445282e+00
6.075603665252740757e+04 1.008530027436398413e+00
6.075603691258800245e+04 1.063958405505715854e+00
6.075603717264860461e+04 9.790888219268039094e-01
6.075603743270919949e+04 1.037530624686568537e+00
6.075603769276979438e+04 1.018416044791886188e+00
6.075603795283040381e+04 1.005361393655668900e+00
6.075603821289099869e+04 1.101825430241603732e+00
6.075603847295160085e+04 1.066929173332011871e+00
6.075603873301219573e+04 1.026710057286470690e+00
6.075603899307279789e+04 9.520327939766963787e-01
6.075603925313340005e+04 1.011527747423608847e+00
6.075603951319399494e+04 9.913742421954006012e-01
6.075603977325458982e+04 9.979233353309854282e-01
6.075604003331519198e+04 9.865666469884769585e-01
6.075604029337578686e+04 1.031924460343453420e+00
6.075604055343638902e+04 1.023049639785965859e+00
6.075604081349698390e+04 9.349812124328247265e-01
6.075604107355758606e+04 9.811579936821445136e-01
6.075604133361818822e+04 9.532424764387953386e-01
6.075604159367878310e+04 1.033263951629219246e+00
6.075604185373938526e+04 9.426678590938408764e-01
6.075604211379998742e+04 9.978480548557152607e-01
6.075604237386058230e+04 1.025646576505210295e+00
6.075604263392118446e+04 1.061344085332191600e+00
6.075604289398177934e+04 1.065060670402039111e+00
6.075604315404237423e+04 1.047012669533907703e+00
6.075604341410297639e+04 9.922969698442594133e-01
6.075604367416357127e+04 9.683501298209078456e-01
6.075604393422418070e+04 1.025172422282736973e+00
6.075604419428477559e+04 9.988059476385862112e-01
6.075604445434537047e+04 9.797052078565996469e-01
6.075604471440597990e+04 1.015673892387225274e+00
6.075604497446657479e+04 1.038371270924373535e+00
6.075604523452717694e+04 1.068172938195721233e+00
6.075604549458777183e+04 1.024716823208532857e+00
6.075604575464836671e+04 1.058587597037346395e+00
6.075604601470896887e+04 1.007177200200688683e+00
6.075604627476956375e+04 9.906886410999643511e-01
6.075604653483016591e+04 1.000829278819131085e+00
6.075604679489076807e+04 1.003131868979989960e+00
6.075604705495136295e+04 1.017120281263625969e+00
6.075604731501196511e+04 1.018236166675633214e+00
6.075604757507256727e+04 1.039315299713853058e+00
6.075604783513316943e+04 1.010838869384098837e+00
6.075604809519376431e+04 9.824921232183756459e-01
6.075604835525435919e+04 1.011713922965842283e+00
6.075604861531496135e+04 1.023872780934859339e+00
6.075604887537555624e+04 1.033665292885328268e+00
6.075604913543615839e+04 1.031083999095889325e+00
6.075604939549675328e+04 1.042658537839681321e+00
6.075604965555735544e+04 9.970923565379060660e-01
6.075604991561795759e+04 1.039902695378700948e+00
6.075605017567855248e+04 1.040969045732592191e+00
6.075605043573915464e+04 9.906569734857815224e-01
6.075605069579975680e+04 1.008964190255849935e+00
6.075605095586035168e+04 9.240093563865040549e-01
6.075605121592095384e+04 1.011206378511948056e+00
6.075605147598154872e+04 1.030911974652519048e+00
6.075605173604215088e+04 9.624340068405300430e-01
6.075605199610274576e+04 1.031660234284896394e+00
6.075605225616334792e+04 9.883423861014765111e-01
6.075605251622395008e+04 1.014110793020093437e+00
6.075605277628454496e+04 1.017694855345624427e+00
6.075605303634514712e+04 1.004423904811570400e+00
6.075605329640574200e+04 1.058998325889815240e+00
6.075605355646635144e+04 1.034717998013392037e+00
6.075605381652694632e+04 9.842875908168640109e-01
6.075605407658754848e+04 9.854775512365608892e-01
6.075605433664814336e+04 9.964880733960015391e-01
6.075605459670873825e+04 1.117608393733247496e+00
6.075605485676934040e+04 9.874909862028433682e-01
6.075605511682993529e+04 1.043980946495354667e+00
6.075605537689054472e+04 1.042393950455529295e+00
6.075605563695113960e+04 1.054167589990658405e+00
6.075605589701174176e+04 1.010336409506756405e+00
6.075605615707233665e+04 1.019020915467851562e+00
6.075605641713293880e+04 1.040605874843884893e+00
6.075605667719354096e+04 9.563015331198082558e-01
6.075605693725413585e+04 1.016450441643180547e+00
6.075605719731473800e+04 1.000112297665257666e+00
6.075605745737533289e+04 1.000080541002980050e+00
6.075605771743593505e+04 1.029673864968771113e+00
6.075605797749652993e+04 1.031199773536127351e+00
6.075605823755713209e+04 1.014933953255215515e+00
6.075605849761773425e+04 1.023617467883774834e+00
6.075605875767832913e+04 1.024208283914484152e+00
6.075605901773893129e+04 1.024353001812323916e+00
6.075605927779953345e+04 9.640778466883940245e-01
6.075606082322710427e+04 9.720625180205078042e-01
6.075606108328780829e+04 9.689030490465909695e-01
6.075606134334851231e+04 1.000119891110992976e+00
6.075606160340922361e+04 9.890547663937632183e-01
6.075606186346992035e+04 9.992971959173571062e-01
6.075606212353063165e+04 9.645656306234342559e-01
6.075606238359133567e+04 1.011759519112970906e+00
6.075606264365204697e+04 1.017117248939381602e+00
6.075606290371275099e+04 1.058724531929205348e+00
6.075606316377345502e+04 1.010206728529047471e+00
6.075606342383415904e+04 9.992034805189663471e-01
6.075606368389486306e+04 1.064935216040185484e+00
6.075606394395557436e+04 1.044650173154281658e+00
6.075606420401627838e+04 9.659298200163286552e-01
6.075606446407698240e+04 1.031140169253164762e+00
6.075606472413768643e+04 9.428582648507084496e-01
6.075606498419839772e+04 1.007889881275935151e+00
6.075606524425910175e+04 1.023161860962104930e+00
6.075606550431981304e+04 9.728742718546727897e-01
6.075606576438050979e+04 1.031769245816579694e+00
6.075606602444122109e+04 1.012001395804392745e+00
6.075606628450192511e+04 9.742160755627987667e-01
6.075606654456262913e+04 1.018526902460441086e+00
6.075606680462333316e+04 1.083147851912480197e+00
6.075606706468404445e+04 1.040241851938619622e+00
6.075606732474474848e+04 9.566380468735173892e-01
6.075606758480545250e+04 1.005034657644903850e+00
6.075606784486615652e+04 9.862055220322591964e-01
6.075606810492686054e+04 1.018067415446411106e+00
6.075606836498757184e+04 1.025772553429499467e+00
6.075606862504827586e+04 1.048544716516031317e+00
6.075606888510898716e+04 9.875702469273683892e-01
6.075606914516968391e+04 9.864401777614475453e-01
6.075606940523039520e+04 1.008709545785178463e+00
6.075606966529109923e+04 9.899729686416183227e-01
6.075606992535180325e+04 1.006825300076304774e+00
6.075607018541250727e+04 9.708969507274094468e-01
6.075607044547321857e+04 9.867371343627378000e-01
6.075607070553392259e+04 9.968997644287116433e-01
6.075607096559463389e+04 1.024652820279929655e+00
6.075607122565533064e+04 1.011151478991558328e+00
6.075607148571604193e+04 1.039580556648853626e+00
6.075607174577674596e+04 1.009833953013180130e+00
6.075607200583745725e+04 1.041057239551016922e+00
6.075607226589816128e+04 1.034894400640561596e+00
6.075607252595886530e+04 1.011586359150334902e+00
6.075607278601956932e+04 1.005488648138269880e+00
6.075607304608028062e+04 1.015525348412631867e+00
6.075607330614097737e+04 1.040944422532928959e+00
6.075607356620169594e+04 1.006327382943503990e+00
6.075607382626239269e+04 9.633239267545946616e-01
6.075607408632310398e+04 1.035034308260194491e+00
6.075607434638380801e+04 9.698633043024047495e-01
6.075607460644451203e+04 9.800475116210440873e-01
6.075607486650521605e+04 9.540956743217976488e-01
6.075607512656592735e+04 1.023954574180509169e+00
6.075607538662663137e+04 9.849237745234242780e-01
6.075607564668734267e+04 9.695468355529228699e-01
6.075607590674803942e+04 1.046671824405531748e+00
6.075607616680875071e+04 9.970630783628317007e-01
6.075607642686945474e+04 9.870103650610988488e-01
6.075607668693016603e+04 1.017643499465904933e+00
6.075607694699087006e+04 9.739341921002485636e-01
6.075607720705157408e+04 9.646543882305563811e-01
6.075607746711227810e+04 9.896236260422789366e-01
6.075607772717298940e+04 1.009190382758714755e+00
6.075607798723368614e+04 1.044504242438586861e+00
6.075607824729439744e+04 1.016427248228068070e+00
6.075607850735510146e+04 9.740434572779853584e-01
6.075607876741581276e+04 9.966361648302598519e-01
6.075607902747651679e+04 9.739745137843984768e-01
6.075607928753722081e+04 9.936957583496743851e-01
6.075607954759792483e+04 9.804583120463420398e-01
6.075607980765863613e+04 9.955846656843659881e-01
6.075608006771934015e+04 9.834237549809619061e-01
6.075608032778005145e+04 1.028354832006684649e+00
6.075608058784074819e+04 1.033104697141296491e+00
6.075608084790145949e+04 1.022947390417399793e+00
6.075608110796216351e+04 1.006729085323762929e+00
6.075608136802286754e+04 9.534978891651580968e-01
6.075608162808357156e+04 1.055149845495277017e+00
6.075608188814428286e+04 1.019231630828533408e+00
6.075608214820498688e+04 1.033991292617112867e+00
6.075608240826569818e+04 9.678664172132535048e-01
6.075608266832639492e+04 1.005643456578859229e+00
6.075608292838710622e+04 1.034552526046716991e+00
6.075608318844781024e+04 1.060571426015969987e+00
6.075608344850852154e+04 9.814800730567935227e-01
6.075608370856922556e+04 1.037442497810508124e+00
6.075608396862992959e+04 9.833188711136121585e-01
6.075608422869064088e+04 1.015167255836930904e+00
6.075608448875134491e+04 1.106684741947408179e+00
6.075608474881204893e+04 1.002880891679655884e+00
6.075608500887276023e+04 1.022735855941489413e+00
6.075608526893346425e+04 1.082120145367461816e+00
6.075608552899416827e+04 9.712250692447653710e-01
6.075608578905487957e+04 1.000652944730431093e+00
6.075608604911557632e+04 1.051699229376062084e+00
6.075608630917628761e+04 9.911195659337451724e-01
6.075608656923699164e+04 1.000917209337588654e+00
6.075608682929770293e+04 1.019822195100716034e+00
6.075608708935840696e+04 9.640418502076260054e-01
6.075608734941911098e+04 1.026010041324095567e+00
6.075608760947981500e+04 1.063354768592236210e+00
6.075608786954052630e+04 9.843927739733930871e-01
6.075608812960123760e+04 1.008330383809658670e+00
6.075608838966194162e+04 9.090812080942084483e-01
6.075608864972264564e+04 1.041747320205690830e+00
6.075608890978334966e+04 1.054237637975791841e+00
6.075608916984406096e+04 1.013466906887535490e+00
6.075609076569380704e+04 1.030539846271013804e+00
6.075609102575441648e+04 1.044961223041740883e+00
6.075609128581501136e+04 9.915523716758918304e-01
6.075609154587561352e+04 1.030581385910879888e+00
6.075609180593621568e+04 9.790991750132931326e-01
6.075609206599681784e+04 9.511432240052667408e-01
6.075609232605741272e+04 9.640569849416787962e-01
6.075609258611801488e+04 1.041733344035441489e+00
6.075609284617860976e+04 1.010775996480996364e+00
6.075609310623921192e+04 9.596947078885381677e-01
6.075609336629981408e+04 1.043572524794399881e+00
6.075609362636040896e+04 1.012870843750815819e+00
6.075609388642101840e+04 9.927340857977063893e-01
6.075609414648161328e+04 9.930286833255829171e-01
6.075609440654221544e+04 9.578095537213910937e-01
6.075609466660281760e+04 1.107556951244777377e+00
6.075609492666341976e+04 1.004122307961349048e+00
6.075609518672402191e+04 1.057008442385128255e+00
6.075609544678461680e+04 9.805438913677692048e-01
6.075609570684521896e+04 9.435954195538522882e-01
6.075609596690581384e+04 1.014209133149916120e+00
6.075609622696641600e+04 9.751761607223448092e-01
6.075609648702701088e+04 9.684127409362845995e-01
6.075609674708762032e+04 1.008011047596362619e+00
6.075609700714822247e+04 9.273864720310643905e-01
6.075609726720881736e+04 1.044747008793123877e+00
6.075609752726942679e+04 9.796337284579164084e-01
6.075609778733002167e+04 9.903833862020807732e-01
6.075609804739062383e+04 9.621524470268036922e-01
6.075609830745121872e+04 1.047330068572355666e+00
6.075609856751182087e+04 1.013158562306206933e+00
6.075609882757242303e+04 1.044953523376194848e+00
6.075609908763301792e+04 1.080496511965831408e+00
6.075609934769362008e+04 9.739827034879471324e-01
6.075609960775422223e+04 9.760222488474122882e-01
6.075609986781482439e+04 9.747745803243307305e-01
6.075610012787541928e+04 1.028172622414719406e+00
6.075610038793602143e+04 1.027728136288243332e+00
6.075610064799663087e+04 1.004129410049211080e+00
6.075610090805722575e+04 9.893270335202912769e-01
6.075610116811782791e+04 1.049577322622315734e+00
6.075610142817842279e+04 1.013689988172519651e+00
6.075610168823902495e+04 9.515858696848832343e-01
6.075610194829962711e+04 9.973451708713567676e-01
6.075610220836022199e+04 1.047852291502221034e+00
6.075610246842083143e+04 9.742452332536299942e-01
6.075610272848142631e+04 1.043534746171388639e+00
6.075610298854202847e+04 1.012194394061110669e+00
6.075610324860263063e+04 1.022401859957644543e+00
6.075610350866323279e+04 9.670363132503411174e-01
6.075610376872383495e+04 1.013330290861355953e+00
6.075610402878442983e+04 9.448079358373162595e-01
6.075610428884503199e+04 9.778449663369228606e-01
6.075610454890563415e+04 1.025097127676342978e+00
6.075610480896622903e+04 1.024166324432959074e+00
6.075610506902683119e+04 9.659913699195030734e-01
6.075610532908743335e+04 9.944582090071752978e-01
6.075610558914803551e+04 9.698180873693498238e-01
6.075610584920863766e+04 1.032458973757779841e+00
6.075610610926923255e+04 9.817996511655784353e-01
6.075610636932984198e+04 1.014049034750204914e+00
6.075610662939043686e+04 9.886838529810723086e-01
6.075610688945103902e+04 1.029431993072271290e+00
6.075610714951164118e+04 9.727796276901360395e-01
6.075610740957223607e+04 1.013113974742606116e+00
6.075610766963283822e+04 1.066679957524539812e+00
6.075610792969343311e+04 1.013157177901199857e+00
6.075610818975403527e+04 1.003091135350470786e+00
6.075610844981464470e+04 1.032605869184267444e+00
6.075610870987523958e+04 1.026630324495972024e+00
6.075610896993584174e+04 1.050856662398182761e+00
6.075610922999644390e+04 9.864683192072393192e-01
6.075610949005704606e+04 9.967467469571609229e-01
6.075610975011764822e+04 9.349467491220241344e-01
6.075611001017824310e+04 1.035331576022678224e+00
6.075611027023884526e+04 1.047267669811427826e+00
6.075611053029944742e+04 9.789623376553143741e-01
6.075611079036004230e+04 9.704665682683508710e-01
6.075611105042064446e+04 9.975550802041167620e-01
6.075611131048124662e+04 1.041318059388847583e+00
6.075611157054184878e+04 1.039826180601378658e+00
6.075611183060245094e+04 9.876909336534711592e-01
6.075611209066305310e+04 9.179059208338269382e-01
6.075611235072365525e+04 1.042955888001145803e+00
6.075611261078425741e+04 9.401959885102622039e-01
6.075611287084485230e+04 1.010435371283656902e+00
6.075611313090545445e+04 1.034078894291248440e+00
6.075611339096604934e+04 9.545394396129330827e-01
6.075611365102665150e+04 1.007879156020219602e+00
6.075611391108725365e+04 9.719672055550101497e-01
6.075611417114785581e+04 1.013370333852482652e+00
6.075611443120845797e+04 9.984651818767100728e-01
6.075611469126906013e+04 1.013884107564879455e+00
6.075611495132966229e+04 9.602027364999048409e-01
6.075611521139026445e+04 9.953426630095417726e-01
6.075611547145085933e+04 1.028379817525168605e+00
6.075611573151146149e+04 1.041333224262312784e+00
6.075611599157206365e+04 9.696348046399242415e-01
6.075611625163265853e+04 9.629920281044210828e-01
6.075611651169326069e+04 1.007112604455846050e+00
6.075611677175386285e+04 9.860559804428058461e-01
6.075611703181446501e+04 9.909295594243148209e-01
6.075611729187506717e+04 9.855283945767103759e-01
6.075611755193566933e+04 9.855826668887783804e-01
6.075611781199626421e+04 9.520912177402920396e-01
6.075611807205687364e+04 1.047255819586360381e+00
6.075611833211747580e+04 1.016870736985375778e+00
6.075611859217807068e+04 9.850643374084521176e-01
6.075611885223867284e+04 9.364027673883186242e-01
6.075611911229926773e+04 9.468545169679692952e-01
6.075612077117233275e+04 9.591314057542188465e-01
6.075612103123303677e+04 9.672554348909557786e-01
6.075612129129374080e+04 1.005145151506993573e+00
6.075612155135445209e+04 9.986717646400923298e-01
6.075612181141516339e+04 1.046892843012567909e+00
6.075612207147586741e+04 9.733625536396968148e-01
6.075612233153657144e+04 9.869507511582513715e-01
6.075612259159728274e+04 9.969701087122371241e-01
6.075612285165798676e+04 1.021269752044033030e+00
6.075612311171869806e+04 1.007537389992639643e+00
6.075612337177940935e+04 9.934970661719395579e-01
6.075612363184010610e+04 9.386805993615824351e-01
6.075612389190081740e+04 9.419546345009088828e-01
6.075612415196152870e+04 9.991307160816426114e-01
6.075612441202222544e+04 9.772393469261344556e-01
6.075612467208293674e+04 9.957024511922701882e-01
6.075612493214364804e+04 9.993647584237123072e-01
6.075612519220435206e+04 1.019644118400180988e+00
6.075612545226506336e+04 1.012078320599303360e+00
6.075612571232576738e+04 1.079566891177135668e+00
6.075612597238647140e+04 1.048984768074546547e+00
6.075612623244718270e+04 9.856645738945024604e-01
6.075612649250789400e+04 9.623801387919884709e-01
6.075612675256859802e+04 9.694539602088586561e-01
6.075612701262930204e+04 9.877058002776902823e-01
6.075612727269001334e+04 1.012669411667264985e+00
6.075612753275071736e+04 9.866106652048436398e-01
6.075612779281142139e+04 1.021596712677446783e+00
6.075612805287213268e+04 9.912541111316176545e-01
6.075612831293283671e+04 9.785590884870183359e-01
6.075612857299354800e+04 9.482253154056859978e-01
6.075612883305425930e+04 1.025354738320344961e+00
6.075612909311495605e+04 9.572252256983141416e-01
6.075612935317566735e+04 1.044370426681141995e+00
6.075612961323637865e+04 9.749027175322744210e-01
6.075612987329708267e+04 8.863094090178056383e-01
6.075613013335779397e+04 1.010263168329452732e+00
6.075613039341849799e+04 9.028396741375923629e-01
6.075613065347920201e+04 1.003387614125447191e+00
6.075613091353991331e+04 1.036058455826420532e+00
6.075613117360061733e+04 1.019984877055874373e+00
6.075613143366133590e+04 9.995628742531794675e-01
6.075613169372203265e+04 9.593745918732559108e-01
6.075613195378274395e+04 1.030445654837588654e+00
6.075613221384345525e+04 9.669228836062448984e-01
6.075613247390415199e+04 1.023226953615713475e+00
6.075613273396486329e+04 9.973407560625462409e-01
6.075613299402557459e+04 9.875153132170386705e-01
6.075613325408627861e+04 1.026803700514892226e+00
6.075613351414698991e+04 9.573959189245648815e-01
6.075613377420769393e+04 1.045047652307878439e+00
6.075613403426840523e+04 9.505375776602312810e-01
6.075613429432910925e+04 9.450670747695474327e-01
6.075613455438982055e+04 1.022168984472272557e+00
6.075613481445053185e+04 1.062598375858249566e+00
6.075613507451122859e+04 1.030462997882084508e+00
6.075613533457193989e+04 9.814975663320313348e-01
6.075613559463265119e+04 1.045037363059412083e+00
6.075613585469334794e+04 1.036774518179834903e+00
6.075613611475405924e+04 1.053200130656458455e+00
6.075613637481477053e+04 9.847972114901496488e-01
6.075613663487548183e+04 1.013033505112982624e+00
6.075613689493618585e+04 1.038070162795684759e+00
6.075613715499688988e+04 9.412967887598081562e-01
6.075613741505760117e+04 9.648935503593919494e-01
6.075613767511830520e+04 9.648163323170175776e-01
6.075613793517901649e+04 1.021770655568175812e+00
6.075613819523972779e+04 9.653838334756871253e-01
6.075613845530043181e+04 9.935114849976894869e-01
6.075613871536113584e+04 1.012065883601952931e+00
6.075613897542184714e+04 1.012354475316622704e+00
6.075613923548255116e+04 9.973869013897382896e-01
6.075613949554325518e+04 1.032416076847757269e+00
6.075613975560396648e+04 1.017761534389510780e+00
6.075614001566467778e+04 9.793438137663508236e-01
6.075614027572538907e+04 1.091523649848912703e+00
6.075614053578608582e+04 1.005356821567909398e+00
6.075614079584679712e+04 1.035600570033107015e+00
6.075614105590750842e+04 9.863943182348902106e-01
6.075614131596821244e+04 1.004920691090418705e+00
6.075614157602892374e+04 9.773153734344759425e-01
6.075614183608962776e+04 9.612011928022102802e-01
6.075614209615033906e+04 1.014486957366485198e+00
6.075614235621104308e+04 9.674596270490213312e-01
6.075614261627174710e+04 9.748630563672627813e-01
6.075614287633246568e+04 9.870729122327438487e-01
6.075614313639316970e+04 1.043424093465469937e+00
6.075614339645387372e+04 1.045295842687228971e+00
6.075614365651458502e+04 1.024641242113354833e+00
6.075614391657528904e+04 9.422203275364188224e-01
6.075614417663600034e+04 9.877884856470754427e-01
6.075614443669670436e+04 1.005024727907154691e+00
6.075614469675741566e+04 9.995355294477623609e-01
6.075614495681812696e+04 1.013961262059881907e+00
6.075614521687882370e+04 1.012210827756613529e+00
6.075614547693953500e+04 9.865225989956853958e-01
6.075614573700024630e+04 9.882248943437725863e-01
6.075614599706095760e+04 1.054546962600418469e+00
6.075614625712166162e+04 1.010133719026463650e+00
6.075614651718236564e+04 9.543173837462027853e-01
6.075614677724307694e+04 1.027175382658061187e+00
6.075614703730378824e+04 9.579955131397454027e-01
6.075614729736448498e+04 1.031731784913695771e+00
6.075614755742519628e+04 1.119017417582298446e+00
6.075614781748590758e+04 9.775507168608387198e-01
6.075614807754661888e+04 9.239919087902660477e-01
6.075614833760732290e+04 1.046676974715198494e+00
6.075614859766802692e+04 9.469106059596210656e-01
6.075614885772873822e+04 9.862703335951075179e-01
6.075614911778944952e+04 1.014089450138803139e+00
