6.075585120116569306e+04 1.021071177330917568e+00
6.075585146121949219e+04 9.399830078678107492e-01
6.075585172127328406e+04 9.824382233416540933e-01
6.075585198132708319e+04 9.879720606187233356e-01
6.075585224138088233e+04 9.725444795846760471e-01
6.075585250143468147e+04 9.947344500480906904e-01
6.075585276148847333e+04 1.002741197714302146e+00
6.075585302154227247e+04 1.005463795834095064e+00
6.075585328159607161e+04 9.783453487742299615e-01
6.075585354164987803e+04 9.896185389318359338e-01
6.075585380170368444e+04 1.012636234958273151e+00
6.075585406175747630e+04 9.368828058031660744e-01
6.075585432181127544e+04 1.062778499771865670e+00
6.075585458186507458e+04 9.274796557097301219e-01
6.075585484191887372e+04 1.091119993695743862e+00
6.075585510197266558e+04 9.800790679180330089e-01
6.075585536202646472e+04 9.700177365320276079e-01
6.075585562208026386e+04 1.061822007322569261e+00
6.075585588213406299e+04 1.015842784281418609e+00
6.075585614218786213e+04 8.942059000548879810e-01
6.075585640224165400e+04 1.000817057150640732e+00
6.075585666229546041e+04 9.761135376446732348e-01
6.075585692234926682e+04 9.967563102145706733e-01
6.075585718240306596e+04 9.848259310767901731e-01
6.075585744245685783e+04 1.006688474235418962e+00
6.075585770251065696e+04 9.550891968926145115e-01
6.075585796256445610e+04 9.233937509661656051e-01
6.075585822261825524e+04 1.022948586182146347e+00
6.075585848267205438e+04 1.043941340869096512e+00
6.075585874272584624e+04 9.262302768104428985e-01
6.075585900277964538e+04 9.804679426501938799e-01
6.075585926283344452e+04 9.025078187365978000e-01
6.075585952288725093e+04 9.950836835132276237e-01
6.075585978294105735e+04 9.729483248244779059e-01
6.075586004299484921e+04 9.404321970337709002e-01
6.075586030304864835e+04 9.678775713287557370e-01
6.075586056310244749e+04 9.351526489401613684e-01
6.075586082315624662e+04 9.465070065784734199e-01
6.075586108321004576e+04 9.645372920142122330e-01
6.075586134326383763e+04 9.929545948023429380e-01
6.075586160331763676e+04 9.938780051031407270e-01
6.075586186337143590e+04 9.985551109385771840e-01
6.075586212342523504e+04 1.006080732628976016e+00
6.075586238347903418e+04 9.969710683961194864e-01
6.075586264353283332e+04 9.479636711985531816e-01
6.075586290358663973e+04 9.797820990271455255e-01
6.075586316364043887e+04 9.887391045683285862e-01
6.075586342369423801e+04 9.472427992329542912e-01
6.075586368374803715e+04 1.062381546486445449e+00
6.075586394380182901e+04 9.710990512666345387e-01
6.075586420385562815e+04 9.458513905260647059e-01
6.075586446390942729e+04 9.115210178332726620e-01
6.075586472396322642e+04 9.775334819801616559e-01
6.075586498401702556e+04 1.006889329786607945e+00
6.075586524407081743e+04 9.938402262997440006e-01
6.075586550412462384e+04 9.059648206258147374e-01
6.075586576417843025e+04 9.721650044098560928e-01
6.075586602423222939e+04 8.579303771720168115e-01
6.075586628428602853e+04 9.636171060966177704e-01
6.075586654433982039e+04 9.660095126844170377e-01
6.075586680439361953e+04 1.029648601286665688e+00
6.075586706444741867e+04 1.005129175478564507e+00
6.075586732450121781e+04 9.927841593316744095e-01
6.075586758455501695e+04 9.546952287359914413e-01
6.075586784460881609e+04 1.000682684956026636e+00
6.075586810466260795e+04 1.006575093690043499e+00
6.075586836471640709e+04 8.922854969126374769e-01
6.075586862477021350e+04 1.017412340772473778e+00
6.075586888482401991e+04 9.808400222497666299e-01
6.075586914487781905e+04 9.729498566073745414e-01
6.075586940493161092e+04 9.668995742222240564e-01
6.075586966498541005e+04 9.790713715936412154e-01
6.075586992503920919e+04 9.180138408505778003e-01
6.075587018509300833e+04 9.995576349047499143e-01
6.075587044514680747e+04 9.683777996409320687e-01
6.075587070520060661e+04 1.036645438528365215e+00
6.075587096525439847e+04 9.615991537914667653e-01
6.075587122530819761e+04 9.678248098068638061e-01
6.075587148536199675e+04 9.409020334896937010e-01
6.075587174541581044e+04 9.662871297299954199e-01
6.075587200546960958e+04 9.978684648520369516e-01
6.075587226552340871e+04 1.023867177156057906e+00
6.075587252557720058e+04 1.033380133550540814e+00
6.075587278563099972e+04 9.475443220570441971e-01
6.075587304568479885e+04 9.339572607799890847e-01
6.075587330573859799e+04 9.551445331409189610e-01
6.075587356579239713e+04 9.804733568821808465e-01
6.075587382584619627e+04 9.711263201473836482e-01
6.075587408589998813e+04 1.073720733340929101e+00
6.075587434595378727e+04 9.853933532750959179e-01
6.075587460600759368e+04 9.868929875816430108e-01
6.075587486606140010e+04 9.817686248670617344e-01
6.075587512611519924e+04 9.351636993880946269e-01
6.075587538616899838e+04 9.673354398425904055e-01
6.075587564622279751e+04 9.832433801021722708e-01
6.075587590627658938e+04 1.002039291975636459e+00
6.075587616633038851e+04 9.599072766448671912e-01
6.075587642638418765e+04 8.942521863363718237e-01
6.075587668643798679e+04 1.036566421603847932e+00
6.075587694649178593e+04 1.033215131151649535e+00
6.075587720654558507e+04 9.982077591048214016e-01
6.075587746659937693e+04 9.375249871025926884e-01
6.075587772665318334e+04 1.027956473182302100e+00
6.075587798670698976e+04 9.572137266677659406e-01
6.075587824676078890e+04 9.645075484422185319e-01
6.075587850681458804e+04 9.509664469484080396e-01
6.075587876686838717e+04 9.944672684510940108e-01
6.075587902692218631e+04 9.721816258182383041e-01
6.075587928697597818e+04 9.847779522907986749e-01
6.075587954702977731e+04 9.882475994974865285e-01
6.075588115586427011e+04 9.635111131001623530e-01
6.075588141592496686e+04 9.703132579295286053e-01
6.075588167598567088e+04 9.979251625444478524e-01
6.075588193604636763e+04 9.369377405227742317e-01
6.075588219610707165e+04 1.001927964581175168e+00
6.075588245616777567e+04 9.537699878367998929e-01
6.075588271622847242e+04 9.497862899023620242e-01
6.075588297628917644e+04 9.991026177517772222e-01
6.075588323634988046e+04 9.439965829943800513e-01
6.075588349641056993e+04 9.512811788003362468e-01
6.075588375647127395e+04 1.005226696995075608e+00
6.075588401653197798e+04 1.055063576838074724e+00
6.075588427659268200e+04 1.009876441109943679e+00
6.075588453665338602e+04 1.040272516193106789e+00
6.075588479671408277e+04 9.911263306670400342e-01
6.075588505677478679e+04 9.310081701508502450e-01
6.075588531683548354e+04 1.039281595624800936e+00
6.075588557689618756e+04 9.178314867549473011e-01
6.075588583695689158e+04 9.979652179465496875e-01
6.075588609701758833e+04 9.633835838334758872e-01
6.075588635707829235e+04 9.579756790385636211e-01
6.075588661713899637e+04 9.504668271941976165e-01
6.075588687719969312e+04 1.017160683623079986e+00
6.075588713726038986e+04 8.834596641409973028e-01
6.075588739732109389e+04 8.849750553218415083e-01
6.075588765738179791e+04 1.040105240411866916e+00
6.075588791744250193e+04 9.482595859865388110e-01
6.075588817750319868e+04 9.396754329609111611e-01
6.075588843756390270e+04 9.633570220351161950e-01
6.075588869762460672e+04 9.364253097071076892e-01
6.075588895768530347e+04 1.075163595970168640e+00
6.075588921774600749e+04 1.097563426448474599e+00
6.075588947780670424e+04 9.229909496582401340e-01
6.075588973786740826e+04 8.978900154422607693e-01
6.075588999792811228e+04 9.763990310930448224e-01
6.075589025798880903e+04 9.745111008028516375e-01
6.075589051804952032e+04 9.812779712174074520e-01
6.075589077811021707e+04 9.228292262605873875e-01
6.075589103817091382e+04 1.046902430242822035e+00
6.075589129823161784e+04 9.605197513124149600e-01
6.075589155829231458e+04 9.357603761921642338e-01
6.075589181835301861e+04 9.654236702382391622e-01
6.075589207841372263e+04 9.642661384912564193e-01
6.075589233847442665e+04 9.854649002678064207e-01
6.075589259853513067e+04 9.950667365870882186e-01
6.075589285859582742e+04 9.774319410896562532e-01
6.075589311865652417e+04 1.036250625760160471e+00
6.075589337871722819e+04 9.752430581484666794e-01
6.075589363877793221e+04 9.874067117874246735e-01
6.075589389883863623e+04 1.014237591381829784e+00
6.075589415889933298e+04 8.864270559373201852e-01
6.075589441896003700e+04 1.045200022841776155e+00
6.075589467902074102e+04 9.347034787384644883e-01
6.075589493908143777e+04 1.013529098396165562e+00
6.075589519914213452e+04 1.001174776802747246e+00
6.075589545920283854e+04 1.003881991123383610e+00
6.075589571926354256e+04 9.079290167282716428e-01
6.075589597932424658e+04 8.915712919480880405e-01
6.075589623938494333e+04 9.369887693045191313e-01
6.075589649944564735e+04 9.835479667922785163e-01
6.075589675950635137e+04 9.713285721069253587e-01
6.075589701956705539e+04 9.623048449194347986e-01
6.075589727962775942e+04 9.469944735428608151e-01
6.075589753968844889e+04 9.756798564063177137e-01
6.075589779974915291e+04 8.851204195608260994e-01
6.075589805980985693e+04 9.900658216176371207e-01
6.075589831987055368e+04 8.368945481637362072e-01
6.075589857993125770e+04 9.732025830142791989e-01
6.075589883999196172e+04 9.684233527118089047e-01
6.075589910005266574e+04 9.702348556971085447e-01
6.075589936011336977e+04 9.924817558998545453e-01
6.075589962017406651e+04 9.851442999047952398e-01
6.075589988023477054e+04 9.336412078070072118e-01
6.075590014029546728e+04 9.369036970507674811e-01
6.075590040035617130e+04 1.022613317535184363e+00
6.075590066041687533e+04 9.949009272068299881e-01
6.075590092047757207e+04 9.429958395972135587e-01
6.075590118053827609e+04 1.006565894305480713e+00
6.075590144059898012e+04 9.195850056625188840e-01
6.075590170065967686e+04 9.340181891977741291e-01
6.075590196072038816e+04 9.002177373888066159e-01
6.075590222078108491e+04 8.923802722462510495e-01
6.075590248084178893e+04 1.001480158742305449e+00
6.075590274090249295e+04 9.822701516205080141e-01
6.075590300096318242e+04 9.846841636541527887e-01
6.075590326102388644e+04 9.623086196331456232e-01
6.075590352108459047e+04 1.013821163812392845e+00
6.075590378114529449e+04 9.548211095526548675e-01
6.075590404120599851e+04 9.921743267994048709e-01
6.075590430126669526e+04 8.914468031594171560e-01
6.075590456132739928e+04 9.707110904771278914e-01
6.075590482138810330e+04 9.479592008581126938e-01
6.075590508144880732e+04 1.010615743403284972e+00
6.075590534150951135e+04 9.792890622604896178e-01
6.075590560157020809e+04 8.958505688206500617e-01
6.075590586163091211e+04 9.709928442791719849e-01
6.075590612169160886e+04 9.403378031957133620e-01
6.075590638175230561e+04 8.932083722143082660e-01
6.075590664181300963e+04 9.324346792877905576e-01
6.075590690187371365e+04 1.055783361471530846e+00
6.075590716193441767e+04 1.011721205797926793e+00
6.075590742199512169e+04 9.734364211267790834e-01
6.075590768205581844e+04 9.046924600974567410e-01
6.075590794211652246e+04 1.022558779871023615e+00
6.075590820217722649e+04 9.714282696363037983e-01
6.075590846223793051e+04 1.006766971854936354e+00
6.075590872229863453e+04 9.927161508863044936e-01
6.075590898235933128e+04 9.173078661127626043e-01
6.075590924242003530e+04 9.470727084740971913e-01
6.075590950248073932e+04 1.017118487213111155e+00
6.075591106051386305e+04 9.781226985444883004e-01
6.075591132057445793e+04 9.388482470766380539e-01
6.075591158063505281e+04 9.597518416628926241e-01
6.075591184069564770e+04 1.015332029164896399e+00
6.075591210075624258e+04 9.296591865074212979e-01
6.075591236081683746e+04 1.020400428756023103e+00
6.075591262087743235e+04 9.938986259136615153e-01
6.075591288093802723e+04 1.055597102316685465e+00
6.075591314099862211e+04 9.585034670211262098e-01
6.075591340105922427e+04 9.500600944819515004e-01
6.075591366111981915e+04 9.813652976945123063e-01
6.075591392118041404e+04 9.938640019197316766e-01
6.075591418124100892e+04 1.035934671422130693e+00
6.075591444130160380e+04 9.302022257286689522e-01
6.075591470136219868e+04 9.799926199090983614e-01
6.075591496142279357e+04 9.893065350956413706e-01
6.075591522148338845e+04 9.877015892408858022e-01
6.075591548154399061e+04 9.531833010913097759e-01
6.075591574160458549e+04 9.213886970341990112e-01
6.075591600166518037e+04 9.300265765574659005e-01
6.075591626172577526e+04 9.376425317524209602e-01
6.075591652178637742e+04 1.006464147420948141e+00
6.075591678184697230e+04 1.003402118905403873e+00
6.075591704190756718e+04 9.643816201171920843e-01
6.075591730196816206e+04 9.628714529223958429e-01
6.075591756202875695e+04 9.330487831401295118e-01
6.075591782208935183e+04 9.648134974370319306e-01
6.075591808214994671e+04 9.712829170051214822e-01
6.075591834221054160e+04 9.011173784787233076e-01
6.075591860227113648e+04 1.000286396222234142e+00
6.075591886233173136e+04 9.383233688931990057e-01
6.075591912239232624e+04 1.019016270372916644e+00
6.075591938245292840e+04 1.006487407163343173e+00
6.075591964251352329e+04 1.042974313552600618e+00
6.075591990257411817e+04 9.213147384964682773e-01
6.075592016263471305e+04 1.047493658604452538e+00
6.075592042269530793e+04 1.038697412515841689e+00
6.075592068275590282e+04 9.650436563770466991e-01
6.075592094281649770e+04 9.856973733653608960e-01
6.075592120287709986e+04 1.011649152443595767e+00
6.075592146293769474e+04 9.776576766519762263e-01
6.075592172299828962e+04 9.958901917613761645e-01
6.075592198305888451e+04 9.776076576093911674e-01
6.075592224311948667e+04 9.996105199433800159e-01
6.075592250318008155e+04 9.910504149925605244e-01
6.075592276324067643e+04 9.408286677392049269e-01
6.075592302330127131e+04 9.547703352861517390e-01
6.075592328336186620e+04 9.815650521227583525e-01
6.075592354342246108e+04 9.749624708260674621e-01
6.075592380348305596e+04 1.001917565511417196e+00
6.075592406354365812e+04 9.061493358017054245e-01
6.075592432360425300e+04 9.342764047407374761e-01
6.075592458366484789e+04 9.573351346846700194e-01
6.075592484372544277e+04 9.773146640920057360e-01
6.075592510378604493e+04 9.687993279362830945e-01
6.075592536384663981e+04 9.642313172638815599e-01
6.075592562390723469e+04 9.710617370515540747e-01
6.075592588396782958e+04 9.652388421988873368e-01
6.075592614402842446e+04 1.056672103842136279e+00
6.075592640408901934e+04 1.049349788219749557e+00
6.075592666414961423e+04 9.749064164686586098e-01
6.075592692421020911e+04 9.637262811941847973e-01
6.075592718427081127e+04 1.029181609296478728e+00
6.075592744433140615e+04 9.687109075076605347e-01
6.075592770439200103e+04 1.000930550263042562e+00
6.075592796445260319e+04 9.875272583386687231e-01
6.075592822451319807e+04 9.813195510239220987e-01
6.075592848457379296e+04 1.023459700855683829e+00
6.075592874463438784e+04 8.954937075948736780e-01
6.075592900469498272e+04 9.807237816530279817e-01
6.075592926475557761e+04 1.055561482459868250e+00
6.075592952481617249e+04 8.938880476758547244e-01
6.075592978487676737e+04 9.538818156874377951e-01
6.075593004493736953e+04 1.042441105272234214e+00
6.075593030499796441e+04 9.887784153213414751e-01
6.075593056505855930e+04 1.047500046308821542e+00
6.075593082511916145e+04 9.519742675696101220e-01
6.075593108517975634e+04 9.012248182771790406e-01
6.075593134524035122e+04 9.501352604038600935e-01
6.075593160530094610e+04 1.001141909420036447e+00
6.075593186536154099e+04 8.343344749433320162e-01
6.075593212542213587e+04 9.213707966839413954e-01
6.075593238548273075e+04 9.805092790759494248e-01
6.075593264554332563e+04 1.001569231175149621e+00
6.075593290560392779e+04 8.529373853668631433e-01
6.075593316566452268e+04 9.536327773659246665e-01
6.075593342572511756e+04 8.851747482165751579e-01
6.075593368578571244e+04 9.779090936058117967e-01
6.075593394584631460e+04 1.082713694215212907e+00
6.075593420590690948e+04 9.373782449366249159e-01
6.075593446596750437e+04 9.211907281554246874e-01
6.075593472602809925e+04 9.695573206026293356e-01
6.075593498608869413e+04 9.653920639162724138e-01
6.075593524614928901e+04 9.098645664845839143e-01
6.075593550620988390e+04 9.836745863757135888e-01
6.075593576627048606e+04 9.473787541930774880e-01
6.075593602633108094e+04 9.495427597271355324e-01
6.075593628639167582e+04 9.405972688231738488e-01
6.075593654645227070e+04 9.447165241002617453e-01
6.075593680651287286e+04 9.059432832273706104e-01
6.075593706657346775e+04 1.035960868718153183e+00
6.075593732663406263e+04 1.013082344419895531e+00
6.075593758669465751e+04 1.000296182257801147e+00
6.075593784675525239e+04 1.013350677503290553e+00
6.075593810681584728e+04 1.027957517044884916e+00
6.075593836687644216e+04 1.022678596757949032e+00
6.075593862693704432e+04 9.565633150977754795e-01
6.075593888699763920e+04 9.644146485723615880e-01
6.075593914705823408e+04 1.037305224774765611e+00
6.075593940711883624e+04 9.713374066391246009e-01
6.075594106598430517e+04 9.995249931303750168e-01
6.075594132604500919e+04 9.749097666571225895e-01
6.075594158610571321e+04 1.093953439507449055e+00
6.075594184616640996e+04 8.985063660974226263e-01
6.075594210622711398e+04 9.935352909736481219e-01
6.075594236628781800e+04 9.491918110650565676e-01
6.075594262634852203e+04 9.870659857273306192e-01
6.075594288640922605e+04 9.798263644683863349e-01
6.075594314646992279e+04 9.428810586525423476e-01
6.075594340653063409e+04 9.195236705795049037e-01
6.075594366659133811e+04 1.000353305048013786e+00
6.075594392665203486e+04 8.878262075509689710e-01
6.075594418671273888e+04 9.578377495712242506e-01
6.075594444677344291e+04 9.359298810134373259e-01
6.075594470683414693e+04 9.810956356379170185e-01
6.075594496689485095e+04 1.014090477080177299e+00
6.075594522695554770e+04 1.024805587791078221e+00
6.075594548701625172e+04 9.445406123512355423e-01
6.075594574707695574e+04 1.019240897612713859e+00
6.075594600713765976e+04 9.331292116971059425e-01
6.075594626719836378e+04 9.637173146701049076e-01
6.075594652725906053e+04 9.721001041159648137e-01
6.075594678731976455e+04 9.083157572222103626e-01
6.075594704738046858e+04 9.150961872667546793e-01
6.075594730744116532e+04 9.400155349794639958e-01
6.075594756750187662e+04 9.390680196058160956e-01
6.075594782756257337e+04 9.787995146227868037e-01
6.075594808762328466e+04 9.566570940963574632e-01
6.075594834768398869e+04 9.703618870890952097e-01
6.075594860774468543e+04 9.471638546058264163e-01
6.075594886780538945e+04 1.002242436111421720e+00
6.075594912786609348e+04 8.902092697853254410e-01
6.075594938792679750e+04 9.736222041716976472e-01
6.075594964798750152e+04 9.447339366527571780e-01
6.075594990804819827e+04 1.054845796677086334e+00
6.075595016810890229e+04 9.833334343803594724e-01
6.075595042816960631e+04 9.972278018326456994e-01
6.075595068823031033e+04 8.624057090335710551e-01
6.075595094829101436e+04 9.721642663901891579e-01
6.075595120835171110e+04 9.245436145140685236e-01
6.075595146841241512e+04 9.662992018973028951e-01
6.075595172847312642e+04 1.025053229033338287e+00
6.075595198853382317e+04 1.080407633081911456e+00
6.075595224859452719e+04 1.006660902439935334e+00
6.075595250865523121e+04 9.417445724876559732e-01
6.075595276871593524e+04 9.685745109466479263e-01
6.075595302877663926e+04 9.100552536407124915e-01
6.075595328883733600e+04 8.937132779421147477e-01
6.075595354889804003e+04 1.041264633408976792e+00
6.075595380895874405e+04 1.028273303035921904e+00
6.075595406901944807e+04 9.477040166268675403e-01
6.075595432908015209e+04 9.210537243691053755e-01
6.075595458914084884e+04 1.030156987034118954e+00
6.075595484920156014e+04 1.026573802891987075e+00
6.075595510926226416e+04 9.744172944571474204e-01
6.075595536932296091e+04 1.062899023839443569e+00
6.075595562938366493e+04 9.271666431182949974e-01
6.075595588944436895e+04 9.170339546615894344e-01
6.075595614950507297e+04 9.971140967666819455e-01
6.075595640956577699e+04 8.723179418540106811e-01
6.075595666962647374e+04 9.875554559198611582e-01
6.075595692968717776e+04 1.016880724172432915e+00
6.075595718974788178e+04 1.065095418842425312e+00
6.075595744980858581e+04 9.228344341000545015e-01
6.075595770986929710e+04 1.002262949574483919e+00
6.075595796992999385e+04 9.779798569296404009e-01
6.075595822999069787e+04 9.543328346539268203e-01
6.075595849005140190e+04 1.031786424396519797e+00
6.075595875011209864e+04 9.228786892445394185e-01
6.075595901017280994e+04 9.988695193468218880e-01
6.075595927023350669e+04 9.604432360857783069e-01
6.075595953029421071e+04 9.460320917833067167e-01
6.075595979035491473e+04 1.052334350791739759e+00
6.075596005041561148e+04 9.973396498569871982e-01
6.075596031047632277e+04 1.034063926494873220e+00
6.075596057053702680e+04 9.632002613436342342e-01
6.075596083059773082e+04 9.851204576929341039e-01
6.075596109065843484e+04 9.741085546831285136e-01
6.075596135071913159e+04 1.022699466927366574e+00
6.075596161077983561e+04 9.932561962537447275e-01
6.075596187084053963e+04 9.339263524094341129e-01
6.075596213090124365e+04 1.004427034772233274e+00
6.075596239096194768e+04 1.005500026480362186e+00
6.075596265102265170e+04 9.519466263193379074e-01
6.075596291108335572e+04 9.582130669143549273e-01
6.075596317114405974e+04 1.011106710837827105e+00
6.075596343120475649e+04 9.192895227593266272e-01
6.075596369126546051e+04 1.020623231023657818e+00
6.075596395132616453e+04 9.148606790767650487e-01
6.075596421138686856e+04 1.022207938634589475e+00
6.075596447144757258e+04 1.005117554992180917e+00
6.075596473150827660e+04 9.863443741110491381e-01
6.075596499156898062e+04 9.390935928118397946e-01
6.075596525162968464e+04 1.023788002313875234e+00
6.075596551169038867e+04 9.873480886314977001e-01
6.075596577175109269e+04 9.857743411197631422e-01
6.075596603181178943e+04 9.577126661212835845e-01
6.075596629187249346e+04 8.977887034854926673e-01
6.075596655193319748e+04 9.565793836294348429e-01
6.075596681199390150e+04 9.634407475113878627e-01
6.075596707205460552e+04 9.352197695217262519e-01
6.075596733211530955e+04 9.346058692068047735e-01
6.075596759217601357e+04 9.738981872171257326e-01
6.075596785223671759e+04 9.894148047222555142e-01
6.075596811229741434e+04 9.704272820290198442e-01
6.075596837235811836e+04 8.573836268736585442e-01
6.075596863241882238e+04 9.753440882713334537e-01
6.075596889247953368e+04 1.042175039967152550e+00
6.075596915254023770e+04 9.723129523602556112e-01
6.075596941260093445e+04 9.802602458500347948e-01
6.075597102105359954e+04 9.667824452872756380e-01
6.075597128111420170e+04 1.042702770518187716e+00
6.075597154117479658e+04 1.037836637943703844e+00
6.075597180123539147e+04 1.023399075581878703e+00
6.075597206129598635e+04 1.032615841384791677e+00
6.075597232135658123e+04 9.309363084023882795e-01
6.075597258141718339e+04 1.027824742053795815e+00
6.075597284147777827e+04 9.647901270075929236e-01
6.075597310153837316e+04 1.042688092810062583e+00
6.075597336159897532e+04 1.032985866552130094e+00
6.075597362165957020e+04 9.475448667055249574e-01
6.075597388172016508e+04 1.038738698359556345e+00
6.075597414178077452e+04 1.061539443562115492e+00
6.075597440184136940e+04 9.653788930126820933e-01
6.075597466190196428e+04 9.891245923103600957e-01
6.075597492196255916e+04 9.449661930894523998e-01
6.075597518202315405e+04 1.006925883274600420e+00
6.075597544208374893e+04 1.005359208380351532e+00
6.075597570214434381e+04 1.008291697659548181e+00
6.075597596220494597e+04 9.738809743260808949e-01
6.075597622226554813e+04 1.048541590593191852e+00
6.075597648232614301e+04 1.052682513063994296e+00
6.075597674238673790e+04 1.011472492790757238e+00
6.075597700244734006e+04 8.899010855700409950e-01
6.075597726250793494e+04 1.006220048296672553e+00
6.075597752256853710e+04 9.567034784088978006e-01
6.075597778262913198e+04 1.027854623886812702e+00
6.075597804268972686e+04 9.815207802704064566e-01
6.075597830275032175e+04 9.827203923750481573e-01
6.075597856281091663e+04 9.869539665821946972e-01
6.075597882287151151e+04 1.065896579111665465e+00
6.075597908293212095e+04 1.045562068815561130e+00
6.075597934299271583e+04 9.523446343569821337e-01
6.075597960305331071e+04 9.869218087787451354e-01
6.075597986311390559e+04 9.984192640062150570e-01
6.075598012317450775e+04 1.043314520801147394e+00
6.075598038323510264e+04 9.266266217496195168e-01
6.075598064329570479e+04 1.002825081423361908e+00
6.075598090335629968e+04 1.024087008155581957e+00
6.075598116341689456e+04 9.964664651697520137e-01
6.075598142347748944e+04 1.016718631303435094e+00
6.075598168353808433e+04 9.976018638896693158e-01
6.075598194359869376e+04 9.496145602136181196e-01
6.075598220365928864e+04 1.013252846787597639e+00
6.075598246371988353e+04 1.012155257706838007e+00
6.075598272378047841e+04 1.112721567012817658e+00
6.075598298384108057e+04 9.839282066182654107e-01
6.075598324390167545e+04 1.048887556867261095e+00
6.075598350396227761e+04 1.010883476909926193e+00
6.075598376402287249e+04 1.007119985032540743e+00
6.075598402408346738e+04 1.041817079725396944e+00
6.075598428414406226e+04 9.475809989025065772e-01
6.075598454420465714e+04 1.030079044952476375e+00
6.075598480426526658e+04 9.961873138615306988e-01
6.075598506432586146e+04 1.086959510000818030e+00
6.075598532438645634e+04 1.054841937282543274e+00
6.075598558444705122e+04 9.564602569273338295e-01
6.075598584450765338e+04 9.541652861219718229e-01
6.075598610456825554e+04 9.491967025365758426e-01
6.075598636462885042e+04 1.027483366401232612e+00
6.075598662468944531e+04 1.003087303959764753e+00
6.075598688475004019e+04 1.030618624858043120e+00
6.075598714481063507e+04 1.047183000556579646e+00
6.075598740487123723e+04 1.060913281024387533e+00
6.075598766493183211e+04 1.019157329028265835e+00
6.075598792499243427e+04 9.915327214683201662e-01
6.075598818505302916e+04 1.021768913018867853e+00
6.075598844511362404e+04 9.693507722277266980e-01
6.075598870517423347e+04 1.005452881618339234e+00
6.075598896523482836e+04 9.814618978188605070e-01
6.075598922529542324e+04 9.614931745062172963e-01
6.075598948535601812e+04 1.009072495909228762e+00
6.075598974541661300e+04 1.003200820679235328e+00
6.075599000547721516e+04 1.042805153261519679e+00
6.075599026553781005e+04 9.635100616639076243e-01
6.075599052559840493e+04 1.026809590476711609e+00
6.075599078565900709e+04 9.862269159227324833e-01
6.075599104571960197e+04 1.064438135692230114e+00
6.075599130578020413e+04 9.901780642526862852e-01
6.075599156584080629e+04 9.497576830557141747e-01
6.075599182590140117e+04 1.011992110558617819e+00
6.075599208596199605e+04 9.570653389718754012e-01
6.075599234602259094e+04 1.100759565058231804e+00
6.075599260608319310e+04 9.730714851354591577e-01
6.075599286614378798e+04 1.032828192983434867e+00
6.075599312620438286e+04 1.019306953707207475e+00
6.075599338626497774e+04 9.790096318744939685e-01
6.075599364632558718e+04 9.945640215711178955e-01
6.075599390638618206e+04 1.035148713476191862e+00
6.075599416644677694e+04 1.027495441278496235e+00
6.075599442650737910e+04 9.136447868323962496e-01
6.075599468656797399e+04 1.018121265922302010e+00
6.075599494662857614e+04 1.030094631677230144e+00
6.075599520668917103e+04 1.073714560760971048e+00
6.075599546674976591e+04 1.032521121918474449e+00
6.075599572681036079e+04 9.647486463601799844e-01
6.075599598687096295e+04 1.012847453750538307e+00
6.075599624693155783e+04 1.037892464644915247e+00
6.075599650699215999e+04 1.004412658700922556e+00
6.075599676705275488e+04 1.020265839836710375e+00
6.075599702711334976e+04 1.046352782560951544e+00
6.075599728717395192e+04 1.050005804496731088e+00
6.075599754723455408e+04 9.862747451913899122e-01
6.075599780729514896e+04 1.015658338964355201e+00
6.075599806735574384e+04 9.816904406579858300e-01
6.075599832741634600e+04 9.747143808472894522e-01
6.075599858747694088e+04 1.001315721649367996e+00
6.075599884753753577e+04 9.895876452012194457e-01
6.075599910759813065e+04 1.000962409365563799e+00
6.075599936765874008e+04 9.656676436077709091e-01
6.075600091310295102e+04 9.183766935776214169e-01
6.075600117316365504e+04 1.090476217684463345e+00
6.075600143322435179e+04 1.017907311183398500e+00
6.075600169328505581e+04 9.755048964800532296e-01
6.075600195334576711e+04 9.938272380939291439e-01
6.075600221340647113e+04 9.994109813043473567e-01
6.075600247346717515e+04 9.823717192081373728e-01
6.075600273352787190e+04 1.098644292417954249e+00
6.075600299358858319e+04 1.073271376128257515e+00
6.075600325364928722e+04 1.097932963968520914e+00
6.075600351370998396e+04 9.640996535920212107e-01
6.075600377377069526e+04 1.047060118425515940e+00
6.075600403383139928e+04 9.591188949757294413e-01
6.075600429389210331e+04 1.014045878470057893e+00
6.075600455395280733e+04 1.080113643145492519e+00
6.075600481401350407e+04 9.939181543404362884e-01
6.075600507407421537e+04 1.008467537230155253e+00
6.075600533413491939e+04 1.008410359350683905e+00
6.075600559419562342e+04 1.051424185099417485e+00
6.075600585425632744e+04 9.038198213395575165e-01
6.075600611431703146e+04 9.741446866574622332e-01
6.075600637437773548e+04 9.974299250978332365e-01
6.075600663443843951e+04 1.052479266471747277e+00
6.075600689449914353e+04 1.046408204294116739e+00
6.075600715455985483e+04 9.711715399353214595e-01
6.075600741462055157e+04 1.065358487938316667e+00
6.075600767468125559e+04 1.076757119928921869e+00
6.075600793474195962e+04 9.800161581484652107e-01
6.075600819480266364e+04 1.044545927532929630e+00
6.075600845486336766e+04 9.798169404213182831e-01
6.075600871492407168e+04 1.113469316381412444e+00
6.075600897498478298e+04 1.069048832500505863e+00
6.075600923504548700e+04 9.634504742794510745e-01
6.075600949510618375e+04 9.025989410114764189e-01
6.075600975516688777e+04 1.012695234580502479e+00
6.075601001522759907e+04 9.861055380624375033e-01
6.075601027528830309e+04 1.017166965645438514e+00
6.075601053534900711e+04 9.808196748881978788e-01
6.075601079540970386e+04 1.087015353907746951e+00
6.075601105547041516e+04 9.936302209057464863e-01
6.075601131553111918e+04 9.342899937040710645e-01
6.075601157559181593e+04 1.013255933020327904e+00
6.075601183565252722e+04 1.048307321818128690e+00
6.075601209571323125e+04 1.062366320027034350e+00
6.075601235577393527e+04 1.057787644343252564e+00
6.075601261583463929e+04 1.073846240320932344e+00
6.075601287589534331e+04 9.377600873562743633e-01
6.075601313595604734e+04 1.017190475426125840e+00
6.075601339601675136e+04 9.731122488091794587e-01
6.075601365607746266e+04 9.213216887716233483e-01
6.075601391613816668e+04 1.045877388653445594e+00
6.075601417619886342e+04 9.674489291007664082e-01
6.075601443625956745e+04 1.044066853028884356e+00
6.075601469632027874e+04 1.056352714217233757e+00
6.075601495638097549e+04 1.005960446952685716e+00
6.075601521644168679e+04 9.697591294202739798e-01
6.075601547650239081e+04 1.096269219322970390e+00
6.075601573656309483e+04 9.917822534203755147e-01
6.075601599662379886e+04 1.035009749599453688e+00
6.075601625668450288e+04 9.915032973800049776e-01
6.075601651674520690e+04 1.130208066453730176e+00
6.075601677680591092e+04 1.003966943867074857e+00
6.075601703686661494e+04 1.007240110426539825e+00
6.075601729692732624e+04 9.595743483564618259e-01
6.075601755698802299e+04 1.017749141471050889e+00
6.075601781704872701e+04 9.218455961127425269e-01
6.075601807710943831e+04 1.128331449271262610e+00
6.075601833717014233e+04 1.062198671666246597e+00
6.075601859723084635e+04 9.945932895934134210e-01
6.075601885729155038e+04 1.054519122997065628e+00
6.075601911735225440e+04 9.886175681502447077e-01
6.075601937741295842e+04 1.000719717766739514e+00
6.075601963747365517e+04 9.935276486847768318e-01
6.075601989753436646e+04 9.774162448276212389e-01
6.075602015759507049e+04 1.081060582491317090e+00
6.075602041765577451e+04 9.541649714862916465e-01
6.075602067771648581e+04 1.127804564094287088e+00
6.075602093777718255e+04 1.054257573763792477e+00
6.075602119783788658e+04 1.005366500404882846e+00
6.075602145789859787e+04 1.028260092029558148e+00
6.075602171795930190e+04 9.933787905899433834e-01
6.075602197802000592e+04 1.023113247894246403e+00
6.075602223808070994e+04 1.137203970720283674e+00
6.075602249814141396e+04 1.091166526530293668e+00
6.075602275820211798e+04 1.007571188752907299e+00
6.075602301826282201e+04 1.017168811868560008e+00
6.075602327832352603e+04 1.099327559092320827e+00
6.075602353838423005e+04 1.029550737681834249e+00
6.075602379844494135e+04 9.765875677098281304e-01
6.075602405850564537e+04 1.048082093903257794e+00
6.075602431856634212e+04 9.980701668244267299e-01
6.075602457862704614e+04 1.019993930819006911e+00
6.075602483868775744e+04 1.089097681891015190e+00
6.075602509874846146e+04 1.053715898755944735e+00
6.075602535880916548e+04 9.815651261441827868e-01
6.075602561886986950e+04 1.069340283491635457e+00
6.075602587893057353e+04 9.964672821560625060e-01
6.075602613899127755e+04 8.757775979867025162e-01
6.075602639905198885e+04 1.033575333614705993e+00
6.075602665911269287e+04 1.096977191242162197e+00
6.075602691917338962e+04 9.569114095349099403e-01
6.075602717923410091e+04 1.045475360757693206e+00
6.075602743929480494e+04 1.014397793271561099e+00
6.075602769935550168e+04 1.073739957881388651e+00
6.075602795941621298e+04 1.097110571638172161e+00
6.075602821947691700e+04 1.006396995701581254e+00
6.075602847953762102e+04 9.927180815846413653e-01
6.075602873959833232e+04 1.066634202563282452e+00
6.075602899965902907e+04 9.566900652278628181e-01
6.075602925971973309e+04 9.850724747174448570e-01
6.075603093119423283e+04 9.425329869284932993e-01
6.075603119125482772e+04 1.045753628627698717e+00
6.075603145131542988e+04 9.788659132106797278e-01
6.075603171137602476e+04 9.610423686614133487e-01
6.075603197143662692e+04 1.021520805279249711e+00
6.075603223149722908e+04 1.097841691500208494e+00
6.075603249155782396e+04 1.005703656006276647e+00
6.075603275161842612e+04 1.063878497371997245e+00
6.075603301167902100e+04 1.078695971923179675e+00
6.075603327173962316e+04 1.034626245648761378e+00
6.075603353180022532e+04 1.029896295854214605e+00
6.075603379186082020e+04 1.025463385505891889e+00
6.075603405192141508e+04 9.554081795765548835e-01
6.075603431198201724e+04 1.018413638140079236e+00
6.075603457204261213e+04 1.002882104262099672e+00
6.075603483210320701e+04 9.696585638183484734e-01
6.075603509216381644e+04 9.616450707242663043e-01
6.075603535222441133e+04 1.060757344390869550e+00
6.075603561228501349e+04 1.017043123717021658e+00
6.075603587234560837e+04 1.135068646806104642e+00
6.075603613240621053e+04 9.605939937710048504e-01
6.075603639246681269e+04 1.003528287939979169e+00
6.075603665252740757e+04 1.052525012049923880e+00
6.075603691258800245e+04 1.134138510331567318e+00
6.075603717264860461e+04 1.015040260875847311e+00
6.075603743270919949e+04 1.023403792892574993e+00
6.075603769276979438e+04 1.009420827279023936e+00
6.075603795283040381e+04 1.013159353931675666e+00
6.075603821289099869e+04 1.014442805135299164e+00
6.075603847295160085e+04 1.069249207920416334e+00
6.075603873301219573e+04 1.054118688633719270e+00
6.075603899307279789e+04 9.779823583260790487e-01
6.075603925313340005e+04 1.024693493873107375e+00
6.075603951319399494e+04 1.007660925805845320e+00
6.075603977325458982e+04 9.841304014672209721e-01
6.075604003331519198e+04 1.034421687690025848e+00
6.075604029337578686e+04 9.888065500308063083e-01
6.075604055343638902e+04 1.137034078343898136e+00
6.075604081349698390e+04 1.001949707749297369e+00
6.075604107355758606e+04 1.084543424931854183e+00
6.075604133361818822e+04 1.080764719032422327e+00
6.075604159367878310e+04 1.018713135932027392e+00
6.075604185373938526e+04 1.038347149311591888e+00
6.075604211379998742e+04 1.016617095888385114e+00
6.075604237386058230e+04 1.115729928067862753e+00
6.075604263392118446e+04 9.634322547872873344e-01
6.075604289398177934e+04 1.010044302901616620e+00
6.075604315404237423e+04 1.051005537962717229e+00
6.075604341410297639e+04 9.913356041241588867e-01
6.075604367416357127e+04 9.931181487202886959e-01
6.075604393422418070e+04 1.048791443868064777e+00
6.075604419428477559e+04 1.010785619879332575e+00
6.075604445434537047e+04 1.093320696206918852e+00
6.075604471440597990e+04 1.059939265476368853e+00
6.075604497446657479e+04 9.485688401354659405e-01
6.075604523452717694e+04 9.970762442868441600e-01
6.075604549458777183e+04 9.468136583715091037e-01
6.075604575464836671e+04 9.536193928401552888e-01
6.075604601470896887e+04 9.909779637532285523e-01
6.075604627476956375e+04 9.763065140706674860e-01
6.075604653483016591e+04 1.068286439303426594e+00
6.075604679489076807e+04 1.058118465493798066e+00
6.075604705495136295e+04 1.020321268157297290e+00
6.075604731501196511e+04 1.050731755732334571e+00
6.075604757507256727e+04 9.112217009333246631e-01
6.075604783513316943e+04 1.103044179451678763e+00
6.075604809519376431e+04 1.064437906432271541e+00
6.075604835525435919e+04 9.718398248634368963e-01
6.075604861531496135e+04 1.015386297413262140e+00
6.075604887537555624e+04 1.030390261329263257e+00
6.075604913543615839e+04 1.057190184987886417e+00
6.075604939549675328e+04 1.023122875599868031e+00
6.075604965555735544e+04 9.572705811715351842e-01
6.075604991561795759e+04 1.043057646497472346e+00
6.075605017567855248e+04 9.824717059938139485e-01
6.075605043573915464e+04 1.067149880316345945e+00
6.075605069579975680e+04 1.072459147986772221e+00
6.075605095586035168e+04 1.042138763601044404e+00
6.075605121592095384e+04 1.061727755701778353e+00
6.075605147598154872e+04 1.107484497048039973e+00
6.075605173604215088e+04 9.283503808708811755e-01
6.075605199610274576e+04 9.854550432604208821e-01
6.075605225616334792e+04 1.010701629664624290e+00
6.075605251622395008e+04 1.010440964881451853e+00
6.075605277628454496e+04 1.015917178438122237e+00
6.075605303634514712e+04 9.853760714702829437e-01
6.075605329640574200e+04 1.064182711106603341e+00
6.075605355646635144e+04 1.028427161526044520e+00
6.075605381652694632e+04 1.065117009442622109e+00
6.075605407658754848e+04 1.121270643735060801e+00
6.075605433664814336e+04 1.027363791725961262e+00
6.075605459670873825e+04 1.052882834290506775e+00
6.075605485676934040e+04 1.103895472703316338e+00
6.075605511682993529e+04 9.477648773394361514e-01
6.075605537689054472e+04 1.044426448251594142e+00
6.075605563695113960e+04 1.013850808693087080e+00
6.075605589701174176e+04 9.769658604780953048e-01
6.075605615707233665e+04 1.107796808106729980e+00
6.075605641713293880e+04 9.778606505750037092e-01
6.075605667719354096e+04 1.015702869688177135e+00
6.075605693725413585e+04 1.042887309529114903e+00
6.075605719731473800e+04 1.038135856536302803e+00
6.075605745737533289e+04 1.063015641130769628e+00
6.075605771743593505e+04 9.877339492959740230e-01
6.075605797749652993e+04 9.735800497346303040e-01
6.075605823755713209e+04 1.106871214750498877e+00
6.075605849761773425e+04 1.104100759043600499e+00
6.075605875767832913e+04 1.018001360106232323e+00
6.075605901773893129e+04 9.977184483505263657e-01
6.075605927779953345e+04 9.321079889467260848e-01
6.075606082322710427e+04 1.044622359502717313e+00
6.075606108328780829e+04 9.697134109668834601e-01
6.075606134334851231e+04 1.014289155176159918e+00
6.075606160340922361e+04 1.108601386927687837e+00
6.075606186346992035e+04 1.001734452543403542e+00
6.075606212353063165e+04 1.032544621121218364e+00
6.075606238359133567e+04 9.419553938442425389e-01
6.075606264365204697e+04 1.010774831419076092e+00
6.075606290371275099e+04 1.098657542446989321e+00
6.075606316377345502e+04 9.920844909124952871e-01
6.075606342383415904e+04 1.034215720540491379e+00
6.075606368389486306e+04 1.044457904567014150e+00
6.075606394395557436e+04 9.808769577165502573e-01
6.075606420401627838e+04 9.832940537707836048e-01
6.075606446407698240e+04 1.033796577012235485e+00
6.075606472413768643e+04 1.025279075651814864e+00
6.075606498419839772e+04 1.038852066814192288e+00
6.075606524425910175e+04 1.055683811385903725e+00
6.075606550431981304e+04 1.078050411147314813e+00
6.075606576438050979e+04 1.029190083088725283e+00
6.075606602444122109e+04 1.162561934575790712e+00
6.075606628450192511e+04 9.503028923764158531e-01
6.075606654456262913e+04 1.040937027531378734e+00
6.075606680462333316e+04 9.829833463182610087e-01
6.075606706468404445e+04 9.678031774509318064e-01
6.075606732474474848e+04 1.014692226919756690e+00
6.075606758480545250e+04 1.037794622225006957e+00
6.075606784486615652e+04 9.714307807421653784e-01
6.075606810492686054e+04 9.973075007120192348e-01
6.075606836498757184e+04 1.030396553910129631e+00
6.075606862504827586e+04 1.053030709426915346e+00
6.075606888510898716e+04 1.042128999605927753e+00
6.075606914516968391e+04 1.061234340366113527e+00
6.075606940523039520e+04 1.036733446302845918e+00
6.075606966529109923e+04 9.592393578102480500e-01
6.075606992535180325e+04 1.031875734083631979e+00
6.075607018541250727e+04 1.028903986361990208e+00
6.075607044547321857e+04 1.047692232993718164e+00
6.075607070553392259e+04 1.020571357065204854e+00
6.075607096559463389e+04 1.119128985307433322e+00
6.075607122565533064e+04 1.005841884805615205e+00
6.075607148571604193e+04 1.009111019798459408e+00
6.075607174577674596e+04 1.010753290834846885e+00
6.075607200583745725e+04 9.800888695677039131e-01
6.075607226589816128e+04 1.045686934019759429e+00
6.075607252595886530e+04 9.622453739175208520e-01
6.075607278601956932e+04 1.026879110481127011e+00
6.075607304608028062e+04 9.801371609688929176e-01
6.075607330614097737e+04 1.066043181894375858e+00
6.075607356620169594e+04 1.062733540901563023e+00
6.075607382626239269e+04 9.964340803920900269e-01
6.075607408632310398e+04 1.022059803941634204e+00
6.075607434638380801e+04 1.056288968320247212e+00
6.075607460644451203e+04 9.382326092229468228e-01
6.075607486650521605e+04 9.975940432230163690e-01
6.075607512656592735e+04 1.056467648511083990e+00
6.075607538662663137e+04 1.055938136744815958e+00
6.075607564668734267e+04 1.045338088371733809e+00
6.075607590674803942e+04 9.777417057913830867e-01
6.075607616680875071e+04 1.036097113746969889e+00
6.075607642686945474e+04 1.053424153527889873e+00
6.075607668693016603e+04 1.058995586227950314e+00
6.075607694699087006e+04 1.077521699674422573e+00
6.075607720705157408e+04 1.016264171078775203e+00
6.075607746711227810e+04 1.040444078229022740e+00
6.075607772717298940e+04 1.053483706329793934e+00
6.075607798723368614e+04 9.892671229327996141e-01
6.075607824729439744e+04 1.046132733437934670e+00
6.075607850735510146e+04 1.076746989990273073e+00
6.075607876741581276e+04 1.036138352124518658e+00
6.075607902747651679e+04 9.978238565480219702e-01
6.075607928753722081e+04 1.013033235215196282e+00
6.075607954759792483e+04 9.687170941122138501e-01
6.075607980765863613e+04 9.667350006674365615e-01
6.075608006771934015e+04 1.035002199860454608e+00
6.075608032778005145e+04 1.040219597647904504e+00
6.075608058784074819e+04 1.097081614733247390e+00
6.075608084790145949e+04 1.082411174452604818e+00
6.075608110796216351e+04 1.049208649582564101e+00
6.075608136802286754e+04 1.065331003221916317e+00
6.075608162808357156e+04 1.074082432047160696e+00
6.075608188814428286e+04 9.390877402475351632e-01
6.075608214820498688e+04 1.051258716479825939e+00
6.075608240826569818e+04 1.082933213278422846e+00
6.075608266832639492e+04 9.793933183859986347e-01
6.075608292838710622e+04 1.031930618736410121e+00
6.075608318844781024e+04 1.031641498242991117e+00
6.075608344850852154e+04 9.555098814401248308e-01
6.075608370856922556e+04 9.812099582429160138e-01
6.075608396862992959e+04 1.025102117894124421e+00
6.075608422869064088e+04 1.078878803658876118e+00
6.075608448875134491e+04 9.643878204859596126e-01
6.075608474881204893e+04 1.088530845197538843e+00
6.075608500887276023e+04 1.019912144962323186e+00
6.075608526893346425e+04 1.070777755940979237e+00
6.075608552899416827e+04 9.669228710379432767e-01
6.075608578905487957e+04 1.040868641502280090e+00
6.075608604911557632e+04 1.070218085991186951e+00
6.075608630917628761e+04 1.070048272241045817e+00
6.075608656923699164e+04 1.077099482216663739e+00
6.075608682929770293e+04 1.044497697145861492e+00
6.075608708935840696e+04 9.574844075855810654e-01
6.075608734941911098e+04 1.024701639635678507e+00
6.075608760947981500e+04 1.035429980240460068e+00
6.075608786954052630e+04 1.010237236917954418e+00
6.075608812960123760e+04 1.010888174004873852e+00
6.075608838966194162e+04 1.037855871986876011e+00
6.075608864972264564e+04 1.025649640269882701e+00
6.075608890978334966e+04 9.959502681322027762e-01
6.075608916984406096e+04 1.012819372137749196e+00
6.075609076569380704e+04 1.005620501633911257e+00
6.075609102575441648e+04 1.022272755361331997e+00
6.075609128581501136e+04 1.094729972334148371e+00
6.075609154587561352e+04 1.049501312756021765e+00
6.075609180593621568e+04 9.681053938185391061e-01
6.075609206599681784e+04 1.022436195569537132e+00
6.075609232605741272e+04 9.873086838750606553e-01
6.075609258611801488e+04 1.073768295843515741e+00
6.075609284617860976e+04 9.877389526340373260e-01
6.075609310623921192e+04 1.012345486196220667e+00
6.075609336629981408e+04 9.578816638921212601e-01
6.075609362636040896e+04 9.865309506552784047e-01
6.075609388642101840e+04 1.016425048883290660e+00
6.075609414648161328e+04 1.034699905078614757e+00
6.075609440654221544e+04 1.063813483854880282e+00
6.075609466660281760e+04 1.047966165731736510e+00
6.075609492666341976e+04 1.055374301499247602e+00
6.075609518672402191e+04 1.019959694607232681e+00
6.075609544678461680e+04 1.022339685571007406e+00
6.075609570684521896e+04 9.656648608736299044e-01
6.075609596690581384e+04 1.005669074547891562e+00
6.075609622696641600e+04 1.011854538771735923e+00
6.075609648702701088e+04 9.845602791958005806e-01
6.075609674708762032e+04 1.017930624221886626e+00
6.075609700714822247e+04 1.025317928682576429e+00
6.075609726720881736e+04 1.000049055342982163e+00
6.075609752726942679e+04 1.049539596044684941e+00
6.075609778733002167e+04 9.250852403199719687e-01
6.075609804739062383e+04 9.452212217072809564e-01
6.075609830745121872e+04 1.053209801113914601e+00
6.075609856751182087e+04 1.013062911664093457e+00
6.075609882757242303e+04 1.001164311893752767e+00
6.075609908763301792e+04 1.124578087466258092e+00
6.075609934769362008e+04 1.049562282275778191e+00
6.075609960775422223e+04 9.437785649503446228e-01
6.075609986781482439e+04 1.015945824433425404e+00
6.075610012787541928e+04 1.054826487876117103e+00
6.075610038793602143e+04 1.000232101786820316e+00
6.075610064799663087e+04 1.102473021777770068e+00
6.075610090805722575e+04 1.103190168220910206e+00
6.075610116811782791e+04 1.038994092922623125e+00
6.075610142817842279e+04 9.582096842679150850e-01
6.075610168823902495e+04 1.012180501703795477e+00
6.075610194829962711e+04 1.067266450625698138e+00
6.075610220836022199e+04 1.022860541157971648e+00
6.075610246842083143e+04 1.031659441110651443e+00
6.075610272848142631e+04 1.026844000755699371e+00
6.075610298854202847e+04 1.000040353408342630e+00
6.075610324860263063e+04 9.964294109992356541e-01
6.075610350866323279e+04 1.083359956806046798e+00
6.075610376872383495e+04 1.058658036481930020e+00
6.075610402878442983e+04 1.003986864587740113e+00
6.075610428884503199e+04 1.012032946057495275e+00
6.075610454890563415e+04 1.084907094120444615e+00
6.075610480896622903e+04 1.031948011311949687e+00
6.075610506902683119e+04 9.901820098707049267e-01
6.075610532908743335e+04 9.805842390550009169e-01
6.075610558914803551e+04 1.016423524428722747e+00
6.075610584920863766e+04 1.060669135952621023e+00
6.075610610926923255e+04 9.705677065899922518e-01
6.075610636932984198e+04 1.041127739558186382e+00
6.075610662939043686e+04 9.792085064738516031e-01
6.075610688945103902e+04 1.115841367185845368e+00
6.075610714951164118e+04 1.076464836221218802e+00
6.075610740957223607e+04 1.012037769553939093e+00
6.075610766963283822e+04 9.828451506831519247e-01
6.075610792969343311e+04 9.661895325895142328e-01
6.075610818975403527e+04 9.960554188175322343e-01
6.075610844981464470e+04 9.626204407928344864e-01
6.075610870987523958e+04 1.052646496809013676e+00
6.075610896993584174e+04 9.427902933621854498e-01
6.075610922999644390e+04 9.880776675980220691e-01
6.075610949005704606e+04 1.043229187645817291e+00
6.075610975011764822e+04 1.088366836159557982e+00
6.075611001017824310e+04 1.043496789819852610e+00
6.075611027023884526e+04 9.959831701684324079e-01
6.075611053029944742e+04 1.063563641359405842e+00
6.075611079036004230e+04 9.763228723821633093e-01
6.075611105042064446e+04 1.090387072198078178e+00
6.075611131048124662e+04 9.061013079362045808e-01
6.075611157054184878e+04 9.891871690613290857e-01
6.075611183060245094e+04 9.228242243635883524e-01
6.075611209066305310e+04 1.008678343836455937e+00
6.075611235072365525e+04 1.034915806505435576e+00
6.075611261078425741e+04 1.011386694762633986e+00
6.075611287084485230e+04 1.018369616156142188e+00
6.075611313090545445e+04 1.042785817876394239e+00
6.075611339096604934e+04 1.009481428542129411e+00
6.075611365102665150e+04 1.003731605010897532e+00
6.075611391108725365e+04 1.002883156983530366e+00
6.075611417114785581e+04 1.084347799397755718e+00
6.075611443120845797e+04 1.025871162116855695e+00
6.075611469126906013e+04 9.571159377848450500e-01
6.075611495132966229e+04 9.945928573783923143e-01
6.075611521139026445e+04 9.542909376809620703e-01
6.075611547145085933e+04 1.045128787238040369e+00
6.075611573151146149e+04 9.925514593604102265e-01
6.075611599157206365e+04 1.071830781800490406e+00
6.075611625163265853e+04 9.532008584259075157e-01
6.075611651169326069e+04 9.993561133289416976e-01
6.075611677175386285e+04 9.211888173767368571e-01
6.075611703181446501e+04 1.073041693649428696e+00
6.075611729187506717e+04 1.065132856458068433e+00
6.075611755193566933e+04 1.071092520537358261e+00
6.075611781199626421e+04 1.026106653541587255e+00
6.075611807205687364e+04 1.023724706406941465e+00
6.075611833211747580e+04 1.036918670028781353e+00
6.075611859217807068e+04 1.050317874405231278e+00
6.075611885223867284e+04 9.958016994871183858e-01
6.075611911229926773e+04 1.032312205871287691e+00
6.075612077117233275e+04 1.003499249009204064e+00
6.075612103123303677e+04 9.863095715438348066e-01
6.075612129129374080e+04 1.019998231431762825e+00
6.075612155135445209e+04 1.059313366179953864e+00
6.075612181141516339e+04 9.891667964990674689e-01
6.075612207147586741e+04 1.142274704264889307e+00
6.075612233153657144e+04 1.002256121115059351e+00
6.075612259159728274e+04 9.897265256549907519e-01
6.075612285165798676e+04 9.853300923004587597e-01
6.075612311171869806e+04 9.730002066888772116e-01
6.075612337177940935e+04 9.548304764009492018e-01
6.075612363184010610e+04 9.243148428783977133e-01
6.075612389190081740e+04 9.943919630215768413e-01
6.075612415196152870e+04 1.049911062572836951e+00
6.075612441202222544e+04 9.702708827652588575e-01
6.075612467208293674e+04 1.094695415208808198e+00
6.075612493214364804e+04 1.003836764023094075e+00
6.075612519220435206e+04 1.049255861119699595e+00
6.075612545226506336e+04 1.095157324552089806e+00
6.075612571232576738e+04 1.062735252510615069e+00
6.075612597238647140e+04 1.058549401741381901e+00
6.075612623244718270e+04 1.039382926586739142e+00
6.075612649250789400e+04 9.046738998592650516e-01
6.075612675256859802e+04 1.041481329390417487e+00
6.075612701262930204e+04 1.091759912848194514e+00
6.075612727269001334e+04 1.010420605079367373e+00
6.075612753275071736e+04 9.690822971735517655e-01
6.075612779281142139e+04 9.889348749907098668e-01
6.075612805287213268e+04 8.914596067941691349e-01
6.075612831293283671e+04 1.038163358612302023e+00
6.075612857299354800e+04 1.113758945012981671e+00
6.075612883305425930e+04 1.071024198230028812e+00
6.075612909311495605e+04 1.068563290485191608e+00
6.075612935317566735e+04 1.037403944489937668e+00
6.075612961323637865e+04 1.045123891576279052e+00
6.075612987329708267e+04 9.954797168324778234e-01
6.075613013335779397e+04 1.038017432915905314e+00
6.075613039341849799e+04 9.605064444570158289e-01
6.075613065347920201e+04 1.025524745844929697e+00
6.075613091353991331e+04 1.020133143662720787e+00
6.075613117360061733e+04 1.024225618224984036e+00
6.075613143366133590e+04 9.339624497862185626e-01
6.075613169372203265e+04 1.086414113502032208e+00
6.075613195378274395e+04 1.066335135473205131e+00
6.075613221384345525e+04 1.004122826924082945e+00
6.075613247390415199e+04 1.036168491869312369e+00
6.075613273396486329e+04 1.022279819508721710e+00
6.075613299402557459e+04 1.052534983342100272e+00
6.075613325408627861e+04 1.035001643487730272e+00
6.075613351414698991e+04 1.009332911626414031e+00
6.075613377420769393e+04 1.002616722654510850e+00
6.075613403426840523e+04 1.051112993022954134e+00
6.075613429432910925e+04 1.153828994750148329e+00
6.075613455438982055e+04 1.028903280942545129e+00
6.075613481445053185e+04 9.735348296842623039e-01
6.075613507451122859e+04 9.591704564380965081e-01
6.075613533457193989e+04 1.035600477648990214e+00
6.075613559463265119e+04 1.080727070931306155e+00
6.075613585469334794e+04 9.989762154601440347e-01
6.075613611475405924e+04 1.077698898117442905e+00
6.075613637481477053e+04 1.028733106400832709e+00
6.075613663487548183e+04 9.712134477534751786e-01
6.075613689493618585e+04 1.091337958961954291e+00
6.075613715499688988e+04 1.014582412984181836e+00
6.075613741505760117e+04 1.074911767291221842e+00
6.075613767511830520e+04 9.895238135173621830e-01
6.075613793517901649e+04 9.869497508066550351e-01
6.075613819523972779e+04 9.880805801587565496e-01
6.075613845530043181e+04 1.003436392198174598e+00
6.075613871536113584e+04 1.035682753123801980e+00
6.075613897542184714e+04 1.020550740003101087e+00
6.075613923548255116e+04 9.791753250838683975e-01
6.075613949554325518e+04 1.113211122545556098e+00
6.075613975560396648e+04 1.017166969872714155e+00
6.075614001566467778e+04 1.027132370961718166e+00
6.075614027572538907e+04 1.026616260059547425e+00
6.075614053578608582e+04 1.015898802678757207e+00
6.075614079584679712e+04 1.003382157153780652e+00
6.075614105590750842e+04 1.022639924939334533e+00
6.075614131596821244e+04 1.051441378777739022e+00
6.075614157602892374e+04 1.072203242667133072e+00
6.075614183608962776e+04 1.053862477440554279e+00
6.075614209615033906e+04 1.001366035470625748e+00
6.075614235621104308e+04 9.846012310574804305e-01
6.075614261627174710e+04 1.010123947191325700e+00
6.075614287633246568e+04 1.008158651923682259e+00
6.075614313639316970e+04 1.019952433050347107e+00
6.075614339645387372e+04 1.100463268447692267e+00
6.075614365651458502e+04 1.001192766204769047e+00
6.075614391657528904e+04 9.508188470226339728e-01
6.075614417663600034e+04 1.055545339170283814e+00
6.075614443669670436e+04 9.774092675232516347e-01
6.075614469675741566e+04 1.056454769114270276e+00
6.075614495681812696e+04 9.957339379831167125e-01
6.075614521687882370e+04 1.024285855051883409e+00
6.075614547693953500e+04 1.008499074721944666e+00
6.075614573700024630e+04 9.622141922267951619e-01
6.075614599706095760e+04 1.041209166756311921e+00
6.075614625712166162e+04 9.724381344838196606e-01
6.075614651718236564e+04 9.425742748406694682e-01
6.075614677724307694e+04 1.007563237485966434e+00
6.075614703730378824e+04 9.968537022329151398e-01
6.075614729736448498e+04 9.955879695097203941e-01
6.075614755742519628e+04 1.115203496377299208e+00
6.075614781748590758e+04 1.025426852905137576e+00
6.075614807754661888e+04 1.065707422144811733e+00
6.075614833760732290e+04 9.816201750016707583e-01
6.075614859766802692e+04 9.565841231520194610e-01
6.075614885772873822e+04 1.051697681823148045e+00
6.075614911778944952e+04 1.029050943741470991e+00
