6.075547523418369383e+04 9.802496690004699476e-01
6.075547549424438330e+04 9.888588752426151762e-01
6.075547575430508005e+04 9.713508259892613683e-01
6.075547601436576224e+04 9.723265068070787720e-01
6.075547627442645899e+04 9.849234113776655919e-01
6.075547653448714846e+04 9.763441125269248788e-01
6.075547679454784520e+04 1.005729886715766908e+00
6.075547705460853467e+04 9.984072025727754873e-01
6.075547731466922414e+04 1.028309292236714079e+00
6.075547757472991361e+04 1.035830704811861125e+00
6.075547783479061036e+04 9.533744656107652204e-01
6.075547809485129255e+04 9.797995780295873924e-01
6.075547835491198930e+04 9.634284891380328064e-01
6.075547861497267877e+04 9.595973811086733196e-01
6.075547887503337552e+04 9.864572326874555541e-01
6.075547913509406499e+04 9.999664209426233352e-01
6.075547939515475446e+04 1.009325973219034944e+00
6.075547965521544393e+04 1.004227503382703945e+00
6.075547991527614067e+04 1.023096442802311712e+00
6.075548017533683014e+04 9.819147449375273951e-01
6.075548043539752689e+04 1.005788414512725604e+00
6.075548069545820908e+04 1.001997542226501281e+00
6.075548095551890583e+04 1.019812569663730795e+00
6.075548121557959530e+04 1.014832765683241655e+00
6.075548147564028477e+04 1.034172300157731206e+00
6.075548173570098152e+04 9.654319371903139491e-01
6.075548199576167099e+04 9.632417800957550069e-01
6.075548225582236773e+04 9.984791829849496425e-01
6.075548251588305720e+04 9.960346369809659484e-01
6.075548277594374667e+04 9.718502713000466420e-01
6.075548303600443614e+04 9.695025648973872867e-01
6.075548329606513289e+04 1.030271033921618340e+00
6.075548355612582236e+04 9.677205605199843408e-01
6.075548381618651911e+04 9.789521458495216155e-01
6.075548407624720130e+04 9.892024368310485816e-01
6.075548433630789805e+04 9.893892355182551945e-01
6.075548459636858752e+04 1.020276603182402431e+00
6.075548485642928426e+04 9.598127975589273442e-01
6.075548511648997373e+04 9.670571860427873423e-01
6.075548537655066320e+04 9.914594259783243713e-01
6.075548563661135267e+04 1.037414736703153428e+00
6.075548589667204942e+04 9.770795400810108333e-01
6.075548615673273162e+04 9.970775282466785017e-01
6.075548641679342836e+04 1.013006173885776295e+00
6.075548667685411783e+04 9.567630058618380451e-01
6.075548693691481458e+04 9.669384549361361714e-01
6.075548719697551132e+04 9.687554931346179510e-01
6.075548745703619352e+04 9.851032251620608360e-01
6.075548771709689026e+04 1.022734034738293829e+00
6.075548797715757973e+04 9.840159183346852689e-01
6.075548823721827648e+04 9.743098966650455273e-01
6.075548849727896595e+04 9.784707833458375914e-01
6.075548875733965542e+04 9.950446794453648991e-01
6.075548901740034489e+04 1.000048622695085543e+00
6.075548927746104164e+04 1.023861251496539948e+00
6.075548953752172383e+04 9.816409946156493538e-01
6.075548979758242058e+04 9.992379098995406439e-01
6.075549005764311732e+04 1.039157947327749243e+00
6.075549031770380680e+04 1.003776629852830116e+00
6.075549057776450354e+04 1.006802678957926744e+00
6.075549083782518574e+04 1.012810259491538467e+00
6.075549109788588248e+04 1.019654337656877630e+00
6.075549135794657195e+04 9.875854110772271932e-01
6.075549161800726870e+04 9.805095219687187669e-01
6.075549187806795817e+04 1.000679924908765894e+00
6.075549213812864764e+04 9.902680983529366099e-01
6.075549239818933711e+04 9.984351793880426040e-01
6.075549265825003386e+04 1.029831328098743226e+00
6.075549291831072333e+04 1.006505033141490202e+00
6.075549317837142007e+04 1.005538358160941170e+00
6.075549343843210954e+04 9.648368152436699319e-01
6.075549369849279901e+04 9.921943385038118901e-01
6.075549395855349576e+04 1.014146261285244099e+00
6.075549421861417795e+04 1.015612810673464317e+00
6.075549447867487470e+04 1.021473344299218988e+00
6.075549473873556417e+04 9.904853876809760482e-01
6.075549499879626092e+04 9.816709365535659648e-01
6.075549525885695766e+04 1.031430937721037777e+00
6.075549551891763986e+04 1.025684853986110756e+00
6.075549577897833660e+04 9.798898895256954455e-01
6.075549603903902607e+04 1.036295968111073273e+00
6.075549629909972282e+04 9.967233598319562571e-01
6.075549655916041229e+04 9.998340472803917134e-01
6.075549681922110176e+04 1.018495992190893817e+00
6.075549707928179851e+04 9.804398310056303689e-01
6.075549733934248798e+04 9.612595426893281170e-01
6.075549759940317745e+04 9.973600016316230832e-01
6.075549785946386692e+04 1.002149469503074153e+00
6.075549811952456366e+04 9.725674447095067343e-01
6.075549837958525313e+04 9.700014700030289427e-01
6.075549863964594988e+04 1.007564762107343803e+00
6.075549889970663935e+04 9.867441432271326640e-01
6.075549915976732882e+04 9.963096795646563253e-01
6.075549941982802557e+04 1.004819221396859641e+00
6.075549967988871504e+04 1.007513429448209541e+00
6.075549993994941178e+04 9.977905688755596136e-01
6.075550020001009398e+04 1.009871030058726582e+00
6.075550046007079072e+04 9.854443580479003151e-01
6.075550072013148747e+04 9.816984817602677493e-01
6.075550098019216966e+04 9.716521286118415812e-01
6.075550124025286641e+04 9.917101787731577023e-01
6.075550150031355588e+04 9.899805625650421881e-01
6.075550176037425263e+04 1.004397175681234211e+00
6.075550202043494210e+04 1.013146099017527169e+00
6.075550228049563157e+04 1.026817690198808863e+00
6.075550254055632831e+04 9.680835963041277692e-01
6.075550280061701778e+04 1.006124877807323736e+00
6.075550306067771453e+04 9.775899839735487928e-01
6.075550332073840400e+04 1.022828402257547120e+00
6.075550358079909347e+04 9.634116425346396229e-01
6.075550513883041276e+04 9.888375385283690866e-01
6.075550539889110951e+04 1.001019541184219319e+00
6.075550565895179898e+04 9.759911224740163149e-01
6.075550591901248845e+04 1.027999932511525882e+00
6.075550617907318519e+04 9.925541808115132536e-01
6.075550643913387466e+04 9.904430482754831289e-01
6.075550669919457141e+04 1.009231274430119729e+00
6.075550695925526088e+04 9.632689895812213132e-01
6.075550721931595035e+04 1.005084138683863815e+00
6.075550747937664710e+04 1.000602808638004770e+00
6.075550773943733657e+04 9.981403094152547784e-01
6.075550799949803331e+04 1.021840442204793975e+00
6.075550825955872278e+04 9.837850232256303284e-01
6.075550851961941225e+04 1.003104147590868855e+00
6.075550877968010900e+04 1.013527285649991949e+00
6.075550903974079847e+04 1.005308590128148216e+00
6.075550929980148794e+04 1.031460558336013689e+00
6.075550955986217741e+04 1.002711792613047770e+00
6.075550981992287416e+04 1.005301227238276196e+00
6.075551007998357090e+04 1.002086929186154496e+00
6.075551034004426037e+04 1.033002506800866138e+00
6.075551060010494984e+04 9.812909114483068240e-01
6.075551086016564659e+04 9.653251611083089045e-01
6.075551112022633606e+04 9.837765442619696987e-01
6.075551138028703281e+04 9.709132199480819958e-01
6.075551164034772228e+04 9.961785259418045602e-01
6.075551190040841175e+04 9.852640004682604591e-01
6.075551216046910849e+04 1.006259560719076074e+00
6.075551242052979796e+04 9.835612816220669075e-01
6.075551268059049471e+04 1.025335577595315240e+00
6.075551294065118418e+04 9.722609202526126815e-01
6.075551320071187365e+04 1.022612171120091951e+00
6.075551346077257040e+04 9.642117396765315096e-01
6.075551372083325987e+04 9.908526320937299792e-01
6.075551398089394934e+04 1.028282254817627805e+00
6.075551424095464608e+04 1.013179511111924835e+00
6.075551450101533555e+04 1.009280331492565796e+00
6.075551476107603230e+04 9.514495018728216236e-01
6.075551502113672177e+04 9.642318823060203048e-01
6.075551528119741124e+04 9.844991383504245741e-01
6.075551554125810799e+04 1.009498953753511064e+00
6.075551580131879746e+04 9.693403958706314771e-01
6.075551606137949420e+04 1.004894400349020556e+00
6.075551632144019095e+04 1.009798324303034622e+00
6.075551658150087314e+04 9.982814718442745150e-01
6.075551684156156989e+04 9.776011290602135695e-01
6.075551710162226664e+04 9.984577528670415258e-01
6.075551736168294883e+04 1.007725353296078152e+00
6.075551762174364558e+04 9.993864606984944610e-01
6.075551788180433505e+04 9.965533024160347919e-01
6.075551814186503179e+04 1.005875936264870818e+00
6.075551840192572854e+04 9.729132459582262582e-01
6.075551866198641073e+04 1.020619665366617745e+00
6.075551892204710748e+04 1.016378728212454785e+00
6.075551918210780423e+04 9.967504056463556417e-01
6.075551944216849370e+04 1.010577006396148558e+00
6.075551970222919044e+04 1.009971916703609640e+00
6.075551996228987991e+04 1.036826723285269924e+00
6.075552022235056938e+04 9.844369175270928363e-01
6.075552048241126613e+04 9.777671408333784564e-01
6.075552074247194832e+04 1.010454625047964461e+00
6.075552100253265235e+04 9.887286039350725586e-01
6.075552126259334182e+04 1.021501035071594510e+00
6.075552152265403129e+04 1.002011335524380042e+00
6.075552178271472803e+04 9.784337301371238693e-01
6.075552204277541750e+04 1.010095016662367229e+00
6.075552230283610697e+04 9.597150254417373683e-01
6.075552256289680372e+04 1.045954724980562300e+00
6.075552282295750047e+04 9.985192996863939685e-01
6.075552308301818994e+04 1.023859094353023025e+00
6.075552334307887941e+04 9.645556796390841736e-01
6.075552360313957615e+04 9.941123227983654775e-01
6.075552386320026562e+04 9.791292755309848328e-01
6.075552412326096237e+04 9.922760128351697517e-01
6.075552438332165912e+04 9.936635857454082510e-01
6.075552464338234131e+04 9.969912337530464352e-01
6.075552490344303806e+04 9.877771673243059825e-01
6.075552516350373480e+04 1.029259683548733095e+00
6.075552542356441700e+04 1.026422001547549367e+00
6.075552568362511374e+04 1.028719882216137194e+00
6.075552594368581049e+04 9.953467526484767181e-01
6.075552620374649996e+04 1.011125666990207339e+00
6.075552646380719671e+04 9.881181193103516502e-01
6.075552672386788618e+04 1.006020090388203059e+00
6.075552698392857565e+04 1.030223551560493389e+00
6.075552724398927239e+04 1.000423836085085894e+00
6.075552750404996914e+04 1.016729959088804147e+00
6.075552776411065861e+04 9.854891966233426670e-01
6.075552802417134808e+04 1.002421507835746128e+00
6.075552828423204483e+04 9.717407934608001119e-01
6.075552854429273430e+04 1.048199379244611151e+00
6.075552880435342377e+04 1.031558909571986371e+00
6.075552906441412051e+04 9.943728414542153393e-01
6.075552932447480998e+04 1.022208876219029117e+00
6.075552958453550673e+04 1.007725819837652637e+00
6.075552984459620347e+04 1.032721464075023965e+00
6.075553010465688567e+04 1.038015261562307057e+00
6.075553036471758242e+04 1.013740277306241833e+00
6.075553062477827916e+04 1.025471382735252401e+00
6.075553088483896863e+04 1.010268555976746585e+00
6.075553114489966538e+04 1.025958866328167352e+00
6.075553140496035485e+04 9.607837544084250059e-01
6.075553166502104432e+04 1.035819572499317553e+00
6.075553192508174106e+04 9.832637242739382666e-01
6.075553218514243054e+04 1.017212849141999831e+00
6.075553244520312728e+04 1.026837401502743718e+00
6.075553270526381675e+04 1.004966343309117605e+00
6.075553296532451350e+04 1.024928207110770595e+00
6.075553322538520297e+04 1.014590230206895205e+00
6.075553348544589244e+04 9.752529853380823566e-01
6.075553503087646095e+04 9.692544380443902652e-01
6.075553529093715770e+04 9.742776532285838398e-01
6.075553555099784717e+04 1.000472910193156650e+00
6.075553581105853664e+04 9.734237763627735518e-01
6.075553607111923338e+04 9.951588421335493262e-01
6.075553633117992285e+04 1.009026660990894220e+00
6.075553659124061960e+04 9.852704490186490194e-01
6.075553685130131635e+04 1.018998584503365112e+00
6.075553711136199854e+04 1.001250749875393975e+00
6.075553737142269529e+04 1.000397057849467197e+00
6.075553763148339203e+04 1.005601777533601027e+00
6.075553789154408878e+04 1.014536810833774894e+00
6.075553815160477825e+04 9.882150456260460070e-01
6.075553841166546772e+04 1.013380288894887071e+00
6.075553867172616447e+04 1.009740786698101633e+00
6.075553893178685394e+04 1.005872478071876186e+00
6.075553919184754341e+04 9.806999610554930635e-01
6.075553945190824015e+04 9.711594840220609814e-01
6.075553971196892962e+04 1.008169704195257310e+00
6.075553997202962637e+04 1.022516255623268755e+00
6.075554023209032312e+04 9.960149853403935660e-01
6.075554049215101259e+04 9.854298127119617279e-01
6.075554075221170206e+04 1.006941652698952527e+00
6.075554101227239880e+04 1.018447859962609892e+00
6.075554127233309555e+04 1.018461223511473168e+00
6.075554153239378502e+04 1.000874827370439979e+00
6.075554179245447449e+04 1.025900293371198257e+00
6.075554205251517124e+04 9.873055766822009804e-01
6.075554231257586798e+04 9.847106173698577658e-01
6.075554257263655018e+04 1.000382163553516168e+00
6.075554283269725420e+04 1.024337328255757296e+00
6.075554309275794367e+04 1.020218563590622907e+00
6.075554335281863314e+04 1.004292431737949798e+00
6.075554361287932988e+04 1.011911955996741330e+00
6.075554387294001936e+04 1.021822785569987291e+00
6.075554413300071610e+04 1.041618566467367168e+00
6.075554439306140557e+04 1.025600531397854676e+00
6.075554465312210232e+04 9.746213625679940318e-01
6.075554491318279906e+04 1.033043023232903979e+00
6.075554517324348853e+04 1.022234438447123805e+00
6.075554543330417800e+04 1.031136660834912844e+00
6.075554569336487475e+04 9.985984957950280183e-01
6.075554595342557150e+04 1.020918693480722395e+00
6.075554621348626097e+04 1.025008742744492052e+00
6.075554647354695044e+04 9.963506622812624558e-01
6.075554673360764718e+04 1.000198222386101232e+00
6.075554699366834393e+04 1.006772781865347133e+00
6.075554725372902612e+04 1.010256342597241730e+00
6.075554751378972287e+04 9.785249235054563899e-01
6.075554777385041962e+04 1.006118099695767043e+00
6.075554803391111636e+04 1.046436464585772219e+00
6.075554829397180583e+04 9.967626443502511924e-01
6.075554855403249530e+04 9.640381016058368058e-01
6.075554881409319205e+04 1.006899834699760632e+00
6.075554907415388152e+04 1.031859232110767577e+00
6.075554933421457827e+04 1.033372471077949717e+00
6.075554959427527501e+04 1.017936439247886682e+00
6.075554985433596448e+04 1.019576199397865590e+00
6.075555011439665395e+04 1.019991544739575984e+00
6.075555037445735070e+04 9.956797010449341956e-01
6.075555063451804017e+04 1.058090629293295448e+00
6.075555089457873692e+04 1.000071457696771304e+00
6.075555115463942639e+04 1.001788357658300432e+00
6.075555141470012313e+04 1.023620944928170795e+00
6.075555167476081988e+04 9.937240627030214934e-01
6.075555193482150935e+04 1.046875799067530144e+00
6.075555219488219882e+04 1.010804820395575510e+00
6.075555245494289557e+04 1.032018114915665752e+00
6.075555271500359231e+04 9.948155104986974306e-01
6.075555297506428906e+04 9.926240135580146617e-01
6.075555323512497125e+04 1.034221852563169231e+00
6.075555349518566800e+04 1.017668985499719403e+00
6.075555375524636474e+04 1.020951274589506852e+00
6.075555401530705421e+04 1.017429547886344876e+00
6.075555427536775096e+04 1.026891131325491369e+00
6.075555453542844043e+04 1.006146235865944982e+00
6.075555479548913718e+04 9.897751929893549017e-01
6.075555505554983392e+04 1.025498084296727619e+00
6.075555531561051612e+04 9.698933370263056464e-01
6.075555557567121286e+04 1.009454661079530746e+00
6.075555583573190961e+04 1.017380489879917693e+00
6.075555609579260636e+04 1.029558268813798971e+00
6.075555635585329583e+04 9.983081808838428772e-01
6.075555661591398530e+04 1.002771045752775869e+00
6.075555687597468204e+04 9.906040337007406826e-01
6.075555713603537879e+04 1.036644054487264599e+00
6.075555739609607554e+04 1.035716503067532823e+00
6.075555765615676501e+04 9.817561005511256100e-01
6.075555791621745448e+04 1.038753448728358952e+00
6.075555817627815122e+04 1.012991297584401540e+00
6.075555843633884797e+04 1.008315664208365936e+00
6.075555869639953016e+04 9.921664544209660708e-01
6.075555895646022691e+04 9.971344098436302206e-01
6.075555921652092366e+04 1.013616203839720953e+00
6.075555947658162040e+04 9.776054067992386853e-01
6.075555973664230987e+04 1.006185712385085251e+00
6.075555999670299934e+04 1.002219485868106608e+00
6.075556025676369609e+04 1.020794629738143389e+00
6.075556051682439283e+04 1.046278591889697740e+00
6.075556077688508958e+04 9.908573294512683649e-01
6.075556103694577905e+04 1.013888660676007358e+00
6.075556129700646852e+04 1.015420455870113869e+00
6.075556155706716527e+04 1.045044856615249040e+00
6.075556181712786201e+04 1.024186793521373096e+00
6.075556207718854421e+04 1.023109235208753187e+00
6.075556233724924095e+04 1.012852911039659798e+00
6.075556259730993770e+04 1.010482489837624342e+00
6.075556285737063445e+04 1.028698917306366978e+00
6.075556311743133119e+04 1.001001479949775508e+00
6.075556337749201339e+04 1.001044994526816723e+00
6.075556504896522529e+04 1.039708767540927559e+00
6.075556530902591476e+04 1.045113152564296266e+00
6.075556556908661150e+04 1.015491653262209581e+00
6.075556582914730097e+04 9.877449330383317738e-01
6.075556608920799772e+04 1.017433182772584432e+00
6.075556634926869447e+04 1.024055278738054353e+00
6.075556660932938394e+04 9.993760508354163630e-01
6.075556686939008068e+04 1.027039558930624263e+00
6.075556712945077015e+04 9.887046934717010904e-01
6.075556738951146690e+04 9.941330745959018333e-01
6.075556764957216365e+04 1.041871255202684532e+00
6.075556790963285312e+04 9.855824164087444439e-01
6.075556816969354986e+04 1.004297216110882518e+00
6.075556842975423933e+04 1.029340808185096989e+00
6.075556868981492880e+04 1.022121089343895450e+00
6.075556894987563282e+04 9.957079745951601391e-01
6.075556920993632230e+04 1.001392733686845338e+00
6.075556946999701904e+04 9.998758139509852372e-01
6.075556973005770851e+04 1.061231871925665038e+00
6.075556999011839798e+04 9.941299703519955733e-01
6.075557025017909473e+04 1.040427318296855086e+00
6.075557051023979147e+04 1.005197890507286251e+00
6.075557077030048822e+04 1.008354337683192714e+00
6.075557103036117769e+04 9.919346493234441065e-01
6.075557129042186716e+04 1.024371135393432830e+00
6.075557155048256391e+04 9.886716671225297404e-01
6.075557181054326065e+04 9.868989150651640285e-01
6.075557207060395740e+04 1.020785481231878844e+00
6.075557233066464687e+04 1.026549125698453580e+00
6.075557259072533634e+04 1.023817514685385843e+00
6.075557285078603309e+04 1.014131988985975452e+00
6.075557311084672983e+04 1.020867888001092849e+00
6.075557337090741930e+04 1.017674666900370450e+00
6.075557363096811605e+04 9.942200583377852618e-01
6.075557389102880552e+04 1.000100039661293128e+00
6.075557415108950227e+04 9.805407441734862450e-01
6.075557441115019901e+04 1.013573724589009739e+00
6.075557467121088848e+04 1.003605806079430396e+00
6.075557493127158523e+04 9.867543149127275814e-01
6.075557519133227470e+04 1.026226517169594787e+00
6.075557545139297144e+04 1.002347182666597059e+00
6.075557571145366819e+04 1.025747225145211550e+00
6.075557597151435766e+04 1.021117629957880135e+00
6.075557623157505441e+04 1.005912923562536809e+00
6.075557649163575115e+04 9.741329894168657688e-01
6.075557675169643335e+04 1.018388539158257444e+00
6.075557701175713009e+04 1.042419989318585039e+00
6.075557727181782684e+04 9.860037738477902547e-01
6.075557753187852359e+04 1.016302622303606906e+00
6.075557779193922033e+04 1.028168580408200361e+00
6.075557805199990980e+04 1.039404735463482110e+00
6.075557831206059927e+04 1.022301202647101670e+00
6.075557857212129602e+04 1.015782860941429444e+00
6.075557883218199277e+04 9.817406445483038979e-01
6.075557909224268951e+04 9.935005415902142811e-01
6.075557935230337898e+04 1.008998379916643096e+00
6.075557961236407573e+04 1.027957692702296422e+00
6.075557987242476520e+04 1.018462806198990434e+00
6.075558013248546195e+04 1.023525274944053098e+00
6.075558039254615869e+04 1.013814776401620099e+00
6.075558065260684816e+04 1.026242638377361738e+00
6.075558091266754491e+04 9.875204156906445263e-01
6.075558117272824165e+04 1.020656874732638109e+00
6.075558143278892385e+04 1.022929935219842434e+00
6.075558169284962059e+04 1.015198559350656948e+00
6.075558195291031734e+04 9.867407403492847173e-01
6.075558221297101409e+04 9.980663475277962160e-01
6.075558247303171083e+04 9.980841577935333220e-01
6.075558273309240030e+04 9.846413220961107715e-01
6.075558299315309705e+04 9.972622835880601277e-01
6.075558325321378652e+04 9.956512393135505956e-01
6.075558351327448327e+04 9.981032764176426264e-01
6.075558377333518001e+04 1.006168036652821396e+00
6.075558403339586948e+04 1.003553750354195806e+00
6.075558429345656623e+04 1.031288023526528930e+00
6.075558455351726298e+04 9.957389453813587643e-01
6.075558481357794517e+04 1.006896400946259318e+00
6.075558507363864192e+04 1.016418415288499411e+00
6.075558533369933866e+04 1.038234304345091230e+00
6.075558559376003541e+04 1.052376636755812722e+00
6.075558585382073215e+04 1.028912587010664126e+00
6.075558611388142162e+04 9.966874800887439712e-01
6.075558637394211837e+04 1.021792731187183056e+00
6.075558663400280784e+04 1.014198928156173629e+00
6.075558689406350459e+04 1.016031810152060899e+00
6.075558715412420133e+04 1.004092074266823342e+00
6.075558741418489080e+04 1.008734774638338161e+00
6.075558767424558755e+04 1.001435411551792054e+00
6.075558793430628430e+04 1.033082450039439770e+00
6.075558819436697377e+04 1.025667792726684402e+00
6.075558845442767051e+04 1.046009947201148593e+00
6.075558871448835998e+04 9.972908715431272331e-01
6.075558897454905673e+04 1.014295829595251996e+00
6.075558923460975348e+04 1.019647755363265240e+00
6.075558949467044295e+04 1.044201170643764387e+00
6.075558975473113969e+04 1.016404435350916735e+00
6.075559001479183644e+04 9.772739348048757879e-01
6.075559027485253318e+04 1.047600099968056808e+00
6.075559053491322265e+04 1.037915441340568901e+00
6.075559079497391212e+04 1.020320187939370404e+00
6.075559105503460887e+04 9.875159775723846289e-01
6.075559131509530562e+04 1.014593638309628343e+00
6.075559157515600236e+04 9.973570459321948745e-01
6.075559183521669911e+04 1.033348607355368154e+00
6.075559209527738858e+04 1.014626840836250876e+00
6.075559235533808533e+04 1.050488305655387755e+00
6.075559261539877480e+04 9.900913873178056601e-01
6.075559287545946427e+04 1.016870187451846874e+00
6.075559313552016101e+04 9.986548172744099672e-01
6.075559339558085776e+04 1.008803028467784024e+00
6.075559494101491873e+04 1.007595570302609600e+00
6.075559520107561548e+04 9.887076852741131239e-01
6.075559546113631222e+04 9.989289177903662997e-01
6.075559572119700897e+04 1.033310233664458844e+00
6.075559598125769844e+04 9.962034331532727549e-01
6.075559624131839519e+04 1.019788388793316791e+00
6.075559650137908466e+04 9.941433130151521302e-01
6.075559676143977413e+04 9.982989950054588224e-01
6.075559702150047087e+04 9.778169231009691265e-01
6.075559728156116762e+04 1.004018885083045820e+00
6.075559754162186437e+04 1.010739920213840071e+00
6.075559780168256111e+04 9.947014138233848390e-01
6.075559806174325058e+04 9.897026157999809781e-01
6.075559832180394733e+04 9.590257289059995749e-01
6.075559858186464407e+04 1.014190890734644857e+00
6.075559884192533355e+04 9.913331552425974635e-01
6.075559910198603029e+04 1.011980467188906108e+00
6.075559936204671976e+04 1.005065544862825622e+00
6.075559962210741651e+04 9.964315415617275296e-01
6.075559988216811325e+04 9.716405384379909194e-01
6.075560014222880272e+04 1.013629291313659531e+00
6.075560040228950675e+04 9.961947908462303047e-01
6.075560066235019622e+04 1.024104776186435695e+00
6.075560092241089296e+04 9.829755847801445734e-01
6.075560118247158971e+04 1.021462111265801331e+00
6.075560144253227918e+04 1.018342559083637022e+00
6.075560170259296865e+04 1.030173369183509324e+00
6.075560196265366540e+04 1.020913330060783997e+00
6.075560222271436214e+04 9.975424240403043541e-01
6.075560248277505889e+04 1.036361785625321996e+00
6.075560274283574836e+04 1.016817663301069263e+00
6.075560300289644510e+04 1.003890215033852673e+00
6.075560326295714185e+04 1.012922164737504849e+00
6.075560352301783860e+04 1.023151378722666482e+00
6.075560378307853534e+04 1.027743870010681571e+00
6.075560404313922481e+04 9.826573793791271161e-01
6.075560430319992156e+04 9.692886176335190340e-01
6.075560456326061831e+04 1.016669588716373918e+00
6.075560482332130050e+04 1.028480715639630061e+00
6.075560508338199725e+04 1.002128517608937175e+00
6.075560534344269399e+04 1.039033685415282848e+00
6.075560560350339074e+04 1.004734232049891762e+00
6.075560586356408749e+04 1.013819483890183282e+00
6.075560612362477696e+04 1.004929930176839070e+00
6.075560638368547370e+04 1.011533688378114304e+00
6.075560664374617045e+04 1.039153830242333987e+00
6.075560690380686719e+04 9.830245042061128702e-01
6.075560716386756394e+04 1.013313651621980727e+00
6.075560742392825341e+04 9.877348721570302637e-01
6.075560768398895016e+04 1.012326745724794641e+00
6.075560794404964690e+04 1.007399920376008673e+00
6.075560820411032910e+04 1.003599912915690950e+00
6.075560846417102584e+04 9.801530474103525847e-01
6.075560872423172259e+04 1.016935974979957802e+00
6.075560898429241934e+04 9.887978282327207769e-01
6.075560924435311608e+04 1.012953215240305793e+00
6.075560950441380555e+04 9.978149220596717051e-01
6.075560976447450230e+04 9.975293618129086326e-01
6.075561002453519905e+04 1.027699242920150358e+00
6.075561028459589579e+04 9.876123430151869664e-01
6.075561054465659254e+04 1.030498427724855226e+00
6.075561080471728201e+04 1.012395483498411686e+00
6.075561106477797875e+04 9.888388755156993781e-01
6.075561132483867550e+04 1.019446401009447500e+00
6.075561158489937225e+04 1.014812539261763291e+00
6.075561184496006899e+04 1.000721152376104817e+00
6.075561210502075846e+04 9.992544134785148469e-01
6.075561236508144793e+04 1.011995217737529762e+00
6.075561262514214468e+04 9.902010556777413042e-01
6.075561288520283415e+04 1.023296797217816412e+00
6.075561314526353090e+04 1.041688632825912952e+00
6.075561340532422764e+04 9.680098383502567794e-01
6.075561366538492439e+04 9.884046308126139824e-01
6.075561392544562113e+04 9.986828465656046872e-01
6.075561418550631060e+04 1.027021189587880245e+00
6.075561444556700735e+04 1.006578735700375704e+00
6.075561470562770410e+04 1.023001564129669916e+00
6.075561496568840084e+04 9.968976360803019077e-01
6.075561522574909759e+04 1.014117490043448866e+00
6.075561548580978706e+04 9.867718617892332622e-01
6.075561574587048381e+04 9.840619518723060510e-01
6.075561600593118055e+04 1.007990416465416539e+00
6.075561626599187002e+04 1.061113234598763277e+00
6.075561652605256677e+04 1.037745707689031294e+00
6.075561678611326352e+04 1.038526921853361262e+00
6.075561704617396026e+04 1.040906054446238294e+00
6.075561730623465701e+04 1.021416425352016599e+00
6.075561756629534648e+04 9.858302675706505092e-01
6.075561782635604322e+04 9.826525909972915196e-01
6.075561808641673269e+04 9.954262029311308213e-01
6.075561834647742944e+04 1.023466505571256402e+00
6.075561860653812619e+04 9.729560784987756339e-01
6.075561886659881566e+04 9.965293813541720169e-01
6.075561912665951240e+04 1.012234677343150091e+00
6.075561938672020915e+04 9.913324358050321639e-01
6.075561964678089862e+04 1.005433485665552684e+00
6.075561990684160264e+04 1.025501984852589255e+00
6.075562016690229211e+04 1.018767777455422019e+00
6.075562042696298886e+04 9.918822952253594227e-01
6.075562068702368560e+04 9.899166170290889522e-01
6.075562094708437508e+04 9.884639084491610994e-01
6.075562120714507182e+04 1.017501195164792538e+00
6.075562146720576857e+04 9.938954002301184643e-01
6.075562172726646531e+04 9.985053629754347959e-01
6.075562198732716206e+04 9.958345834305092348e-01
6.075562224738785153e+04 9.770706638405926014e-01
6.075562250744854828e+04 1.006995245557723129e+00
6.075562276750924502e+04 9.887062355861842011e-01
6.075562302756994177e+04 1.028238839364915114e+00
6.075562328763063852e+04 1.008830816532021668e+00
6.075562490904599690e+04 9.818959982030995848e-01
6.075562516909990518e+04 9.931598879884128150e-01
6.075562542915379890e+04 1.010369940908625752e+00
6.075562568920769263e+04 9.866234450050020977e-01
6.075562594926160091e+04 1.017358450275953174e+00
6.075562620931549463e+04 9.900385552090547048e-01
6.075562646936939564e+04 1.068682532032510402e+00
6.075562672942329664e+04 9.990395598101617924e-01
6.075562698947719036e+04 1.018143438317534066e+00
6.075562724953109864e+04 1.043634577315716516e+00
6.075562750958499237e+04 1.020686616384333556e+00
6.075562776963889337e+04 9.762681928261488506e-01
6.075562802969280165e+04 1.018276694127584259e+00
6.075562828974669537e+04 9.313298961462889158e-01
6.075562854980059637e+04 1.020427087461762472e+00
6.075562880985449738e+04 1.022704135232876954e+00
6.075562906990839110e+04 9.866662667370617035e-01
6.075562932996229938e+04 1.019492851507163955e+00
6.075562959001619311e+04 1.022709670572776730e+00
6.075562985007009411e+04 9.672317594161222720e-01
6.075563011012399511e+04 1.016107243133324678e+00
6.075563037017788884e+04 9.973159636438422293e-01
6.075563063023179711e+04 9.958200145004999504e-01
6.075563089028569084e+04 1.059690425247884482e+00
6.075563115033958456e+04 1.026049752098871393e+00
6.075563141039349284e+04 1.004015648499942515e+00
6.075563167044738657e+04 1.029332921773669085e+00
6.075563193050128757e+04 1.025393290143369551e+00
6.075563219055518857e+04 9.605521874365340329e-01
6.075563245060908230e+04 9.823345741473441528e-01
6.075563271066299058e+04 1.060969008893971388e+00
6.075563297071688430e+04 9.978453086485762347e-01
6.075563323077078530e+04 1.014455277439320069e+00
6.075563349082468631e+04 1.003089654000731024e+00
6.075563375087858003e+04 9.944364515002384053e-01
6.075563401093248831e+04 9.983049280019863359e-01
6.075563427098638203e+04 1.012421235542856124e+00
6.075563453104027576e+04 1.012783873603785301e+00
6.075563479109418404e+04 1.025713952851296629e+00
6.075563505114807776e+04 1.018365060807852274e+00
6.075563531120197877e+04 1.005827291685670311e+00
6.075563557125588704e+04 9.876798757156353137e-01
6.075563583130978077e+04 1.057973308669621249e+00
6.075563609136368905e+04 9.801143894836796822e-01
6.075563635141758277e+04 9.924731815403911028e-01
6.075563661147148377e+04 9.981195417804833436e-01
6.075563687152538478e+04 9.986198191657434942e-01
6.075563713157927850e+04 9.941925026965912071e-01
6.075563739163318678e+04 9.768296482037782669e-01
6.075563765168708051e+04 1.003793065568123533e+00
6.075563791174097423e+04 9.682392776160327896e-01
6.075563817179488251e+04 9.794773204192854799e-01
6.075563843184877624e+04 1.009059054994726701e+00
6.075563869190267724e+04 9.876462834379490241e-01
6.075563895195657824e+04 1.017618057680919952e+00
6.075563921201047197e+04 1.023765088494818398e+00
6.075563947206438024e+04 1.046140560487029081e+00
6.075563973211827397e+04 9.913876156122114480e-01
6.075563999217217497e+04 9.896910379910766054e-01
6.075564025222608325e+04 1.016587962237905485e+00
6.075564051227997697e+04 1.011193818423881785e+00
6.075564077233388525e+04 1.035418231375401454e+00
6.075564103238777898e+04 1.041373492277746671e+00
6.075564129244167270e+04 9.876413584989791605e-01
6.075564155249558098e+04 1.012235771924203442e+00
6.075564181254947471e+04 1.016905315062756054e+00
6.075564207260337571e+04 1.026671464072008266e+00
6.075564233265727671e+04 9.996353650885452247e-01
6.075564259271117044e+04 9.823801630554960251e-01
6.075564285276507871e+04 1.002960715574544359e+00
6.075564311281897244e+04 9.970660015613732607e-01
6.075564337287286617e+04 9.706354952939860725e-01
6.075564363292677444e+04 9.999151816860992747e-01
6.075564389298066817e+04 9.709492665392793764e-01
6.075564415303458372e+04 1.029780360586912025e+00
6.075564441308847745e+04 1.041050576155697627e+00
6.075564467314237118e+04 1.016770544435624091e+00
6.075564493319627945e+04 1.034592556920594486e+00
6.075564519325017318e+04 9.981459961205115805e-01
6.075564545330407418e+04 1.033838114019904442e+00
6.075564571335797518e+04 1.016693264452260159e+00
6.075564597341186891e+04 1.012166817045025979e+00
6.075564623346577719e+04 1.003334119072145647e+00
6.075564649351967091e+04 1.012770847468852153e+00
6.075564675357356464e+04 9.905983609001057788e-01
6.075564701362747292e+04 1.013164968673941013e+00
6.075564727368136664e+04 1.025728661543070075e+00
6.075564753373527492e+04 1.010930832746182118e+00
6.075564779378917592e+04 1.007625940857950431e+00
6.075564805384306965e+04 1.018236712956806400e+00
6.075564831389697792e+04 1.006861631201284579e+00
6.075564857395087165e+04 1.009557701566409671e+00
6.075564883400477265e+04 9.959639800962687417e-01
6.075564909405867365e+04 1.001312473631837285e+00
6.075564935411256738e+04 1.052772958366612110e+00
6.075564961416647566e+04 1.046245186946721306e+00
6.075564987422036938e+04 1.019662027066247312e+00
6.075565013427426311e+04 9.931641331015347296e-01
6.075565039432817866e+04 1.004345662938874506e+00
6.075565065438207239e+04 1.015851544868682899e+00
6.075565091443597339e+04 9.928942430702314415e-01
6.075565117448987439e+04 1.000427975198756814e+00
6.075565143454376812e+04 1.018475412869648045e+00
6.075565169459767640e+04 1.019142955831339403e+00
6.075565195465157012e+04 1.015623401405510107e+00
6.075565221470547112e+04 1.002443299277671285e+00
6.075565247475937213e+04 9.968779356813066705e-01
6.075565273481326585e+04 1.021981214203270483e+00
6.075565299486718141e+04 9.927112741725024891e-01
6.075565325492107513e+04 1.029722133614711987e+00
6.075565492676799477e+04 9.975647039042230269e-01
6.075565518682868424e+04 1.002929624067184111e+00
6.075565544688938098e+04 1.020805482872051861e+00
6.075565570695007773e+04 1.038839103726195034e+00
6.075565596701077448e+04 1.037325671912134650e+00
6.075565622707147122e+04 1.042369609432309163e+00
6.075565648713216069e+04 1.000294039930991197e+00
6.075565674719285744e+04 9.849417102489302911e-01
6.075565700725356146e+04 1.000250089484822302e+00
6.075565726731425821e+04 1.018322852787527433e+00
6.075565752737495495e+04 9.899250173526392693e-01
6.075565778743564442e+04 1.011864469034517544e+00
6.075565804749634117e+04 9.737454439890954605e-01
6.075565830755703792e+04 9.773080768194721824e-01
6.075565856761772739e+04 9.924336005811327244e-01
6.075565882767842413e+04 9.981784537763909171e-01
6.075565908773912088e+04 9.951306808942663729e-01
6.075565934779981762e+04 1.010827756805592559e+00
6.075565960786051437e+04 1.011335536830856086e+00
6.075565986792121112e+04 1.013990233420343445e+00
6.075566012798190786e+04 9.973979988692890375e-01
6.075566038804260461e+04 9.916029415588762941e-01
6.075566064810330136e+04 9.869130980862720337e-01
6.075566090816399810e+04 9.991431832632899912e-01
6.075566116822468757e+04 9.884113346484274532e-01
6.075566142828538432e+04 1.006763793656998196e+00
6.075566168834608106e+04 1.018686589213287697e+00
6.075566194840677781e+04 1.036914056641532245e+00
6.075566220846748183e+04 1.028237401340994506e+00
6.075566246852817130e+04 1.010812147034189978e+00
6.075566272858886805e+04 1.023707876594978528e+00
6.075566298864956480e+04 1.023003561019811380e+00
6.075566324871025427e+04 1.014605379800617380e+00
6.075566350877095101e+04 1.010139955080968877e+00
6.075566376883164776e+04 1.014746516869523107e+00
6.075566402889234450e+04 1.034726570649714184e+00
6.075566428895304125e+04 9.854222626465570789e-01
6.075566454901373800e+04 9.716675615475552918e-01
6.075566480907443474e+04 1.017554100460157374e+00
6.075566506913513149e+04 1.024290055198397109e+00
6.075566532919582824e+04 9.987345923818186089e-01
6.075566558925652498e+04 9.969116566683741132e-01
6.075566584931721445e+04 9.930452013009004597e-01
6.075566610937791120e+04 9.789417427020351559e-01
6.075566636943860794e+04 9.686795848420405308e-01
6.075566662949930469e+04 9.854341718882908552e-01
6.075566688956000144e+04 1.004212708230112217e+00
6.075566714962069818e+04 1.028005357333187320e+00
6.075566740968139493e+04 1.008128979349047105e+00
6.075566766974209168e+04 9.940266730303576326e-01
6.075566792980278115e+04 9.869731374333362561e-01
6.075566818986347789e+04 9.957745560128011819e-01
6.075566844992417464e+04 1.001062347934438712e+00
6.075566870998487866e+04 1.010388062089667249e+00
6.075566897004557541e+04 1.045484734299108709e+00
6.075566923010626488e+04 9.950637885879911604e-01
6.075566949016696162e+04 9.810723276857289399e-01
6.075566975022765837e+04 9.819548712517821576e-01
6.075567001028834784e+04 1.020175458329549700e+00
6.075567027034905186e+04 1.014378211685075248e+00
6.075567053040974133e+04 1.040965740757924030e+00
6.075567079047044535e+04 9.707082162472463471e-01
6.075567105053114210e+04 1.029018319038848217e+00
6.075567131059183157e+04 1.014148096794161180e+00
6.075567157065252832e+04 9.963758398581666897e-01
6.075567183071322506e+04 9.634432171968160263e-01
6.075567209077392181e+04 1.031528032717130561e+00
6.075567235083461856e+04 9.783215958018381952e-01
6.075567261089531530e+04 1.036286542116827469e+00
6.075567287095601205e+04 1.004510980018665345e+00
6.075567313101670879e+04 9.972508553702857936e-01
6.075567339107740554e+04 1.021618973578617195e+00
6.075567365113810229e+04 1.008347445089209593e+00
6.075567391119879176e+04 9.753782434407483048e-01
6.075567417125948850e+04 9.841445485513798941e-01
6.075567443132019253e+04 9.872776413039816568e-01
6.075567469138088200e+04 9.829992814303700754e-01
6.075567495144157874e+04 9.999784434804565025e-01
6.075567521150227549e+04 9.948519302601565029e-01
6.075567547156297223e+04 9.987622399965349063e-01
6.075567573162366898e+04 1.019367757429930688e+00
6.075567599168436573e+04 1.019147151291367681e+00
6.075567625174506247e+04 9.817527063403798104e-01
6.075567651180575922e+04 1.020570193777058821e+00
6.075567677186645597e+04 1.026711088685118733e+00
6.075567703192715271e+04 1.045527773037798092e+00
6.075567729198784218e+04 1.011257218024397719e+00
6.075567755204853893e+04 9.936363275018382790e-01
6.075567781210924295e+04 1.011163377686631337e+00
6.075567807216993242e+04 1.007081353843316762e+00
6.075567833223062917e+04 1.006462412372301385e+00
6.075567859229132591e+04 1.015090649207183615e+00
6.075567885235202266e+04 1.008408750453782643e+00
6.075567911241271941e+04 9.974278744949512943e-01
6.075567937247341615e+04 9.968301904183295425e-01
6.075567963253411290e+04 1.018345958882094227e+00
6.075567989259480964e+04 1.010871827406055523e+00
6.075568015265550639e+04 1.022146497554113020e+00
6.075568041271620314e+04 9.803179028258816041e-01
6.075568067277689261e+04 9.897715802970117327e-01
6.075568093283759663e+04 9.985195751060177427e-01
6.075568119289829338e+04 1.024463773973059766e+00
6.075568145295898285e+04 1.014183965419313660e+00
6.075568171301968687e+04 1.018311287792559083e+00
6.075568197308037634e+04 9.624953357618151184e-01
6.075568223314107308e+04 1.023599900015077946e+00
6.075568249320177711e+04 1.002751859792285982e+00
6.075568275326246658e+04 1.014067985602588040e+00
6.075568301332316332e+04 1.012646785412270267e+00
6.075568327338386007e+04 9.866575154606433973e-01
6.075568483179301256e+04 1.011199214367625832e+00
6.075568509184680443e+04 9.969850320541635558e-01
6.075568535190059629e+04 1.044746612193501845e+00
6.075568561195438815e+04 1.029756804850000096e+00
6.075568587200818729e+04 1.010041060124114987e+00
6.075568613206199370e+04 9.795759024220033195e-01
6.075568639211578557e+04 9.876717200993611057e-01
6.075568665216957743e+04 1.016764035502438102e+00
6.075568691222336929e+04 1.001790718718835071e+00
6.075568717227716115e+04 1.033641142357241138e+00
6.075568743233096029e+04 1.028114347570998843e+00
6.075568769238475215e+04 9.980589725106130405e-01
6.075568795243854402e+04 9.922941016707029771e-01
6.075568821249233588e+04 1.054699574840887832e+00
6.075568847254613502e+04 1.012640680784664848e+00
6.075568873259992688e+04 1.019203621695828899e+00
6.075568899265372602e+04 9.855662232833722891e-01
6.075568925270752516e+04 1.015069621214555129e+00
6.075568951276131702e+04 9.855206275535982607e-01
6.075568977281511616e+04 1.004159516389924622e+00
6.075569003286890802e+04 1.002706360082643355e+00
6.075569029292269988e+04 9.848762062712481669e-01
6.075569055297649174e+04 9.987574940369936538e-01
6.075569081303029088e+04 9.967960001130774517e-01
6.075569107308408275e+04 9.974076336196979753e-01
6.075569133313787461e+04 9.960706503117301436e-01
6.075569159319166647e+04 9.862646151817284768e-01
6.075569185324547288e+04 9.639555504872512337e-01
6.075569211329927202e+04 1.002810347210323139e+00
6.075569237335306389e+04 1.014086933231811649e+00
6.075569263340685575e+04 1.023238155890232370e+00
6.075569289346064761e+04 9.835659713677119553e-01
6.075569315351444675e+04 9.796018924026357322e-01
6.075569341356823861e+04 9.851944144038465856e-01
6.075569367362203047e+04 9.957639504113170448e-01
6.075569393367582234e+04 1.000766083593879419e+00
6.075569419372962147e+04 1.014356241377971868e+00
6.075569445378341334e+04 1.004823764774754657e+00
6.075569471383720520e+04 9.736014716830079241e-01
6.075569497389100434e+04 9.746197626886536902e-01
6.075569523394481075e+04 1.007947104436758057e+00
6.075569549399860261e+04 9.740810389332625885e-01
6.075569575405239448e+04 9.911215531934364220e-01
6.075569601410618634e+04 9.875107179076989539e-01
6.075569627415998548e+04 1.018265990460591963e+00
6.075569653421377734e+04 1.019394150412064270e+00
6.075569679426756920e+04 9.816869647801081955e-01
6.075569705432136107e+04 1.010454253578594308e+00
6.075569731437516020e+04 1.001100246205084865e+00
6.075569757442895207e+04 1.026057274469132086e+00
6.075569783448274393e+04 9.802623752522527933e-01
6.075569809453654307e+04 9.887075887904603899e-01
6.075569835459034948e+04 9.959848653973737420e-01
6.075569861464414134e+04 1.012978248042069485e+00
6.075569887469793321e+04 9.724589927064898331e-01
6.075569913475172507e+04 9.991108068552932986e-01
6.075569939480552421e+04 1.002267156116139146e+00
6.075569965485931607e+04 9.931238461045037713e-01
6.075569991491310793e+04 9.978629447665300356e-01
6.075570017496689979e+04 9.878301697452491759e-01
6.075570043502069893e+04 9.771824749293227530e-01
6.075570069507449080e+04 9.589239705806483771e-01
6.075570095512828993e+04 9.962191248270709787e-01
6.075570121518208907e+04 1.008752860010786900e+00
6.075570147523588821e+04 9.973657711093419920e-01
6.075570173528968007e+04 1.011043487412814912e+00
6.075570199534347194e+04 1.006400315763943842e+00
6.075570225539727107e+04 1.007480178669947879e+00
6.075570251545106294e+04 9.746530026677955316e-01
6.075570277550485480e+04 1.017806390888286172e+00
6.075570303555864666e+04 9.974246418729041386e-01
6.075570329561244580e+04 1.006511859625352168e+00
6.075570355566623766e+04 9.692484485973823505e-01
6.075570381572002952e+04 9.978421177736599423e-01
6.075570407577382866e+04 9.722998124105957096e-01
6.075570433582763508e+04 9.956346807452772785e-01
6.075570459588142694e+04 1.029695758351025781e+00
6.075570485593521880e+04 1.008726122685722038e+00
6.075570511598901066e+04 1.007087510902292760e+00
6.075570537604280980e+04 1.027906455110770834e+00
6.075570563609660167e+04 1.016787418220195027e+00
6.075570589615039353e+04 9.985872053375601798e-01
6.075570615620419267e+04 9.550615781241761360e-01
6.075570641625798453e+04 1.002771319058634925e+00
6.075570667631177639e+04 9.566846094383325561e-01
6.075570693636557553e+04 9.984502066004574683e-01
6.075570719641938194e+04 9.831884315811802999e-01
6.075570745647317381e+04 1.009886724208010733e+00
6.075570771652696567e+04 1.046468888864538371e+00
6.075570797658076481e+04 9.868862155442387207e-01
6.075570823663455667e+04 1.017127391116360080e+00
6.075570849668834853e+04 9.888008020320889768e-01
6.075570875674214039e+04 1.041481471875380871e+00
6.075570901679593953e+04 9.347578438580382842e-01
6.075570927684973140e+04 9.802872108420955799e-01
6.075570953690352326e+04 9.642533901611027858e-01
6.075570979695732240e+04 1.005015500528021910e+00
6.075571005701112153e+04 9.964805696178407057e-01
6.075571031706492067e+04 1.004495748590827686e+00
6.075571057711871254e+04 9.833509116959291418e-01
6.075571083717251167e+04 1.006335096668668161e+00
6.075571109722630354e+04 9.784106999883663836e-01
6.075571135728009540e+04 1.011190265761449769e+00
6.075571161733389454e+04 1.007551619662214737e+00
6.075571187738768640e+04 1.017462719742243893e+00
6.075571213744147826e+04 9.901611345655566554e-01
6.075571239749527740e+04 9.969210616764642152e-01
6.075571265754906926e+04 9.656765913681902846e-01
6.075571291760286840e+04 1.016611586043487225e+00
6.075571317765666754e+04 1.010672891892125280e+00
6.075571474868715450e+04 9.846667152915953292e-01
6.075571500874785124e+04 9.978246942660737862e-01
6.075571526880854799e+04 9.802963637302327671e-01
6.075571552886924474e+04 1.065722557035891471e+00
6.075571578892994148e+04 1.004017214979783246e+00
6.075571604899063823e+04 9.967822125012498757e-01
6.075571630905133497e+04 9.985431740171657466e-01
6.075571656911203172e+04 9.864105123090868288e-01
6.075571682917273574e+04 1.029174346076627611e+00
6.075571708923342521e+04 1.034337835424653296e+00
6.075571734929412196e+04 1.012980090651475873e+00
6.075571760935482598e+04 1.000090306198010204e+00
6.075571786941552273e+04 1.015898610962833182e+00
6.075571812947621947e+04 9.600943802949113426e-01
6.075571838953690894e+04 9.822528473499376744e-01
6.075571864959761297e+04 1.046443586576992324e+00
6.075571890965830971e+04 1.003829881246569578e+00
6.075571916971899918e+04 1.012544403548341521e+00
6.075571942977970320e+04 1.029700565672695634e+00
6.075571968984039995e+04 1.018146887849102233e+00
6.075571994990109670e+04 9.866540268734892427e-01
6.075572020996180072e+04 1.012804550079797528e+00
6.075572047002249019e+04 9.697813871709287659e-01
6.075572073008318694e+04 1.010727312703779024e+00
6.075572099014388368e+04 9.930118353101353712e-01
6.075572125020458770e+04 9.677560309038737429e-01
6.075572151026528445e+04 9.825445618739908626e-01
6.075572177032597392e+04 1.001192722083131814e+00
6.075572203038667794e+04 9.897968225061061220e-01
6.075572229044737469e+04 9.838868212460685214e-01
6.075572255050806416e+04 1.010560108118688349e+00
6.075572281056877546e+04 1.006344651708685145e+00
6.075572307062946493e+04 9.969291660545011036e-01
6.075572333069016167e+04 9.865021531646704922e-01
6.075572359075086570e+04 9.879572970229661966e-01
6.075572385081155517e+04 9.921609077351150052e-01
6.075572411087225191e+04 9.825328033593538901e-01
6.075572437093294866e+04 9.777252995442130556e-01
6.075572463099365268e+04 9.661277338645610779e-01
6.075572489105434943e+04 9.882741545631733571e-01
6.075572515111503890e+04 9.671096363290665465e-01
6.075572541117574292e+04 9.637269756876701843e-01
6.075572567123643967e+04 9.412197293697254219e-01
6.075572593129713641e+04 9.784712692752137730e-01
6.075572619135784043e+04 1.001060623768655899e+00
6.075572645141852990e+04 9.948946815973663815e-01
6.075572671147922665e+04 9.681053441724422060e-01
6.075572697153993067e+04 9.787356983881134731e-01
6.075572723160062014e+04 9.713297069164699149e-01
6.075572749166131689e+04 9.899683963432369671e-01
6.075572775172202091e+04 9.997359514841319683e-01
6.075572801178271766e+04 9.868219226100940489e-01
6.075572827184341440e+04 1.049167799511565802e+00
6.075572853190411115e+04 9.873610661497703722e-01
6.075572879196480790e+04 9.999673048104552597e-01
6.075572905202550464e+04 9.910784421779542663e-01
6.075572931208620867e+04 1.003228771491380789e+00
6.075572957214690541e+04 9.871100062754938342e-01
6.075572983220759488e+04 1.001942784726532976e+00
6.075573009226829890e+04 9.690399544320805747e-01
6.075573035232899565e+04 9.603467977027053681e-01
6.075573061238968512e+04 9.737520640040161490e-01
6.075573087245038914e+04 9.957573621602174851e-01
6.075573113251108589e+04 9.695688781619056229e-01
6.075573139257178264e+04 9.648721675990171720e-01
6.075573165263248666e+04 1.061144153657484379e+00
6.075573191269317613e+04 9.690581132160021038e-01
6.075573217275387287e+04 9.826598054166387763e-01
6.075573243281457690e+04 9.972436520183348696e-01
6.075573269287527364e+04 9.778480936322694328e-01
6.075573295293597039e+04 9.928391585827933685e-01
6.075573321299666713e+04 9.828009933271267817e-01
6.075573347305736388e+04 9.888230533604125405e-01
6.075573373311806063e+04 9.736863149231901327e-01
6.075573399317875737e+04 9.814332639671409231e-01
6.075573425323946140e+04 9.929891632344470809e-01
6.075573451330015087e+04 9.973055105421009259e-01
6.075573477336085489e+04 9.647466152938198869e-01
6.075573503342155163e+04 9.925367025939622057e-01
6.075573529348224110e+04 1.000906422842971599e+00
6.075573555354294513e+04 9.883016540048051857e-01
6.075573581360364187e+04 9.374041298213764417e-01
6.075573607366434589e+04 9.833722102482888028e-01
6.075573633372504264e+04 9.850815849545916381e-01
6.075573659378573211e+04 1.003835326418203611e+00
6.075573685384643613e+04 1.004861926464441169e+00
6.075573711390713288e+04 1.021905873816007393e+00
6.075573737396782963e+04 9.896291687430276429e-01
6.075573763402853365e+04 9.987006171181429526e-01
6.075573789408922312e+04 1.006697166794751741e+00
6.075573815414991986e+04 1.020109331877818937e+00
6.075573841421062389e+04 9.933215010862129768e-01
6.075573867427131336e+04 9.852244927019084830e-01
6.075573893433201010e+04 9.612483155987741057e-01
6.075573919439271413e+04 9.904997249419605909e-01
6.075573945445341087e+04 9.981891208789672731e-01
6.075573971451411489e+04 1.000080074787091711e+00
6.075573997457480436e+04 9.611566393071042658e-01
6.075574023463550111e+04 9.668212830873117447e-01
6.075574049469620513e+04 9.937513893943824561e-01
6.075574075475690188e+04 1.011267781811860500e+00
6.075574101481759863e+04 1.000474046094687486e+00
6.075574127487829537e+04 1.008939331339139267e+00
6.075574153493899212e+04 9.699521638200981899e-01
6.075574179499969614e+04 9.971836439881583969e-01
6.075574205506038561e+04 1.016661717541302190e+00
6.075574231512108236e+04 1.013764451860483806e+00
6.075574257518178638e+04 9.870862106273684544e-01
6.075574283524248312e+04 1.019053574617424962e+00
6.075574309530317987e+04 9.449275941508615828e-01
6.075574483016229351e+04 9.894412242747184782e-01
6.075574509021608537e+04 1.011405289691016396e+00
6.075574535026989179e+04 9.812179579333628610e-01
6.075574561032369093e+04 9.662447456200315976e-01
6.075574587037748279e+04 9.979324619509618577e-01
6.075574613043128193e+04 9.997319229915535566e-01
6.075574639048507379e+04 9.882715769423564556e-01
6.075574665053887293e+04 1.028335667056473612e+00
6.075574691059266479e+04 1.003704807700900981e+00
6.075574717064645665e+04 9.992718120490976519e-01
6.075574743070025579e+04 9.536189363590975576e-01
6.075574769075404765e+04 9.716457095034370939e-01
6.075574795080784679e+04 1.002473464904296341e+00
6.075574821086163865e+04 9.851331841978466786e-01
6.075574847091544507e+04 9.961552858950823985e-01
6.075574873096924421e+04 9.919965266039904028e-01
6.075574899102303607e+04 1.014114331560777904e+00
6.075574925107683521e+04 9.895010282395199086e-01
6.075574951113062707e+04 9.721025423214160188e-01
6.075574977118442621e+04 9.691328886777531570e-01
6.075575003123821807e+04 9.937909352848532940e-01
6.075575029129201721e+04 9.498884278725022723e-01
6.075575055134580907e+04 1.021987662924283224e+00
6.075575081139960093e+04 9.562975599838825502e-01
6.075575107145340007e+04 9.654661583538634018e-01
6.075575133150719921e+04 1.011822606953546977e+00
6.075575159156100563e+04 9.807357883503896590e-01
6.075575185161479749e+04 9.683079914939628496e-01
6.075575211166859663e+04 9.784941873018271341e-01
6.075575237172238849e+04 9.554165244531501733e-01
6.075575263177618035e+04 9.938819821225097773e-01
6.075575289182997949e+04 1.005816941691005217e+00
6.075575315188377135e+04 9.424361396377408662e-01
6.075575341193757049e+04 1.002247476633188583e+00
6.075575367199136235e+04 1.026112094165879673e+00
6.075575393204516149e+04 1.009193745930263564e+00
6.075575419209895335e+04 1.003197225942221715e+00
6.075575445215275249e+04 9.935678406537437057e-01
6.075575471220655891e+04 9.704074931645827462e-01
6.075575497226035077e+04 9.863569772321747475e-01
6.075575523231414991e+04 9.826788108378579079e-01
6.075575549236794177e+04 9.608287943660378527e-01
6.075575575242174091e+04 9.979957772940372118e-01
6.075575601247553277e+04 9.769343525546289042e-01
6.075575627252933191e+04 1.000324520020976937e+00
6.075575653258312377e+04 1.003134765913995752e+00
6.075575679263691563e+04 9.738944901551961353e-01
6.075575705269071477e+04 9.591732137017016102e-01
6.075575731274451391e+04 9.428223805424846837e-01
6.075575757279832033e+04 9.818068888062002619e-01
6.075575783285211219e+04 9.981152199906976330e-01
6.075575809290591133e+04 1.005178001464946957e+00
6.075575835295970319e+04 9.893477311212858227e-01
6.075575861301350233e+04 9.866123051216608708e-01
6.075575887306729419e+04 9.996825984274571031e-01
6.075575913312109333e+04 9.521417068663342587e-01
6.075575939317488519e+04 9.915856423357343186e-01
6.075575965322867705e+04 9.760153077805456823e-01
6.075575991328247619e+04 1.034640008929373245e+00
6.075576017333626805e+04 9.842008931534346194e-01
6.075576043339007447e+04 9.942811817682641884e-01
6.075576069344387361e+04 9.533191592576574225e-01
6.075576095349767274e+04 9.978760344701587126e-01
6.075576121355146461e+04 9.782919208603934047e-01
6.075576147360526375e+04 1.029445662987360066e+00
6.075576173365905561e+04 9.602001176605279298e-01
6.075576199371285475e+04 1.003155522356774965e+00
6.075576225376664661e+04 1.025077848156085825e+00
6.075576251382044575e+04 1.033380448376955751e+00
6.075576277387423761e+04 1.013066136723475896e+00
6.075576303392802947e+04 9.655702925810730752e-01
6.075576329398183589e+04 9.967212130102828249e-01
6.075576355403563502e+04 9.757786076313968993e-01
6.075576381408943416e+04 1.008309899156998313e+00
6.075576407414322603e+04 9.278745467150137927e-01
6.075576433419702516e+04 1.009040717379841690e+00
6.075576459425081703e+04 9.736703188990859514e-01
6.075576485430461616e+04 1.002134104632612210e+00
6.075576511435840803e+04 9.889997308291161859e-01
6.075576537441220717e+04 1.003539749879317267e+00
6.075576563446599903e+04 9.536525064150300768e-01
6.075576589451979817e+04 1.022935864341984358e+00
6.075576615457359003e+04 1.016926050444408869e+00
6.075576641462739644e+04 9.715776702058217529e-01
6.075576667468119558e+04 1.000180599779257662e+00
6.075576693473499472e+04 9.885449106626451599e-01
6.075576719478878658e+04 9.890159519054033677e-01
6.075576745484258572e+04 1.001840788932529147e+00
6.075576771489637758e+04 9.981618035762653829e-01
6.075576797495017672e+04 9.926507642830746381e-01
6.075576823500396858e+04 9.948740316183765087e-01
6.075576849505776045e+04 9.968750442943365986e-01
6.075576875511155959e+04 1.010001254010766791e+00
6.075576901516535145e+04 9.899274277672767131e-01
6.075576927521915786e+04 9.867900008808796475e-01
6.075576953527295700e+04 1.003065207329889574e+00
6.075576979532675614e+04 9.924999986805234098e-01
6.075577005538054800e+04 1.013521971722162851e+00
6.075577031543434714e+04 1.016430205337437886e+00
6.075577057548813900e+04 9.973751390265005456e-01
6.075577083554193814e+04 9.725751868113134968e-01
6.075577109559573000e+04 9.942604539685854226e-01
6.075577135564952914e+04 9.773598525337514609e-01
6.075577161570332100e+04 9.886322599531394140e-01
6.075577187575712014e+04 9.616783247385770617e-01
6.075577213581091200e+04 9.599259112510762915e-01
6.075577239586471842e+04 9.986659173283043422e-01
6.075577265591851756e+04 9.212171347975125490e-01
6.075577291597231670e+04 9.652387711372203416e-01
6.075577317602610856e+04 1.056862356361282007e+00
