6.075547523418369383e+04 1.023318539757278156e+00
6.075547549424438330e+04 9.984742465595569660e-01
6.075547575430508005e+04 1.015206489429312242e+00
6.075547601436576224e+04 1.024021641103515456e+00
6.075547627442645899e+04 1.023600273259920979e+00
6.075547653448714846e+04 9.723949224245570511e-01
6.075547679454784520e+04 1.029718589867874678e+00
6.075547705460853467e+04 9.784581843016154634e-01
6.075547731466922414e+04 1.028220007128154423e+00
6.075547757472991361e+04 9.778219677838975166e-01
6.075547783479061036e+04 1.032408760695772365e+00
6.075547809485129255e+04 1.014600384231951313e+00
6.075547835491198930e+04 1.019331619449373116e+00
6.075547861497267877e+04 9.998486255615769425e-01
6.075547887503337552e+04 9.660746043080882250e-01
6.075547913509406499e+04 1.029935189496752557e+00
6.075547939515475446e+04 1.011913329428775654e+00
6.075547965521544393e+04 9.659422747826065248e-01
6.075547991527614067e+04 1.006586061555937217e+00
6.075548017533683014e+04 9.787293026910858229e-01
6.075548043539752689e+04 9.934522340055581546e-01
6.075548069545820908e+04 1.002957983413162557e+00
6.075548095551890583e+04 1.006736138471775233e+00
6.075548121557959530e+04 9.885813312016917820e-01
6.075548147564028477e+04 9.919627195419107313e-01
6.075548173570098152e+04 1.005896213429153141e+00
6.075548199576167099e+04 1.039478256203275164e+00
6.075548225582236773e+04 9.922652164292090626e-01
6.075548251588305720e+04 9.956895350115395615e-01
6.075548277594374667e+04 1.017928120405440673e+00
6.075548303600443614e+04 9.812578613188915888e-01
6.075548329606513289e+04 1.038087856908874063e+00
6.075548355612582236e+04 1.026812289235330411e+00
6.075548381618651911e+04 1.027150646474998430e+00
6.075548407624720130e+04 9.653536399886920583e-01
6.075548433630789805e+04 9.626892096698025370e-01
6.075548459636858752e+04 1.039893814726400745e+00
6.075548485642928426e+04 9.959984477843004669e-01
6.075548511648997373e+04 1.017204280639982139e+00
6.075548537655066320e+04 1.001111014124378418e+00
6.075548563661135267e+04 1.013474315173775953e+00
6.075548589667204942e+04 9.257084112639707429e-01
6.075548615673273162e+04 1.005446953562351586e+00
6.075548641679342836e+04 9.819803472026391589e-01
6.075548667685411783e+04 9.957124729302154753e-01
6.075548693691481458e+04 1.034257160040322310e+00
6.075548719697551132e+04 9.816102014863160585e-01
6.075548745703619352e+04 1.002311694399564912e+00
6.075548771709689026e+04 1.030120074285130194e+00
6.075548797715757973e+04 1.005915974655802847e+00
6.075548823721827648e+04 9.732269551767065430e-01
6.075548849727896595e+04 1.021128454744460345e+00
6.075548875733965542e+04 9.492864136536121045e-01
6.075548901740034489e+04 9.984429977879571982e-01
6.075548927746104164e+04 1.005275274199826763e+00
6.075548953752172383e+04 9.957110959773934900e-01
6.075548979758242058e+04 9.799140120602974902e-01
6.075549005764311732e+04 1.003691740576834857e+00
6.075549031770380680e+04 9.895775346522546201e-01
6.075549057776450354e+04 9.840364880794348901e-01
6.075549083782518574e+04 9.900304531637207361e-01
6.075549109788588248e+04 9.782723036415905682e-01
6.075549135794657195e+04 9.795541639877022311e-01
6.075549161800726870e+04 9.966183677863441615e-01
6.075549187806795817e+04 1.015942426336612137e+00
6.075549213812864764e+04 9.842425262854516133e-01
6.075549239818933711e+04 9.840437254292822011e-01
6.075549265825003386e+04 9.573205237830962888e-01
6.075549291831072333e+04 1.001653887702713464e+00
6.075549317837142007e+04 9.986359229234383905e-01
6.075549343843210954e+04 9.962416842587645815e-01
6.075549369849279901e+04 1.000114205321061656e+00
6.075549395855349576e+04 9.858258988394563715e-01
6.075549421861417795e+04 9.910357783717512747e-01
6.075549447867487470e+04 9.690345364432394470e-01
6.075549473873556417e+04 1.002635059936781703e+00
6.075549499879626092e+04 1.034436950308335268e+00
6.075549525885695766e+04 9.868824545082435229e-01
6.075549551891763986e+04 9.785650366941497369e-01
6.075549577897833660e+04 9.963133451186619860e-01
6.075549603903902607e+04 1.006761216652884539e+00
6.075549629909972282e+04 1.024757852593741969e+00
6.075549655916041229e+04 1.013300693433614841e+00
6.075549681922110176e+04 9.762200690678646264e-01
6.075549707928179851e+04 9.848654554996824073e-01
6.075549733934248798e+04 1.019329496090067844e+00
6.075549759940317745e+04 1.004287380302021582e+00
6.075549785946386692e+04 9.978830637279192395e-01
6.075549811952456366e+04 1.004199722944671747e+00
6.075549837958525313e+04 1.007371594540383164e+00
6.075549863964594988e+04 1.004846181072167166e+00
6.075549889970663935e+04 1.009155037926789955e+00
6.075549915976732882e+04 9.938099184869522151e-01
6.075549941982802557e+04 9.703782499554293173e-01
6.075549967988871504e+04 1.032459989094979491e+00
6.075549993994941178e+04 1.003196947787597715e+00
6.075550020001009398e+04 1.029034598007645629e+00
6.075550046007079072e+04 9.970564626320402857e-01
6.075550072013148747e+04 9.805651951887319751e-01
6.075550098019216966e+04 9.882492145197100397e-01
6.075550124025286641e+04 1.006288920426216205e+00
6.075550150031355588e+04 1.006096260767761263e+00
6.075550176037425263e+04 9.893307627584031483e-01
6.075550202043494210e+04 9.796142570880387312e-01
6.075550228049563157e+04 1.018990970961736631e+00
6.075550254055632831e+04 1.000229957756094468e+00
6.075550280061701778e+04 9.905467991078900081e-01
6.075550306067771453e+04 9.792352951349838630e-01
6.075550332073840400e+04 9.750214931660652340e-01
6.075550358079909347e+04 9.779520988310443919e-01
6.075550513883041276e+04 1.007010207283844494e+00
6.075550539889110951e+04 1.002220737575217013e+00
6.075550565895179898e+04 1.016149622229382432e+00
6.075550591901248845e+04 9.702341418737514545e-01
6.075550617907318519e+04 1.003270275913601184e+00
6.075550643913387466e+04 9.883406504246140534e-01
6.075550669919457141e+04 9.998414730150335661e-01
6.075550695925526088e+04 9.881461162026700107e-01
6.075550721931595035e+04 9.817170783910276199e-01
6.075550747937664710e+04 1.017879887701998554e+00
6.075550773943733657e+04 9.860314816198287868e-01
6.075550799949803331e+04 9.724955687568084262e-01
6.075550825955872278e+04 9.867298223359388665e-01
6.075550851961941225e+04 1.005364885591708113e+00
6.075550877968010900e+04 1.030612748854146332e+00
6.075550903974079847e+04 9.794402252413274557e-01
6.075550929980148794e+04 1.011252461950825632e+00
6.075550955986217741e+04 1.018996838937835436e+00
6.075550981992287416e+04 9.985272264400019138e-01
6.075551007998357090e+04 9.895048147218753476e-01
6.075551034004426037e+04 9.889945083559835703e-01
6.075551060010494984e+04 9.845514526624370433e-01
6.075551086016564659e+04 9.921866949335814700e-01
6.075551112022633606e+04 1.000264581211900428e+00
6.075551138028703281e+04 9.989262991756528987e-01
6.075551164034772228e+04 9.904485492519858880e-01
6.075551190040841175e+04 9.953033918294779125e-01
6.075551216046910849e+04 1.001633958447444961e+00
6.075551242052979796e+04 1.008229124154181866e+00
6.075551268059049471e+04 9.918690941234747926e-01
6.075551294065118418e+04 9.863509669672571034e-01
6.075551320071187365e+04 1.040393909986635723e+00
6.075551346077257040e+04 1.013174204646523080e+00
6.075551372083325987e+04 9.785460155897399703e-01
6.075551398089394934e+04 1.025712770504877414e+00
6.075551424095464608e+04 1.001367168434272203e+00
6.075551450101533555e+04 9.895738250473550268e-01
6.075551476107603230e+04 1.001100016120735292e+00
6.075551502113672177e+04 1.012416437064409314e+00
6.075551528119741124e+04 1.009818229920589561e+00
6.075551554125810799e+04 1.005863145997464514e+00
6.075551580131879746e+04 9.851663785223628844e-01
6.075551606137949420e+04 1.042846344075824661e+00
6.075551632144019095e+04 1.021596059542576151e+00
6.075551658150087314e+04 9.925393856256334857e-01
6.075551684156156989e+04 1.030202611301230364e+00
6.075551710162226664e+04 9.812084100483402516e-01
6.075551736168294883e+04 1.005872893914435018e+00
6.075551762174364558e+04 9.591674494585696875e-01
6.075551788180433505e+04 1.016739155764723401e+00
6.075551814186503179e+04 1.024860768822583035e+00
6.075551840192572854e+04 9.969834102640288132e-01
6.075551866198641073e+04 9.766996117068065253e-01
6.075551892204710748e+04 1.016780255355156370e+00
6.075551918210780423e+04 9.977705994784685783e-01
6.075551944216849370e+04 1.019903644450718128e+00
6.075551970222919044e+04 1.034149897343081159e+00
6.075551996228987991e+04 1.035115354215744299e+00
6.075552022235056938e+04 1.028430996213087090e+00
6.075552048241126613e+04 1.034543270893231171e+00
6.075552074247194832e+04 1.039380220549234624e+00
6.075552100253265235e+04 1.019579884126964542e+00
6.075552126259334182e+04 1.026814988676637341e+00
6.075552152265403129e+04 9.765664262982818311e-01
6.075552178271472803e+04 1.031589587173000089e+00
6.075552204277541750e+04 1.007558129500903288e+00
6.075552230283610697e+04 9.667151421746964512e-01
6.075552256289680372e+04 1.011814181268926083e+00
6.075552282295750047e+04 9.971370188834780546e-01
6.075552308301818994e+04 9.827657642010224626e-01
6.075552334307887941e+04 9.880056063075266515e-01
6.075552360313957615e+04 9.636925737405656056e-01
6.075552386320026562e+04 1.005931998593902810e+00
6.075552412326096237e+04 9.774375337017144894e-01
6.075552438332165912e+04 1.004541458099357021e+00
6.075552464338234131e+04 9.867964044260670864e-01
6.075552490344303806e+04 9.887461823161173280e-01
6.075552516350373480e+04 9.939791108771611761e-01
6.075552542356441700e+04 9.874757625073617984e-01
6.075552568362511374e+04 1.009252514059509220e+00
6.075552594368581049e+04 9.962575474063994907e-01
6.075552620374649996e+04 1.009738150891134500e+00
6.075552646380719671e+04 1.016184303622346352e+00
6.075552672386788618e+04 1.044493341650305940e+00
6.075552698392857565e+04 1.004050819260116745e+00
6.075552724398927239e+04 9.680856378249889094e-01
6.075552750404996914e+04 1.021606580624715432e+00
6.075552776411065861e+04 1.016609078572680458e+00
6.075552802417134808e+04 1.008667855501770294e+00
6.075552828423204483e+04 1.014251973696610687e+00
6.075552854429273430e+04 9.789096317060038688e-01
6.075552880435342377e+04 9.888471378272267742e-01
6.075552906441412051e+04 1.025461794022107798e+00
6.075552932447480998e+04 1.007419100605533746e+00
6.075552958453550673e+04 1.006688715360195552e+00
6.075552984459620347e+04 1.013078359751292234e+00
6.075553010465688567e+04 1.020944375418573857e+00
6.075553036471758242e+04 9.870235462630980727e-01
6.075553062477827916e+04 1.023347281580832435e+00
6.075553088483896863e+04 1.013341304805889465e+00
6.075553114489966538e+04 1.000937769032311797e+00
6.075553140496035485e+04 1.047691643728470456e+00
6.075553166502104432e+04 9.984243566774340106e-01
6.075553192508174106e+04 1.047757244681004840e+00
6.075553218514243054e+04 9.614254431145693447e-01
6.075553244520312728e+04 1.011424752814282568e+00
6.075553270526381675e+04 1.014017676358124342e+00
6.075553296532451350e+04 9.840434676708571526e-01
6.075553322538520297e+04 1.007860846304304170e+00
6.075553348544589244e+04 9.711716636200123931e-01
6.075553503087646095e+04 1.000758374503878834e+00
6.075553529093715770e+04 1.005784244684502227e+00
6.075553555099784717e+04 9.997028219021596440e-01
6.075553581105853664e+04 1.024038859436017024e+00
6.075553607111923338e+04 9.959750327330110231e-01
6.075553633117992285e+04 9.665929080624103831e-01
6.075553659124061960e+04 1.024755010851533310e+00
6.075553685130131635e+04 9.641961178627295181e-01
6.075553711136199854e+04 9.541274045082522859e-01
6.075553737142269529e+04 1.017082860107476616e+00
6.075553763148339203e+04 9.703921229972753970e-01
6.075553789154408878e+04 9.868764143976611614e-01
6.075553815160477825e+04 1.019695660211000776e+00
6.075553841166546772e+04 1.013881758921883369e+00
6.075553867172616447e+04 1.019654018878236812e+00
6.075553893178685394e+04 9.730211499778291806e-01
6.075553919184754341e+04 1.030862508989857540e+00
6.075553945190824015e+04 1.003528203218206682e+00
6.075553971196892962e+04 9.939753091865167756e-01
6.075553997202962637e+04 1.002292699619677929e+00
6.075554023209032312e+04 9.763134451226350707e-01
6.075554049215101259e+04 1.006405498386014230e+00
6.075554075221170206e+04 1.006562511579731867e+00
6.075554101227239880e+04 9.614229235578041211e-01
6.075554127233309555e+04 1.004184765292784665e+00
6.075554153239378502e+04 9.981905944948484821e-01
6.075554179245447449e+04 1.021055945094061057e+00
6.075554205251517124e+04 9.952553129790547848e-01
6.075554231257586798e+04 9.789586648262522672e-01
6.075554257263655018e+04 9.619672571498962821e-01
6.075554283269725420e+04 9.973422699420466664e-01
6.075554309275794367e+04 9.686998282524391657e-01
6.075554335281863314e+04 1.015911229920370307e+00
6.075554361287932988e+04 9.938247869632862441e-01
6.075554387294001936e+04 9.670009185638679394e-01
6.075554413300071610e+04 9.491834827983686163e-01
6.075554439306140557e+04 1.016732596791003251e+00
6.075554465312210232e+04 9.489310581753963580e-01
6.075554491318279906e+04 9.560969634586572452e-01
6.075554517324348853e+04 1.019279845211425561e+00
6.075554543330417800e+04 1.007293323618586589e+00
6.075554569336487475e+04 9.805174056145146144e-01
6.075554595342557150e+04 1.016870676542463325e+00
6.075554621348626097e+04 1.008497801008508832e+00
6.075554647354695044e+04 1.015441502703392951e+00
6.075554673360764718e+04 9.980150995771988054e-01
6.075554699366834393e+04 9.849039756394742939e-01
6.075554725372902612e+04 9.948665599243876612e-01
6.075554751378972287e+04 9.970722746247049351e-01
6.075554777385041962e+04 1.001374836778814892e+00
6.075554803391111636e+04 9.899626083099257734e-01
6.075554829397180583e+04 9.762438570861688980e-01
6.075554855403249530e+04 9.636820980348010934e-01
6.075554881409319205e+04 1.002741152655710177e+00
6.075554907415388152e+04 9.771501587025857027e-01
6.075554933421457827e+04 9.894758074021090533e-01
6.075554959427527501e+04 9.760989152899759436e-01
6.075554985433596448e+04 1.004685723194016944e+00
6.075555011439665395e+04 9.910411923729423034e-01
6.075555037445735070e+04 9.890217172617318253e-01
6.075555063451804017e+04 1.000655411530500638e+00
6.075555089457873692e+04 9.912473004855364422e-01
6.075555115463942639e+04 9.723670898411350683e-01
6.075555141470012313e+04 1.000593691032312105e+00
6.075555167476081988e+04 9.668671482001579554e-01
6.075555193482150935e+04 9.999737268090840292e-01
6.075555219488219882e+04 9.946181707279425632e-01
6.075555245494289557e+04 9.894291176755198869e-01
6.075555271500359231e+04 9.729695230898144365e-01
6.075555297506428906e+04 9.935511595773517390e-01
6.075555323512497125e+04 1.004062340433015565e+00
6.075555349518566800e+04 1.008305398382391527e+00
6.075555375524636474e+04 9.785063302780918626e-01
6.075555401530705421e+04 9.981197083905107847e-01
6.075555427536775096e+04 9.888368756876564358e-01
6.075555453542844043e+04 9.796645625844576655e-01
6.075555479548913718e+04 9.587197349328164808e-01
6.075555505554983392e+04 9.914875488787506796e-01
6.075555531561051612e+04 9.585162318946846005e-01
6.075555557567121286e+04 1.030937124223882728e+00
6.075555583573190961e+04 9.982004872561781594e-01
6.075555609579260636e+04 9.347684430352615204e-01
6.075555635585329583e+04 1.001946307794646218e+00
6.075555661591398530e+04 1.005139484122605564e+00
6.075555687597468204e+04 1.004423943536702835e+00
6.075555713603537879e+04 9.922794221642653456e-01
6.075555739609607554e+04 1.037187446778251809e+00
6.075555765615676501e+04 9.965089243657999640e-01
6.075555791621745448e+04 9.556537357252453679e-01
6.075555817627815122e+04 1.012447907874502562e+00
6.075555843633884797e+04 1.003442384814815069e+00
6.075555869639953016e+04 9.820020251278032131e-01
6.075555895646022691e+04 9.898701058503021066e-01
6.075555921652092366e+04 9.918304477497157379e-01
6.075555947658162040e+04 9.863035064782991190e-01
6.075555973664230987e+04 9.642966593867827729e-01
6.075555999670299934e+04 9.591307200268114341e-01
6.075556025676369609e+04 9.839910937920980372e-01
6.075556051682439283e+04 9.765044257442944131e-01
6.075556077688508958e+04 1.028468216542796965e+00
6.075556103694577905e+04 9.612054228534044897e-01
6.075556129700646852e+04 9.898657533716787027e-01
6.075556155706716527e+04 9.799633374458648349e-01
6.075556181712786201e+04 9.956157294731825536e-01
6.075556207718854421e+04 1.004186187424489951e+00
6.075556233724924095e+04 9.983570050653545191e-01
6.075556259730993770e+04 1.007205172373681012e+00
6.075556285737063445e+04 9.836537418733802829e-01
6.075556311743133119e+04 9.934739971390935676e-01
6.075556337749201339e+04 9.950452952695496567e-01
6.075556504896522529e+04 1.003179647864282931e+00
6.075556530902591476e+04 9.868640001826992636e-01
6.075556556908661150e+04 1.003119198878009266e+00
6.075556582914730097e+04 9.846081581181235221e-01
6.075556608920799772e+04 1.019122661165136279e+00
6.075556634926869447e+04 1.047900364129549011e+00
6.075556660932938394e+04 9.814905436477520118e-01
6.075556686939008068e+04 9.829992521513370995e-01
6.075556712945077015e+04 1.017463070597857344e+00
6.075556738951146690e+04 9.487748085072387205e-01
6.075556764957216365e+04 9.909250923120975774e-01
6.075556790963285312e+04 1.006141497639261306e+00
6.075556816969354986e+04 1.007463482716721481e+00
6.075556842975423933e+04 9.757505396683922028e-01
6.075556868981492880e+04 9.874253900468590306e-01
6.075556894987563282e+04 9.794316616510446716e-01
6.075556920993632230e+04 9.901751443816398934e-01
6.075556946999701904e+04 9.881917309883115896e-01
6.075556973005770851e+04 1.019395653177134431e+00
6.075556999011839798e+04 9.828398895125040058e-01
6.075557025017909473e+04 9.874207554648457563e-01
6.075557051023979147e+04 1.008598556118234901e+00
6.075557077030048822e+04 1.016923366791250949e+00
6.075557103036117769e+04 1.002241349606010967e+00
6.075557129042186716e+04 1.004614149405488988e+00
6.075557155048256391e+04 9.787699615092156913e-01
6.075557181054326065e+04 9.815574283288543977e-01
6.075557207060395740e+04 1.013980863952415934e+00
6.075557233066464687e+04 9.849313226750808781e-01
6.075557259072533634e+04 1.005769848406733447e+00
6.075557285078603309e+04 1.022651700359842097e+00
6.075557311084672983e+04 9.646539162268652490e-01
6.075557337090741930e+04 1.002424757099948938e+00
6.075557363096811605e+04 9.920466022087759406e-01
6.075557389102880552e+04 9.879520137379679268e-01
6.075557415108950227e+04 9.796413834312704960e-01
6.075557441115019901e+04 1.006985932681800255e+00
6.075557467121088848e+04 1.023469223940107309e+00
6.075557493127158523e+04 1.015350256256100758e+00
6.075557519133227470e+04 1.019492641801310828e+00
6.075557545139297144e+04 9.910123070678614754e-01
6.075557571145366819e+04 9.988039473685694780e-01
6.075557597151435766e+04 9.999159890218910496e-01
6.075557623157505441e+04 9.741009284097545962e-01
6.075557649163575115e+04 1.033748100774218415e+00
6.075557675169643335e+04 1.014403956176302080e+00
6.075557701175713009e+04 9.889811294664900831e-01
6.075557727181782684e+04 1.020950927550747789e+00
6.075557753187852359e+04 9.853596981786072462e-01
6.075557779193922033e+04 9.970219740592747293e-01
6.075557805199990980e+04 1.033562155603924282e+00
6.075557831206059927e+04 1.010551622670702310e+00
6.075557857212129602e+04 1.007443789162131509e+00
6.075557883218199277e+04 1.012667312329364577e+00
6.075557909224268951e+04 1.007727682870594554e+00
6.075557935230337898e+04 1.029752959930351208e+00
6.075557961236407573e+04 9.638851964509198567e-01
6.075557987242476520e+04 9.770411156090272886e-01
6.075558013248546195e+04 1.003525277096856128e+00
6.075558039254615869e+04 1.019818096175638678e+00
6.075558065260684816e+04 1.007146248284884305e+00
6.075558091266754491e+04 1.019416534843164523e+00
6.075558117272824165e+04 9.704702401777167697e-01
6.075558143278892385e+04 9.667224435822350248e-01
6.075558169284962059e+04 9.835974867146037859e-01
6.075558195291031734e+04 9.760373380129655496e-01
6.075558221297101409e+04 9.803365877624344860e-01
6.075558247303171083e+04 9.732228853548735570e-01
6.075558273309240030e+04 1.002280199129208293e+00
6.075558299315309705e+04 9.813595440495284095e-01
6.075558325321378652e+04 9.807020610451065989e-01
6.075558351327448327e+04 1.021538039005361664e+00
6.075558377333518001e+04 9.660627656139197939e-01
6.075558403339586948e+04 1.001133051807914010e+00
6.075558429345656623e+04 9.717764869578807696e-01
6.075558455351726298e+04 9.791424127047616555e-01
6.075558481357794517e+04 9.724431253789029839e-01
6.075558507363864192e+04 9.905331871676946731e-01
6.075558533369933866e+04 9.946088248085351857e-01
6.075558559376003541e+04 1.012669314004833954e+00
6.075558585382073215e+04 9.635903242451725470e-01
6.075558611388142162e+04 9.981559857335408070e-01
6.075558637394211837e+04 1.002637938422534569e+00
6.075558663400280784e+04 9.598012026814242148e-01
6.075558689406350459e+04 9.820003392778116069e-01
6.075558715412420133e+04 9.593068680995411324e-01
6.075558741418489080e+04 9.942175845298985015e-01
6.075558767424558755e+04 1.005770221293429190e+00
6.075558793430628430e+04 1.004080314419061315e+00
6.075558819436697377e+04 9.754970261850878233e-01
6.075558845442767051e+04 9.759097008535049245e-01
6.075558871448835998e+04 1.005741955538123511e+00
6.075558897454905673e+04 9.920574425780723793e-01
6.075558923460975348e+04 9.660795099691652510e-01
6.075558949467044295e+04 1.000996452261259995e+00
6.075558975473113969e+04 9.850595556508930928e-01
6.075559001479183644e+04 9.990082364246665181e-01
6.075559027485253318e+04 9.983844560470871432e-01
6.075559053491322265e+04 9.999378077989685698e-01
6.075559079497391212e+04 1.002501085938363845e+00
6.075559105503460887e+04 9.809686317550407875e-01
6.075559131509530562e+04 1.013958904243549064e+00
6.075559157515600236e+04 1.012952886570334776e+00
6.075559183521669911e+04 9.892820661071738408e-01
6.075559209527738858e+04 9.778971997008315542e-01
6.075559235533808533e+04 1.015270961696141283e+00
6.075559261539877480e+04 9.558536826984023183e-01
6.075559287545946427e+04 9.672869878377746700e-01
6.075559313552016101e+04 9.527385271158859137e-01
6.075559339558085776e+04 9.766130319524645165e-01
6.075559494101491873e+04 1.004612508251665925e+00
6.075559520107561548e+04 9.744753975272130164e-01
6.075559546113631222e+04 9.904473490079452880e-01
6.075559572119700897e+04 1.006374278491439789e+00
6.075559598125769844e+04 1.009176109477183614e+00
6.075559624131839519e+04 1.002671943629390050e+00
6.075559650137908466e+04 1.040652991064899613e+00
6.075559676143977413e+04 9.753250248870726224e-01
6.075559702150047087e+04 9.847125871051030099e-01
6.075559728156116762e+04 1.023471588415093558e+00
6.075559754162186437e+04 9.902805566696983863e-01
6.075559780168256111e+04 1.004693806479752372e+00
6.075559806174325058e+04 1.005032184117490290e+00
6.075559832180394733e+04 9.943976700744738828e-01
6.075559858186464407e+04 1.004986208585595842e+00
6.075559884192533355e+04 9.889998963606071447e-01
6.075559910198603029e+04 9.977979927806635008e-01
6.075559936204671976e+04 9.928586962162555540e-01
6.075559962210741651e+04 9.728460302760481015e-01
6.075559988216811325e+04 9.415290220287269030e-01
6.075560014222880272e+04 9.942181718058432649e-01
6.075560040228950675e+04 9.872235418954079522e-01
6.075560066235019622e+04 9.876459911321670004e-01
6.075560092241089296e+04 1.002159405728876074e+00
6.075560118247158971e+04 9.736385866758562324e-01
6.075560144253227918e+04 1.019317549193248462e+00
6.075560170259296865e+04 9.927712985748501362e-01
6.075560196265366540e+04 9.708389047709256037e-01
6.075560222271436214e+04 9.524083017847965182e-01
6.075560248277505889e+04 9.822424658278113840e-01
6.075560274283574836e+04 9.903930691623867855e-01
6.075560300289644510e+04 1.006254130372694400e+00
6.075560326295714185e+04 9.950984230764197136e-01
6.075560352301783860e+04 1.038821330643890040e+00
6.075560378307853534e+04 9.803172483918940472e-01
6.075560404313922481e+04 9.902144586188449393e-01
6.075560430319992156e+04 1.001433846982852760e+00
6.075560456326061831e+04 1.031814740711408662e+00
6.075560482332130050e+04 9.770135203799769075e-01
6.075560508338199725e+04 9.694091419031487522e-01
6.075560534344269399e+04 9.930599659558988490e-01
6.075560560350339074e+04 9.861835292900317240e-01
6.075560586356408749e+04 9.892817023812257027e-01
6.075560612362477696e+04 1.011554704869052745e+00
6.075560638368547370e+04 9.854002389002772810e-01
6.075560664374617045e+04 9.899278786048382184e-01
6.075560690380686719e+04 1.005776277790543016e+00
6.075560716386756394e+04 1.008398245526422876e+00
6.075560742392825341e+04 1.010814737825217691e+00
6.075560768398895016e+04 9.988075197825743157e-01
6.075560794404964690e+04 9.885001065741177984e-01
6.075560820411032910e+04 9.714459992082178363e-01
6.075560846417102584e+04 1.022371451996263669e+00
6.075560872423172259e+04 9.729276219255806879e-01
6.075560898429241934e+04 9.652681697054886767e-01
6.075560924435311608e+04 1.027095517443474604e+00
6.075560950441380555e+04 9.941377863749429888e-01
6.075560976447450230e+04 9.734429682014763552e-01
6.075561002453519905e+04 9.812068680924069808e-01
6.075561028459589579e+04 1.006478558058830686e+00
6.075561054465659254e+04 1.004365210998636293e+00
6.075561080471728201e+04 1.044771144262987672e+00
6.075561106477797875e+04 9.732764919966736539e-01
6.075561132483867550e+04 1.012320705568950485e+00
6.075561158489937225e+04 9.953948857661215621e-01
6.075561184496006899e+04 1.008247673858564175e+00
6.075561210502075846e+04 9.665175625945600091e-01
6.075561236508144793e+04 9.993886425388144312e-01
6.075561262514214468e+04 9.907033359918132609e-01
6.075561288520283415e+04 9.855665777890030288e-01
6.075561314526353090e+04 9.927388537601925522e-01
6.075561340532422764e+04 9.865697326092435215e-01
6.075561366538492439e+04 9.803013359203980315e-01
6.075561392544562113e+04 9.737194203213728194e-01
6.075561418550631060e+04 9.728997694239839289e-01
6.075561444556700735e+04 1.010191417453323748e+00
6.075561470562770410e+04 1.014268463185050262e+00
6.075561496568840084e+04 1.027723717963105354e+00
6.075561522574909759e+04 1.006190803296740599e+00
6.075561548580978706e+04 1.003998089994251108e+00
6.075561574587048381e+04 1.018728791677657508e+00
6.075561600593118055e+04 1.004953409594892655e+00
6.075561626599187002e+04 1.004991063226243764e+00
6.075561652605256677e+04 9.893081231466355208e-01
6.075561678611326352e+04 1.086417758394153221e+00
6.075561704617396026e+04 1.038292616247650679e+00
6.075561730623465701e+04 9.814460326997135331e-01
6.075561756629534648e+04 1.006916721152280481e+00
6.075561782635604322e+04 1.042372789588644544e+00
6.075561808641673269e+04 1.030441715489978094e+00
6.075561834647742944e+04 1.014372284481442898e+00
6.075561860653812619e+04 9.818013014782585035e-01
6.075561886659881566e+04 1.059191281722800415e+00
6.075561912665951240e+04 1.014973765916754811e+00
6.075561938672020915e+04 9.656077983278953392e-01
6.075561964678089862e+04 9.973008772032889713e-01
6.075561990684160264e+04 1.009194999072740462e+00
6.075562016690229211e+04 1.004833954191822531e+00
6.075562042696298886e+04 9.942462916966532394e-01
6.075562068702368560e+04 1.012140180106146259e+00
6.075562094708437508e+04 9.803009360046691656e-01
6.075562120714507182e+04 9.694578994621039225e-01
6.075562146720576857e+04 1.019243072921292459e+00
6.075562172726646531e+04 9.892568159166661435e-01
6.075562198732716206e+04 9.648385922926788760e-01
6.075562224738785153e+04 9.846843481111133833e-01
6.075562250744854828e+04 9.967631452601661834e-01
6.075562276750924502e+04 1.013259431195926874e+00
6.075562302756994177e+04 9.741467231159817164e-01
6.075562328763063852e+04 9.929718529834524743e-01
6.075562490904599690e+04 9.981574395877237382e-01
6.075562516909990518e+04 9.815054130591367443e-01
6.075562542915379890e+04 9.984658482860908624e-01
6.075562568920769263e+04 1.020581547387839239e+00
6.075562594926160091e+04 9.986680138469730128e-01
6.075562620931549463e+04 9.771141677154758787e-01
6.075562646936939564e+04 9.938644661028448457e-01
6.075562672942329664e+04 9.831683430298281401e-01
6.075562698947719036e+04 9.814807572163858351e-01
6.075562724953109864e+04 9.962313990313815815e-01
6.075562750958499237e+04 9.820106022731185380e-01
6.075562776963889337e+04 1.020778276017885844e+00
6.075562802969280165e+04 1.013972092859232621e+00
6.075562828974669537e+04 9.811365082929446313e-01
6.075562854980059637e+04 1.014488722865050319e+00
6.075562880985449738e+04 9.926405500071768806e-01
6.075562906990839110e+04 1.009579307685969818e+00
6.075562932996229938e+04 9.908826078693586670e-01
6.075562959001619311e+04 9.934801466724254571e-01
6.075562985007009411e+04 1.022067869681159813e+00
6.075563011012399511e+04 9.947437212797982653e-01
6.075563037017788884e+04 9.847667837774158883e-01
6.075563063023179711e+04 1.014934367507109858e+00
6.075563089028569084e+04 1.019979147442780398e+00
6.075563115033958456e+04 9.706786727341423227e-01
6.075563141039349284e+04 9.584879205273850733e-01
6.075563167044738657e+04 1.009096111538770879e+00
6.075563193050128757e+04 9.832885746458899234e-01
6.075563219055518857e+04 1.032496934162348445e+00
6.075563245060908230e+04 1.024195944146779835e+00
6.075563271066299058e+04 9.982982748172911647e-01
6.075563297071688430e+04 1.031618939909810573e+00
6.075563323077078530e+04 9.848389569961629730e-01
6.075563349082468631e+04 1.004840259027862892e+00
6.075563375087858003e+04 1.002003759187630072e+00
6.075563401093248831e+04 9.878552987310620370e-01
6.075563427098638203e+04 1.005307716678837560e+00
6.075563453104027576e+04 1.016497245123079818e+00
6.075563479109418404e+04 1.019944440394389584e+00
6.075563505114807776e+04 9.944126298877912218e-01
6.075563531120197877e+04 1.008384644815390807e+00
6.075563557125588704e+04 9.880278188912993143e-01
6.075563583130978077e+04 1.018960472752844959e+00
6.075563609136368905e+04 9.711460168642047641e-01
6.075563635141758277e+04 1.030068406342179888e+00
6.075563661147148377e+04 1.024135020670757568e+00
6.075563687152538478e+04 9.721950690748912827e-01
6.075563713157927850e+04 1.008691063143443145e+00
6.075563739163318678e+04 9.864929758376386193e-01
6.075563765168708051e+04 9.943564972841651972e-01
6.075563791174097423e+04 1.001376831885356866e+00
6.075563817179488251e+04 9.767816292290714131e-01
6.075563843184877624e+04 1.039523492814287575e+00
6.075563869190267724e+04 1.028234042199919207e+00
6.075563895195657824e+04 1.033401623595093133e+00
6.075563921201047197e+04 9.733060127469898015e-01
6.075563947206438024e+04 1.039922559768452492e+00
6.075563973211827397e+04 9.847809166196391795e-01
6.075563999217217497e+04 9.880751902089964789e-01
6.075564025222608325e+04 1.018573424246588477e+00
6.075564051227997697e+04 1.018875058417874513e+00
6.075564077233388525e+04 1.034450811723432562e+00
6.075564103238777898e+04 1.006612825349159079e+00
6.075564129244167270e+04 9.912932443490818368e-01
6.075564155249558098e+04 1.038263268021460295e+00
6.075564181254947471e+04 1.037547280573529518e+00
6.075564207260337571e+04 1.009542468059454245e+00
6.075564233265727671e+04 1.023977233984525448e+00
6.075564259271117044e+04 1.036497007251281577e+00
6.075564285276507871e+04 1.007833887165611841e+00
6.075564311281897244e+04 1.020433570375862020e+00
6.075564337287286617e+04 9.956918106106785737e-01
6.075564363292677444e+04 1.012957477020673069e+00
6.075564389298066817e+04 1.006913436140966622e+00
6.075564415303458372e+04 1.029436994746226297e+00
6.075564441308847745e+04 9.778065722011471950e-01
6.075564467314237118e+04 9.916763058467721326e-01
6.075564493319627945e+04 9.947884222614632455e-01
6.075564519325017318e+04 1.002961679213496771e+00
6.075564545330407418e+04 9.543648594395418572e-01
6.075564571335797518e+04 1.003690468979675732e+00
6.075564597341186891e+04 9.932263683363222739e-01
6.075564623346577719e+04 9.942962958033814136e-01
6.075564649351967091e+04 9.550973485684474129e-01
6.075564675357356464e+04 9.935788996273196005e-01
6.075564701362747292e+04 9.940794010022665494e-01
6.075564727368136664e+04 1.007769764754296027e+00
6.075564753373527492e+04 1.003522337268476505e+00
6.075564779378917592e+04 9.739197165144053425e-01
6.075564805384306965e+04 1.000102451072210519e+00
6.075564831389697792e+04 1.009086934708970595e+00
6.075564857395087165e+04 9.818470717048992658e-01
6.075564883400477265e+04 9.840737742597871485e-01
6.075564909405867365e+04 9.924943712499714188e-01
6.075564935411256738e+04 1.025958271010019240e+00
6.075564961416647566e+04 9.668324224738604755e-01
6.075564987422036938e+04 1.031102979727271274e+00
6.075565013427426311e+04 1.008134970702406541e+00
6.075565039432817866e+04 9.835302282442132116e-01
6.075565065438207239e+04 9.982277072685769026e-01
6.075565091443597339e+04 9.620116121310751112e-01
6.075565117448987439e+04 9.971020597484051562e-01
6.075565143454376812e+04 1.049654505922785086e+00
6.075565169459767640e+04 1.030100513618506630e+00
6.075565195465157012e+04 9.976116787735884728e-01
6.075565221470547112e+04 9.892898930582922912e-01
6.075565247475937213e+04 9.781475947929972881e-01
6.075565273481326585e+04 1.025370397288350777e+00
6.075565299486718141e+04 9.787583158071704315e-01
6.075565325492107513e+04 1.005285205587072239e+00
6.075565492676799477e+04 9.939641066478454023e-01
6.075565518682868424e+04 9.690167581348190229e-01
6.075565544688938098e+04 9.993512025831454704e-01
6.075565570695007773e+04 9.831851145385026580e-01
6.075565596701077448e+04 1.012525363152641189e+00
6.075565622707147122e+04 9.934683681715250625e-01
6.075565648713216069e+04 1.008950783075115654e+00
6.075565674719285744e+04 1.010100222318341734e+00
6.075565700725356146e+04 1.003867895515197395e+00
6.075565726731425821e+04 1.041182658330718214e+00
6.075565752737495495e+04 1.017962878714742780e+00
6.075565778743564442e+04 9.846108649172622407e-01
6.075565804749634117e+04 1.002460201823772490e+00
6.075565830755703792e+04 9.831009353084136926e-01
6.075565856761772739e+04 1.012086812152426685e+00
6.075565882767842413e+04 1.011724238561036104e+00
6.075565908773912088e+04 1.007651569742205488e+00
6.075565934779981762e+04 1.067209063742317054e+00
6.075565960786051437e+04 1.017358639140148791e+00
6.075565986792121112e+04 1.017131321760403662e+00
6.075566012798190786e+04 1.017026793124180317e+00
6.075566038804260461e+04 9.977528519991447631e-01
6.075566064810330136e+04 1.049536497997853646e+00
6.075566090816399810e+04 9.803774462921925892e-01
6.075566116822468757e+04 9.791631520723507176e-01
6.075566142828538432e+04 9.619024619475418092e-01
6.075566168834608106e+04 9.794441374291883440e-01
6.075566194840677781e+04 1.022395940806229753e+00
6.075566220846748183e+04 9.587432887429515604e-01
6.075566246852817130e+04 9.681415665472307142e-01
6.075566272858886805e+04 1.022723804580421891e+00
6.075566298864956480e+04 1.024793094696222262e+00
6.075566324871025427e+04 9.755423281207826758e-01
6.075566350877095101e+04 9.875382314602985101e-01
6.075566376883164776e+04 1.010178388047261677e+00
6.075566402889234450e+04 1.015971488458039973e+00
6.075566428895304125e+04 1.002414752182486435e+00
6.075566454901373800e+04 1.014682019670026580e+00
6.075566480907443474e+04 9.716723002234536333e-01
6.075566506913513149e+04 9.846512333955778074e-01
6.075566532919582824e+04 1.020807008689231576e+00
6.075566558925652498e+04 1.015020075940031186e+00
6.075566584931721445e+04 1.011606701281531961e+00
6.075566610937791120e+04 1.014826634021146035e+00
6.075566636943860794e+04 1.015338246095419228e+00
6.075566662949930469e+04 1.032081517931641157e+00
6.075566688956000144e+04 1.017102313140396674e+00
6.075566714962069818e+04 1.005804671135994921e+00
6.075566740968139493e+04 1.001474494590115949e+00
6.075566766974209168e+04 1.006469834184470891e+00
6.075566792980278115e+04 1.021060777724485558e+00
6.075566818986347789e+04 1.015542860921455848e+00
6.075566844992417464e+04 1.007700880286718226e+00
6.075566870998487866e+04 1.017524329402370364e+00
6.075566897004557541e+04 9.584461937025285927e-01
6.075566923010626488e+04 9.898423052627881580e-01
6.075566949016696162e+04 1.004481145840924627e+00
6.075566975022765837e+04 9.887304998600024986e-01
6.075567001028834784e+04 9.979880761243958842e-01
6.075567027034905186e+04 9.710736280164156131e-01
6.075567053040974133e+04 9.980232297691787879e-01
6.075567079047044535e+04 1.019381572060389596e+00
6.075567105053114210e+04 1.012306031749322432e+00
6.075567131059183157e+04 1.012294106064725474e+00
6.075567157065252832e+04 9.992923081922242545e-01
6.075567183071322506e+04 9.670222087587311277e-01
6.075567209077392181e+04 1.012584319229233421e+00
6.075567235083461856e+04 1.019150594227785422e+00
6.075567261089531530e+04 1.008855215691204510e+00
6.075567287095601205e+04 1.002936895495068814e+00
6.075567313101670879e+04 9.892431400989685208e-01
6.075567339107740554e+04 1.030826975080583185e+00
6.075567365113810229e+04 1.037767298067063582e+00
6.075567391119879176e+04 9.872518398167211551e-01
6.075567417125948850e+04 1.002306345725835435e+00
6.075567443132019253e+04 1.008646066464803592e+00
6.075567469138088200e+04 9.922683750629212041e-01
6.075567495144157874e+04 9.834150758654405244e-01
6.075567521150227549e+04 1.020886364233709598e+00
6.075567547156297223e+04 1.014552729352431903e+00
6.075567573162366898e+04 1.023193994322580513e+00
6.075567599168436573e+04 9.968860633045126818e-01
6.075567625174506247e+04 1.036252243241775561e+00
6.075567651180575922e+04 9.795258304622851409e-01
6.075567677186645597e+04 9.785691925734369967e-01
6.075567703192715271e+04 9.988055902050501089e-01
6.075567729198784218e+04 1.024270339038754418e+00
6.075567755204853893e+04 1.009351841172863917e+00
6.075567781210924295e+04 9.886996171471111872e-01
6.075567807216993242e+04 9.794927444602915534e-01
6.075567833223062917e+04 1.001974018065422189e+00
6.075567859229132591e+04 9.772581882678669229e-01
6.075567885235202266e+04 1.039372919645973559e+00
6.075567911241271941e+04 1.019991408073639194e+00
6.075567937247341615e+04 1.009223064111279600e+00
6.075567963253411290e+04 1.004086577784703671e+00
6.075567989259480964e+04 1.019013417585971748e+00
6.075568015265550639e+04 9.934265880625133827e-01
6.075568041271620314e+04 9.852242866995040149e-01
6.075568067277689261e+04 1.003426960240397570e+00
6.075568093283759663e+04 9.989391975333816731e-01
6.075568119289829338e+04 1.004498806669885891e+00
6.075568145295898285e+04 1.028165996595358678e+00
6.075568171301968687e+04 1.009860408847468971e+00
6.075568197308037634e+04 1.045729869380716659e+00
6.075568223314107308e+04 1.020710581299177466e+00
6.075568249320177711e+04 1.001329898290514775e+00
6.075568275326246658e+04 9.942480286089070418e-01
6.075568301332316332e+04 9.863234686445128130e-01
6.075568327338386007e+04 1.010421395044090787e+00
6.075568483179301256e+04 9.600331346197312765e-01
6.075568509184680443e+04 1.029718452547505825e+00
6.075568535190059629e+04 1.026415495156185909e+00
6.075568561195438815e+04 1.061406869542826259e+00
6.075568587200818729e+04 9.953087962881288497e-01
6.075568613206199370e+04 1.012181782473032587e+00
6.075568639211578557e+04 1.014467264736107044e+00
6.075568665216957743e+04 1.003150618534570437e+00
6.075568691222336929e+04 1.017381214289319047e+00
6.075568717227716115e+04 1.002923540513839473e+00
6.075568743233096029e+04 1.002435531328597751e+00
6.075568769238475215e+04 1.002420578790886196e+00
6.075568795243854402e+04 1.030276216129748068e+00
6.075568821249233588e+04 1.028967273798559567e+00
6.075568847254613502e+04 9.928532507029910192e-01
6.075568873259992688e+04 1.025184253168188953e+00
6.075568899265372602e+04 1.011370680467874150e+00
6.075568925270752516e+04 9.964044881046055790e-01
6.075568951276131702e+04 1.014024596927189936e+00
6.075568977281511616e+04 1.013101280901217205e+00
6.075569003286890802e+04 9.835780457344922567e-01
6.075569029292269988e+04 1.028275126497864234e+00
6.075569055297649174e+04 1.012996961569523791e+00
6.075569081303029088e+04 1.013789402693199282e+00
6.075569107308408275e+04 1.008945938541601528e+00
6.075569133313787461e+04 9.925020363501484422e-01
6.075569159319166647e+04 1.011796004314870823e+00
6.075569185324547288e+04 1.031856480331989623e+00
6.075569211329927202e+04 9.663789672440893375e-01
6.075569237335306389e+04 1.006226338866536452e+00
6.075569263340685575e+04 1.029643642716723040e+00
6.075569289346064761e+04 1.027861200663990449e+00
6.075569315351444675e+04 1.013983638396814602e+00
6.075569341356823861e+04 9.858409157890322128e-01
6.075569367362203047e+04 9.690639290380889115e-01
6.075569393367582234e+04 9.868776717949833133e-01
6.075569419372962147e+04 9.929105820655659276e-01
6.075569445378341334e+04 1.009586658297932704e+00
6.075569471383720520e+04 1.011816117547209570e+00
6.075569497389100434e+04 1.006330714180029062e+00
6.075569523394481075e+04 1.008209802913082376e+00
6.075569549399860261e+04 1.021982652800666358e+00
6.075569575405239448e+04 9.932232222482362261e-01
6.075569601410618634e+04 1.001258135969965268e+00
6.075569627415998548e+04 9.977225555964450709e-01
6.075569653421377734e+04 1.011683376618236485e+00
6.075569679426756920e+04 9.791300000892746436e-01
6.075569705432136107e+04 1.044049018408828022e+00
6.075569731437516020e+04 1.028003955556669125e+00
6.075569757442895207e+04 1.013011045624636619e+00
6.075569783448274393e+04 1.009144114321182562e+00
6.075569809453654307e+04 1.001334344238848262e+00
6.075569835459034948e+04 9.925879540809773305e-01
6.075569861464414134e+04 9.773478373274412379e-01
6.075569887469793321e+04 1.008069933226138026e+00
6.075569913475172507e+04 9.674773036553554473e-01
6.075569939480552421e+04 1.018903465581896040e+00
6.075569965485931607e+04 1.022723020052747289e+00
6.075569991491310793e+04 1.010189115154855877e+00
6.075570017496689979e+04 9.950416440342174651e-01
6.075570043502069893e+04 1.041398571976062781e+00
6.075570069507449080e+04 9.861798463794215763e-01
6.075570095512828993e+04 1.013725646223973875e+00
6.075570121518208907e+04 1.017789201622328221e+00
6.075570147523588821e+04 1.005492866217200465e+00
6.075570173528968007e+04 1.036966724365827597e+00
6.075570199534347194e+04 1.027193933615342614e+00
6.075570225539727107e+04 1.006607845847736993e+00
6.075570251545106294e+04 9.832602724945801453e-01
6.075570277550485480e+04 1.029515623622321074e+00
6.075570303555864666e+04 1.029348016794256804e+00
6.075570329561244580e+04 1.005379515986277950e+00
6.075570355566623766e+04 1.038120956489739344e+00
6.075570381572002952e+04 9.965190751085294396e-01
6.075570407577382866e+04 9.968513429817660310e-01
6.075570433582763508e+04 9.805187514016995287e-01
6.075570459588142694e+04 1.034824528016432987e+00
6.075570485593521880e+04 9.756656574507874824e-01
6.075570511598901066e+04 1.020907789846169811e+00
6.075570537604280980e+04 1.007087730543588133e+00
6.075570563609660167e+04 1.018145902141834647e+00
6.075570589615039353e+04 1.025287125592599713e+00
6.075570615620419267e+04 1.003943525350692534e+00
6.075570641625798453e+04 1.004012175786948013e+00
6.075570667631177639e+04 1.017538936280218076e+00
6.075570693636557553e+04 1.006789614840501335e+00
6.075570719641938194e+04 1.010267079943858004e+00
6.075570745647317381e+04 1.028387729779188575e+00
6.075570771652696567e+04 1.002967888599860080e+00
6.075570797658076481e+04 9.721116024930870347e-01
6.075570823663455667e+04 1.018753104959107425e+00
6.075570849668834853e+04 9.953188942435630127e-01
6.075570875674214039e+04 9.744627395958687099e-01
6.075570901679593953e+04 9.744970995225901156e-01
6.075570927684973140e+04 9.961205799433412444e-01
6.075570953690352326e+04 1.019053720307565358e+00
6.075570979695732240e+04 1.001653084518293824e+00
6.075571005701112153e+04 1.002200062097044153e+00
6.075571031706492067e+04 1.028986848324099368e+00
6.075571057711871254e+04 1.006694827559908134e+00
6.075571083717251167e+04 9.876659623861373527e-01
6.075571109722630354e+04 9.628499695612841025e-01
6.075571135728009540e+04 1.006478193022595224e+00
6.075571161733389454e+04 1.031351126587534806e+00
6.075571187738768640e+04 1.019417512507046819e+00
6.075571213744147826e+04 1.005730014237765424e+00
6.075571239749527740e+04 1.029100817679686530e+00
6.075571265754906926e+04 1.008275227701419308e+00
6.075571291760286840e+04 1.030352887209242896e+00
6.075571317765666754e+04 9.920067096928703032e-01
6.075571474868715450e+04 9.824879436846819525e-01
6.075571500874785124e+04 1.025182254694090744e+00
6.075571526880854799e+04 9.843146313054801366e-01
6.075571552886924474e+04 9.995622162394208754e-01
6.075571578892994148e+04 9.956995205114024250e-01
6.075571604899063823e+04 9.935936865339332069e-01
6.075571630905133497e+04 1.014123782328851586e+00
6.075571656911203172e+04 1.000967995342235239e+00
6.075571682917273574e+04 9.989701576150186169e-01
6.075571708923342521e+04 9.935183428577605280e-01
6.075571734929412196e+04 1.006897499385268624e+00
6.075571760935482598e+04 9.821943138448260280e-01
6.075571786941552273e+04 1.022358013791136111e+00
6.075571812947621947e+04 1.025650934455800023e+00
6.075571838953690894e+04 1.002275192076253818e+00
6.075571864959761297e+04 1.005163226735071413e+00
6.075571890965830971e+04 1.017650056149579818e+00
6.075571916971899918e+04 9.900668301198167764e-01
6.075571942977970320e+04 1.003822557379990821e+00
6.075571968984039995e+04 1.026477504452474543e+00
6.075571994990109670e+04 1.028256360470950037e+00
6.075572020996180072e+04 9.751932874467340584e-01
6.075572047002249019e+04 1.032536445261488467e+00
6.075572073008318694e+04 9.903843753808384553e-01
6.075572099014388368e+04 1.001463434340903902e+00
6.075572125020458770e+04 9.694753536485236634e-01
6.075572151026528445e+04 1.019109765717677307e+00
6.075572177032597392e+04 1.006152604269389572e+00
6.075572203038667794e+04 9.877123272423323774e-01
6.075572229044737469e+04 9.957267233115955074e-01
6.075572255050806416e+04 1.053237785662354931e+00
6.075572281056877546e+04 9.938119374369889236e-01
6.075572307062946493e+04 9.762548051449331243e-01
6.075572333069016167e+04 1.026843380203417144e+00
6.075572359075086570e+04 1.004798017299203261e+00
6.075572385081155517e+04 1.026480764803964885e+00
6.075572411087225191e+04 9.970212475775270811e-01
6.075572437093294866e+04 9.843063880852832570e-01
6.075572463099365268e+04 9.990232407668868664e-01
6.075572489105434943e+04 9.846700331550493068e-01
6.075572515111503890e+04 9.742371650312356968e-01
6.075572541117574292e+04 9.824952193700842162e-01
6.075572567123643967e+04 9.902351831185232101e-01
6.075572593129713641e+04 1.001841611963996348e+00
6.075572619135784043e+04 9.939485696216635580e-01
6.075572645141852990e+04 1.028657781095382306e+00
6.075572671147922665e+04 1.002999627879614719e+00
6.075572697153993067e+04 9.880200928762384871e-01
6.075572723160062014e+04 1.030054725928780668e+00
6.075572749166131689e+04 1.030327007873510725e+00
6.075572775172202091e+04 1.014003482014773416e+00
6.075572801178271766e+04 1.007030235178492550e+00
6.075572827184341440e+04 9.765103144704448956e-01
6.075572853190411115e+04 9.786931442870417941e-01
6.075572879196480790e+04 9.703355121480375933e-01
6.075572905202550464e+04 1.027508380202745375e+00
6.075572931208620867e+04 9.845511519360269359e-01
6.075572957214690541e+04 1.029092550300247266e+00
6.075572983220759488e+04 9.673936468750993223e-01
6.075573009226829890e+04 9.927665615516232389e-01
6.075573035232899565e+04 1.027345856650966338e+00
6.075573061238968512e+04 1.005874323050727215e+00
6.075573087245038914e+04 1.020454967231262389e+00
6.075573113251108589e+04 9.944854613209358485e-01
6.075573139257178264e+04 9.770839980486605292e-01
6.075573165263248666e+04 1.009851872469373246e+00
6.075573191269317613e+04 1.032321582896840395e+00
6.075573217275387287e+04 9.641864261858215102e-01
6.075573243281457690e+04 1.007269138913278850e+00
6.075573269287527364e+04 1.035814043457967681e+00
6.075573295293597039e+04 1.023178413035589429e+00
6.075573321299666713e+04 9.963174202443866312e-01
6.075573347305736388e+04 9.907896208727141607e-01
6.075573373311806063e+04 1.009385661793274380e+00
6.075573399317875737e+04 9.810211430795314769e-01
6.075573425323946140e+04 9.972979958122729638e-01
6.075573451330015087e+04 1.018738890491279747e+00
6.075573477336085489e+04 1.019595232375002825e+00
6.075573503342155163e+04 1.009874090785021661e+00
6.075573529348224110e+04 9.835782081537201016e-01
6.075573555354294513e+04 1.006241692264741916e+00
6.075573581360364187e+04 1.015415728973459109e+00
6.075573607366434589e+04 1.005372318926689879e+00
6.075573633372504264e+04 9.886790008318236955e-01
6.075573659378573211e+04 9.667447776724135133e-01
6.075573685384643613e+04 1.028073861823366020e+00
6.075573711390713288e+04 1.012124684567797139e+00
6.075573737396782963e+04 9.989365582252397457e-01
6.075573763402853365e+04 9.984383266833809500e-01
6.075573789408922312e+04 1.027084605596617184e+00
6.075573815414991986e+04 1.012284354268865316e+00
6.075573841421062389e+04 1.012863611908518369e+00
6.075573867427131336e+04 9.953348027338361215e-01
6.075573893433201010e+04 1.010064653455213790e+00
6.075573919439271413e+04 1.028283419000406873e+00
6.075573945445341087e+04 1.007448392399448833e+00
6.075573971451411489e+04 9.730745259974238337e-01
6.075573997457480436e+04 1.013743685708253128e+00
6.075574023463550111e+04 9.870220704774609333e-01
6.075574049469620513e+04 1.010690271752661795e+00
6.075574075475690188e+04 9.985959322034865249e-01
6.075574101481759863e+04 9.992367994742159532e-01
6.075574127487829537e+04 9.904273164586673284e-01
6.075574153493899212e+04 1.011011925523529031e+00
6.075574179499969614e+04 1.031844200988734306e+00
6.075574205506038561e+04 1.003747966146574910e+00
6.075574231512108236e+04 1.001930682481350754e+00
6.075574257518178638e+04 1.008860963909697039e+00
6.075574283524248312e+04 1.007928469351548673e+00
6.075574309530317987e+04 1.017630912527059062e+00
6.075574483016229351e+04 9.957062204110367354e-01
6.075574509021608537e+04 1.005934585398139847e+00
6.075574535026989179e+04 9.823325016467236992e-01
6.075574561032369093e+04 1.042982999139746791e+00
6.075574587037748279e+04 1.017284161704880674e+00
6.075574613043128193e+04 1.052074693546825923e+00
6.075574639048507379e+04 1.000379938113895806e+00
6.075574665053887293e+04 9.974012871933776170e-01
6.075574691059266479e+04 9.766792743882550809e-01
6.075574717064645665e+04 1.029151838818919806e+00
6.075574743070025579e+04 1.025771536683015128e+00
6.075574769075404765e+04 1.014257512396797623e+00
6.075574795080784679e+04 9.839871312725725350e-01
6.075574821086163865e+04 9.717705141569658034e-01
6.075574847091544507e+04 9.927017088460615701e-01
6.075574873096924421e+04 9.912621127672461840e-01
6.075574899102303607e+04 9.967127164961334662e-01
6.075574925107683521e+04 1.023695840684229141e+00
6.075574951113062707e+04 9.951889150527858385e-01
6.075574977118442621e+04 9.753348768219255449e-01
6.075575003123821807e+04 1.021032073193641088e+00
6.075575029129201721e+04 1.000099490128822044e+00
6.075575055134580907e+04 9.721394208565120598e-01
6.075575081139960093e+04 9.985912741857515540e-01
6.075575107145340007e+04 9.869822383364569296e-01
6.075575133150719921e+04 9.981374539818970160e-01
6.075575159156100563e+04 1.000396511682504874e+00
6.075575185161479749e+04 1.003183864730951003e+00
6.075575211166859663e+04 9.924247377670458725e-01
6.075575237172238849e+04 1.021394598731938164e+00
6.075575263177618035e+04 9.733767501418107981e-01
6.075575289182997949e+04 9.784294146198194708e-01
6.075575315188377135e+04 1.003081391618546592e+00
6.075575341193757049e+04 1.019267548159623393e+00
6.075575367199136235e+04 1.028055422888825232e+00
6.075575393204516149e+04 1.018842215097987003e+00
6.075575419209895335e+04 1.004685279106934281e+00
6.075575445215275249e+04 9.872408218776184130e-01
6.075575471220655891e+04 9.915579477683789111e-01
6.075575497226035077e+04 1.012448898365795324e+00
6.075575523231414991e+04 1.010642560134727308e+00
6.075575549236794177e+04 1.002050600708575434e+00
6.075575575242174091e+04 9.844364563340818330e-01
6.075575601247553277e+04 1.007549818846480649e+00
6.075575627252933191e+04 9.759320023348524442e-01
6.075575653258312377e+04 1.032328727248684297e+00
6.075575679263691563e+04 9.722039844734555736e-01
6.075575705269071477e+04 9.852926588469185232e-01
6.075575731274451391e+04 1.032928983847302806e+00
6.075575757279832033e+04 1.000242755289292740e+00
6.075575783285211219e+04 1.002066724649086638e+00
6.075575809290591133e+04 1.011377077747796838e+00
6.075575835295970319e+04 1.016842285365466392e+00
6.075575861301350233e+04 1.000872113310739220e+00
6.075575887306729419e+04 1.012129018923945800e+00
6.075575913312109333e+04 9.853396705518624454e-01
6.075575939317488519e+04 9.926783447954928841e-01
6.075575965322867705e+04 9.911538294746968791e-01
6.075575991328247619e+04 1.002562241615846617e+00
6.075576017333626805e+04 9.906939974812930538e-01
6.075576043339007447e+04 1.008104274131545797e+00
6.075576069344387361e+04 9.742216492333526379e-01
6.075576095349767274e+04 1.023886563791958304e+00
6.075576121355146461e+04 9.833150579517446754e-01
6.075576147360526375e+04 1.012716440277564800e+00
6.075576173365905561e+04 1.020470285010540268e+00
6.075576199371285475e+04 1.006065520880374153e+00
6.075576225376664661e+04 1.009266399712730244e+00
6.075576251382044575e+04 9.890599433525443240e-01
6.075576277387423761e+04 1.013046201787183298e+00
6.075576303392802947e+04 9.817871690891771808e-01
6.075576329398183589e+04 9.709986194159145878e-01
6.075576355403563502e+04 1.001501499919873917e+00
6.075576381408943416e+04 1.009233822240109824e+00
6.075576407414322603e+04 9.843476482940091143e-01
6.075576433419702516e+04 9.866560772148628145e-01
6.075576459425081703e+04 1.007811384569639923e+00
6.075576485430461616e+04 9.872592769545106561e-01
6.075576511435840803e+04 9.860751387258995804e-01
6.075576537441220717e+04 9.785450135782651770e-01
6.075576563446599903e+04 1.013756470290058331e+00
6.075576589451979817e+04 1.012535533970473356e+00
6.075576615457359003e+04 1.016596616387482888e+00
6.075576641462739644e+04 1.005032251534944354e+00
6.075576667468119558e+04 1.041736568400033480e+00
6.075576693473499472e+04 9.910260979682350424e-01
6.075576719478878658e+04 1.009069465019257539e+00
6.075576745484258572e+04 1.018013027685204186e+00
6.075576771489637758e+04 1.002072902326939241e+00
6.075576797495017672e+04 9.874078858682397986e-01
6.075576823500396858e+04 1.000244987826169440e+00
6.075576849505776045e+04 9.815053768525944244e-01
6.075576875511155959e+04 1.009647481501713129e+00
6.075576901516535145e+04 9.917203667565136493e-01
6.075576927521915786e+04 1.022851990148880175e+00
6.075576953527295700e+04 9.771131793031295754e-01
6.075576979532675614e+04 9.958707461330700283e-01
6.075577005538054800e+04 1.006378256260751503e+00
6.075577031543434714e+04 9.757365295502142821e-01
6.075577057548813900e+04 1.041659504032037775e+00
6.075577083554193814e+04 9.862096117576232279e-01
6.075577109559573000e+04 9.826189880904289131e-01
6.075577135564952914e+04 9.831003057408946866e-01
6.075577161570332100e+04 1.042738939770244455e+00
6.075577187575712014e+04 9.933551940858713625e-01
6.075577213581091200e+04 9.922868262589312760e-01
6.075577239586471842e+04 1.007979788019379708e+00
6.075577265591851756e+04 9.753259061686317954e-01
6.075577291597231670e+04 9.824841510868789207e-01
6.075577317602610856e+04 1.001074043847838269e+00
