6.075585120116569306e+04 9.994433628389665092e-01
6.075585146121949219e+04 1.037403167823983230e+00
6.075585172127328406e+04 1.036809485374142525e+00
6.075585198132708319e+04 1.008889810049626412e+00
6.075585224138088233e+04 1.036107638550291199e+00
6.075585250143468147e+04 9.729189936559494711e-01
6.075585276148847333e+04 1.025817247994542214e+00
6.075585302154227247e+04 9.849155521746432163e-01
6.075585328159607161e+04 1.102071498034314700e+00
6.075585354164987803e+04 1.001185014112935479e+00
6.075585380170368444e+04 9.904182968277971399e-01
6.075585406175747630e+04 9.725110675240582481e-01
6.075585432181127544e+04 1.006795991585519356e+00
6.075585458186507458e+04 9.684815298099030967e-01
6.075585484191887372e+04 1.022436335396993412e+00
6.075585510197266558e+04 9.865710179412376934e-01
6.075585536202646472e+04 1.018270989998828480e+00
6.075585562208026386e+04 9.972997238329887049e-01
6.075585588213406299e+04 1.010143217493204570e+00
6.075585614218786213e+04 1.050200991769045133e+00
6.075585640224165400e+04 1.050072506503227476e+00
6.075585666229546041e+04 1.040910757542954590e+00
6.075585692234926682e+04 9.810377355546463507e-01
6.075585718240306596e+04 1.015943050767210032e+00
6.075585744245685783e+04 9.895221676070776740e-01
6.075585770251065696e+04 1.044473186219933458e+00
6.075585796256445610e+04 9.953141161016110239e-01
6.075585822261825524e+04 1.087652223469254942e+00
6.075585848267205438e+04 9.860953555887753685e-01
6.075585874272584624e+04 9.947416436107331394e-01
6.075585900277964538e+04 9.934423585274601010e-01
6.075585926283344452e+04 9.830805814880763105e-01
6.075585952288725093e+04 9.519288560177076031e-01
6.075585978294105735e+04 9.125400052111865001e-01
6.075586004299484921e+04 9.492117521406459035e-01
6.075586030304864835e+04 1.012549026089668347e+00
6.075586056310244749e+04 9.763515504736534067e-01
6.075586082315624662e+04 9.635429141047759938e-01
6.075586108321004576e+04 1.014785012226597116e+00
6.075586134326383763e+04 8.927291163376277483e-01
6.075586160331763676e+04 1.012084078061815662e+00
6.075586186337143590e+04 9.867195835553692618e-01
6.075586212342523504e+04 9.628785573946567755e-01
6.075586238347903418e+04 1.051108140595657492e+00
6.075586264353283332e+04 1.061238718433064498e+00
6.075586290358663973e+04 9.975010156589450006e-01
6.075586316364043887e+04 1.038520962212695631e+00
6.075586342369423801e+04 1.042700471472531421e+00
6.075586368374803715e+04 1.019077834056727028e+00
6.075586394380182901e+04 1.020526671053611611e+00
6.075586420385562815e+04 1.008469141763040477e+00
6.075586446390942729e+04 9.394930756358116364e-01
6.075586472396322642e+04 9.930183155675996742e-01
6.075586498401702556e+04 9.951408996710212618e-01
6.075586524407081743e+04 9.947555269168686376e-01
6.075586550412462384e+04 9.774997713335938920e-01
6.075586576417843025e+04 1.000815379748858147e+00
6.075586602423222939e+04 9.844942477195957053e-01
6.075586628428602853e+04 9.418941290704838654e-01
6.075586654433982039e+04 1.029770712034223434e+00
6.075586680439361953e+04 1.017447650045982144e+00
6.075586706444741867e+04 1.035689277586373302e+00
6.075586732450121781e+04 9.611865870259835853e-01
6.075586758455501695e+04 1.033927017183852604e+00
6.075586784460881609e+04 1.021715853898502280e+00
6.075586810466260795e+04 9.958784635097100990e-01
6.075586836471640709e+04 1.012447584395513855e+00
6.075586862477021350e+04 9.906465276168506806e-01
6.075586888482401991e+04 1.013033779567075188e+00
6.075586914487781905e+04 1.016596909325533593e+00
6.075586940493161092e+04 9.816456277939824560e-01
6.075586966498541005e+04 1.032195848856912956e+00
6.075586992503920919e+04 9.504806233091804835e-01
6.075587018509300833e+04 9.633584862231072687e-01
6.075587044514680747e+04 1.061414668328010347e+00
6.075587070520060661e+04 1.013106745363999917e+00
6.075587096525439847e+04 1.013707619522821846e+00
6.075587122530819761e+04 1.067439857610141596e+00
6.075587148536199675e+04 9.333179400470019704e-01
6.075587174541581044e+04 1.021824837075535841e+00
6.075587200546960958e+04 9.443278699133031973e-01
6.075587226552340871e+04 9.606759546306947728e-01
6.075587252557720058e+04 1.019182733309338174e+00
6.075587278563099972e+04 9.765070853851749444e-01
6.075587304568479885e+04 1.042083439469851269e+00
6.075587330573859799e+04 9.649330500071610084e-01
6.075587356579239713e+04 1.060366766834726526e+00
6.075587382584619627e+04 1.020823662803534093e+00
6.075587408589998813e+04 9.781042756262545712e-01
6.075587434595378727e+04 1.032954788570434213e+00
6.075587460600759368e+04 9.687955610981209276e-01
6.075587486606140010e+04 9.609021518894309555e-01
6.075587512611519924e+04 9.907070383419313009e-01
6.075587538616899838e+04 1.013681112675870022e+00
6.075587564622279751e+04 9.849946606446985387e-01
6.075587590627658938e+04 9.697933451486260292e-01
6.075587616633038851e+04 9.867715662889519068e-01
6.075587642638418765e+04 9.896527683380693663e-01
6.075587668643798679e+04 9.778804022144628183e-01
6.075587694649178593e+04 1.047524141636738237e+00
6.075587720654558507e+04 9.842958356701904110e-01
6.075587746659937693e+04 9.658114135786295407e-01
6.075587772665318334e+04 1.026523651913436863e+00
6.075587798670698976e+04 9.599066438719522365e-01
6.075587824676078890e+04 1.002277918031643233e+00
6.075587850681458804e+04 1.009160730853238208e+00
6.075587876686838717e+04 9.689757534505646364e-01
6.075587902692218631e+04 9.734004943866886306e-01
6.075587928697597818e+04 1.012829936564987099e+00
6.075587954702977731e+04 9.099242153998046145e-01
6.075588115586427011e+04 1.034979106327608811e+00
6.075588141592496686e+04 1.049859804612567338e+00
6.075588167598567088e+04 9.853176568424019122e-01
6.075588193604636763e+04 9.534016365386663860e-01
6.075588219610707165e+04 1.062719449056312548e+00
6.075588245616777567e+04 9.649750794720237668e-01
6.075588271622847242e+04 1.035683722599514134e+00
6.075588297628917644e+04 9.906560229036378562e-01
6.075588323634988046e+04 1.021748006761223015e+00
6.075588349641056993e+04 1.020713641297574359e+00
6.075588375647127395e+04 1.007434533258640963e+00
6.075588401653197798e+04 1.001592618802175760e+00
6.075588427659268200e+04 1.050543112032880089e+00
6.075588453665338602e+04 9.979625272301659855e-01
6.075588479671408277e+04 9.765308847591742669e-01
6.075588505677478679e+04 9.303192125785949562e-01
6.075588531683548354e+04 9.593874732659314342e-01
6.075588557689618756e+04 9.462531986009812268e-01
6.075588583695689158e+04 1.018053742245685456e+00
6.075588609701758833e+04 9.897231685548159019e-01
6.075588635707829235e+04 9.604409868718333243e-01
6.075588661713899637e+04 1.066093305497987087e+00
6.075588687719969312e+04 1.017700203978797235e+00
6.075588713726038986e+04 9.676834320033366188e-01
6.075588739732109389e+04 9.201585476087460469e-01
6.075588765738179791e+04 1.014954859777823293e+00
6.075588791744250193e+04 9.696333023915404414e-01
6.075588817750319868e+04 1.032546684381537849e+00
6.075588843756390270e+04 1.049015417601293798e+00
6.075588869762460672e+04 1.002830147662266747e+00
6.075588895768530347e+04 9.603665737733594332e-01
6.075588921774600749e+04 1.009464010685094726e+00
6.075588947780670424e+04 9.907662530303910087e-01
6.075588973786740826e+04 9.939849461271730302e-01
6.075588999792811228e+04 1.011055870266570622e+00
6.075589025798880903e+04 9.415802737235895448e-01
6.075589051804952032e+04 1.011325647895043867e+00
6.075589077811021707e+04 1.065478594166486381e+00
6.075589103817091382e+04 1.016759332782783520e+00
6.075589129823161784e+04 1.078820985910250441e+00
6.075589155829231458e+04 9.786824226272085037e-01
6.075589181835301861e+04 9.944731939635105267e-01
6.075589207841372263e+04 9.555964427284558971e-01
6.075589233847442665e+04 9.668532701517984496e-01
6.075589259853513067e+04 1.036845197680325237e+00
6.075589285859582742e+04 9.959657686471699023e-01
6.075589311865652417e+04 9.514163334194872812e-01
6.075589337871722819e+04 1.015112711475363305e+00
6.075589363877793221e+04 9.292234445511178276e-01
6.075589389883863623e+04 9.812509104387351355e-01
6.075589415889933298e+04 9.925155613119491793e-01
6.075589441896003700e+04 1.023573715038212706e+00
6.075589467902074102e+04 1.015173542284000696e+00
6.075589493908143777e+04 1.000567786172692042e+00
6.075589519914213452e+04 1.044785113323450254e+00
6.075589545920283854e+04 1.020323742497167174e+00
6.075589571926354256e+04 1.076670276542628590e+00
6.075589597932424658e+04 9.383487507063505983e-01
6.075589623938494333e+04 1.019742729351065913e+00
6.075589649944564735e+04 9.086292923330163696e-01
6.075589675950635137e+04 1.001303800407959965e+00
6.075589701956705539e+04 1.016368800848532095e+00
6.075589727962775942e+04 9.862943429296198161e-01
6.075589753968844889e+04 1.004842601129524393e+00
6.075589779974915291e+04 1.010615545686683658e+00
6.075589805980985693e+04 1.042270604628289909e+00
6.075589831987055368e+04 9.962579202976826753e-01
6.075589857993125770e+04 1.047488720996449629e+00
6.075589883999196172e+04 1.018955583605792414e+00
6.075589910005266574e+04 1.012468611662693752e+00
6.075589936011336977e+04 1.024747957369390949e+00
6.075589962017406651e+04 9.720707439144200546e-01
6.075589988023477054e+04 1.021276649336481102e+00
6.075590014029546728e+04 1.025344834267719163e+00
6.075590040035617130e+04 1.056896428465147419e+00
6.075590066041687533e+04 9.722671158407836245e-01
6.075590092047757207e+04 9.311896270887348726e-01
6.075590118053827609e+04 9.609184392903724614e-01
6.075590144059898012e+04 9.513372910850781405e-01
6.075590170065967686e+04 9.812830607800280269e-01
6.075590196072038816e+04 9.676835450040535136e-01
6.075590222078108491e+04 1.008312277245530630e+00
6.075590248084178893e+04 9.851088632336191253e-01
6.075590274090249295e+04 9.760306603375158430e-01
6.075590300096318242e+04 1.015108455672764531e+00
6.075590326102388644e+04 1.006568889973252556e+00
6.075590352108459047e+04 9.838266154275692177e-01
6.075590378114529449e+04 1.005907937419675546e+00
6.075590404120599851e+04 9.803052523864733692e-01
6.075590430126669526e+04 1.004967038658845180e+00
6.075590456132739928e+04 1.064498701236706868e+00
6.075590482138810330e+04 9.741867400484446327e-01
6.075590508144880732e+04 1.059369037945649739e+00
6.075590534150951135e+04 9.979881812834831001e-01
6.075590560157020809e+04 9.909075493088788100e-01
6.075590586163091211e+04 9.102700653088785510e-01
6.075590612169160886e+04 9.751281684219824664e-01
6.075590638175230561e+04 9.784500538243320333e-01
6.075590664181300963e+04 1.007086199869322796e+00
6.075590690187371365e+04 1.061598740913220595e+00
6.075590716193441767e+04 1.017907136782265409e+00
6.075590742199512169e+04 1.010627942878620900e+00
6.075590768205581844e+04 1.060496189374752651e+00
6.075590794211652246e+04 1.016920197504646461e+00
6.075590820217722649e+04 1.047494677743646685e+00
6.075590846223793051e+04 1.001537533512764089e+00
6.075590872229863453e+04 9.862265936412019096e-01
6.075590898235933128e+04 1.015157949986677410e+00
6.075590924242003530e+04 1.014985663795778148e+00
6.075590950248073932e+04 9.854320411107024835e-01
6.075591106051386305e+04 1.005488484382679237e+00
6.075591132057445793e+04 9.661758645916154187e-01
6.075591158063505281e+04 1.041562371133674558e+00
6.075591184069564770e+04 9.748735979777019001e-01
6.075591210075624258e+04 9.710906561223680011e-01
6.075591236081683746e+04 1.113763758075640986e+00
6.075591262087743235e+04 9.677638326242756772e-01
6.075591288093802723e+04 9.993642234245075917e-01
6.075591314099862211e+04 9.441443913441610603e-01
6.075591340105922427e+04 1.056708201488719467e+00
6.075591366111981915e+04 9.478649434812902452e-01
6.075591392118041404e+04 9.697566979257228326e-01
6.075591418124100892e+04 1.016286262178119015e+00
6.075591444130160380e+04 9.649519968706106177e-01
6.075591470136219868e+04 9.932192302770072034e-01
6.075591496142279357e+04 1.025850816297622980e+00
6.075591522148338845e+04 9.766711679432453774e-01
6.075591548154399061e+04 1.000815927251032411e+00
6.075591574160458549e+04 9.520341926541604494e-01
6.075591600166518037e+04 1.007823576169376123e+00
6.075591626172577526e+04 1.001244036528959658e+00
6.075591652178637742e+04 9.616168588617768354e-01
6.075591678184697230e+04 1.011090940339986588e+00
6.075591704190756718e+04 9.724635903863981801e-01
6.075591730196816206e+04 9.980767544356313747e-01
6.075591756202875695e+04 9.891055530900756398e-01
6.075591782208935183e+04 1.011601682698118676e+00
6.075591808214994671e+04 9.425977362966283524e-01
6.075591834221054160e+04 9.981720917875044341e-01
6.075591860227113648e+04 1.007116225436254675e+00
6.075591886233173136e+04 9.856698191667256914e-01
6.075591912239232624e+04 9.878870746362129474e-01
6.075591938245292840e+04 1.001093390341900369e+00
6.075591964251352329e+04 9.919267156893878390e-01
6.075591990257411817e+04 1.045501237392862270e+00
6.075592016263471305e+04 9.356840914957219590e-01
6.075592042269530793e+04 9.864820380835083169e-01
6.075592068275590282e+04 1.005047054193015432e+00
6.075592094281649770e+04 9.142980245243006454e-01
6.075592120287709986e+04 1.025841498533963225e+00
6.075592146293769474e+04 1.029537484269444692e+00
6.075592172299828962e+04 1.041997857459773691e+00
6.075592198305888451e+04 1.038436680560027359e+00
6.075592224311948667e+04 9.567172465735841458e-01
6.075592250318008155e+04 1.046675874151739905e+00
6.075592276324067643e+04 9.902781086804109956e-01
6.075592302330127131e+04 1.013324832738414560e+00
6.075592328336186620e+04 9.626412507598475221e-01
6.075592354342246108e+04 1.018382545303517794e+00
6.075592380348305596e+04 9.906700526785753302e-01
6.075592406354365812e+04 9.522834380683564692e-01
6.075592432360425300e+04 1.048831111061296451e+00
6.075592458366484789e+04 1.021895886652561369e+00
6.075592484372544277e+04 1.042571678989127282e+00
6.075592510378604493e+04 1.005410951801530617e+00
6.075592536384663981e+04 9.631083752431207623e-01
6.075592562390723469e+04 1.014394284663630907e+00
6.075592588396782958e+04 1.034484062884237110e+00
6.075592614402842446e+04 9.194539606554988920e-01
6.075592640408901934e+04 1.014768115202932419e+00
6.075592666414961423e+04 9.883200648162642210e-01
6.075592692421020911e+04 9.637323324072737396e-01
6.075592718427081127e+04 9.927832208361170307e-01
6.075592744433140615e+04 9.698705405681837810e-01
6.075592770439200103e+04 1.049615844722406655e+00
6.075592796445260319e+04 9.267312425623115413e-01
6.075592822451319807e+04 9.981255308654259917e-01
6.075592848457379296e+04 9.960323234840157136e-01
6.075592874463438784e+04 1.050350624315121717e+00
6.075592900469498272e+04 9.933580827913204292e-01
6.075592926475557761e+04 1.013889283576448586e+00
6.075592952481617249e+04 9.773011094421343303e-01
6.075592978487676737e+04 9.669944473829445997e-01
6.075593004493736953e+04 9.913411832269976021e-01
6.075593030499796441e+04 9.880967863449797717e-01
6.075593056505855930e+04 1.032759146729566258e+00
6.075593082511916145e+04 1.012081641068009574e+00
6.075593108517975634e+04 9.957760660201507852e-01
6.075593134524035122e+04 1.006777227405850406e+00
6.075593160530094610e+04 9.588370196111519750e-01
6.075593186536154099e+04 9.306754863243218434e-01
6.075593212542213587e+04 9.696080024561433142e-01
6.075593238548273075e+04 9.808461425523435917e-01
6.075593264554332563e+04 1.015040024047168199e+00
6.075593290560392779e+04 8.727722228529795068e-01
6.075593316566452268e+04 1.017110208543174910e+00
6.075593342572511756e+04 1.013709645244989854e+00
6.075593368578571244e+04 9.779340712513483469e-01
6.075593394584631460e+04 1.035079228872573642e+00
6.075593420590690948e+04 9.378383378734655995e-01
6.075593446596750437e+04 9.622970713151277611e-01
6.075593472602809925e+04 9.684917897393698905e-01
6.075593498608869413e+04 1.004411373036745436e+00
6.075593524614928901e+04 9.775409560123773378e-01
6.075593550620988390e+04 9.896015203086612200e-01
6.075593576627048606e+04 1.018508116531748442e+00
6.075593602633108094e+04 1.082796104202092380e+00
6.075593628639167582e+04 9.921381268526805464e-01
6.075593654645227070e+04 9.886042378333645964e-01
6.075593680651287286e+04 1.046885113306831983e+00
6.075593706657346775e+04 9.781459943074412022e-01
6.075593732663406263e+04 1.021391686698583046e+00
6.075593758669465751e+04 1.014968264480901050e+00
6.075593784675525239e+04 1.022170901777073482e+00
6.075593810681584728e+04 9.785076351713849485e-01
6.075593836687644216e+04 1.031140235951407025e+00
6.075593862693704432e+04 1.006099652173219949e+00
6.075593888699763920e+04 1.015804375033264595e+00
6.075593914705823408e+04 9.471201337451686797e-01
6.075593940711883624e+04 1.046130757103751030e+00
6.075594106598430517e+04 1.059141983416072241e+00
6.075594132604500919e+04 9.892770811020532573e-01
6.075594158610571321e+04 9.494015864522751258e-01
6.075594184616640996e+04 9.826908934330715883e-01
6.075594210622711398e+04 1.048382951054676493e+00
6.075594236628781800e+04 9.693156939863359911e-01
6.075594262634852203e+04 1.012725345664427179e+00
6.075594288640922605e+04 9.692954113444455233e-01
6.075594314646992279e+04 9.597969999640004746e-01
6.075594340653063409e+04 9.772973708218061217e-01
6.075594366659133811e+04 9.310314338362162268e-01
6.075594392665203486e+04 9.654186993585144316e-01
6.075594418671273888e+04 1.046793686937070644e+00
6.075594444677344291e+04 1.035506528867106590e+00
6.075594470683414693e+04 1.002905310815276563e+00
6.075594496689485095e+04 1.074724618570700452e+00
6.075594522695554770e+04 9.803659023341056988e-01
6.075594548701625172e+04 9.490296879996140689e-01
6.075594574707695574e+04 1.008466914624186694e+00
6.075594600713765976e+04 9.830757399327433310e-01
6.075594626719836378e+04 9.328910316903347155e-01
6.075594652725906053e+04 9.951778869324954258e-01
6.075594678731976455e+04 9.722591034006505817e-01
6.075594704738046858e+04 9.899179061217289188e-01
6.075594730744116532e+04 1.006908371225393450e+00
6.075594756750187662e+04 9.840421361006658207e-01
6.075594782756257337e+04 9.909445444084875598e-01
6.075594808762328466e+04 1.009680982878550237e+00
6.075594834768398869e+04 9.619566860540268438e-01
6.075594860774468543e+04 9.937681433033705991e-01
6.075594886780538945e+04 9.666203662253235462e-01
6.075594912786609348e+04 9.827253795087361743e-01
6.075594938792679750e+04 9.824180554809073262e-01
6.075594964798750152e+04 9.753772900577911686e-01
6.075594990804819827e+04 9.355563501853573216e-01
6.075595016810890229e+04 1.019290341239450726e+00
6.075595042816960631e+04 1.020182520061949427e+00
6.075595068823031033e+04 9.906328162236692769e-01
6.075595094829101436e+04 1.068548545726221377e+00
6.075595120835171110e+04 9.540468791151968109e-01
6.075595146841241512e+04 9.473849936121508941e-01
6.075595172847312642e+04 9.818149567707347147e-01
6.075595198853382317e+04 9.386388585724654288e-01
6.075595224859452719e+04 1.044584383130355398e+00
6.075595250865523121e+04 1.012191178982103423e+00
6.075595276871593524e+04 9.917879940383746984e-01
6.075595302877663926e+04 1.002763619265054196e+00
6.075595328883733600e+04 1.004149621296827943e+00
6.075595354889804003e+04 9.748805112406403461e-01
6.075595380895874405e+04 9.769381310709028821e-01
6.075595406901944807e+04 9.348487584650215787e-01
6.075595432908015209e+04 1.013330623825886345e+00
6.075595458914084884e+04 9.697908589879995489e-01
6.075595484920156014e+04 1.076671892034181344e+00
6.075595510926226416e+04 1.037751129092515878e+00
6.075595536932296091e+04 9.273587452491766081e-01
6.075595562938366493e+04 9.739058498698400790e-01
6.075595588944436895e+04 9.320151158390694857e-01
6.075595614950507297e+04 1.001736695292231083e+00
6.075595640956577699e+04 1.009960020236803757e+00
6.075595666962647374e+04 9.823490154237933814e-01
6.075595692968717776e+04 9.910254741228043951e-01
6.075595718974788178e+04 1.037678085048021837e+00
6.075595744980858581e+04 9.814486457787322538e-01
6.075595770986929710e+04 1.009727981654632512e+00
6.075595796992999385e+04 9.989292044003328375e-01
6.075595822999069787e+04 9.834952085033474845e-01
6.075595849005140190e+04 9.604385005675666331e-01
6.075595875011209864e+04 1.017917622228883712e+00
6.075595901017280994e+04 9.130561027551439279e-01
6.075595927023350669e+04 9.974900111169456851e-01
6.075595953029421071e+04 1.022201597178735044e+00
6.075595979035491473e+04 9.921717798566316304e-01
6.075596005041561148e+04 1.000747411281782684e+00
6.075596031047632277e+04 9.711942307171466116e-01
6.075596057053702680e+04 1.026017663018273129e+00
6.075596083059773082e+04 9.886458333507611718e-01
6.075596109065843484e+04 9.695824725759530915e-01
6.075596135071913159e+04 1.007876629577539651e+00
6.075596161077983561e+04 9.966539161264170721e-01
6.075596187084053963e+04 9.965081746744680613e-01
6.075596213090124365e+04 1.001303382729820335e+00
6.075596239096194768e+04 1.021922928060716051e+00
6.075596265102265170e+04 9.578653008273222413e-01
6.075596291108335572e+04 1.002900122633922919e+00
6.075596317114405974e+04 1.013566023955032369e+00
6.075596343120475649e+04 9.554813621047372196e-01
6.075596369126546051e+04 9.701659086750451522e-01
6.075596395132616453e+04 1.005758353496413404e+00
6.075596421138686856e+04 9.595242679007170983e-01
6.075596447144757258e+04 9.557599325843197935e-01
6.075596473150827660e+04 9.738285617608898326e-01
6.075596499156898062e+04 1.016396921323258873e+00
6.075596525162968464e+04 1.009443240392435159e+00
6.075596551169038867e+04 9.797164542986882552e-01
6.075596577175109269e+04 1.003661144007258255e+00
6.075596603181178943e+04 1.004647401351559832e+00
6.075596629187249346e+04 9.724080576603817416e-01
6.075596655193319748e+04 9.739675187370668841e-01
6.075596681199390150e+04 9.834096327265252624e-01
6.075596707205460552e+04 9.581839308732430505e-01
6.075596733211530955e+04 9.340391500141268510e-01
6.075596759217601357e+04 9.897395829366176789e-01
6.075596785223671759e+04 1.003346735818457791e+00
6.075596811229741434e+04 9.679742857835998970e-01
6.075596837235811836e+04 1.011769965731663889e+00
6.075596863241882238e+04 1.022063454041691966e+00
6.075596889247953368e+04 9.891530624063804567e-01
6.075596915254023770e+04 1.001010548047140958e+00
6.075596941260093445e+04 1.049603482890491879e+00
6.075597102105359954e+04 9.147607838445551698e-01
6.075597128111420170e+04 1.012440175044210244e+00
6.075597154117479658e+04 9.714398767464960116e-01
6.075597180123539147e+04 1.003386194532280395e+00
6.075597206129598635e+04 9.903800556113996345e-01
6.075597232135658123e+04 1.010999128321965701e+00
6.075597258141718339e+04 9.633314881105597971e-01
6.075597284147777827e+04 9.478188250604188125e-01
6.075597310153837316e+04 9.782800619716708335e-01
6.075597336159897532e+04 1.007857252180332397e+00
6.075597362165957020e+04 9.863527922089867506e-01
6.075597388172016508e+04 9.673308572118244353e-01
6.075597414178077452e+04 9.808915025804487708e-01
6.075597440184136940e+04 1.005800140861170755e+00
6.075597466190196428e+04 1.069852321263145889e+00
6.075597492196255916e+04 9.677605530048735138e-01
6.075597518202315405e+04 1.034822826942514817e+00
6.075597544208374893e+04 1.000488296539491451e+00
6.075597570214434381e+04 9.951104746936384471e-01
6.075597596220494597e+04 9.613587599871152856e-01
6.075597622226554813e+04 9.702419149932790532e-01
6.075597648232614301e+04 1.027184135425703637e+00
6.075597674238673790e+04 1.001183519897285601e+00
6.075597700244734006e+04 9.982004538077471345e-01
6.075597726250793494e+04 9.827391445483658616e-01
6.075597752256853710e+04 1.043179125640336657e+00
6.075597778262913198e+04 1.038423974198693145e+00
6.075597804268972686e+04 1.000116421487169838e+00
6.075597830275032175e+04 9.822636200611709612e-01
6.075597856281091663e+04 1.002769828092735516e+00
6.075597882287151151e+04 1.008934383168800686e+00
6.075597908293212095e+04 9.738211217451711033e-01
6.075597934299271583e+04 1.009502784006911735e+00
6.075597960305331071e+04 1.025193151830671612e+00
6.075597986311390559e+04 9.669559278951485037e-01
6.075598012317450775e+04 9.846823272351802325e-01
6.075598038323510264e+04 1.013037646077005194e+00
6.075598064329570479e+04 9.471261526939419584e-01
6.075598090335629968e+04 1.075989386345153509e+00
6.075598116341689456e+04 1.019779922026440300e+00
6.075598142347748944e+04 1.042350582030197037e+00
6.075598168353808433e+04 9.629317253430467183e-01
6.075598194359869376e+04 1.027668591560442213e+00
6.075598220365928864e+04 1.023884960940594668e+00
6.075598246371988353e+04 1.023065025873170164e+00
6.075598272378047841e+04 9.708768787786150600e-01
6.075598298384108057e+04 1.008935464031047724e+00
6.075598324390167545e+04 9.797587293760451344e-01
6.075598350396227761e+04 9.637088115265057819e-01
6.075598376402287249e+04 9.220749394692538958e-01
6.075598402408346738e+04 9.684740182673310382e-01
6.075598428414406226e+04 9.638027855355375539e-01
6.075598454420465714e+04 9.279195648634036564e-01
6.075598480426526658e+04 9.347058349337106220e-01
6.075598506432586146e+04 1.087627842126352551e+00
6.075598532438645634e+04 9.983210292541662145e-01
6.075598558444705122e+04 9.477323440659026765e-01
6.075598584450765338e+04 1.006718795851162307e+00
6.075598610456825554e+04 1.020780704196615041e+00
6.075598636462885042e+04 9.934590253256684322e-01
6.075598662468944531e+04 1.056891023714954692e+00
6.075598688475004019e+04 9.910056601371818319e-01
6.075598714481063507e+04 1.003941449387567353e+00
6.075598740487123723e+04 9.657510335950001412e-01
6.075598766493183211e+04 1.016567113310103077e+00
6.075598792499243427e+04 1.024490040988003337e+00
6.075598818505302916e+04 9.460958909510156500e-01
6.075598844511362404e+04 9.770862059951143097e-01
6.075598870517423347e+04 1.009573006778678561e+00
6.075598896523482836e+04 1.081900964906070461e+00
6.075598922529542324e+04 9.891303092829289989e-01
6.075598948535601812e+04 9.441948061478747656e-01
6.075598974541661300e+04 1.012552378003328979e+00
6.075599000547721516e+04 1.041495695840061630e+00
6.075599026553781005e+04 1.030882659329564799e+00
6.075599052559840493e+04 9.990805795450875548e-01
6.075599078565900709e+04 9.848089894035213510e-01
6.075599104571960197e+04 9.838121417300785820e-01
6.075599130578020413e+04 9.840078799436899892e-01
6.075599156584080629e+04 1.014567192641670390e+00
6.075599182590140117e+04 9.451952759058058762e-01
6.075599208596199605e+04 9.860823018230746584e-01
6.075599234602259094e+04 9.751939363066467470e-01
6.075599260608319310e+04 1.042990811497214398e+00
6.075599286614378798e+04 1.058841258615500713e+00
6.075599312620438286e+04 9.566053470583592011e-01
6.075599338626497774e+04 1.008392051502382092e+00
6.075599364632558718e+04 9.725911167664765822e-01
6.075599390638618206e+04 9.378429719668582853e-01
6.075599416644677694e+04 9.681136183106090476e-01
6.075599442650737910e+04 1.035499196232352981e+00
6.075599468656797399e+04 1.001481388502651226e+00
6.075599494662857614e+04 1.030484106501757591e+00
6.075599520668917103e+04 9.819193500581246958e-01
6.075599546674976591e+04 1.041758460161696487e+00
6.075599572681036079e+04 1.026849601873651485e+00
6.075599598687096295e+04 1.058132199817209074e+00
6.075599624693155783e+04 1.017092163291625440e+00
6.075599650699215999e+04 1.019710308957506140e+00
6.075599676705275488e+04 1.095748052696827735e+00
6.075599702711334976e+04 9.943193434085475513e-01
6.075599728717395192e+04 1.016070749519498273e+00
6.075599754723455408e+04 1.002312413937976654e+00
6.075599780729514896e+04 1.035040322576910921e+00
6.075599806735574384e+04 9.934436613554704643e-01
6.075599832741634600e+04 9.940213774302982808e-01
6.075599858747694088e+04 9.597769972359899704e-01
6.075599884753753577e+04 1.061850404122715918e+00
6.075599910759813065e+04 1.014756837466230133e+00
6.075599936765874008e+04 9.424442827515969734e-01
6.075600091310295102e+04 9.974247800861177904e-01
6.075600117316365504e+04 1.017666632532366222e+00
6.075600143322435179e+04 1.001222574003660659e+00
6.075600169328505581e+04 1.089184175424799284e+00
6.075600195334576711e+04 9.952921730932546840e-01
6.075600221340647113e+04 1.012585660604073512e+00
6.075600247346717515e+04 9.714257053057228086e-01
6.075600273352787190e+04 1.042052094032571263e+00
6.075600299358858319e+04 9.835516334196269250e-01
6.075600325364928722e+04 9.527094893888130578e-01
6.075600351370998396e+04 1.016264373518798836e+00
6.075600377377069526e+04 1.009017950426227994e+00
6.075600403383139928e+04 9.738304843147904677e-01
6.075600429389210331e+04 1.042134119653851831e+00
6.075600455395280733e+04 1.012517323204519037e+00
6.075600481401350407e+04 1.013610644632812585e+00
6.075600507407421537e+04 1.014585754725215283e+00
6.075600533413491939e+04 9.996007588540447575e-01
6.075600559419562342e+04 9.705851940565140001e-01
6.075600585425632744e+04 1.004800191264044296e+00
6.075600611431703146e+04 9.963285922406343031e-01
6.075600637437773548e+04 1.000841568258407532e+00
6.075600663443843951e+04 1.062841824396807411e+00
6.075600689449914353e+04 9.830992755880956224e-01
6.075600715455985483e+04 9.216828675746038257e-01
6.075600741462055157e+04 9.673116033764029842e-01
6.075600767468125559e+04 9.515414783710263169e-01
6.075600793474195962e+04 1.061427534452285881e+00
6.075600819480266364e+04 1.060722205664889506e+00
6.075600845486336766e+04 1.002687920991715442e+00
6.075600871492407168e+04 1.033399542546706407e+00
6.075600897498478298e+04 1.041709407776999274e+00
6.075600923504548700e+04 9.772569302231357558e-01
6.075600949510618375e+04 9.826442681166178694e-01
6.075600975516688777e+04 1.014152418971580705e+00
6.075601001522759907e+04 1.044310692039635668e+00
6.075601027528830309e+04 1.031391641785955215e+00
6.075601053534900711e+04 9.587330678636886150e-01
6.075601079540970386e+04 1.083505234323658417e+00
6.075601105547041516e+04 1.001259920328789299e+00
6.075601131553111918e+04 1.016498628159824058e+00
6.075601157559181593e+04 1.001573359783381356e+00
6.075601183565252722e+04 1.041894507057435471e+00
6.075601209571323125e+04 9.620760676165296399e-01
6.075601235577393527e+04 1.044154843687614465e+00
6.075601261583463929e+04 9.745010734039736278e-01
6.075601287589534331e+04 1.046677904504437651e+00
6.075601313595604734e+04 1.015747978802316709e+00
6.075601339601675136e+04 1.045538414052719300e+00
6.075601365607746266e+04 9.833771541833173924e-01
6.075601391613816668e+04 9.537945275022525760e-01
6.075601417619886342e+04 9.870010310559055311e-01
6.075601443625956745e+04 9.948239986153748493e-01
6.075601469632027874e+04 9.697621880139285500e-01
6.075601495638097549e+04 9.816987143818557415e-01
6.075601521644168679e+04 9.661568119209940075e-01
6.075601547650239081e+04 9.761714793856620664e-01
6.075601573656309483e+04 1.011951058236010503e+00
6.075601599662379886e+04 9.744298527282141409e-01
6.075601625668450288e+04 1.037004768709303582e+00
6.075601651674520690e+04 1.004569511707364748e+00
6.075601677680591092e+04 1.077370212859355858e+00
6.075601703686661494e+04 1.034743658256134680e+00
6.075601729692732624e+04 1.040311257881280982e+00
6.075601755698802299e+04 1.054390499679138005e+00
6.075601781704872701e+04 9.761812703128953661e-01
6.075601807710943831e+04 1.016964805495647051e+00
6.075601833717014233e+04 1.088832919219510975e+00
6.075601859723084635e+04 1.037629857500652841e+00
6.075601885729155038e+04 9.297678354862741745e-01
6.075601911735225440e+04 9.871371837614609790e-01
6.075601937741295842e+04 9.444374135906634660e-01
6.075601963747365517e+04 9.964295724229182971e-01
6.075601989753436646e+04 1.021649645774957982e+00
6.075602015759507049e+04 1.125032994126669461e+00
6.075602041765577451e+04 9.697736192348570539e-01
6.075602067771648581e+04 1.036178205482358727e+00
6.075602093777718255e+04 1.064945383420752956e+00
6.075602119783788658e+04 9.978739441989884495e-01
6.075602145789859787e+04 1.013549175602715513e+00
6.075602171795930190e+04 9.725221885742330041e-01
6.075602197802000592e+04 1.074225026839311870e+00
6.075602223808070994e+04 9.792563644020446656e-01
6.075602249814141396e+04 9.772602640583288869e-01
6.075602275820211798e+04 1.002355320660386573e+00
6.075602301826282201e+04 9.844275861481851519e-01
6.075602327832352603e+04 9.545737176484094810e-01
6.075602353838423005e+04 1.025477762237483992e+00
6.075602379844494135e+04 1.025807339520064643e+00
6.075602405850564537e+04 9.901658537034506713e-01
6.075602431856634212e+04 1.013841742891723241e+00
6.075602457862704614e+04 9.901058251350683959e-01
6.075602483868775744e+04 1.026440639322597104e+00
6.075602509874846146e+04 9.912856992018178603e-01
6.075602535880916548e+04 9.959649832081755028e-01
6.075602561886986950e+04 1.019911442474712659e+00
6.075602587893057353e+04 1.058618243087473987e+00
6.075602613899127755e+04 9.859487577280942050e-01
6.075602639905198885e+04 1.001705667434333646e+00
6.075602665911269287e+04 1.002023712112214859e+00
6.075602691917338962e+04 9.342402213426829194e-01
6.075602717923410091e+04 1.013576761271269389e+00
6.075602743929480494e+04 1.003492819187874252e+00
6.075602769935550168e+04 1.042197815779901449e+00
6.075602795941621298e+04 9.577609142610048476e-01
6.075602821947691700e+04 1.040309360799446470e+00
6.075602847953762102e+04 9.937127479962982735e-01
6.075602873959833232e+04 1.055014985287355378e+00
6.075602899965902907e+04 1.005443123252493631e+00
6.075602925971973309e+04 1.011877403683893117e+00
6.075603093119423283e+04 1.019548546854287085e+00
6.075603119125482772e+04 1.048731283469345632e+00
6.075603145131542988e+04 1.086817004187149882e+00
6.075603171137602476e+04 1.011088260540485617e+00
6.075603197143662692e+04 1.022583430211023048e+00
6.075603223149722908e+04 1.008912825481133035e+00
6.075603249155782396e+04 1.005880408611192101e+00
6.075603275161842612e+04 9.991794762302987909e-01
6.075603301167902100e+04 1.087493326022146878e+00
6.075603327173962316e+04 1.053272839454639342e+00
6.075603353180022532e+04 9.927738694356473825e-01
6.075603379186082020e+04 9.968822433722334120e-01
6.075603405192141508e+04 9.822541356612308761e-01
6.075603431198201724e+04 9.685287763078374024e-01
6.075603457204261213e+04 9.982539591257153511e-01
6.075603483210320701e+04 1.045266536348915531e+00
6.075603509216381644e+04 1.012593661394870947e+00
6.075603535222441133e+04 1.025095101301514600e+00
6.075603561228501349e+04 9.948436986746762578e-01
6.075603587234560837e+04 9.679630959761388320e-01
6.075603613240621053e+04 1.040486051782741006e+00
6.075603639246681269e+04 9.155169120102971680e-01
6.075603665252740757e+04 1.007559984549015519e+00
6.075603691258800245e+04 1.053066394383802562e+00
6.075603717264860461e+04 1.014385303001888117e+00
6.075603743270919949e+04 1.030575937447812285e+00
6.075603769276979438e+04 9.326044836477279665e-01
6.075603795283040381e+04 9.909598051246468753e-01
6.075603821289099869e+04 9.733522765069956284e-01
6.075603847295160085e+04 9.150705736008278857e-01
6.075603873301219573e+04 1.039553056001766729e+00
6.075603899307279789e+04 1.013907669078721430e+00
6.075603925313340005e+04 1.005994306886331735e+00
6.075603951319399494e+04 1.018889803169910735e+00
6.075603977325458982e+04 9.793871954618371678e-01
6.075604003331519198e+04 1.028925784805214683e+00
6.075604029337578686e+04 9.974042668448449556e-01
6.075604055343638902e+04 9.999926372939730301e-01
6.075604081349698390e+04 9.940901285210310689e-01
6.075604107355758606e+04 1.040501074560085781e+00
6.075604133361818822e+04 1.044800599755395965e+00
6.075604159367878310e+04 1.035962088197144082e+00
6.075604185373938526e+04 1.017353193233644149e+00
6.075604211379998742e+04 9.873737866438124788e-01
6.075604237386058230e+04 9.700742048819835928e-01
6.075604263392118446e+04 9.591387311363482882e-01
6.075604289398177934e+04 1.022824045896166822e+00
6.075604315404237423e+04 1.021052605480387676e+00
6.075604341410297639e+04 1.014722805568705200e+00
6.075604367416357127e+04 9.502412722241092569e-01
6.075604393422418070e+04 1.084908158402150047e+00
6.075604419428477559e+04 1.090596556949577467e+00
6.075604445434537047e+04 1.048086173100901686e+00
6.075604471440597990e+04 1.029369632554845815e+00
6.075604497446657479e+04 9.167372924990314642e-01
6.075604523452717694e+04 1.020272570485454278e+00
6.075604549458777183e+04 9.793887114193545740e-01
6.075604575464836671e+04 1.021126877047561443e+00
6.075604601470896887e+04 1.008500102825537148e+00
6.075604627476956375e+04 1.054818306672375749e+00
6.075604653483016591e+04 1.076067994565004682e+00
6.075604679489076807e+04 9.891109114006001457e-01
6.075604705495136295e+04 1.041127016950765372e+00
6.075604731501196511e+04 1.050721261115894700e+00
6.075604757507256727e+04 1.026275639025824082e+00
6.075604783513316943e+04 9.944291621148891869e-01
6.075604809519376431e+04 1.008388701991263403e+00
6.075604835525435919e+04 1.029188747518411606e+00
6.075604861531496135e+04 1.018848860757971986e+00
6.075604887537555624e+04 1.034531584792550474e+00
6.075604913543615839e+04 1.017838753884985126e+00
6.075604939549675328e+04 9.519421121746752812e-01
6.075604965555735544e+04 1.005816017954952679e+00
6.075604991561795759e+04 1.040306854210695242e+00
6.075605017567855248e+04 1.022699574045827342e+00
6.075605043573915464e+04 1.004727032823594213e+00
6.075605069579975680e+04 1.018607649574835516e+00
6.075605095586035168e+04 9.868174138667008544e-01
6.075605121592095384e+04 1.042530608576196061e+00
6.075605147598154872e+04 9.935226911751323664e-01
6.075605173604215088e+04 9.923466303782171316e-01
6.075605199610274576e+04 9.921569359159615464e-01
6.075605225616334792e+04 9.516683863043721159e-01
6.075605251622395008e+04 9.362031420980361229e-01
6.075605277628454496e+04 1.051685234885632925e+00
6.075605303634514712e+04 9.848407149327631505e-01
6.075605329640574200e+04 1.025730235507164467e+00
6.075605355646635144e+04 1.017124287864247023e+00
6.075605381652694632e+04 1.000007832745175129e+00
6.075605407658754848e+04 9.607337101098533116e-01
6.075605433664814336e+04 9.946185306753043687e-01
6.075605459670873825e+04 1.046724771929080200e+00
6.075605485676934040e+04 1.032280448609923740e+00
6.075605511682993529e+04 9.566088123106616381e-01
6.075605537689054472e+04 9.982285444567239319e-01
6.075605563695113960e+04 9.686635299826175105e-01
6.075605589701174176e+04 1.045854185796476710e+00
6.075605615707233665e+04 1.010019660383066453e+00
6.075605641713293880e+04 9.623178959378737574e-01
6.075605667719354096e+04 1.006404817058555556e+00
6.075605693725413585e+04 9.820988990105379290e-01
6.075605719731473800e+04 9.904899465745415910e-01
6.075605745737533289e+04 9.472136416357368471e-01
6.075605771743593505e+04 1.074892796983506704e+00
6.075605797749652993e+04 1.008838913203023768e+00
6.075605823755713209e+04 1.013857895490467786e+00
6.075605849761773425e+04 1.052083284867145307e+00
6.075605875767832913e+04 9.918984770458814104e-01
6.075605901773893129e+04 9.520001407851036435e-01
6.075605927779953345e+04 9.783377633840245613e-01
6.075606082322710427e+04 1.023880531071184707e+00
6.075606108328780829e+04 9.783095078727952476e-01
6.075606134334851231e+04 9.574498677947848035e-01
6.075606160340922361e+04 9.851826680138786596e-01
6.075606186346992035e+04 1.035438047225739400e+00
6.075606212353063165e+04 9.840009771040770792e-01
6.075606238359133567e+04 9.993181501216381601e-01
6.075606264365204697e+04 9.662020649158671315e-01
6.075606290371275099e+04 9.673634083611166723e-01
6.075606316377345502e+04 1.005489862699310066e+00
6.075606342383415904e+04 1.055649693874862072e+00
6.075606368389486306e+04 1.016524714835755017e+00
6.075606394395557436e+04 1.011325420636164152e+00
6.075606420401627838e+04 1.033890392198334007e+00
6.075606446407698240e+04 9.865411732876649964e-01
6.075606472413768643e+04 9.809555936562607270e-01
6.075606498419839772e+04 1.027247061381602933e+00
6.075606524425910175e+04 9.437634270389302360e-01
6.075606550431981304e+04 1.008303242435484304e+00
6.075606576438050979e+04 9.556052280758334794e-01
6.075606602444122109e+04 9.656942240783729092e-01
6.075606628450192511e+04 9.730261357503569020e-01
6.075606654456262913e+04 1.019747823596873104e+00
6.075606680462333316e+04 9.942035365476333819e-01
6.075606706468404445e+04 1.024903307382433404e+00
6.075606732474474848e+04 9.755329144123936480e-01
6.075606758480545250e+04 9.530765672471619432e-01
6.075606784486615652e+04 9.769442640354275564e-01
6.075606810492686054e+04 1.039439509112788373e+00
6.075606836498757184e+04 1.033720486650736348e+00
6.075606862504827586e+04 1.071857633583812142e+00
6.075606888510898716e+04 9.887670046029816140e-01
6.075606914516968391e+04 9.923050485885169802e-01
6.075606940523039520e+04 9.848560344322261351e-01
6.075606966529109923e+04 9.439587748928902622e-01
6.075606992535180325e+04 9.983384691472023675e-01
6.075607018541250727e+04 1.006409438869411588e+00
6.075607044547321857e+04 9.813531877210746046e-01
6.075607070553392259e+04 1.054888464450743246e+00
6.075607096559463389e+04 9.737904784253166302e-01
6.075607122565533064e+04 9.936179370304301095e-01
6.075607148571604193e+04 9.698345164579389444e-01
6.075607174577674596e+04 1.022973041266840966e+00
6.075607200583745725e+04 1.058873399694589157e+00
6.075607226589816128e+04 9.885685931525964865e-01
6.075607252595886530e+04 1.010916640919493403e+00
6.075607278601956932e+04 1.011984330587478942e+00
6.075607304608028062e+04 9.884613197756459968e-01
6.075607330614097737e+04 9.441016072687820060e-01
6.075607356620169594e+04 1.002051675893143257e+00
6.075607382626239269e+04 9.436806901805422365e-01
6.075607408632310398e+04 1.013135147707185935e+00
6.075607434638380801e+04 9.652433045083186336e-01
6.075607460644451203e+04 1.000879453343960002e+00
6.075607486650521605e+04 9.536513512204741749e-01
6.075607512656592735e+04 1.018744727944317807e+00
6.075607538662663137e+04 9.248330558407298341e-01
6.075607564668734267e+04 9.770400240663491553e-01
6.075607590674803942e+04 1.015032360717133653e+00
6.075607616680875071e+04 9.768643606588466310e-01
6.075607642686945474e+04 1.033058501652867722e+00
6.075607668693016603e+04 9.658696216273340296e-01
6.075607694699087006e+04 9.253773947580486992e-01
6.075607720705157408e+04 9.577105482071951448e-01
6.075607746711227810e+04 1.026034461537462805e+00
6.075607772717298940e+04 1.070443366281232489e+00
6.075607798723368614e+04 9.699604944663713368e-01
6.075607824729439744e+04 1.005851318415783791e+00
6.075607850735510146e+04 9.920812957865748904e-01
6.075607876741581276e+04 9.722428522886740199e-01
6.075607902747651679e+04 1.007708244337410131e+00
6.075607928753722081e+04 9.545901508526706269e-01
6.075607954759792483e+04 1.058606486166257854e+00
6.075607980765863613e+04 1.002591560373219171e+00
6.075608006771934015e+04 1.047941654651753707e+00
6.075608032778005145e+04 9.339580972614660581e-01
6.075608058784074819e+04 1.024157497729188071e+00
6.075608084790145949e+04 9.581193810027696101e-01
6.075608110796216351e+04 9.853120539530744182e-01
6.075608136802286754e+04 1.049665194549957770e+00
6.075608162808357156e+04 1.036300909153394345e+00
6.075608188814428286e+04 1.011299979408106786e+00
6.075608214820498688e+04 1.050640528217425818e+00
6.075608240826569818e+04 1.016842503063923653e+00
6.075608266832639492e+04 9.349144078747978481e-01
6.075608292838710622e+04 1.012257013929979799e+00
6.075608318844781024e+04 1.012935794871116402e+00
6.075608344850852154e+04 9.321110636341950473e-01
6.075608370856922556e+04 1.004789240720716625e+00
6.075608396862992959e+04 1.024957399287975690e+00
6.075608422869064088e+04 1.002611252896147054e+00
6.075608448875134491e+04 1.020017412334198070e+00
6.075608474881204893e+04 9.625375676362969424e-01
6.075608500887276023e+04 9.563371867486933908e-01
6.075608526893346425e+04 1.057162528974694204e+00
6.075608552899416827e+04 1.078042818862160024e+00
6.075608578905487957e+04 1.024276749141919129e+00
6.075608604911557632e+04 1.049950034216827532e+00
6.075608630917628761e+04 9.746392341013406790e-01
6.075608656923699164e+04 9.998154660584392950e-01
6.075608682929770293e+04 1.019987896238193192e+00
6.075608708935840696e+04 1.027177716005118757e+00
6.075608734941911098e+04 9.726536049805355466e-01
6.075608760947981500e+04 1.007767417701332047e+00
6.075608786954052630e+04 9.903809012068590656e-01
6.075608812960123760e+04 1.020707227625793578e+00
6.075608838966194162e+04 1.026446109213171365e+00
6.075608864972264564e+04 9.877521989601947272e-01
6.075608890978334966e+04 9.692040045192861220e-01
6.075608916984406096e+04 9.588849201501881137e-01
6.075609076569380704e+04 1.036205289642458061e+00
6.075609102575441648e+04 1.002144595640823477e+00
6.075609128581501136e+04 1.024078067005162573e+00
6.075609154587561352e+04 1.023871789591663140e+00
6.075609180593621568e+04 1.060879251841072790e+00
6.075609206599681784e+04 1.059708979555950892e+00
6.075609232605741272e+04 1.001923862752198691e+00
6.075609258611801488e+04 9.770411899049685767e-01
6.075609284617860976e+04 1.011122045827530957e+00
6.075609310623921192e+04 9.752329788682712053e-01
6.075609336629981408e+04 1.034203476887123330e+00
6.075609362636040896e+04 9.669579029907909851e-01
6.075609388642101840e+04 9.536398045594071116e-01
6.075609414648161328e+04 1.036974580353733799e+00
6.075609440654221544e+04 1.000805248336006592e+00
6.075609466660281760e+04 1.008363404381771744e+00
6.075609492666341976e+04 1.059251658272525543e+00
6.075609518672402191e+04 1.011261906632993535e+00
6.075609544678461680e+04 1.074784632208435786e+00
6.075609570684521896e+04 1.038950606023399947e+00
6.075609596690581384e+04 9.791390336596018651e-01
6.075609622696641600e+04 1.021760561980143756e+00
6.075609648702701088e+04 1.037638655138699351e+00
6.075609674708762032e+04 9.525452127334737007e-01
6.075609700714822247e+04 1.012062738442941701e+00
6.075609726720881736e+04 9.885335234176467756e-01
6.075609752726942679e+04 9.630754414055290313e-01
6.075609778733002167e+04 9.540892934376667966e-01
6.075609804739062383e+04 9.573838101052853933e-01
6.075609830745121872e+04 9.644685233731410401e-01
6.075609856751182087e+04 1.007806295610699010e+00
6.075609882757242303e+04 9.350804676591236708e-01
6.075609908763301792e+04 9.395023799834304468e-01
6.075609934769362008e+04 1.014222348237448390e+00
6.075609960775422223e+04 9.403169229867655021e-01
6.075609986781482439e+04 1.018626624630899924e+00
6.075610012787541928e+04 9.899205574592395696e-01
6.075610038793602143e+04 1.039834063810435527e+00
6.075610064799663087e+04 1.009833138198602986e+00
6.075610090805722575e+04 1.023031461470050862e+00
6.075610116811782791e+04 9.028161453463544595e-01
6.075610142817842279e+04 9.919880948054068392e-01
6.075610168823902495e+04 9.877137149798830285e-01
6.075610194829962711e+04 1.042738516090693235e+00
6.075610220836022199e+04 1.010529574467134095e+00
6.075610246842083143e+04 9.980678954906804234e-01
6.075610272848142631e+04 9.978700679202137103e-01
6.075610298854202847e+04 1.025290063971479038e+00
6.075610324860263063e+04 1.017894420197549277e+00
6.075610350866323279e+04 1.002947261187772776e+00
6.075610376872383495e+04 9.929538393830400489e-01
6.075610402878442983e+04 1.025198307142895615e+00
6.075610428884503199e+04 1.001669796110360000e+00
6.075610454890563415e+04 9.629820207826695899e-01
6.075610480896622903e+04 9.677762616626264247e-01
6.075610506902683119e+04 9.981269583466486628e-01
6.075610532908743335e+04 9.413347162696268366e-01
6.075610558914803551e+04 1.038969491756060570e+00
6.075610584920863766e+04 1.058858919113507380e+00
6.075610610926923255e+04 9.427344731634962338e-01
6.075610636932984198e+04 9.563786561344128634e-01
6.075610662939043686e+04 9.910940384560652516e-01
6.075610688945103902e+04 1.039160002094554835e+00
6.075610714951164118e+04 9.821782103036353906e-01
6.075610740957223607e+04 9.567099995371450838e-01
6.075610766963283822e+04 9.971833785437408393e-01
6.075610792969343311e+04 1.168351860538092257e+00
6.075610818975403527e+04 1.002452656382193164e+00
6.075610844981464470e+04 1.028608859414146703e+00
6.075610870987523958e+04 9.694796042975843964e-01
6.075610896993584174e+04 9.557981744199539609e-01
6.075610922999644390e+04 1.047165660706989465e+00
6.075610949005704606e+04 9.426417432660810780e-01
6.075610975011764822e+04 1.055316771571560786e+00
6.075611001017824310e+04 9.775721300224214927e-01
6.075611027023884526e+04 1.001609772636274265e+00
6.075611053029944742e+04 9.701254869727045094e-01
6.075611079036004230e+04 1.042357357040030630e+00
6.075611105042064446e+04 1.015702022113704084e+00
6.075611131048124662e+04 1.032747448304156990e+00
6.075611157054184878e+04 1.004285436006611798e+00
6.075611183060245094e+04 9.628641266412991673e-01
6.075611209066305310e+04 9.818335858551141548e-01
6.075611235072365525e+04 9.872542391366622150e-01
6.075611261078425741e+04 1.083310632058618106e+00
6.075611287084485230e+04 1.020708666440136358e+00
6.075611313090545445e+04 9.801643890284673644e-01
6.075611339096604934e+04 1.001021527331091843e+00
6.075611365102665150e+04 9.834278668270937107e-01
6.075611391108725365e+04 9.379799815227994886e-01
6.075611417114785581e+04 1.072636812444403454e+00
6.075611443120845797e+04 1.021942038662205787e+00
6.075611469126906013e+04 1.023331989974748613e+00
6.075611495132966229e+04 1.013824750253436546e+00
6.075611521139026445e+04 9.848916459074682495e-01
6.075611547145085933e+04 1.038941744844759763e+00
6.075611573151146149e+04 1.006195973439568458e+00
6.075611599157206365e+04 1.001822490583392344e+00
6.075611625163265853e+04 9.842409608608780891e-01
6.075611651169326069e+04 9.876885705340164856e-01
6.075611677175386285e+04 1.025689420209863645e+00
6.075611703181446501e+04 9.842165008165243423e-01
6.075611729187506717e+04 9.979865047866997019e-01
6.075611755193566933e+04 1.040060639458647129e+00
6.075611781199626421e+04 9.621662224618865444e-01
6.075611807205687364e+04 9.746470281503760713e-01
6.075611833211747580e+04 9.863249076915522329e-01
6.075611859217807068e+04 9.348790569804206196e-01
6.075611885223867284e+04 1.020325642125409660e+00
6.075611911229926773e+04 9.972594543204009732e-01
6.075612077117233275e+04 9.996431677090014123e-01
6.075612103123303677e+04 9.919588224390402109e-01
6.075612129129374080e+04 9.658337521840416606e-01
6.075612155135445209e+04 9.883826136295038589e-01
6.075612181141516339e+04 1.040328892669989846e+00
6.075612207147586741e+04 1.008308647129443347e+00
6.075612233153657144e+04 9.912237511902247666e-01
6.075612259159728274e+04 1.041843958995561481e+00
6.075612285165798676e+04 1.032118003092613590e+00
6.075612311171869806e+04 9.451642442651405629e-01
6.075612337177940935e+04 1.040579279090680043e+00
6.075612363184010610e+04 9.652297808940559776e-01
6.075612389190081740e+04 1.039057929467372077e+00
6.075612415196152870e+04 1.126384959746209891e+00
6.075612441202222544e+04 9.593048238494653601e-01
6.075612467208293674e+04 1.040747684624354630e+00
6.075612493214364804e+04 9.531340964814767336e-01
6.075612519220435206e+04 9.864042796885750253e-01
6.075612545226506336e+04 9.954620496980977062e-01
6.075612571232576738e+04 9.784479293695667046e-01
6.075612597238647140e+04 9.431270536784182035e-01
6.075612623244718270e+04 9.779304870564649033e-01
6.075612649250789400e+04 9.955826921845585264e-01
6.075612675256859802e+04 1.058774340622184784e+00
6.075612701262930204e+04 1.012689061918303324e+00
6.075612727269001334e+04 1.016080332983717360e+00
6.075612753275071736e+04 9.824449668047550155e-01
6.075612779281142139e+04 9.735158493884571440e-01
6.075612805287213268e+04 1.009196853295105445e+00
6.075612831293283671e+04 9.980997234992859957e-01
6.075612857299354800e+04 1.006775353298826836e+00
6.075612883305425930e+04 1.014877323874508797e+00
6.075612909311495605e+04 9.888707219072407906e-01
6.075612935317566735e+04 9.681839942528279730e-01
6.075612961323637865e+04 1.019638499973408940e+00
6.075612987329708267e+04 9.297749146382195962e-01
6.075613013335779397e+04 9.499500026361350491e-01
6.075613039341849799e+04 9.396259676367847424e-01
6.075613065347920201e+04 1.048269951289131585e+00
6.075613091353991331e+04 9.372859770634531795e-01
6.075613117360061733e+04 1.008125742577302697e+00
6.075613143366133590e+04 9.936802326991059919e-01
6.075613169372203265e+04 1.017502801419259528e+00
6.075613195378274395e+04 1.015668293541856837e+00
6.075613221384345525e+04 1.008967124853096475e+00
6.075613247390415199e+04 9.975349358540018807e-01
6.075613273396486329e+04 9.628664101053944213e-01
6.075613299402557459e+04 1.030490329161222407e+00
6.075613325408627861e+04 9.893063854773307408e-01
6.075613351414698991e+04 1.030106796927976687e+00
6.075613377420769393e+04 1.039573108802228418e+00
6.075613403426840523e+04 1.002577759099222643e+00
6.075613429432910925e+04 1.037333309704292494e+00
6.075613455438982055e+04 1.096526120955866990e+00
6.075613481445053185e+04 9.470373203064600398e-01
6.075613507451122859e+04 9.946104104340242058e-01
6.075613533457193989e+04 1.000341151725007816e+00
6.075613559463265119e+04 9.377456597881859146e-01
6.075613585469334794e+04 9.877724049140306217e-01
6.075613611475405924e+04 1.021986318313249598e+00
6.075613637481477053e+04 9.801785512178815551e-01
6.075613663487548183e+04 1.001878327247608613e+00
6.075613689493618585e+04 1.014564466333274462e+00
6.075613715499688988e+04 1.033388304645675992e+00
6.075613741505760117e+04 1.017915355081250972e+00
6.075613767511830520e+04 1.019933994083367823e+00
6.075613793517901649e+04 9.699999304744729711e-01
6.075613819523972779e+04 1.043868445559291036e+00
6.075613845530043181e+04 9.544589599648989342e-01
6.075613871536113584e+04 9.915657528863821568e-01
6.075613897542184714e+04 1.015145500355072006e+00
6.075613923548255116e+04 9.957923012265592622e-01
6.075613949554325518e+04 9.738068716071908160e-01
6.075613975560396648e+04 9.972721105584401169e-01
6.075614001566467778e+04 1.044946767269450794e+00
6.075614027572538907e+04 9.821596740979092743e-01
6.075614053578608582e+04 9.910847342909742119e-01
6.075614079584679712e+04 1.019437322567137594e+00
6.075614105590750842e+04 9.984973268237086197e-01
6.075614131596821244e+04 1.005804086468751413e+00
6.075614157602892374e+04 1.034426355620128524e+00
6.075614183608962776e+04 9.794522147065019002e-01
6.075614209615033906e+04 9.402473309518649680e-01
6.075614235621104308e+04 1.019743967300982712e+00
6.075614261627174710e+04 1.026461270714412954e+00
6.075614287633246568e+04 1.021880891539553415e+00
6.075614313639316970e+04 9.552571519218656659e-01
6.075614339645387372e+04 9.221455899541058931e-01
6.075614365651458502e+04 9.954471161017542924e-01
6.075614391657528904e+04 9.810316363925859484e-01
6.075614417663600034e+04 9.638679691247195036e-01
6.075614443669670436e+04 1.064823263974329359e+00
6.075614469675741566e+04 1.012650966516727591e+00
6.075614495681812696e+04 9.712195276713039283e-01
6.075614521687882370e+04 9.958749831729871715e-01
6.075614547693953500e+04 9.811552591648924349e-01
6.075614573700024630e+04 1.010336498545152395e+00
6.075614599706095760e+04 9.158113736785880032e-01
6.075614625712166162e+04 9.557014148260011277e-01
6.075614651718236564e+04 9.417702494320067119e-01
6.075614677724307694e+04 9.931491893236435997e-01
6.075614703730378824e+04 1.038438930288761108e+00
6.075614729736448498e+04 1.020685684609587529e+00
6.075614755742519628e+04 1.006355089573070405e+00
6.075614781748590758e+04 1.030012803864776894e+00
6.075614807754661888e+04 1.019866488254585590e+00
6.075614833760732290e+04 9.553795915114602355e-01
6.075614859766802692e+04 1.045280228911468212e+00
6.075614885772873822e+04 9.878291829904952692e-01
6.075614911778944952e+04 9.393949545684397995e-01
