6.075547523418369383e+04 1.024275071143913696e+00
6.075547549424438330e+04 9.795278751916700610e-01
6.075547575430508005e+04 1.017715443222939609e+00
6.075547601436576224e+04 1.009273998542280726e+00
6.075547627442645899e+04 1.086097342499831031e+00
6.075547653448714846e+04 1.014732156176141764e+00
6.075547679454784520e+04 1.013363931966775766e+00
6.075547705460853467e+04 1.014015922393180391e+00
6.075547731466922414e+04 9.907518920139962715e-01
6.075547757472991361e+04 9.890265853535797902e-01
6.075547783479061036e+04 1.004119782130888261e+00
6.075547809485129255e+04 9.301398366510235105e-01
6.075547835491198930e+04 1.019063327988956269e+00
6.075547861497267877e+04 1.033943151294193230e+00
6.075547887503337552e+04 1.068628628632720678e+00
6.075547913509406499e+04 9.969532643689980045e-01
6.075547939515475446e+04 9.647006178834919288e-01
6.075547965521544393e+04 1.045504086843984659e+00
6.075547991527614067e+04 1.061744252169605218e+00
6.075548017533683014e+04 1.023973047008545523e+00
6.075548043539752689e+04 1.000732590438063507e+00
6.075548069545820908e+04 1.008058209987254816e+00
6.075548095551890583e+04 1.061614526145542525e+00
6.075548121557959530e+04 9.245945131292058194e-01
6.075548147564028477e+04 1.049216950429450845e+00
6.075548173570098152e+04 9.790560751716063104e-01
6.075548199576167099e+04 9.939962683492461482e-01
6.075548225582236773e+04 9.857479977849962216e-01
6.075548251588305720e+04 1.013479412321379280e+00
6.075548277594374667e+04 1.030581236493953723e+00
6.075548303600443614e+04 1.025007185966715806e+00
6.075548329606513289e+04 1.043342310068683831e+00
6.075548355612582236e+04 1.039456269134184430e+00
6.075548381618651911e+04 1.001182074323073934e+00
6.075548407624720130e+04 9.712039307045956527e-01
6.075548433630789805e+04 9.124229463918648309e-01
6.075548459636858752e+04 9.078381576051606228e-01
6.075548485642928426e+04 9.871544659486110040e-01
6.075548511648997373e+04 9.942608749797877676e-01
6.075548537655066320e+04 1.042510496104501527e+00
6.075548563661135267e+04 9.814917151155329034e-01
6.075548589667204942e+04 1.033264741522291530e+00
6.075548615673273162e+04 1.015230883636365711e+00
6.075548641679342836e+04 9.755861850869100849e-01
6.075548667685411783e+04 9.842057772238356206e-01
6.075548693691481458e+04 1.054935564975334472e+00
6.075548719697551132e+04 9.890700905931082421e-01
6.075548745703619352e+04 9.554132029128602488e-01
6.075548771709689026e+04 9.685164809692579091e-01
6.075548797715757973e+04 1.017788135286527229e+00
6.075548823721827648e+04 1.021609890616813843e+00
6.075548849727896595e+04 9.743379571249046744e-01
6.075548875733965542e+04 9.422998429680357058e-01
6.075548901740034489e+04 9.898840570891422885e-01
6.075548927746104164e+04 9.661053987252284925e-01
6.075548953752172383e+04 9.923059860747948102e-01
6.075548979758242058e+04 1.085986722804286986e+00
6.075549005764311732e+04 1.018370577656305231e+00
6.075549031770380680e+04 1.049322959716887160e+00
6.075549057776450354e+04 9.153498310931916793e-01
6.075549083782518574e+04 9.467152334096725630e-01
6.075549109788588248e+04 9.812860229520892208e-01
6.075549135794657195e+04 9.755861180479413752e-01
6.075549161800726870e+04 1.045879790503132956e+00
6.075549187806795817e+04 1.021964014248978758e+00
6.075549213812864764e+04 1.043524997830902912e+00
6.075549239818933711e+04 1.037759557218658424e+00
6.075549265825003386e+04 1.008774867194149882e+00
6.075549291831072333e+04 1.033134000116595619e+00
6.075549317837142007e+04 9.426271156350410907e-01
6.075549343843210954e+04 9.477255227010261684e-01
6.075549369849279901e+04 1.038900228722785313e+00
6.075549395855349576e+04 1.020335549208335912e+00
6.075549421861417795e+04 1.037188474476418376e+00
6.075549447867487470e+04 1.023684697772791585e+00
6.075549473873556417e+04 9.724079639120283280e-01
6.075549499879626092e+04 9.784173968485210260e-01
6.075549525885695766e+04 1.074988401913474778e+00
6.075549551891763986e+04 9.968263033176371080e-01
6.075549577897833660e+04 9.720437060950049002e-01
6.075549603903902607e+04 1.042835078121880032e+00
6.075549629909972282e+04 1.039958542501287608e+00
6.075549655916041229e+04 9.797124591534943638e-01
6.075549681922110176e+04 1.065897783546004396e+00
6.075549707928179851e+04 1.036127490426769882e+00
6.075549733934248798e+04 1.056762132429074352e+00
6.075549759940317745e+04 9.394893493237731485e-01
6.075549785946386692e+04 1.038451475935153523e+00
6.075549811952456366e+04 1.006968601547862496e+00
6.075549837958525313e+04 9.937647530964001108e-01
6.075549863964594988e+04 1.031214319220562947e+00
6.075549889970663935e+04 9.609141785819765857e-01
6.075549915976732882e+04 1.026115609638547976e+00
6.075549941982802557e+04 1.034753387569214311e+00
6.075549967988871504e+04 1.027379253243386747e+00
6.075549993994941178e+04 1.052213337700385942e+00
6.075550020001009398e+04 9.872405397529080417e-01
6.075550046007079072e+04 9.584931883410460207e-01
6.075550072013148747e+04 1.009736304517234506e+00
6.075550098019216966e+04 9.425157563274827455e-01
6.075550124025286641e+04 9.923662180251845433e-01
6.075550150031355588e+04 1.015740058250713673e+00
6.075550176037425263e+04 9.895010033555797779e-01
6.075550202043494210e+04 1.068132508782071888e+00
6.075550228049563157e+04 9.150662200699777316e-01
6.075550254055632831e+04 1.025368204822195040e+00
6.075550280061701778e+04 9.390349368347107317e-01
6.075550306067771453e+04 9.343699484700753732e-01
6.075550332073840400e+04 1.027610047381737557e+00
6.075550358079909347e+04 9.660780047897933320e-01
6.075550513883041276e+04 9.975910233170773855e-01
6.075550539889110951e+04 1.079994494884092937e+00
6.075550565895179898e+04 1.000339448001452691e+00
6.075550591901248845e+04 1.007904977725450735e+00
6.075550617907318519e+04 9.922384117098728140e-01
6.075550643913387466e+04 9.995995884249372354e-01
6.075550669919457141e+04 1.068911478461374687e+00
6.075550695925526088e+04 9.665648705272693597e-01
6.075550721931595035e+04 1.008201115886388388e+00
6.075550747937664710e+04 9.856358300523007099e-01
6.075550773943733657e+04 1.021733895450804841e+00
6.075550799949803331e+04 1.016419798913556161e+00
6.075550825955872278e+04 9.591212648862976753e-01
6.075550851961941225e+04 9.917291002157597735e-01
6.075550877968010900e+04 1.011582460255001203e+00
6.075550903974079847e+04 1.002697068571861916e+00
6.075550929980148794e+04 1.002638396757628891e+00
6.075550955986217741e+04 9.978829650081266767e-01
6.075550981992287416e+04 9.640003969877972700e-01
6.075551007998357090e+04 9.769635128880411745e-01
6.075551034004426037e+04 9.878547402108482922e-01
6.075551060010494984e+04 1.068143428022011676e+00
6.075551086016564659e+04 9.592540183578829316e-01
6.075551112022633606e+04 1.001189806453415487e+00
6.075551138028703281e+04 9.518023613602040189e-01
6.075551164034772228e+04 1.024203883761112266e+00
6.075551190040841175e+04 9.847018985552558057e-01
6.075551216046910849e+04 9.328296769578771075e-01
6.075551242052979796e+04 1.048144983936895702e+00
6.075551268059049471e+04 1.000917115543221048e+00
6.075551294065118418e+04 1.033769579264102401e+00
6.075551320071187365e+04 1.019433336600417794e+00
6.075551346077257040e+04 1.037078541561485601e+00
6.075551372083325987e+04 1.057152981304656514e+00
6.075551398089394934e+04 1.007197141336800383e+00
6.075551424095464608e+04 1.009243785305255603e+00
6.075551450101533555e+04 9.996357047097172988e-01
6.075551476107603230e+04 1.016256611361411766e+00
6.075551502113672177e+04 9.519983119546734374e-01
6.075551528119741124e+04 9.648986368319865115e-01
6.075551554125810799e+04 1.026756167024916344e+00
6.075551580131879746e+04 9.473794885409528854e-01
6.075551606137949420e+04 9.860188652774783957e-01
6.075551632144019095e+04 9.718334589806617574e-01
6.075551658150087314e+04 9.997191993321392633e-01
6.075551684156156989e+04 1.026141970483236632e+00
6.075551710162226664e+04 9.577668486275753290e-01
6.075551736168294883e+04 9.674873994389643350e-01
6.075551762174364558e+04 9.828302649405333824e-01
6.075551788180433505e+04 1.024408718877343194e+00
6.075551814186503179e+04 9.861916452357986085e-01
6.075551840192572854e+04 1.008298127100511143e+00
6.075551866198641073e+04 1.030185556661079138e+00
6.075551892204710748e+04 9.593932512180456396e-01
6.075551918210780423e+04 9.186422727364926821e-01
6.075551944216849370e+04 1.023855533131973194e+00
6.075551970222919044e+04 9.697295986515745980e-01
6.075551996228987991e+04 9.980453380709088940e-01
6.075552022235056938e+04 9.948242501593262954e-01
6.075552048241126613e+04 1.025148822231836565e+00
6.075552074247194832e+04 1.073463929451373033e+00
6.075552100253265235e+04 1.029108675917573379e+00
6.075552126259334182e+04 1.025580223526413315e+00
6.075552152265403129e+04 9.868514607683981366e-01
6.075552178271472803e+04 9.640950339316657347e-01
6.075552204277541750e+04 1.033319790826281226e+00
6.075552230283610697e+04 1.039530611110737413e+00
6.075552256289680372e+04 1.007520817537099989e+00
6.075552282295750047e+04 1.021893564058121484e+00
6.075552308301818994e+04 9.992798665206363840e-01
6.075552334307887941e+04 9.849546975865401954e-01
6.075552360313957615e+04 9.913966562980894848e-01
6.075552386320026562e+04 1.019143662102422132e+00
6.075552412326096237e+04 9.217315683113082025e-01
6.075552438332165912e+04 8.968420586317580323e-01
6.075552464338234131e+04 1.029768875714025089e+00
6.075552490344303806e+04 1.037529892799025966e+00
6.075552516350373480e+04 1.052738417241226632e+00
6.075552542356441700e+04 1.010076388169338868e+00
6.075552568362511374e+04 1.031735516048852830e+00
6.075552594368581049e+04 1.040235404691532084e+00
6.075552620374649996e+04 9.578035847729284846e-01
6.075552646380719671e+04 1.020169711997751527e+00
6.075552672386788618e+04 9.814326903331570540e-01
6.075552698392857565e+04 9.833125194425863524e-01
6.075552724398927239e+04 9.594870760707120416e-01
6.075552750404996914e+04 1.018469716933964930e+00
6.075552776411065861e+04 9.866244345227042079e-01
6.075552802417134808e+04 9.693253919473306945e-01
6.075552828423204483e+04 9.992715356335437615e-01
6.075552854429273430e+04 9.875681103544159400e-01
6.075552880435342377e+04 9.386764811533129249e-01
6.075552906441412051e+04 9.531647669544346391e-01
6.075552932447480998e+04 9.554998437940021017e-01
6.075552958453550673e+04 9.323521337289523148e-01
6.075552984459620347e+04 1.045757756261950444e+00
6.075553010465688567e+04 9.803213044896560424e-01
6.075553036471758242e+04 9.522705218344691414e-01
6.075553062477827916e+04 9.800582573116567442e-01
6.075553088483896863e+04 8.978732184321517318e-01
6.075553114489966538e+04 9.467950681486131392e-01
6.075553140496035485e+04 9.819240680210180594e-01
6.075553166502104432e+04 1.006127661997814782e+00
6.075553192508174106e+04 9.834663271771577620e-01
6.075553218514243054e+04 1.013737293068956991e+00
6.075553244520312728e+04 9.959312834455437136e-01
6.075553270526381675e+04 9.645865945616612924e-01
6.075553296532451350e+04 9.335303803124851418e-01
6.075553322538520297e+04 1.006959254012544269e+00
6.075553348544589244e+04 1.040824524883618540e+00
6.075553503087646095e+04 9.246268232559587963e-01
6.075553529093715770e+04 1.029285757048461036e+00
6.075553555099784717e+04 9.215672944961216251e-01
6.075553581105853664e+04 9.387768320743750117e-01
6.075553607111923338e+04 9.557447198695249169e-01
6.075553633117992285e+04 9.921100406047881348e-01
6.075553659124061960e+04 9.536197392196232858e-01
6.075553685130131635e+04 9.612151591137810813e-01
6.075553711136199854e+04 1.028133442974241918e+00
6.075553737142269529e+04 9.805821675208982180e-01
6.075553763148339203e+04 1.021265806325019287e+00
6.075553789154408878e+04 9.743760946741863993e-01
6.075553815160477825e+04 9.641803127119272787e-01
6.075553841166546772e+04 1.009484934433701353e+00
6.075553867172616447e+04 1.021279846355811483e+00
6.075553893178685394e+04 9.902544524836565110e-01
6.075553919184754341e+04 1.005476362213557628e+00
6.075553945190824015e+04 9.388185392606424040e-01
6.075553971196892962e+04 1.022799068227256081e+00
6.075553997202962637e+04 1.029355152036117271e+00
6.075554023209032312e+04 1.012387206456343725e+00
6.075554049215101259e+04 9.670191735378971254e-01
6.075554075221170206e+04 1.030783889331186032e+00
6.075554101227239880e+04 1.008585103046763409e+00
6.075554127233309555e+04 1.012406444918229731e+00
6.075554153239378502e+04 9.633224397314933407e-01
6.075554179245447449e+04 1.024701885840415772e+00
6.075554205251517124e+04 1.011865934444391213e+00
6.075554231257586798e+04 1.013200946736315888e+00
6.075554257263655018e+04 9.921431218071625757e-01
6.075554283269725420e+04 9.276546413852008177e-01
6.075554309275794367e+04 1.009985623738640648e+00
6.075554335281863314e+04 1.030167401825862639e+00
6.075554361287932988e+04 9.904679938997971167e-01
6.075554387294001936e+04 9.806507734782204944e-01
6.075554413300071610e+04 9.587913674897482474e-01
6.075554439306140557e+04 1.036882040856918596e+00
6.075554465312210232e+04 1.050945327563605147e+00
6.075554491318279906e+04 9.584583136981233986e-01
6.075554517324348853e+04 1.062565422529532899e+00
6.075554543330417800e+04 9.990492514216664510e-01
6.075554569336487475e+04 1.059775377610348679e+00
6.075554595342557150e+04 9.579870916831173533e-01
6.075554621348626097e+04 9.937869041550794202e-01
6.075554647354695044e+04 1.001335014480826402e+00
6.075554673360764718e+04 1.049418616085330713e+00
6.075554699366834393e+04 9.727972971301114269e-01
6.075554725372902612e+04 1.037817980797655304e+00
6.075554751378972287e+04 1.036179129081792549e+00
6.075554777385041962e+04 1.013764569754732836e+00
6.075554803391111636e+04 1.064182494304393156e+00
6.075554829397180583e+04 9.953986245259373034e-01
6.075554855403249530e+04 1.034114279278355975e+00
6.075554881409319205e+04 9.990648509654445064e-01
6.075554907415388152e+04 1.032269257636431625e+00
6.075554933421457827e+04 1.022314432948639107e+00
6.075554959427527501e+04 1.070723739979132727e+00
6.075554985433596448e+04 1.009470179968668058e+00
6.075555011439665395e+04 9.805848709619089387e-01
6.075555037445735070e+04 9.170591343937691819e-01
6.075555063451804017e+04 1.017835164779963497e+00
6.075555089457873692e+04 9.751362806869513511e-01
6.075555115463942639e+04 1.047393940150174840e+00
6.075555141470012313e+04 9.401874502497267194e-01
6.075555167476081988e+04 9.657890517864319291e-01
6.075555193482150935e+04 1.023369587519597168e+00
6.075555219488219882e+04 9.758093811044304955e-01
6.075555245494289557e+04 9.488970655959496625e-01
6.075555271500359231e+04 1.028901792384151470e+00
6.075555297506428906e+04 1.011861437137137054e+00
6.075555323512497125e+04 9.449771953953639558e-01
6.075555349518566800e+04 1.061510632760692241e+00
6.075555375524636474e+04 1.008952183850217788e+00
6.075555401530705421e+04 1.065224902881128699e+00
6.075555427536775096e+04 9.881630640762552042e-01
6.075555453542844043e+04 9.641002897622791279e-01
6.075555479548913718e+04 1.050741461903309526e+00
6.075555505554983392e+04 1.043194398304520654e+00
6.075555531561051612e+04 1.017557231916702998e+00
6.075555557567121286e+04 9.976851131856061539e-01
6.075555583573190961e+04 9.798681967567643980e-01
6.075555609579260636e+04 1.028070054779920417e+00
6.075555635585329583e+04 9.502554404662960641e-01
6.075555661591398530e+04 1.014575843256365406e+00
6.075555687597468204e+04 9.914209373805590308e-01
6.075555713603537879e+04 1.011917689134837595e+00
6.075555739609607554e+04 1.006926752910161094e+00
6.075555765615676501e+04 1.013018023214254049e+00
6.075555791621745448e+04 1.045689055220790253e+00
6.075555817627815122e+04 9.542399187811417827e-01
6.075555843633884797e+04 1.006154700409544356e+00
6.075555869639953016e+04 9.589791767196238492e-01
6.075555895646022691e+04 9.735278211978687368e-01
6.075555921652092366e+04 1.012026592093264954e+00
6.075555947658162040e+04 9.654060632346685988e-01
6.075555973664230987e+04 1.027474578346002865e+00
6.075555999670299934e+04 9.720406268370896941e-01
6.075556025676369609e+04 9.836344966525241151e-01
6.075556051682439283e+04 1.037567914248753054e+00
6.075556077688508958e+04 1.039664969669924277e+00
6.075556103694577905e+04 1.076356018501784195e+00
6.075556129700646852e+04 9.962801729651938887e-01
6.075556155706716527e+04 9.117292638803277116e-01
6.075556181712786201e+04 9.884890792863004760e-01
6.075556207718854421e+04 9.835865724455741255e-01
6.075556233724924095e+04 9.823504052413269960e-01
6.075556259730993770e+04 1.050700063487068903e+00
6.075556285737063445e+04 1.032896498567429378e+00
6.075556311743133119e+04 1.006529352769789165e+00
6.075556337749201339e+04 1.001210460534397884e+00
6.075556504896522529e+04 9.929033124200656868e-01
6.075556530902591476e+04 1.001361310104315727e+00
6.075556556908661150e+04 1.055206763433365724e+00
6.075556582914730097e+04 9.906460581022350498e-01
6.075556608920799772e+04 1.096288790935104673e+00
6.075556634926869447e+04 8.993119212497132642e-01
6.075556660932938394e+04 1.052092192120013259e+00
6.075556686939008068e+04 9.807958631609909883e-01
6.075556712945077015e+04 1.009862806438269756e+00
6.075556738951146690e+04 1.020796931431641852e+00
6.075556764957216365e+04 1.073986560981440075e+00
6.075556790963285312e+04 9.917426402853944944e-01
6.075556816969354986e+04 9.610991442580426591e-01
6.075556842975423933e+04 9.619039297062533800e-01
6.075556868981492880e+04 9.557911555398485026e-01
6.075556894987563282e+04 9.813074225106993564e-01
6.075556920993632230e+04 1.070194957096441302e+00
6.075556946999701904e+04 9.720958766054498268e-01
6.075556973005770851e+04 1.021659081870197383e+00
6.075556999011839798e+04 9.747424150868703174e-01
6.075557025017909473e+04 1.010192614766534325e+00
6.075557051023979147e+04 9.732691603072688435e-01
6.075557077030048822e+04 9.749524367297061067e-01
6.075557103036117769e+04 1.001311087947956979e+00
6.075557129042186716e+04 9.378944659830836805e-01
6.075557155048256391e+04 9.989308878447045181e-01
6.075557181054326065e+04 1.025728512725666342e+00
6.075557207060395740e+04 9.798268313139329999e-01
6.075557233066464687e+04 1.073927004749740899e+00
6.075557259072533634e+04 1.044719208098724206e+00
6.075557285078603309e+04 9.709893390491821652e-01
6.075557311084672983e+04 1.001581378678453982e+00
6.075557337090741930e+04 9.751653488967909622e-01
6.075557363096811605e+04 1.036833528479144118e+00
6.075557389102880552e+04 1.025210452413919393e+00
6.075557415108950227e+04 1.020955314662314484e+00
6.075557441115019901e+04 9.877775065764133888e-01
6.075557467121088848e+04 9.982207659523274490e-01
6.075557493127158523e+04 9.882478032320608508e-01
6.075557519133227470e+04 9.664636614266424175e-01
6.075557545139297144e+04 9.743596501377139729e-01
6.075557571145366819e+04 1.005865252099853224e+00
6.075557597151435766e+04 1.017913661444993068e+00
6.075557623157505441e+04 1.034409965916134322e+00
6.075557649163575115e+04 9.932512151987605842e-01
6.075557675169643335e+04 1.071252481759541908e+00
6.075557701175713009e+04 1.046217141371838633e+00
6.075557727181782684e+04 1.033075115840933478e+00
6.075557753187852359e+04 1.063544535257067825e+00
6.075557779193922033e+04 1.084823785120956563e+00
6.075557805199990980e+04 9.826331832897364782e-01
6.075557831206059927e+04 9.914396886077909699e-01
6.075557857212129602e+04 1.051348601645106573e+00
6.075557883218199277e+04 1.023938566043921750e+00
6.075557909224268951e+04 1.026898307198236937e+00
6.075557935230337898e+04 1.017823947383943883e+00
6.075557961236407573e+04 1.024112018774259614e+00
6.075557987242476520e+04 1.043096827585107134e+00
6.075558013248546195e+04 1.009257950234101031e+00
6.075558039254615869e+04 9.762554223151742594e-01
6.075558065260684816e+04 1.001888836398329374e+00
6.075558091266754491e+04 9.821166263607155056e-01
6.075558117272824165e+04 1.031683143982200068e+00
6.075558143278892385e+04 9.655885349265692641e-01
6.075558169284962059e+04 1.026232566679934788e+00
6.075558195291031734e+04 9.775284109478484806e-01
6.075558221297101409e+04 1.068122320804496539e+00
6.075558247303171083e+04 1.028472426222972302e+00
6.075558273309240030e+04 1.072567858262413631e+00
6.075558299315309705e+04 1.042944534845869242e+00
6.075558325321378652e+04 1.006863014559078673e+00
6.075558351327448327e+04 1.042092661995410507e+00
6.075558377333518001e+04 1.018598467878940594e+00
6.075558403339586948e+04 9.664370342586694473e-01
6.075558429345656623e+04 9.796282421157876952e-01
6.075558455351726298e+04 1.014780378113484760e+00
6.075558481357794517e+04 9.744452707821060766e-01
6.075558507363864192e+04 1.014201951569075222e+00
6.075558533369933866e+04 1.012502996165412172e+00
6.075558559376003541e+04 9.624471559244677232e-01
6.075558585382073215e+04 9.713091232019277488e-01
6.075558611388142162e+04 1.025314726835140799e+00
6.075558637394211837e+04 9.431524801732853458e-01
6.075558663400280784e+04 1.045044345586108703e+00
6.075558689406350459e+04 9.552828909251380729e-01
6.075558715412420133e+04 9.817620974644405418e-01
6.075558741418489080e+04 1.000144990229428599e+00
6.075558767424558755e+04 1.009329049890915320e+00
6.075558793430628430e+04 9.770076599538474182e-01
6.075558819436697377e+04 1.011514185977528735e+00
6.075558845442767051e+04 9.479863538060104844e-01
6.075558871448835998e+04 9.959000187707279794e-01
6.075558897454905673e+04 9.944051960973195881e-01
6.075558923460975348e+04 9.975975640828476099e-01
6.075558949467044295e+04 9.621095009374269758e-01
6.075558975473113969e+04 9.989044548614892660e-01
6.075559001479183644e+04 1.099653811551087879e+00
6.075559027485253318e+04 9.643143384895263015e-01
6.075559053491322265e+04 1.010077845509034455e+00
6.075559079497391212e+04 9.931558042692479882e-01
6.075559105503460887e+04 1.010233373606933105e+00
6.075559131509530562e+04 1.030250504129020639e+00
6.075559157515600236e+04 9.949974896748700059e-01
6.075559183521669911e+04 1.032558779911950442e+00
6.075559209527738858e+04 9.997573194079688585e-01
6.075559235533808533e+04 1.016817389748962963e+00
6.075559261539877480e+04 9.736944116880238420e-01
6.075559287545946427e+04 1.056934458711215719e+00
6.075559313552016101e+04 1.013253109747586977e+00
6.075559339558085776e+04 1.063213834937750235e+00
6.075559494101491873e+04 9.302423122466331185e-01
6.075559520107561548e+04 1.053612036836265808e+00
6.075559546113631222e+04 1.032092976334676671e+00
6.075559572119700897e+04 1.017577609892334589e+00
6.075559598125769844e+04 1.089506552439079679e+00
6.075559624131839519e+04 1.019099630321156580e+00
6.075559650137908466e+04 1.005652683013814830e+00
6.075559676143977413e+04 9.653914512877648235e-01
6.075559702150047087e+04 9.688806250875018344e-01
6.075559728156116762e+04 1.016987117787493622e+00
6.075559754162186437e+04 1.008172196584213864e+00
6.075559780168256111e+04 1.028635869031439887e+00
6.075559806174325058e+04 9.479240427726224327e-01
6.075559832180394733e+04 1.038624537551024352e+00
6.075559858186464407e+04 1.047330741402310750e+00
6.075559884192533355e+04 9.880739787595742563e-01
6.075559910198603029e+04 9.876073558210445302e-01
6.075559936204671976e+04 9.748959787357335260e-01
6.075559962210741651e+04 9.997368231427233853e-01
6.075559988216811325e+04 1.060116508060809704e+00
6.075560014222880272e+04 1.043527110487991738e+00
6.075560040228950675e+04 1.032431314565910530e+00
6.075560066235019622e+04 1.042316870245399540e+00
6.075560092241089296e+04 1.040403910110869301e+00
6.075560118247158971e+04 9.472657041654282128e-01
6.075560144253227918e+04 9.686968412692624764e-01
6.075560170259296865e+04 9.882859982827399969e-01
6.075560196265366540e+04 8.895843106066012584e-01
6.075560222271436214e+04 1.008698042874131451e+00
6.075560248277505889e+04 9.771352665142213345e-01
6.075560274283574836e+04 9.906170139958012655e-01
6.075560300289644510e+04 1.028387011560600195e+00
6.075560326295714185e+04 1.018822670041765299e+00
6.075560352301783860e+04 9.919770488603013581e-01
6.075560378307853534e+04 9.780054105335159731e-01
6.075560404313922481e+04 1.000254919906302886e+00
6.075560430319992156e+04 1.028752094034513842e+00
6.075560456326061831e+04 9.867277783918848577e-01
6.075560482332130050e+04 9.441062759044336339e-01
6.075560508338199725e+04 9.882755089248270730e-01
6.075560534344269399e+04 1.022221525778340689e+00
6.075560560350339074e+04 9.635729732508294676e-01
6.075560586356408749e+04 1.059569238625388765e+00
6.075560612362477696e+04 1.072823351618900967e+00
6.075560638368547370e+04 9.436637536275768179e-01
6.075560664374617045e+04 9.996548652131282964e-01
6.075560690380686719e+04 9.687841616747230322e-01
6.075560716386756394e+04 1.032428477697244995e+00
6.075560742392825341e+04 1.030654422289694727e+00
6.075560768398895016e+04 9.723819503441623047e-01
6.075560794404964690e+04 1.039769966131701029e+00
6.075560820411032910e+04 1.014464101217789294e+00
6.075560846417102584e+04 9.989084802304738497e-01
6.075560872423172259e+04 9.852653585195773056e-01
6.075560898429241934e+04 9.493740449184882024e-01
6.075560924435311608e+04 9.580034874913854193e-01
6.075560950441380555e+04 1.022557055882783672e+00
6.075560976447450230e+04 1.016684229792758520e+00
6.075561002453519905e+04 1.042891720227254071e+00
6.075561028459589579e+04 9.809582880158428386e-01
6.075561054465659254e+04 9.993631876837432149e-01
6.075561080471728201e+04 1.028990169403827037e+00
6.075561106477797875e+04 9.688871933566904904e-01
6.075561132483867550e+04 1.028042136400182605e+00
6.075561158489937225e+04 9.795627092029585148e-01
6.075561184496006899e+04 9.963650329764336400e-01
6.075561210502075846e+04 9.857858382628652549e-01
6.075561236508144793e+04 9.661865300870976503e-01
6.075561262514214468e+04 9.776802001029586409e-01
6.075561288520283415e+04 1.014338929467872852e+00
6.075561314526353090e+04 1.027640375998030819e+00
6.075561340532422764e+04 1.027839402425658744e+00
6.075561366538492439e+04 1.004846544859387292e+00
6.075561392544562113e+04 9.776261663705071436e-01
6.075561418550631060e+04 9.877420172729689529e-01
6.075561444556700735e+04 9.802034817088729479e-01
6.075561470562770410e+04 1.039907686696983191e+00
6.075561496568840084e+04 1.018754878229614302e+00
6.075561522574909759e+04 1.008451670492035435e+00
6.075561548580978706e+04 1.039295054968956800e+00
6.075561574587048381e+04 1.001231528409183946e+00
6.075561600593118055e+04 9.996777128361044040e-01
6.075561626599187002e+04 1.043551265535565209e+00
6.075561652605256677e+04 1.032292423080134691e+00
6.075561678611326352e+04 9.747265828869198234e-01
6.075561704617396026e+04 1.046147745946223617e+00
6.075561730623465701e+04 9.956169055366428378e-01
6.075561756629534648e+04 9.317882700344898295e-01
6.075561782635604322e+04 1.029857375381323603e+00
6.075561808641673269e+04 9.948590289535627074e-01
6.075561834647742944e+04 9.735409755274906374e-01
6.075561860653812619e+04 9.828961893298525654e-01
6.075561886659881566e+04 1.038508095714000934e+00
6.075561912665951240e+04 9.600189766902790245e-01
6.075561938672020915e+04 1.034199287977417336e+00
6.075561964678089862e+04 9.668945308268355188e-01
6.075561990684160264e+04 1.041126718291459419e+00
6.075562016690229211e+04 9.937474728616643160e-01
6.075562042696298886e+04 9.771080202391805303e-01
6.075562068702368560e+04 9.675261887338318934e-01
6.075562094708437508e+04 1.002247479224972260e+00
6.075562120714507182e+04 1.061383951324588848e+00
6.075562146720576857e+04 1.002951800361178591e+00
6.075562172726646531e+04 9.912494295577498615e-01
6.075562198732716206e+04 9.545739860865570803e-01
6.075562224738785153e+04 9.944781466490529853e-01
6.075562250744854828e+04 1.087312364036794099e+00
6.075562276750924502e+04 9.852018309422210240e-01
6.075562302756994177e+04 9.943611301583630269e-01
6.075562328763063852e+04 1.009599762978109050e+00
6.075562490904599690e+04 9.881153481885786016e-01
6.075562516909990518e+04 9.342031532986941889e-01
6.075562542915379890e+04 9.987840764773610047e-01
6.075562568920769263e+04 1.013444524456684315e+00
6.075562594926160091e+04 1.068129397755770427e+00
6.075562620931549463e+04 9.730906945014269338e-01
6.075562646936939564e+04 1.007679512416548295e+00
6.075562672942329664e+04 1.000616097898017864e+00
6.075562698947719036e+04 1.058189988398591908e+00
6.075562724953109864e+04 9.482975760673513221e-01
6.075562750958499237e+04 9.837109071741840793e-01
6.075562776963889337e+04 1.015241200875529159e+00
6.075562802969280165e+04 1.051227299567662588e+00
6.075562828974669537e+04 9.812569512473227062e-01
6.075562854980059637e+04 9.910362877636815782e-01
6.075562880985449738e+04 9.831340363486722467e-01
6.075562906990839110e+04 1.003679671382208483e+00
6.075562932996229938e+04 9.926533519153722951e-01
6.075562959001619311e+04 9.841356910984516704e-01
6.075562985007009411e+04 9.729020757910659123e-01
6.075563011012399511e+04 9.614011137432105780e-01
6.075563037017788884e+04 9.715067299801657397e-01
6.075563063023179711e+04 9.803344827034018438e-01
6.075563089028569084e+04 9.924129378006536495e-01
6.075563115033958456e+04 1.009789680318811556e+00
6.075563141039349284e+04 1.039843155530310925e+00
6.075563167044738657e+04 1.070351939095706806e+00
6.075563193050128757e+04 1.003891542726865094e+00
6.075563219055518857e+04 9.897641190493350338e-01
6.075563245060908230e+04 1.034863318637557983e+00
6.075563271066299058e+04 9.564778234224924347e-01
6.075563297071688430e+04 1.097661969651930969e+00
6.075563323077078530e+04 9.199840567809857150e-01
6.075563349082468631e+04 1.009349394917421927e+00
6.075563375087858003e+04 1.009987372675953399e+00
6.075563401093248831e+04 1.019230881587673609e+00
6.075563427098638203e+04 9.617786755564416978e-01
6.075563453104027576e+04 9.960035906608367684e-01
6.075563479109418404e+04 1.017977963542694209e+00
6.075563505114807776e+04 9.839822315785995421e-01
6.075563531120197877e+04 1.001196280659856441e+00
6.075563557125588704e+04 1.057409311368627369e+00
6.075563583130978077e+04 9.810225699385999309e-01
6.075563609136368905e+04 1.044850375443213686e+00
6.075563635141758277e+04 1.070854427046126878e+00
6.075563661147148377e+04 1.007242752003545183e+00
6.075563687152538478e+04 1.022281264003297885e+00
6.075563713157927850e+04 9.714761068922415088e-01
6.075563739163318678e+04 9.947706877136941461e-01
6.075563765168708051e+04 9.719870197061605266e-01
6.075563791174097423e+04 1.087586961141879582e+00
6.075563817179488251e+04 9.654316252646980567e-01
6.075563843184877624e+04 1.068560185560069042e+00
6.075563869190267724e+04 1.101344243829014635e+00
6.075563895195657824e+04 9.859132574978820562e-01
6.075563921201047197e+04 9.883499726204394431e-01
6.075563947206438024e+04 9.771604392306444398e-01
6.075563973211827397e+04 1.040793692739144571e+00
6.075563999217217497e+04 1.033364500809313080e+00
6.075564025222608325e+04 1.021409287211685779e+00
6.075564051227997697e+04 1.008020092919253763e+00
6.075564077233388525e+04 1.003316198894489641e+00
6.075564103238777898e+04 9.456696028144783162e-01
6.075564129244167270e+04 9.848454612741999181e-01
6.075564155249558098e+04 9.659334582842066252e-01
6.075564181254947471e+04 1.034005773020996832e+00
6.075564207260337571e+04 9.554883242944642863e-01
6.075564233265727671e+04 9.882958057296794552e-01
6.075564259271117044e+04 9.666383625814344294e-01
6.075564285276507871e+04 1.006789482290928239e+00
6.075564311281897244e+04 1.041901577033051973e+00
6.075564337287286617e+04 1.056260030178258535e+00
6.075564363292677444e+04 9.901307933924106131e-01
6.075564389298066817e+04 1.029801275595302545e+00
6.075564415303458372e+04 1.029285859038527873e+00
6.075564441308847745e+04 9.837513016486746364e-01
6.075564467314237118e+04 1.039786122551003889e+00
6.075564493319627945e+04 1.028740855556523393e+00
6.075564519325017318e+04 9.864400179750079101e-01
6.075564545330407418e+04 9.944474768506125217e-01
6.075564571335797518e+04 9.670168129784602051e-01
6.075564597341186891e+04 1.060991291177863394e+00
6.075564623346577719e+04 1.015421346320778184e+00
6.075564649351967091e+04 1.000405196245957473e+00
6.075564675357356464e+04 1.012827638099011107e+00
6.075564701362747292e+04 9.742295246276355680e-01
6.075564727368136664e+04 1.021495625879033087e+00
6.075564753373527492e+04 1.018340339894943103e+00
6.075564779378917592e+04 9.927027004454531678e-01
6.075564805384306965e+04 1.078011895125015274e+00
6.075564831389697792e+04 1.042704705899289763e+00
6.075564857395087165e+04 1.021555441483779747e+00
6.075564883400477265e+04 1.035741051991879047e+00
6.075564909405867365e+04 1.026746221206696674e+00
6.075564935411256738e+04 9.646122935166848711e-01
6.075564961416647566e+04 1.005416958993288423e+00
6.075564987422036938e+04 1.042522711662100088e+00
6.075565013427426311e+04 9.633124592243057505e-01
6.075565039432817866e+04 1.009951989648704584e+00
6.075565065438207239e+04 9.684516235834109699e-01
6.075565091443597339e+04 9.398072276158515592e-01
6.075565117448987439e+04 9.601990996331396522e-01
6.075565143454376812e+04 1.060044561273349562e+00
6.075565169459767640e+04 1.023935035758608780e+00
6.075565195465157012e+04 1.010407251107169557e+00
6.075565221470547112e+04 1.014917894870457138e+00
6.075565247475937213e+04 1.062837728900185796e+00
6.075565273481326585e+04 9.918809989088696044e-01
6.075565299486718141e+04 1.029204491311922931e+00
6.075565325492107513e+04 1.079862470309094657e+00
6.075565492676799477e+04 1.045012377719858554e+00
6.075565518682868424e+04 1.016609101767963264e+00
6.075565544688938098e+04 9.775635115167903288e-01
6.075565570695007773e+04 1.045851407403728617e+00
6.075565596701077448e+04 9.717883306962171730e-01
6.075565622707147122e+04 1.023131783072137813e+00
6.075565648713216069e+04 1.014250160446362514e+00
6.075565674719285744e+04 1.060599391636389610e+00
6.075565700725356146e+04 1.028526231869187901e+00
6.075565726731425821e+04 1.006019769402908048e+00
6.075565752737495495e+04 1.087742701803214418e+00
6.075565778743564442e+04 1.002517187662896436e+00
6.075565804749634117e+04 1.011245308545261068e+00
6.075565830755703792e+04 9.560085727168863290e-01
6.075565856761772739e+04 9.760111467112895234e-01
6.075565882767842413e+04 1.047091448351805898e+00
6.075565908773912088e+04 1.028463692489697046e+00
6.075565934779981762e+04 1.036159476161718329e+00
6.075565960786051437e+04 1.089362667125468143e+00
6.075565986792121112e+04 9.573938173740399460e-01
6.075566012798190786e+04 1.028817448297283610e+00
6.075566038804260461e+04 1.010324551879652866e+00
6.075566064810330136e+04 9.959523382441917150e-01
6.075566090816399810e+04 9.982463843704748596e-01
6.075566116822468757e+04 1.042945186627707299e+00
6.075566142828538432e+04 1.024128747084684044e+00
6.075566168834608106e+04 1.061538860366330717e+00
6.075566194840677781e+04 1.021990394540478464e+00
6.075566220846748183e+04 1.010945722638894262e+00
6.075566246852817130e+04 1.008701046979682880e+00
6.075566272858886805e+04 1.045024633967351013e+00
6.075566298864956480e+04 1.064635251712011010e+00
6.075566324871025427e+04 1.002289127380185940e+00
6.075566350877095101e+04 1.040830127057325472e+00
6.075566376883164776e+04 9.498589883425962999e-01
6.075566402889234450e+04 1.024810172204346337e+00
6.075566428895304125e+04 1.020117218528372893e+00
6.075566454901373800e+04 1.091473856883807159e+00
6.075566480907443474e+04 1.023610044599003732e+00
6.075566506913513149e+04 9.961478554465841295e-01
6.075566532919582824e+04 9.819864394663024854e-01
6.075566558925652498e+04 9.922026818119886737e-01
6.075566584931721445e+04 1.037466980926105453e+00
6.075566610937791120e+04 1.004358459490084732e+00
6.075566636943860794e+04 9.914285088804951629e-01
6.075566662949930469e+04 1.005319339833438130e+00
6.075566688956000144e+04 9.723239182966387784e-01
6.075566714962069818e+04 1.018162234360038054e+00
6.075566740968139493e+04 1.003622349222978105e+00
6.075566766974209168e+04 9.877636699630971684e-01
6.075566792980278115e+04 1.033056826771017844e+00
6.075566818986347789e+04 1.001721923648955181e+00
6.075566844992417464e+04 1.030627843372248886e+00
6.075566870998487866e+04 1.022173143682363561e+00
6.075566897004557541e+04 1.028886460734420361e+00
6.075566923010626488e+04 9.723435988509722128e-01
6.075566949016696162e+04 1.027359401774594616e+00
6.075566975022765837e+04 1.011256634794846621e+00
6.075567001028834784e+04 9.966155248409919176e-01
6.075567027034905186e+04 1.029482741504518239e+00
6.075567053040974133e+04 1.061621948329736220e+00
6.075567079047044535e+04 1.001528678487136448e+00
6.075567105053114210e+04 1.002964781665824701e+00
6.075567131059183157e+04 1.057796523992569959e+00
6.075567157065252832e+04 1.052072216979470065e+00
6.075567183071322506e+04 1.039988344901158879e+00
6.075567209077392181e+04 1.066649934245372799e+00
6.075567235083461856e+04 9.843577153303624261e-01
6.075567261089531530e+04 9.770893140642759045e-01
6.075567287095601205e+04 1.036797947757272853e+00
6.075567313101670879e+04 9.860287799245910367e-01
6.075567339107740554e+04 9.959235557883099332e-01
6.075567365113810229e+04 1.029905501358783670e+00
6.075567391119879176e+04 1.000899596286949578e+00
6.075567417125948850e+04 9.992671614653395595e-01
6.075567443132019253e+04 9.898388548081664684e-01
6.075567469138088200e+04 1.019006601324422556e+00
6.075567495144157874e+04 9.931092199266774445e-01
6.075567521150227549e+04 1.025750279864759751e+00
6.075567547156297223e+04 1.030432589315714020e+00
6.075567573162366898e+04 1.013705972189200555e+00
6.075567599168436573e+04 1.063847897969551370e+00
6.075567625174506247e+04 9.764491179942400567e-01
6.075567651180575922e+04 1.057165885974117980e+00
6.075567677186645597e+04 1.023032252679399123e+00
6.075567703192715271e+04 9.817244095848952634e-01
6.075567729198784218e+04 1.025754431650785170e+00
6.075567755204853893e+04 9.787961643362635966e-01
6.075567781210924295e+04 9.560708978996323992e-01
6.075567807216993242e+04 1.036099638801392331e+00
6.075567833223062917e+04 9.762785219966587658e-01
6.075567859229132591e+04 1.043703180329122571e+00
6.075567885235202266e+04 1.000892087689083887e+00
6.075567911241271941e+04 1.061453666196274126e+00
6.075567937247341615e+04 1.037307479253668063e+00
6.075567963253411290e+04 1.012971255840264151e+00
6.075567989259480964e+04 1.008338112992260616e+00
6.075568015265550639e+04 9.689347716077885142e-01
6.075568041271620314e+04 1.002309157933028105e+00
6.075568067277689261e+04 1.024573027974374329e+00
6.075568093283759663e+04 9.777052856145022064e-01
6.075568119289829338e+04 9.816732289077634288e-01
6.075568145295898285e+04 9.746920970675326812e-01
6.075568171301968687e+04 1.008545177051908492e+00
6.075568197308037634e+04 9.949789124152746966e-01
6.075568223314107308e+04 1.011644967870616529e+00
6.075568249320177711e+04 9.760080751087771844e-01
6.075568275326246658e+04 9.599606376737818136e-01
6.075568301332316332e+04 9.724316623374895663e-01
6.075568327338386007e+04 1.087042427441169856e+00
6.075568483179301256e+04 9.906507230212173720e-01
6.075568509184680443e+04 1.008684057152515523e+00
6.075568535190059629e+04 9.840042953884465815e-01
6.075568561195438815e+04 9.908541149483336419e-01
6.075568587200818729e+04 1.073616728787768482e+00
6.075568613206199370e+04 1.040812211763290307e+00
6.075568639211578557e+04 1.012417805596716347e+00
6.075568665216957743e+04 1.030302758163437415e+00
6.075568691222336929e+04 1.025890374405343142e+00
6.075568717227716115e+04 1.024801184292505773e+00
6.075568743233096029e+04 1.035977014555852893e+00
6.075568769238475215e+04 1.057465581343768779e+00
6.075568795243854402e+04 1.034333359166043964e+00
6.075568821249233588e+04 9.957170602096232503e-01
6.075568847254613502e+04 1.026885844540994519e+00
6.075568873259992688e+04 1.031277779224090141e+00
6.075568899265372602e+04 1.053468080091688686e+00
6.075568925270752516e+04 9.920220538695306844e-01
6.075568951276131702e+04 1.006759671032142256e+00
6.075568977281511616e+04 9.872212614426445487e-01
6.075569003286890802e+04 1.043568573891910711e+00
6.075569029292269988e+04 1.006325512954053147e+00
6.075569055297649174e+04 1.010007241784286469e+00
6.075569081303029088e+04 1.049923165703038563e+00
6.075569107308408275e+04 1.009021896972562615e+00
6.075569133313787461e+04 1.056130263389719381e+00
6.075569159319166647e+04 1.029875630501796868e+00
6.075569185324547288e+04 1.015590045135415398e+00
6.075569211329927202e+04 1.015365021627175457e+00
6.075569237335306389e+04 1.045216093338433794e+00
6.075569263340685575e+04 1.042370063702210858e+00
6.075569289346064761e+04 1.015180704129385436e+00
6.075569315351444675e+04 1.024632378648702602e+00
6.075569341356823861e+04 1.008855811683036174e+00
6.075569367362203047e+04 1.052686180149456696e+00
6.075569393367582234e+04 1.049852628001125776e+00
6.075569419372962147e+04 1.002221672977552824e+00
6.075569445378341334e+04 1.087613726710084050e+00
6.075569471383720520e+04 9.995411683295082339e-01
6.075569497389100434e+04 1.035873190815583822e+00
6.075569523394481075e+04 9.685831700076465989e-01
6.075569549399860261e+04 1.040585465793291586e+00
6.075569575405239448e+04 1.054809602688072001e+00
6.075569601410618634e+04 9.872077052214952575e-01
6.075569627415998548e+04 9.611358620087041560e-01
6.075569653421377734e+04 1.011370071019971117e+00
6.075569679426756920e+04 1.009221890170390656e+00
6.075569705432136107e+04 1.002878305499996126e+00
6.075569731437516020e+04 9.902358114819850288e-01
6.075569757442895207e+04 1.013677615880553384e+00
6.075569783448274393e+04 9.375811602937395017e-01
6.075569809453654307e+04 1.031900222322617688e+00
6.075569835459034948e+04 9.701296543156757712e-01
6.075569861464414134e+04 1.001685167616263250e+00
6.075569887469793321e+04 9.916730027368455547e-01
6.075569913475172507e+04 1.050901221126063989e+00
6.075569939480552421e+04 1.051429627334813377e+00
6.075569965485931607e+04 9.481152339334578683e-01
6.075569991491310793e+04 1.004232851905241919e+00
6.075570017496689979e+04 1.050041671526653619e+00
6.075570043502069893e+04 9.619924048564437724e-01
6.075570069507449080e+04 1.007625259342577850e+00
6.075570095512828993e+04 1.042277235283858738e+00
6.075570121518208907e+04 1.035062551554980281e+00
6.075570147523588821e+04 9.828365439587518626e-01
6.075570173528968007e+04 1.050419717949808929e+00
6.075570199534347194e+04 9.991293149275107810e-01
6.075570225539727107e+04 1.039989100361367269e+00
6.075570251545106294e+04 1.035058007014529213e+00
6.075570277550485480e+04 9.775878543385191355e-01
6.075570303555864666e+04 9.800759132299814436e-01
6.075570329561244580e+04 1.040827594165361081e+00
6.075570355566623766e+04 1.065394277088315134e+00
6.075570381572002952e+04 9.527644165520756658e-01
6.075570407577382866e+04 9.697173658835429588e-01
6.075570433582763508e+04 9.913762428440060503e-01
6.075570459588142694e+04 9.615639962432185328e-01
6.075570485593521880e+04 1.050726997889411152e+00
6.075570511598901066e+04 1.010764099785378844e+00
6.075570537604280980e+04 1.078512185742443119e+00
6.075570563609660167e+04 1.036398157763056105e+00
6.075570589615039353e+04 1.030416111344482744e+00
6.075570615620419267e+04 1.017126683380258134e+00
6.075570641625798453e+04 1.014565453628052838e+00
6.075570667631177639e+04 9.932578015718198650e-01
6.075570693636557553e+04 1.046871064522337136e+00
6.075570719641938194e+04 9.992123397258615425e-01
6.075570745647317381e+04 9.730616918598772314e-01
6.075570771652696567e+04 1.062147227705520169e+00
6.075570797658076481e+04 1.049630652599592651e+00
6.075570823663455667e+04 1.019685842234181017e+00
6.075570849668834853e+04 1.036021657475811431e+00
6.075570875674214039e+04 1.043001882930534086e+00
6.075570901679593953e+04 1.015865434533148370e+00
6.075570927684973140e+04 1.003327048088201057e+00
6.075570953690352326e+04 9.925858568227008405e-01
6.075570979695732240e+04 1.038507952664892597e+00
6.075571005701112153e+04 9.962987899024844385e-01
6.075571031706492067e+04 1.038854726439122134e+00
6.075571057711871254e+04 9.743252809168974071e-01
6.075571083717251167e+04 1.006001569104016280e+00
6.075571109722630354e+04 9.862920097897623917e-01
6.075571135728009540e+04 1.002258640107378751e+00
6.075571161733389454e+04 1.037734614187160176e+00
6.075571187738768640e+04 9.955459861478215267e-01
6.075571213744147826e+04 9.971299876519877925e-01
6.075571239749527740e+04 1.041148918357571951e+00
6.075571265754906926e+04 1.002543137406925799e+00
6.075571291760286840e+04 1.025157069477768967e+00
6.075571317765666754e+04 9.653200885282814392e-01
6.075571474868715450e+04 1.051858287707484241e+00
6.075571500874785124e+04 9.800719918384678264e-01
6.075571526880854799e+04 1.023919223183575644e+00
6.075571552886924474e+04 1.024430563169941300e+00
6.075571578892994148e+04 1.032414626451466866e+00
6.075571604899063823e+04 1.006972902234285261e+00
6.075571630905133497e+04 1.017679554457219249e+00
6.075571656911203172e+04 1.085942752712735881e+00
6.075571682917273574e+04 1.010606438396947970e+00
6.075571708923342521e+04 9.859099252061706009e-01
6.075571734929412196e+04 9.846699753830017166e-01
6.075571760935482598e+04 1.064161953885932377e+00
6.075571786941552273e+04 1.035669865516658739e+00
6.075571812947621947e+04 9.559366174221811674e-01
6.075571838953690894e+04 1.031538335048416632e+00
6.075571864959761297e+04 9.934392586102883671e-01
6.075571890965830971e+04 1.027043319553227141e+00
6.075571916971899918e+04 1.006758804122157569e+00
6.075571942977970320e+04 9.393739351791647874e-01
6.075571968984039995e+04 9.971402589836648733e-01
6.075571994990109670e+04 1.013481473504170838e+00
6.075572020996180072e+04 9.765730908588236003e-01
6.075572047002249019e+04 9.662294237016755272e-01
6.075572073008318694e+04 1.052854636198987448e+00
6.075572099014388368e+04 9.866914959454010647e-01
6.075572125020458770e+04 1.001413811312156010e+00
6.075572151026528445e+04 1.044500957043662748e+00
6.075572177032597392e+04 9.613177275871375160e-01
6.075572203038667794e+04 1.066203164778596779e+00
6.075572229044737469e+04 1.033268764588386235e+00
6.075572255050806416e+04 1.032211616134460996e+00
6.075572281056877546e+04 1.045466997435518408e+00
6.075572307062946493e+04 1.075831334067316902e+00
6.075572333069016167e+04 9.707780678297918131e-01
6.075572359075086570e+04 1.006127517727156695e+00
6.075572385081155517e+04 9.939575415930119728e-01
6.075572411087225191e+04 9.552036219383508442e-01
6.075572437093294866e+04 1.020744494136768266e+00
6.075572463099365268e+04 1.035198614902057557e+00
6.075572489105434943e+04 9.845000700749895195e-01
6.075572515111503890e+04 9.930456974472090526e-01
6.075572541117574292e+04 9.920205559801514861e-01
6.075572567123643967e+04 9.893947694099323176e-01
6.075572593129713641e+04 1.035548314410164483e+00
6.075572619135784043e+04 1.110803948420765019e+00
6.075572645141852990e+04 9.555159767939764848e-01
6.075572671147922665e+04 9.756061244513858366e-01
6.075572697153993067e+04 9.497618627923377632e-01
6.075572723160062014e+04 1.021850739006292974e+00
6.075572749166131689e+04 9.884386127833634239e-01
6.075572775172202091e+04 9.684832317072964436e-01
6.075572801178271766e+04 9.647071418619223016e-01
6.075572827184341440e+04 1.024817988387932477e+00
6.075572853190411115e+04 1.000821158552717804e+00
6.075572879196480790e+04 1.022821966281414641e+00
6.075572905202550464e+04 1.023892980486144522e+00
6.075572931208620867e+04 9.834215202869901473e-01
6.075572957214690541e+04 9.573372626265702623e-01
6.075572983220759488e+04 1.053760813740889368e+00
6.075573009226829890e+04 1.058788480983875901e+00
6.075573035232899565e+04 1.033841647170083755e+00
6.075573061238968512e+04 9.732152218407543742e-01
6.075573087245038914e+04 1.018548220978033658e+00
6.075573113251108589e+04 1.048733779651686238e+00
6.075573139257178264e+04 9.806451956066437603e-01
6.075573165263248666e+04 1.001894153698674961e+00
6.075573191269317613e+04 1.038093708934023196e+00
6.075573217275387287e+04 1.020351861787164971e+00
6.075573243281457690e+04 1.034648733999761205e+00
6.075573269287527364e+04 1.014059637009710801e+00
6.075573295293597039e+04 1.026929021439511258e+00
6.075573321299666713e+04 9.926389674266664631e-01
6.075573347305736388e+04 1.029290080434732024e+00
6.075573373311806063e+04 9.932309464200406168e-01
6.075573399317875737e+04 9.864461757327729341e-01
6.075573425323946140e+04 9.824537966733031258e-01
6.075573451330015087e+04 9.966972930293738209e-01
6.075573477336085489e+04 9.962944660529258201e-01
6.075573503342155163e+04 1.041515973796573791e+00
6.075573529348224110e+04 9.472977845635338623e-01
6.075573555354294513e+04 9.958598218238898792e-01
6.075573581360364187e+04 1.008341555221536456e+00
6.075573607366434589e+04 9.863706266801810507e-01
6.075573633372504264e+04 9.772538397995321757e-01
6.075573659378573211e+04 9.869120676259566238e-01
6.075573685384643613e+04 1.025917107871131551e+00
6.075573711390713288e+04 1.022762299067781377e+00
6.075573737396782963e+04 1.008144666857809568e+00
6.075573763402853365e+04 9.483266102114881191e-01
6.075573789408922312e+04 1.070598231551317614e+00
6.075573815414991986e+04 9.846576573145963129e-01
6.075573841421062389e+04 9.989975121684991910e-01
6.075573867427131336e+04 9.534238050970282874e-01
6.075573893433201010e+04 1.037716374687011500e+00
6.075573919439271413e+04 9.652166821896287496e-01
6.075573945445341087e+04 1.007984782956619307e+00
6.075573971451411489e+04 9.850177860707377553e-01
6.075573997457480436e+04 9.730577641372759601e-01
6.075574023463550111e+04 1.041871449490228585e+00
6.075574049469620513e+04 1.009178962789663458e+00
6.075574075475690188e+04 9.713242002579034473e-01
6.075574101481759863e+04 9.903859926990836726e-01
6.075574127487829537e+04 1.013735491687999701e+00
6.075574153493899212e+04 9.958420270308795397e-01
6.075574179499969614e+04 1.055320704360197093e+00
6.075574205506038561e+04 1.006216795526672314e+00
6.075574231512108236e+04 9.504253519162794150e-01
6.075574257518178638e+04 9.783348668871557630e-01
6.075574283524248312e+04 1.058876037749729049e+00
6.075574309530317987e+04 9.344924771757050497e-01
6.075574483016229351e+04 1.022709483474576020e+00
6.075574509021608537e+04 9.535555105273318954e-01
6.075574535026989179e+04 1.033973277573913441e+00
6.075574561032369093e+04 9.207293338598736554e-01
6.075574587037748279e+04 9.871815487231343500e-01
6.075574613043128193e+04 1.008520998830184867e+00
6.075574639048507379e+04 9.924427511185478501e-01
6.075574665053887293e+04 9.702073472201601101e-01
6.075574691059266479e+04 9.661385648753384459e-01
6.075574717064645665e+04 9.944895403826717883e-01
6.075574743070025579e+04 9.929959755693383849e-01
6.075574769075404765e+04 1.017111803089348454e+00
6.075574795080784679e+04 9.509851207156797548e-01
6.075574821086163865e+04 9.811271061781308145e-01
6.075574847091544507e+04 9.584550090298867842e-01
6.075574873096924421e+04 9.665316379824471227e-01
6.075574899102303607e+04 9.980816466488630079e-01
6.075574925107683521e+04 9.711607037481266858e-01
6.075574951113062707e+04 1.038644801038499654e+00
6.075574977118442621e+04 9.747261689892797731e-01
6.075575003123821807e+04 9.813450840664333930e-01
6.075575029129201721e+04 1.020325857808526360e+00
6.075575055134580907e+04 9.644879014673438666e-01
6.075575081139960093e+04 9.912068834440506127e-01
6.075575107145340007e+04 9.915815213464433953e-01
6.075575133150719921e+04 9.978695220021404078e-01
6.075575159156100563e+04 1.015413405947591219e+00
6.075575185161479749e+04 1.002391741594090391e+00
6.075575211166859663e+04 1.009681020444420652e+00
6.075575237172238849e+04 9.888932499392999453e-01
6.075575263177618035e+04 9.495992558592949440e-01
6.075575289182997949e+04 9.550026991398739007e-01
6.075575315188377135e+04 9.925584077010982664e-01
6.075575341193757049e+04 9.661094871592318389e-01
6.075575367199136235e+04 9.768810575767878923e-01
6.075575393204516149e+04 1.016882970273987663e+00
6.075575419209895335e+04 1.033251862751931149e+00
6.075575445215275249e+04 1.019947931077536785e+00
6.075575471220655891e+04 1.054488961703221817e+00
6.075575497226035077e+04 9.631392674716466873e-01
6.075575523231414991e+04 1.033500182171673609e+00
6.075575549236794177e+04 9.877530634021810529e-01
6.075575575242174091e+04 1.044564348490338190e+00
6.075575601247553277e+04 9.647438748691545829e-01
6.075575627252933191e+04 9.389154154552882270e-01
6.075575653258312377e+04 1.026471730562136031e+00
6.075575679263691563e+04 1.078036334472417979e+00
6.075575705269071477e+04 9.915728020162584144e-01
6.075575731274451391e+04 1.039448510211065102e+00
6.075575757279832033e+04 9.326134450087448791e-01
6.075575783285211219e+04 9.206753514202805633e-01
6.075575809290591133e+04 9.736739103768158321e-01
6.075575835295970319e+04 9.871880339658922754e-01
6.075575861301350233e+04 9.188025732529730982e-01
6.075575887306729419e+04 1.024999403567092404e+00
6.075575913312109333e+04 9.745911545768622952e-01
6.075575939317488519e+04 1.003555207712676811e+00
6.075575965322867705e+04 1.079913706752337221e+00
6.075575991328247619e+04 1.001429352078382573e+00
6.075576017333626805e+04 1.053611301599164163e+00
6.075576043339007447e+04 1.023087199188432717e+00
6.075576069344387361e+04 9.679378152513746780e-01
6.075576095349767274e+04 1.033606483447207847e+00
6.075576121355146461e+04 1.000165602185889346e+00
6.075576147360526375e+04 1.064127728953551344e+00
6.075576173365905561e+04 1.041246231699755942e+00
6.075576199371285475e+04 9.644139688554166367e-01
6.075576225376664661e+04 9.800767133239870477e-01
6.075576251382044575e+04 9.763897800853532649e-01
6.075576277387423761e+04 9.671405785068992733e-01
6.075576303392802947e+04 9.576906333436349117e-01
6.075576329398183589e+04 1.001092091247903992e+00
6.075576355403563502e+04 1.039118056324901396e+00
6.075576381408943416e+04 1.067705711246022426e+00
6.075576407414322603e+04 9.711705121771138094e-01
6.075576433419702516e+04 1.059280458465284402e+00
6.075576459425081703e+04 9.572967516569329538e-01
6.075576485430461616e+04 9.848088657891382880e-01
6.075576511435840803e+04 9.846859835841539343e-01
6.075576537441220717e+04 1.014130128401139697e+00
6.075576563446599903e+04 1.001921377670986768e+00
6.075576589451979817e+04 9.935315363723974391e-01
6.075576615457359003e+04 1.025206139885828538e+00
6.075576641462739644e+04 9.688037444504473683e-01
6.075576667468119558e+04 1.027061155194063602e+00
6.075576693473499472e+04 1.046954368035231564e+00
6.075576719478878658e+04 9.155003734874982424e-01
6.075576745484258572e+04 1.008177633645568116e+00
6.075576771489637758e+04 9.734532468875537470e-01
6.075576797495017672e+04 1.067350434446044938e+00
6.075576823500396858e+04 9.399779340239680092e-01
6.075576849505776045e+04 1.032332372788861141e+00
6.075576875511155959e+04 9.907393223405394078e-01
6.075576901516535145e+04 9.759913428892329490e-01
6.075576927521915786e+04 1.028328071904553997e+00
6.075576953527295700e+04 1.053715909653387239e+00
6.075576979532675614e+04 1.014244865949443630e+00
6.075577005538054800e+04 1.018626930927823526e+00
6.075577031543434714e+04 9.669503749096510781e-01
6.075577057548813900e+04 1.030726221820186472e+00
6.075577083554193814e+04 9.961278928126804377e-01
6.075577109559573000e+04 9.966967418676530022e-01
6.075577135564952914e+04 1.039304322333780783e+00
6.075577161570332100e+04 1.012929753891025131e+00
6.075577187575712014e+04 9.703989607167018416e-01
6.075577213581091200e+04 9.414437783355038558e-01
6.075577239586471842e+04 1.052550482723621617e+00
6.075577265591851756e+04 1.000759451708186809e+00
6.075577291597231670e+04 1.056734794081234163e+00
6.075577317602610856e+04 9.887802248043512376e-01
