6.075547523418369383e+04 9.273226091690077721e-01
6.075547549424438330e+04 1.095897589328154176e+00
6.075547575430508005e+04 9.781637531228968285e-01
6.075547601436576224e+04 8.858024236850153832e-01
6.075547627442645899e+04 1.083027210345684610e+00
6.075547653448714846e+04 9.273261148859149872e-01
6.075547679454784520e+04 1.022973336125760468e+00
6.075547705460853467e+04 8.689359888009651200e-01
6.075547731466922414e+04 9.975460901403851999e-01
6.075547757472991361e+04 9.051638369311746368e-01
6.075547783479061036e+04 1.026085109071732671e+00
6.075547809485129255e+04 9.701090298271962675e-01
6.075547835491198930e+04 1.227008868931773522e+00
6.075547861497267877e+04 1.232470911745136011e+00
6.075547887503337552e+04 1.119354869271891317e+00
6.075547913509406499e+04 1.271366404973299113e+00
6.075547939515475446e+04 8.577048648653404772e-01
6.075547965521544393e+04 8.178940021545546557e-01
6.075547991527614067e+04 1.007224150433229770e+00
6.075548017533683014e+04 1.111525865315260431e+00
6.075548043539752689e+04 1.247558896903054215e+00
6.075548069545820908e+04 1.022470153173103746e+00
6.075548095551890583e+04 1.260344583021685061e+00
6.075548121557959530e+04 9.692421048515074133e-01
6.075548147564028477e+04 9.633495866681238695e-01
6.075548173570098152e+04 1.058412325961835876e+00
6.075548199576167099e+04 1.168572243742185712e+00
6.075548225582236773e+04 9.899989059913828493e-01
6.075548251588305720e+04 1.034865359153583242e+00
6.075548277594374667e+04 1.172613060144556130e+00
6.075548303600443614e+04 1.068611294836548931e+00
6.075548329606513289e+04 1.147488925179435793e+00
6.075548355612582236e+04 9.738981830400815776e-01
6.075548381618651911e+04 1.041553629850205054e+00
6.075548407624720130e+04 1.066118414352394961e+00
6.075548433630789805e+04 9.437846167837175004e-01
6.075548459636858752e+04 8.212563959491228083e-01
6.075548485642928426e+04 9.328433602803783975e-01
6.075548511648997373e+04 1.246612175260008559e+00
6.075548537655066320e+04 1.143371624496098748e+00
6.075548563661135267e+04 9.497479953136894748e-01
6.075548589667204942e+04 1.030773332675550602e+00
6.075548615673273162e+04 1.204967620391312666e+00
6.075548641679342836e+04 7.372012125179170372e-01
6.075548667685411783e+04 9.095562985721061811e-01
6.075548693691481458e+04 9.363161926758449827e-01
6.075548719697551132e+04 1.098248145310380952e+00
6.075548745703619352e+04 8.423175529516125914e-01
6.075548771709689026e+04 1.023001421329252203e+00
6.075548797715757973e+04 1.061629753221565942e+00
6.075548823721827648e+04 8.023272373607374108e-01
6.075548849727896595e+04 1.035223786530660384e+00
6.075548875733965542e+04 9.054222167523349185e-01
6.075548901740034489e+04 1.035550878780466588e+00
6.075548927746104164e+04 1.084720999604282365e+00
6.075548953752172383e+04 1.067315766343612360e+00
6.075548979758242058e+04 8.641867715604856226e-01
6.075549005764311732e+04 1.045424051379090002e+00
6.075549031770380680e+04 1.167206603502972229e+00
6.075549057776450354e+04 1.100933766064877695e+00
6.075549083782518574e+04 9.640750553353681918e-01
6.075549109788588248e+04 1.093891259360590729e+00
6.075549135794657195e+04 1.139435186714739423e+00
6.075549161800726870e+04 1.049060694708081387e+00
6.075549187806795817e+04 1.131587176426665398e+00
6.075549213812864764e+04 8.634480099925218033e-01
6.075549239818933711e+04 1.046587870618732818e+00
6.075549265825003386e+04 1.071607961049712454e+00
6.075549291831072333e+04 1.085146426529320030e+00
6.075549317837142007e+04 8.122627060660174703e-01
6.075549343843210954e+04 9.793984203314476389e-01
6.075549369849279901e+04 9.870947163810435132e-01
6.075549395855349576e+04 9.843875465468111541e-01
6.075549421861417795e+04 1.014919046204668218e+00
6.075549447867487470e+04 1.427529601740192389e+00
6.075549473873556417e+04 1.227775738556768248e+00
6.075549499879626092e+04 1.242174898157345497e+00
6.075549525885695766e+04 1.032579305092897970e+00
6.075549551891763986e+04 1.016580463418820246e+00
6.075549577897833660e+04 9.696017912997905164e-01
6.075549603903902607e+04 9.013319330848522659e-01
6.075549629909972282e+04 1.077490139862609553e+00
6.075549655916041229e+04 1.222053464876699191e+00
6.075549681922110176e+04 1.051323174238247615e+00
6.075549707928179851e+04 9.093525485296389821e-01
6.075549733934248798e+04 1.019784607850606095e+00
6.075549759940317745e+04 1.145618977139174932e+00
6.075549785946386692e+04 1.144322119691577377e+00
6.075549811952456366e+04 1.088722240313998446e+00
6.075549837958525313e+04 1.124069616830208673e+00
6.075549863964594988e+04 1.065953486927142757e+00
6.075549889970663935e+04 8.180145227547721554e-01
6.075549915976732882e+04 1.155547290767149793e+00
6.075549941982802557e+04 9.664908861431124043e-01
6.075549967988871504e+04 9.969713389918862800e-01
6.075549993994941178e+04 9.424544395592563406e-01
6.075550020001009398e+04 1.052397879466538289e+00
6.075550046007079072e+04 9.387415001020886773e-01
6.075550072013148747e+04 8.522430759072628925e-01
6.075550098019216966e+04 9.959156285457565483e-01
6.075550124025286641e+04 1.253980423907430364e+00
6.075550150031355588e+04 1.021498157546226970e+00
6.075550176037425263e+04 1.166373185914604482e+00
6.075550202043494210e+04 1.164073715922409491e+00
6.075550228049563157e+04 1.063506556335757525e+00
6.075550254055632831e+04 1.114241508615953835e+00
6.075550280061701778e+04 1.150551061400576502e+00
6.075550306067771453e+04 8.657845111564157481e-01
6.075550332073840400e+04 1.171736481808074215e+00
6.075550358079909347e+04 9.761673305576318294e-01
6.075550513883041276e+04 1.042352865718281896e+00
6.075550539889110951e+04 1.348569435141001360e+00
6.075550565895179898e+04 8.898044076426457893e-01
6.075550591901248845e+04 1.123507039562359866e+00
6.075550617907318519e+04 9.259577573806679895e-01
6.075550643913387466e+04 9.590369555741462548e-01
6.075550669919457141e+04 1.157868804437760080e+00
6.075550695925526088e+04 1.145248812060333021e+00
6.075550721931595035e+04 8.456092324323325471e-01
6.075550747937664710e+04 9.736966288762336497e-01
6.075550773943733657e+04 1.124486688323669936e+00
6.075550799949803331e+04 9.531237952888783616e-01
6.075550825955872278e+04 1.062792807917330107e+00
6.075550851961941225e+04 1.221337168300606235e+00
6.075550877968010900e+04 1.286021693297580093e+00
6.075550903974079847e+04 9.437425027696938473e-01
6.075550929980148794e+04 1.101286453000562160e+00
6.075550955986217741e+04 1.047047382786813863e+00
6.075550981992287416e+04 1.096848237097548084e+00
6.075551007998357090e+04 1.085642739860178452e+00
6.075551034004426037e+04 9.372590789559223090e-01
6.075551060010494984e+04 1.215344050768665030e+00
6.075551086016564659e+04 1.003820255863063338e+00
6.075551112022633606e+04 1.195421948490728470e+00
6.075551138028703281e+04 1.304195881933015944e+00
6.075551164034772228e+04 1.057760922874914744e+00
6.075551190040841175e+04 1.196472544731720822e+00
6.075551216046910849e+04 1.009949941254644878e+00
6.075551242052979796e+04 1.162500715359260361e+00
6.075551268059049471e+04 9.566205718742212261e-01
6.075551294065118418e+04 1.064893947804389507e+00
6.075551320071187365e+04 9.599676073365276396e-01
6.075551346077257040e+04 1.153483092752607631e+00
6.075551372083325987e+04 1.181401029276118564e+00
6.075551398089394934e+04 9.015902158419006884e-01
6.075551424095464608e+04 1.067033610099362040e+00
6.075551450101533555e+04 1.006966846288973594e+00
6.075551476107603230e+04 8.021923165834575764e-01
6.075551502113672177e+04 1.137621999220711499e+00
6.075551528119741124e+04 9.436167897637088853e-01
6.075551554125810799e+04 1.062759140654528478e+00
6.075551580131879746e+04 1.147992686319123434e+00
6.075551606137949420e+04 1.082637457318129215e+00
6.075551632144019095e+04 9.004590741735934989e-01
6.075551658150087314e+04 1.001133965877713861e+00
6.075551684156156989e+04 1.109776191648556454e+00
6.075551710162226664e+04 1.113904489385503016e+00
6.075551736168294883e+04 1.185316149976003430e+00
6.075551762174364558e+04 1.033868367587764681e+00
6.075551788180433505e+04 1.171327110432888841e+00
6.075551814186503179e+04 1.284434169454774954e+00
6.075551840192572854e+04 1.096281419267241652e+00
6.075551866198641073e+04 9.240275625405981463e-01
6.075551892204710748e+04 1.016295728875797222e+00
6.075551918210780423e+04 1.144355023860965437e+00
6.075551944216849370e+04 1.077402567262702560e+00
6.075551970222919044e+04 9.703629117479311006e-01
6.075551996228987991e+04 1.091519273873137852e+00
6.075552022235056938e+04 9.113289820092420612e-01
6.075552048241126613e+04 1.134829441024095553e+00
6.075552074247194832e+04 9.175187510166455951e-01
6.075552100253265235e+04 1.098562361146809163e+00
6.075552126259334182e+04 1.030326438930331934e+00
6.075552152265403129e+04 8.511662006797282576e-01
6.075552178271472803e+04 9.214832460963596761e-01
6.075552204277541750e+04 8.819323865047802302e-01
6.075552230283610697e+04 1.082585872276492722e+00
6.075552256289680372e+04 1.087669852985247765e+00
6.075552282295750047e+04 1.181600800259039019e+00
6.075552308301818994e+04 9.865513952508961903e-01
6.075552334307887941e+04 8.944380475416638943e-01
6.075552360313957615e+04 9.697881851595721026e-01
6.075552386320026562e+04 7.473343342530771594e-01
6.075552412326096237e+04 1.028391344422046272e+00
6.075552438332165912e+04 1.069097691961660823e+00
6.075552464338234131e+04 9.322316038690704465e-01
6.075552490344303806e+04 1.022433776729497090e+00
6.075552516350373480e+04 1.175669090972025543e+00
6.075552542356441700e+04 1.094895389211945513e+00
6.075552568362511374e+04 9.137172687463489540e-01
6.075552594368581049e+04 1.025169293498963130e+00
6.075552620374649996e+04 9.498519764197853599e-01
6.075552646380719671e+04 1.096719727917575771e+00
6.075552672386788618e+04 1.054537345363176781e+00
6.075552698392857565e+04 8.867397887262916667e-01
6.075552724398927239e+04 8.441043353980220987e-01
6.075552750404996914e+04 1.092483550516955448e+00
6.075552776411065861e+04 9.382520636997734309e-01
6.075552802417134808e+04 1.135890606059266394e+00
6.075552828423204483e+04 1.104840473345202856e+00
6.075552854429273430e+04 9.082993438398738739e-01
6.075552880435342377e+04 1.064990760338049514e+00
6.075552906441412051e+04 1.119922401490837993e+00
6.075552932447480998e+04 1.022678583902657756e+00
6.075552958453550673e+04 9.891406025689336579e-01
6.075552984459620347e+04 9.333218498348064829e-01
6.075553010465688567e+04 1.296960853914693290e+00
6.075553036471758242e+04 8.718715544009096874e-01
6.075553062477827916e+04 1.035335096272810729e+00
6.075553088483896863e+04 9.492619112864069120e-01
6.075553114489966538e+04 9.448072426508926647e-01
6.075553140496035485e+04 9.566280269277932513e-01
6.075553166502104432e+04 1.129235556854159439e+00
6.075553192508174106e+04 9.614552232968988088e-01
6.075553218514243054e+04 1.018184983819196532e+00
6.075553244520312728e+04 8.301874197016924084e-01
6.075553270526381675e+04 1.112145525854285610e+00
6.075553296532451350e+04 8.963511104348116376e-01
6.075553322538520297e+04 9.219454957259579642e-01
6.075553348544589244e+04 9.607184634587618843e-01
6.075553503087646095e+04 9.237049324075201628e-01
6.075553529093715770e+04 1.169824584803991874e+00
6.075553555099784717e+04 9.349139910376104146e-01
6.075553581105853664e+04 9.810481658726045717e-01
6.075553607111923338e+04 1.256012468509883906e+00
6.075553633117992285e+04 9.039143587901985466e-01
6.075553659124061960e+04 8.547116905433744805e-01
6.075553685130131635e+04 1.219684323617191035e+00
6.075553711136199854e+04 8.647467897484834021e-01
6.075553737142269529e+04 1.021717495318105628e+00
6.075553763148339203e+04 8.242177681401428035e-01
6.075553789154408878e+04 9.453614985106980617e-01
6.075553815160477825e+04 9.963668943455130655e-01
6.075553841166546772e+04 9.099626527028090717e-01
6.075553867172616447e+04 1.017412580561605440e+00
6.075553893178685394e+04 1.180022655816065136e+00
6.075553919184754341e+04 1.028523452833662866e+00
6.075553945190824015e+04 9.272661993049339246e-01
6.075553971196892962e+04 1.100726740981460061e+00
6.075553997202962637e+04 1.063722386885480153e+00
6.075554023209032312e+04 1.010817938069190181e+00
6.075554049215101259e+04 1.239763146315103759e+00
6.075554075221170206e+04 9.549589154102436916e-01
6.075554101227239880e+04 1.052667609034022567e+00
6.075554127233309555e+04 1.210629035207269943e+00
6.075554153239378502e+04 9.215871911674589079e-01
6.075554179245447449e+04 7.864412416374063630e-01
6.075554205251517124e+04 1.078600494515753239e+00
6.075554231257586798e+04 9.474244449302235971e-01
6.075554257263655018e+04 9.972710512761915336e-01
6.075554283269725420e+04 1.003130521958631505e+00
6.075554309275794367e+04 1.107647574610133523e+00
6.075554335281863314e+04 1.113883126630857756e+00
6.075554361287932988e+04 7.479693452673625842e-01
6.075554387294001936e+04 9.644304639736421825e-01
6.075554413300071610e+04 9.777956205795020894e-01
6.075554439306140557e+04 9.975464097555338805e-01
6.075554465312210232e+04 1.095350346792677732e+00
6.075554491318279906e+04 8.853025458517884694e-01
6.075554517324348853e+04 9.672852215843216195e-01
6.075554543330417800e+04 1.147651989152297380e+00
6.075554569336487475e+04 1.145983403285292468e+00
6.075554595342557150e+04 1.186244744492462644e+00
6.075554621348626097e+04 1.045426724816275632e+00
6.075554647354695044e+04 7.991826898147061931e-01
6.075554673360764718e+04 1.121883845368925492e+00
6.075554699366834393e+04 1.048640755343106523e+00
6.075554725372902612e+04 1.043655190440057279e+00
6.075554751378972287e+04 1.246786251208924501e+00
6.075554777385041962e+04 8.589225127127854131e-01
6.075554803391111636e+04 1.102620312767162991e+00
6.075554829397180583e+04 9.258236654246789765e-01
6.075554855403249530e+04 9.346145728829615695e-01
6.075554881409319205e+04 1.011124228750130749e+00
6.075554907415388152e+04 8.569322187559080817e-01
6.075554933421457827e+04 9.145670073090744756e-01
6.075554959427527501e+04 1.031699309895232730e+00
6.075554985433596448e+04 1.028705117146820669e+00
6.075555011439665395e+04 9.637604741263545716e-01
6.075555037445735070e+04 8.274469009320504220e-01
6.075555063451804017e+04 8.015244878609388834e-01
6.075555089457873692e+04 1.034352593678448562e+00
6.075555115463942639e+04 8.761196818518248719e-01
6.075555141470012313e+04 1.188008161313637512e+00
6.075555167476081988e+04 1.080413684666033713e+00
6.075555193482150935e+04 1.037581775119676974e+00
6.075555219488219882e+04 9.961656399429477116e-01
6.075555245494289557e+04 1.097591811260078210e+00
6.075555271500359231e+04 1.137559100343031870e+00
6.075555297506428906e+04 1.079540805847749363e+00
6.075555323512497125e+04 8.936908970697129417e-01
6.075555349518566800e+04 9.821572015196868843e-01
6.075555375524636474e+04 8.657752573958799047e-01
6.075555401530705421e+04 9.892519271617185028e-01
6.075555427536775096e+04 9.400004954040295235e-01
6.075555453542844043e+04 1.299491116182872830e+00
6.075555479548913718e+04 7.865924053899913115e-01
6.075555505554983392e+04 1.093179562764607704e+00
6.075555531561051612e+04 9.744727008295717141e-01
6.075555557567121286e+04 1.141774196221743587e+00
6.075555583573190961e+04 7.280088176113239662e-01
6.075555609579260636e+04 1.186131257714928333e+00
6.075555635585329583e+04 1.004615389903237732e+00
6.075555661591398530e+04 1.035253388849805667e+00
6.075555687597468204e+04 9.709755464830563954e-01
6.075555713603537879e+04 1.080893945753203633e+00
6.075555739609607554e+04 1.088974506224698713e+00
6.075555765615676501e+04 8.787666447499100641e-01
6.075555791621745448e+04 7.304077280656050553e-01
6.075555817627815122e+04 7.468997439535697280e-01
6.075555843633884797e+04 9.286150804607735676e-01
6.075555869639953016e+04 1.094891332857840238e+00
6.075555895646022691e+04 9.079279491864056251e-01
6.075555921652092366e+04 1.075209586165815745e+00
6.075555947658162040e+04 7.865471137383035494e-01
6.075555973664230987e+04 1.237088709128020714e+00
6.075555999670299934e+04 1.318643441040235897e+00
6.075556025676369609e+04 9.645252495121399150e-01
6.075556051682439283e+04 9.968590420703397070e-01
6.075556077688508958e+04 9.213606855073064317e-01
6.075556103694577905e+04 8.642588297627756821e-01
6.075556129700646852e+04 1.016260460434086133e+00
6.075556155706716527e+04 8.745335838939191087e-01
6.075556181712786201e+04 1.070028748009661523e+00
6.075556207718854421e+04 8.400024310764087065e-01
6.075556233724924095e+04 8.659290999599466021e-01
6.075556259730993770e+04 1.131738539685773093e+00
6.075556285737063445e+04 1.147048982565663566e+00
6.075556311743133119e+04 8.547544429691807943e-01
6.075556337749201339e+04 6.878854053537555302e-01
6.075556504896522529e+04 1.066662131931113144e+00
6.075556530902591476e+04 1.138886561715638734e+00
6.075556556908661150e+04 1.010744155319563964e+00
6.075556582914730097e+04 1.071306199510595913e+00
6.075556608920799772e+04 1.123210580768543521e+00
6.075556634926869447e+04 9.864086106211650273e-01
6.075556660932938394e+04 1.172814016110157009e+00
6.075556686939008068e+04 7.634228949710877288e-01
6.075556712945077015e+04 9.628319791552532037e-01
6.075556738951146690e+04 1.050777444675989658e+00
6.075556764957216365e+04 1.141439253953716371e+00
6.075556790963285312e+04 1.105699520806684211e+00
6.075556816969354986e+04 9.573856609627326986e-01
6.075556842975423933e+04 9.154253733163929541e-01
6.075556868981492880e+04 1.067747942854273102e+00
6.075556894987563282e+04 9.378360815100710290e-01
6.075556920993632230e+04 8.587438125865174410e-01
6.075556946999701904e+04 1.087711516164740155e+00
6.075556973005770851e+04 9.502638394968085933e-01
6.075556999011839798e+04 1.043769339612558023e+00
6.075557025017909473e+04 1.161773289858407665e+00
6.075557051023979147e+04 9.029079647384150586e-01
6.075557077030048822e+04 9.438123984217752227e-01
6.075557103036117769e+04 1.105788935562033837e+00
6.075557129042186716e+04 1.023411066764223998e+00
6.075557155048256391e+04 8.329582808505006097e-01
6.075557181054326065e+04 1.072538182165044374e+00
6.075557207060395740e+04 8.518818245217846252e-01
6.075557233066464687e+04 8.707746968266165677e-01
6.075557259072533634e+04 9.998299231085474581e-01
6.075557285078603309e+04 9.742960374278780700e-01
6.075557311084672983e+04 9.816235569423200635e-01
6.075557337090741930e+04 8.880453983983656041e-01
6.075557363096811605e+04 1.179247504911763444e+00
6.075557389102880552e+04 9.268711759193792865e-01
6.075557415108950227e+04 9.275691356213235927e-01
6.075557441115019901e+04 9.386818793719491349e-01
6.075557467121088848e+04 1.222591592499335578e+00
6.075557493127158523e+04 8.974816976594695017e-01
6.075557519133227470e+04 9.283963643156194490e-01
6.075557545139297144e+04 1.078472735741492716e+00
6.075557571145366819e+04 9.513265856626820227e-01
6.075557597151435766e+04 1.024124840529205160e+00
6.075557623157505441e+04 1.083211445820779328e+00
6.075557649163575115e+04 1.034399599393121649e+00
6.075557675169643335e+04 8.330303204427831343e-01
6.075557701175713009e+04 7.682235903960000778e-01
6.075557727181782684e+04 1.049530656175189813e+00
6.075557753187852359e+04 8.300014227702475766e-01
6.075557779193922033e+04 7.570044767611378012e-01
6.075557805199990980e+04 9.139220357334294498e-01
6.075557831206059927e+04 8.310738484433097817e-01
6.075557857212129602e+04 7.802098728908176684e-01
6.075557883218199277e+04 8.325227538061078514e-01
6.075557909224268951e+04 8.397197236276304766e-01
6.075557935230337898e+04 7.451084568082936288e-01
6.075557961236407573e+04 1.069969091475728273e+00
6.075557987242476520e+04 8.248807658745065385e-01
6.075558013248546195e+04 1.092093088409784363e+00
6.075558039254615869e+04 9.337140414893686513e-01
6.075558065260684816e+04 1.001058259290236396e+00
6.075558091266754491e+04 1.059766399900603062e+00
6.075558117272824165e+04 1.048764034890453223e+00
6.075558143278892385e+04 1.031598704596871752e+00
6.075558169284962059e+04 8.673919975935281412e-01
6.075558195291031734e+04 1.167671555444293796e+00
6.075558221297101409e+04 8.167541743476134375e-01
6.075558247303171083e+04 8.791811982707934403e-01
6.075558273309240030e+04 1.084068113797971744e+00
6.075558299315309705e+04 9.163123168699163212e-01
6.075558325321378652e+04 7.736416028874512074e-01
6.075558351327448327e+04 1.130765304220029410e+00
6.075558377333518001e+04 8.930371175018998464e-01
6.075558403339586948e+04 9.857516095214255980e-01
6.075558429345656623e+04 1.110314956020580723e+00
6.075558455351726298e+04 9.929595797785525368e-01
6.075558481357794517e+04 1.069661380895817082e+00
6.075558507363864192e+04 1.161591742945204286e+00
6.075558533369933866e+04 1.039360003848147418e+00
6.075558559376003541e+04 9.931947586937762695e-01
6.075558585382073215e+04 1.240958239134120733e+00
6.075558611388142162e+04 8.391668184919668372e-01
6.075558637394211837e+04 9.063177890643316914e-01
6.075558663400280784e+04 9.419374133932622017e-01
6.075558689406350459e+04 7.875702487225649806e-01
6.075558715412420133e+04 7.542568964870485226e-01
6.075558741418489080e+04 9.233984100185547161e-01
6.075558767424558755e+04 9.150949351159077816e-01
6.075558793430628430e+04 1.220809187994456479e+00
6.075558819436697377e+04 1.049236772183887778e+00
6.075558845442767051e+04 1.267246450192271334e+00
6.075558871448835998e+04 8.966452090681379383e-01
6.075558897454905673e+04 8.596781518092669883e-01
6.075558923460975348e+04 1.044896814335231072e+00
6.075558949467044295e+04 7.710296096471866978e-01
6.075558975473113969e+04 9.082986955951791730e-01
6.075559001479183644e+04 9.262426807243000493e-01
6.075559027485253318e+04 9.600103702892451851e-01
6.075559053491322265e+04 1.022608687649746884e+00
6.075559079497391212e+04 8.783619632014220135e-01
6.075559105503460887e+04 9.934695544033796955e-01
6.075559131509530562e+04 1.009369539218976097e+00
6.075559157515600236e+04 7.445763325458386594e-01
6.075559183521669911e+04 8.100700698504624819e-01
6.075559209527738858e+04 8.788742210210745975e-01
6.075559235533808533e+04 9.800984954780112002e-01
6.075559261539877480e+04 9.736373603010932687e-01
6.075559287545946427e+04 1.159703327661756100e+00
6.075559313552016101e+04 1.010603618511173529e+00
6.075559339558085776e+04 1.230432405901262793e+00
6.075559494101491873e+04 9.702554326494116088e-01
6.075559520107561548e+04 1.154385042392720884e+00
6.075559546113631222e+04 1.180292098135437007e+00
6.075559572119700897e+04 1.036310926684544720e+00
6.075559598125769844e+04 9.491113186143046443e-01
6.075559624131839519e+04 1.055699733635287574e+00
6.075559650137908466e+04 8.729271079562331836e-01
6.075559676143977413e+04 8.720606441303292433e-01
6.075559702150047087e+04 1.018124562461382610e+00
6.075559728156116762e+04 1.062454952635994543e+00
6.075559754162186437e+04 9.911061189647899505e-01
6.075559780168256111e+04 8.360628242140447641e-01
6.075559806174325058e+04 9.910490908879658889e-01
6.075559832180394733e+04 1.002514482687988151e+00
6.075559858186464407e+04 9.318496136914578010e-01
6.075559884192533355e+04 7.250798671427229891e-01
6.075559910198603029e+04 9.905870950882512682e-01
6.075559936204671976e+04 8.349051050866745927e-01
6.075559962210741651e+04 7.839840525597179255e-01
6.075559988216811325e+04 8.066955098215288222e-01
6.075560014222880272e+04 1.255508844616307851e+00
6.075560040228950675e+04 7.087324646284236529e-01
6.075560066235019622e+04 1.045518232706827089e+00
6.075560092241089296e+04 7.486703218597448029e-01
6.075560118247158971e+04 7.740703405233310130e-01
6.075560144253227918e+04 9.678752596461770441e-01
6.075560170259296865e+04 1.030363968351235782e+00
6.075560196265366540e+04 9.375203178697376627e-01
6.075560222271436214e+04 7.878227510026536429e-01
6.075560248277505889e+04 1.034476206753931704e+00
6.075560274283574836e+04 9.130001976422820187e-01
6.075560300289644510e+04 7.944978700252101067e-01
6.075560326295714185e+04 8.628231820670093644e-01
6.075560352301783860e+04 9.652847551790555425e-01
6.075560378307853534e+04 7.749514467929661254e-01
6.075560404313922481e+04 9.003353565615759280e-01
6.075560430319992156e+04 1.054376398586413410e+00
6.075560456326061831e+04 8.422867571734548031e-01
6.075560482332130050e+04 8.217938529532697878e-01
6.075560508338199725e+04 8.543995384432272466e-01
6.075560534344269399e+04 1.021355593289396735e+00
6.075560560350339074e+04 7.442038601413027976e-01
6.075560586356408749e+04 9.825721947746541840e-01
6.075560612362477696e+04 9.865572639068188598e-01
6.075560638368547370e+04 7.989423052396779079e-01
6.075560664374617045e+04 7.425791356766769935e-01
6.075560690380686719e+04 1.112041655530590534e+00
6.075560716386756394e+04 9.531607940999294870e-01
6.075560742392825341e+04 1.099946625491649677e+00
6.075560768398895016e+04 9.763185255481736657e-01
6.075560794404964690e+04 8.857831718541422372e-01
6.075560820411032910e+04 8.066059355082030313e-01
6.075560846417102584e+04 1.040182715276821046e+00
6.075560872423172259e+04 7.642493335811788580e-01
6.075560898429241934e+04 1.222815021824048110e+00
6.075560924435311608e+04 8.138905664160732689e-01
6.075560950441380555e+04 8.718396582676020135e-01
6.075560976447450230e+04 7.308535384931151846e-01
6.075561002453519905e+04 8.564994756996198166e-01
6.075561028459589579e+04 9.812629399956656062e-01
6.075561054465659254e+04 8.956650002032426894e-01
6.075561080471728201e+04 1.090932950403161739e+00
6.075561106477797875e+04 8.655426303994261383e-01
6.075561132483867550e+04 9.536761337073025313e-01
6.075561158489937225e+04 1.101064940264962599e+00
6.075561184496006899e+04 7.613678564983115127e-01
6.075561210502075846e+04 7.578258129314564551e-01
6.075561236508144793e+04 1.003114804676864535e+00
6.075561262514214468e+04 1.016759442023452253e+00
6.075561288520283415e+04 1.291307252024319174e+00
6.075561314526353090e+04 1.252420262286294772e+00
6.075561340532422764e+04 8.597598536680597370e-01
6.075561366538492439e+04 1.029307112033209126e+00
6.075561392544562113e+04 9.352970175583396051e-01
6.075561418550631060e+04 1.150018719190842198e+00
6.075561444556700735e+04 1.010241892475617576e+00
6.075561470562770410e+04 1.023724505937024132e+00
6.075561496568840084e+04 1.006849769525749894e+00
6.075561522574909759e+04 9.814614660787424061e-01
6.075561548580978706e+04 8.787409987432378555e-01
6.075561574587048381e+04 1.054952832200612756e+00
6.075561600593118055e+04 9.855242809079519661e-01
6.075561626599187002e+04 7.318091729962220571e-01
6.075561652605256677e+04 9.218196793483860452e-01
6.075561678611326352e+04 1.067132043084831672e+00
6.075561704617396026e+04 1.063128126705153997e+00
6.075561730623465701e+04 8.505232592668390268e-01
6.075561756629534648e+04 9.310877972304086869e-01
6.075561782635604322e+04 1.017782600566895512e+00
6.075561808641673269e+04 1.086890478987469377e+00
6.075561834647742944e+04 8.705107800339368929e-01
6.075561860653812619e+04 7.052578779801415010e-01
6.075561886659881566e+04 1.173744049128651490e+00
6.075561912665951240e+04 9.345884744820548429e-01
6.075561938672020915e+04 7.505180303948822962e-01
6.075561964678089862e+04 6.342265838225049635e-01
6.075561990684160264e+04 1.059081295067688444e+00
6.075562016690229211e+04 1.020253066437542877e+00
6.075562042696298886e+04 9.506885125826932681e-01
6.075562068702368560e+04 8.979014646766118046e-01
6.075562094708437508e+04 7.886023087545053212e-01
6.075562120714507182e+04 9.216501203112192897e-01
6.075562146720576857e+04 9.989211596677229910e-01
6.075562172726646531e+04 9.938278196300333045e-01
6.075562198732716206e+04 9.255134214413012206e-01
6.075562224738785153e+04 8.787845378750563929e-01
6.075562250744854828e+04 7.999221148386580493e-01
6.075562276750924502e+04 8.001116173644582386e-01
6.075562302756994177e+04 8.815714407135952779e-01
6.075562328763063852e+04 9.602351506073344423e-01
6.075562490904599690e+04 1.141539838218923464e+00
6.075562516909990518e+04 8.723527492975439168e-01
6.075562542915379890e+04 9.959286938130750277e-01
6.075562568920769263e+04 8.937105170623281802e-01
6.075562594926160091e+04 9.887934784411611666e-01
6.075562620931549463e+04 1.015281502778480505e+00
6.075562646936939564e+04 8.880186248191853648e-01
6.075562672942329664e+04 9.612969205884590584e-01
6.075562698947719036e+04 8.586744625365949624e-01
6.075562724953109864e+04 1.056630933125462191e+00
6.075562750958499237e+04 8.679973301807164532e-01
6.075562776963889337e+04 7.783665783869799792e-01
6.075562802969280165e+04 7.662095744204475700e-01
6.075562828974669537e+04 1.057564614951697735e+00
6.075562854980059637e+04 9.122885948665070410e-01
6.075562880985449738e+04 1.123715319052676298e+00
6.075562906990839110e+04 8.926475695499729301e-01
6.075562932996229938e+04 9.864500151473242218e-01
6.075562959001619311e+04 6.331922698410480388e-01
6.075562985007009411e+04 8.055260877700786137e-01
6.075563011012399511e+04 1.059327592679106145e+00
6.075563037017788884e+04 5.692549775581624560e-01
6.075563063023179711e+04 1.208594062483700826e+00
6.075563089028569084e+04 1.093965260753344548e+00
6.075563115033958456e+04 1.061511525604211359e+00
6.075563141039349284e+04 8.946508745641306160e-01
6.075563167044738657e+04 1.075394026840857942e+00
6.075563193050128757e+04 9.747644730240468958e-01
6.075563219055518857e+04 9.799641808880393823e-01
6.075563245060908230e+04 1.025722969087941028e+00
6.075563271066299058e+04 8.853311155718911474e-01
6.075563297071688430e+04 8.628188052702299160e-01
6.075563323077078530e+04 1.138894403047680193e+00
6.075563349082468631e+04 9.020121490493602234e-01
6.075563375087858003e+04 9.872501276476342014e-01
6.075563401093248831e+04 9.946904149239973458e-01
6.075563427098638203e+04 1.269734823436857729e+00
6.075563453104027576e+04 1.060912175622864995e+00
6.075563479109418404e+04 1.002867619498912122e+00
6.075563505114807776e+04 8.785462885304873293e-01
6.075563531120197877e+04 8.736477550898156252e-01
6.075563557125588704e+04 9.987552476134372581e-01
6.075563583130978077e+04 1.102379439207785916e+00
6.075563609136368905e+04 8.954089845109990398e-01
6.075563635141758277e+04 9.800247374684500912e-01
6.075563661147148377e+04 1.012499995582962997e+00
6.075563687152538478e+04 9.208435105553762767e-01
6.075563713157927850e+04 1.139108640319357102e+00
6.075563739163318678e+04 8.864254373090941774e-01
6.075563765168708051e+04 1.018733987373789063e+00
6.075563791174097423e+04 8.793568664039815852e-01
6.075563817179488251e+04 1.030603987593863735e+00
6.075563843184877624e+04 9.592791688343329515e-01
6.075563869190267724e+04 9.534935581309563757e-01
6.075563895195657824e+04 1.043024522945629640e+00
6.075563921201047197e+04 8.618668323829749012e-01
6.075563947206438024e+04 9.444053623859174351e-01
6.075563973211827397e+04 9.927645559829054722e-01
6.075563999217217497e+04 1.054510096618278325e+00
6.075564025222608325e+04 1.108181116645345465e+00
6.075564051227997697e+04 1.047932753385374616e+00
6.075564077233388525e+04 8.608184136153551602e-01
6.075564103238777898e+04 1.077523256354919301e+00
6.075564129244167270e+04 9.706251996253469905e-01
6.075564155249558098e+04 8.708153618224858672e-01
6.075564181254947471e+04 9.957482489748361587e-01
6.075564207260337571e+04 1.065616587419587091e+00
6.075564233265727671e+04 1.002466484086901310e+00
6.075564259271117044e+04 9.332402144751806849e-01
6.075564285276507871e+04 1.039698409720174910e+00
6.075564311281897244e+04 1.036242952187294675e+00
6.075564337287286617e+04 1.030490603856808463e+00
6.075564363292677444e+04 9.613820344677872498e-01
6.075564389298066817e+04 9.778896487213303290e-01
6.075564415303458372e+04 8.899654306524809044e-01
6.075564441308847745e+04 7.000882624585652581e-01
6.075564467314237118e+04 1.038875983071341658e+00
6.075564493319627945e+04 9.110603828351480082e-01
6.075564519325017318e+04 8.809921526966032479e-01
6.075564545330407418e+04 1.150191520005244605e+00
6.075564571335797518e+04 1.064063698401811253e+00
6.075564597341186891e+04 7.844488907885440732e-01
6.075564623346577719e+04 9.806044332839463085e-01
6.075564649351967091e+04 1.094454645773511148e+00
6.075564675357356464e+04 1.164437487432094853e+00
6.075564701362747292e+04 1.135558152519391628e+00
6.075564727368136664e+04 1.095592496732540777e+00
6.075564753373527492e+04 8.961136922308935437e-01
6.075564779378917592e+04 1.030553578127482384e+00
6.075564805384306965e+04 5.839873236043897631e-01
6.075564831389697792e+04 9.936643162856066969e-01
6.075564857395087165e+04 8.221042654678090145e-01
6.075564883400477265e+04 1.174831015193125161e+00
6.075564909405867365e+04 8.973616669472436191e-01
6.075564935411256738e+04 9.783823440364819435e-01
6.075564961416647566e+04 9.795209434424007044e-01
6.075564987422036938e+04 1.046780037618237902e+00
6.075565013427426311e+04 8.397649362396585326e-01
6.075565039432817866e+04 1.103129839817863944e+00
6.075565065438207239e+04 1.014036775544652436e+00
6.075565091443597339e+04 1.071543224090219626e+00
6.075565117448987439e+04 9.138161120509025181e-01
6.075565143454376812e+04 9.243477852411748907e-01
6.075565169459767640e+04 9.371450444113932354e-01
6.075565195465157012e+04 1.096058844110159081e+00
6.075565221470547112e+04 7.699251287070506544e-01
6.075565247475937213e+04 9.366726547939163705e-01
6.075565273481326585e+04 9.347662348496527107e-01
6.075565299486718141e+04 1.028130381384274594e+00
6.075565325492107513e+04 9.746455342795946608e-01
6.075565492676799477e+04 1.070075108094762806e+00
6.075565518682868424e+04 9.936815459982663024e-01
6.075565544688938098e+04 1.065730463848381770e+00
6.075565570695007773e+04 1.014010224378747216e+00
6.075565596701077448e+04 1.049551011428121239e+00
6.075565622707147122e+04 1.083704799782595707e+00
6.075565648713216069e+04 1.033304279440173223e+00
6.075565674719285744e+04 9.941429519416307148e-01
6.075565700725356146e+04 8.959001262088802653e-01
6.075565726731425821e+04 1.051287429115721705e+00
6.075565752737495495e+04 8.875334118690743068e-01
6.075565778743564442e+04 9.978910246179343302e-01
6.075565804749634117e+04 8.149039714851238347e-01
6.075565830755703792e+04 1.048863536562288257e+00
6.075565856761772739e+04 1.109485147967098628e+00
6.075565882767842413e+04 1.022493073424912469e+00
6.075565908773912088e+04 8.915441807713432310e-01
6.075565934779981762e+04 9.095649143019612914e-01
6.075565960786051437e+04 1.155521526010302891e+00
6.075565986792121112e+04 1.250124620734619718e+00
6.075566012798190786e+04 9.118066492585752414e-01
6.075566038804260461e+04 9.611307707546016266e-01
6.075566064810330136e+04 8.430288002347495757e-01
6.075566090816399810e+04 1.021941189801290450e+00
6.075566116822468757e+04 8.474521545174610315e-01
6.075566142828538432e+04 9.967552981058448447e-01
6.075566168834608106e+04 5.851939135594338426e-01
6.075566194840677781e+04 9.542223981984291337e-01
6.075566220846748183e+04 1.051896814227906596e+00
6.075566246852817130e+04 1.039381585141218256e+00
6.075566272858886805e+04 9.334849682925570047e-01
6.075566298864956480e+04 1.019560721322582575e+00
6.075566324871025427e+04 9.661991741562724334e-01
6.075566350877095101e+04 1.033468701193885009e+00
6.075566376883164776e+04 1.149275546673797166e+00
6.075566402889234450e+04 1.129416458336005791e+00
6.075566428895304125e+04 9.184147371379036695e-01
6.075566454901373800e+04 9.584455726457735691e-01
6.075566480907443474e+04 1.158970173834455775e+00
6.075566506913513149e+04 9.550306822210207214e-01
6.075566532919582824e+04 8.829326902826440948e-01
6.075566558925652498e+04 8.449368052620419567e-01
6.075566584931721445e+04 1.095241924655923738e+00
6.075566610937791120e+04 9.353804843925307422e-01
6.075566636943860794e+04 9.498677609742484096e-01
6.075566662949930469e+04 1.102969975528357738e+00
6.075566688956000144e+04 1.071854083141103864e+00
6.075566714962069818e+04 1.183056978776308110e+00
6.075566740968139493e+04 1.130799368793965254e+00
6.075566766974209168e+04 8.436271578684240158e-01
6.075566792980278115e+04 7.515701995333174956e-01
6.075566818986347789e+04 1.076686122059511863e+00
6.075566844992417464e+04 1.081630830333778714e+00
6.075566870998487866e+04 9.292411594070367764e-01
6.075566897004557541e+04 8.295057251775113105e-01
6.075566923010626488e+04 1.106180027921090714e+00
6.075566949016696162e+04 1.084262885024638523e+00
6.075566975022765837e+04 8.878580700896894218e-01
6.075567001028834784e+04 1.060914866352575814e+00
6.075567027034905186e+04 1.144398590789673875e+00
6.075567053040974133e+04 7.693304826146443176e-01
6.075567079047044535e+04 9.915622885573011080e-01
6.075567105053114210e+04 9.569268302254235747e-01
6.075567131059183157e+04 9.414952731280470388e-01
6.075567157065252832e+04 1.028142363735476073e+00
6.075567183071322506e+04 9.663318033005556806e-01
6.075567209077392181e+04 1.040542693488583081e+00
6.075567235083461856e+04 1.008547580428973189e+00
6.075567261089531530e+04 9.280370213203273932e-01
6.075567287095601205e+04 9.794822867865787819e-01
6.075567313101670879e+04 1.137651513922647517e+00
6.075567339107740554e+04 1.069749061710423943e+00
6.075567365113810229e+04 1.063801737407169767e+00
6.075567391119879176e+04 1.110197001522403637e+00
6.075567417125948850e+04 8.985315667112944160e-01
6.075567443132019253e+04 9.859250337430099931e-01
6.075567469138088200e+04 1.073000700837658306e+00
6.075567495144157874e+04 1.016470448879218225e+00
6.075567521150227549e+04 7.941963597999116553e-01
6.075567547156297223e+04 8.519727142956277088e-01
6.075567573162366898e+04 1.081297875249152440e+00
6.075567599168436573e+04 1.005842271528533560e+00
6.075567625174506247e+04 1.011169538571937698e+00
6.075567651180575922e+04 9.283106121180859649e-01
6.075567677186645597e+04 1.031315870767377296e+00
6.075567703192715271e+04 1.039636013309809259e+00
6.075567729198784218e+04 9.028987019193509544e-01
6.075567755204853893e+04 1.157430140579222222e+00
6.075567781210924295e+04 1.049907804934511413e+00
6.075567807216993242e+04 1.240954701289871842e+00
6.075567833223062917e+04 1.020861238903154389e+00
6.075567859229132591e+04 9.848305680354472180e-01
6.075567885235202266e+04 9.074193873413560762e-01
6.075567911241271941e+04 9.830940819837236111e-01
6.075567937247341615e+04 9.518434822393191386e-01
6.075567963253411290e+04 1.121741534176931454e+00
6.075567989259480964e+04 1.074208713661491732e+00
6.075568015265550639e+04 9.392977762501860672e-01
6.075568041271620314e+04 8.501065981780011604e-01
6.075568067277689261e+04 8.117574608470905506e-01
6.075568093283759663e+04 9.567617688409532084e-01
6.075568119289829338e+04 1.011936753505113806e+00
6.075568145295898285e+04 1.136970068410813495e+00
6.075568171301968687e+04 8.795905924526006281e-01
6.075568197308037634e+04 8.290401389945684096e-01
6.075568223314107308e+04 1.047930886492903779e+00
6.075568249320177711e+04 9.150604954340791908e-01
6.075568275326246658e+04 1.069822862701804711e+00
6.075568301332316332e+04 1.146698885769776188e+00
6.075568327338386007e+04 1.133201455561774429e+00
6.075568483179301256e+04 1.137719438415090822e+00
6.075568509184680443e+04 9.442945326194954747e-01
6.075568535190059629e+04 8.026562242855099782e-01
6.075568561195438815e+04 9.231063925504223722e-01
6.075568587200818729e+04 1.140088013057107164e+00
6.075568613206199370e+04 9.171168136330860587e-01
6.075568639211578557e+04 1.035184406794931844e+00
6.075568665216957743e+04 1.052577528783845251e+00
6.075568691222336929e+04 1.059673505151143891e+00
6.075568717227716115e+04 1.138015274981875047e+00
6.075568743233096029e+04 1.028678609861255477e+00
6.075568769238475215e+04 8.831291268955102636e-01
6.075568795243854402e+04 1.010281156380860246e+00
6.075568821249233588e+04 1.271441128016860267e+00
6.075568847254613502e+04 1.099509865778621753e+00
6.075568873259992688e+04 7.580782682540192496e-01
6.075568899265372602e+04 9.282385290267334277e-01
6.075568925270752516e+04 8.970421912828787647e-01
6.075568951276131702e+04 1.188683418571631067e+00
6.075568977281511616e+04 9.869851073705937505e-01
6.075569003286890802e+04 9.602745049804408684e-01
6.075569029292269988e+04 1.069983278594500709e+00
6.075569055297649174e+04 9.109972766954947954e-01
6.075569081303029088e+04 1.002159396536489888e+00
6.075569107308408275e+04 1.089181110431801658e+00
6.075569133313787461e+04 1.173001622185867010e+00
6.075569159319166647e+04 1.026381248556393455e+00
6.075569185324547288e+04 9.584917910314160183e-01
6.075569211329927202e+04 8.679102172810233551e-01
6.075569237335306389e+04 1.006071402771413936e+00
6.075569263340685575e+04 1.086527111172743254e+00
6.075569289346064761e+04 9.536016007419663154e-01
6.075569315351444675e+04 8.694405147543209367e-01
6.075569341356823861e+04 9.764654285626024333e-01
6.075569367362203047e+04 9.610519578706345767e-01
6.075569393367582234e+04 8.540927513220738510e-01
6.075569419372962147e+04 9.433858907768672974e-01
6.075569445378341334e+04 1.121343477487614315e+00
6.075569471383720520e+04 1.148122865186829600e+00
6.075569497389100434e+04 9.645126809098736320e-01
6.075569523394481075e+04 1.086498337549099524e+00
6.075569549399860261e+04 9.261574989430331195e-01
6.075569575405239448e+04 1.003733111930703581e+00
6.075569601410618634e+04 9.732498038495188686e-01
6.075569627415998548e+04 8.665109828246191359e-01
6.075569653421377734e+04 7.722825643833789444e-01
6.075569679426756920e+04 9.390234067264477957e-01
6.075569705432136107e+04 9.901775255655987928e-01
6.075569731437516020e+04 1.075598636221130278e+00
6.075569757442895207e+04 8.436229213966517371e-01
6.075569783448274393e+04 9.949192569306388734e-01
6.075569809453654307e+04 1.021172187122412645e+00
6.075569835459034948e+04 8.385779966705840804e-01
6.075569861464414134e+04 1.051686064862431325e+00
6.075569887469793321e+04 9.765536904755051095e-01
6.075569913475172507e+04 9.146656611205506993e-01
6.075569939480552421e+04 9.785579094362433228e-01
6.075569965485931607e+04 8.071198301529475261e-01
6.075569991491310793e+04 9.494599979021129954e-01
6.075570017496689979e+04 1.014610487738911271e+00
6.075570043502069893e+04 1.063037321556734804e+00
6.075570069507449080e+04 8.649787589316036973e-01
6.075570095512828993e+04 9.489314911029979038e-01
6.075570121518208907e+04 7.117235168176834215e-01
6.075570147523588821e+04 8.581241199521874030e-01
6.075570173528968007e+04 1.161653183987252147e+00
6.075570199534347194e+04 9.679064005833614148e-01
6.075570225539727107e+04 9.525046824819176638e-01
6.075570251545106294e+04 8.248407046258934283e-01
6.075570277550485480e+04 8.576272076051359994e-01
6.075570303555864666e+04 1.073813611224454956e+00
6.075570329561244580e+04 1.012863364752799145e+00
6.075570355566623766e+04 9.372894818716140941e-01
6.075570381572002952e+04 1.124010662026221130e+00
6.075570407577382866e+04 1.114824606300978349e+00
6.075570433582763508e+04 1.053388883651142027e+00
6.075570459588142694e+04 1.068859288230840088e+00
6.075570485593521880e+04 9.387051231703885668e-01
6.075570511598901066e+04 1.106871720928078728e+00
6.075570537604280980e+04 1.046574499415396042e+00
6.075570563609660167e+04 1.148403939359905257e+00
6.075570589615039353e+04 1.169772511713535801e+00
6.075570615620419267e+04 8.279964259777862212e-01
6.075570641625798453e+04 1.070251615515410037e+00
6.075570667631177639e+04 6.895275339973859774e-01
6.075570693636557553e+04 9.826390068437375058e-01
6.075570719641938194e+04 1.233861064073900948e+00
6.075570745647317381e+04 1.190430936356957847e+00
6.075570771652696567e+04 1.083338640338495695e+00
6.075570797658076481e+04 1.045574934756364760e+00
6.075570823663455667e+04 9.206508790103802298e-01
6.075570849668834853e+04 1.014461382650280186e+00
6.075570875674214039e+04 9.226098674023744950e-01
6.075570901679593953e+04 1.022462456668008057e+00
6.075570927684973140e+04 1.002947794017473804e+00
6.075570953690352326e+04 9.603724935625220782e-01
6.075570979695732240e+04 1.075938258888050614e+00
6.075571005701112153e+04 9.917492562727424632e-01
6.075571031706492067e+04 9.145610465698535974e-01
6.075571057711871254e+04 9.746785377969126030e-01
6.075571083717251167e+04 1.054338663795070019e+00
6.075571109722630354e+04 1.059817432738935361e+00
6.075571135728009540e+04 9.961587402603806485e-01
6.075571161733389454e+04 1.168100943971011940e+00
6.075571187738768640e+04 1.016440036827657600e+00
6.075571213744147826e+04 1.323503533109716468e+00
6.075571239749527740e+04 1.066594598950207251e+00
6.075571265754906926e+04 9.723266484783597008e-01
6.075571291760286840e+04 1.206038989447360876e+00
6.075571317765666754e+04 1.066437731768725916e+00
6.075571474868715450e+04 1.096816665047441797e+00
6.075571500874785124e+04 1.119774436764628955e+00
6.075571526880854799e+04 8.624921560314140478e-01
6.075571552886924474e+04 1.167046125886642916e+00
6.075571578892994148e+04 9.394888951677593525e-01
6.075571604899063823e+04 1.151934515112946533e+00
6.075571630905133497e+04 1.025643725949956009e+00
6.075571656911203172e+04 1.203587502928547437e+00
6.075571682917273574e+04 1.253325072326980427e+00
6.075571708923342521e+04 1.080750495182232207e+00
6.075571734929412196e+04 1.079678798416524588e+00
6.075571760935482598e+04 1.091929704728135997e+00
6.075571786941552273e+04 6.995902132280694685e-01
6.075571812947621947e+04 9.779107173633246886e-01
6.075571838953690894e+04 9.202966537829538884e-01
6.075571864959761297e+04 1.054851587305507765e+00
6.075571890965830971e+04 1.214830005342471209e+00
6.075571916971899918e+04 1.019300385683255650e+00
6.075571942977970320e+04 9.926908644090713940e-01
6.075571968984039995e+04 9.109700473234194629e-01
6.075571994990109670e+04 8.467407227654794033e-01
6.075572020996180072e+04 8.908548168949114165e-01
6.075572047002249019e+04 9.439903180081421485e-01
6.075572073008318694e+04 1.029035111510492539e+00
6.075572099014388368e+04 1.031684273682659692e+00
6.075572125020458770e+04 1.010382826734792960e+00
6.075572151026528445e+04 1.073289950199512344e+00
6.075572177032597392e+04 8.940373839518879207e-01
6.075572203038667794e+04 9.684570145279448594e-01
6.075572229044737469e+04 1.108191059430339687e+00
6.075572255050806416e+04 1.032763521932577033e+00
6.075572281056877546e+04 1.110492040682856674e+00
6.075572307062946493e+04 1.182465568639774034e+00
6.075572333069016167e+04 9.903123770819665106e-01
6.075572359075086570e+04 1.202727256268037337e+00
6.075572385081155517e+04 1.055890082700647881e+00
6.075572411087225191e+04 1.269271060698894171e+00
6.075572437093294866e+04 1.122013698907479595e+00
6.075572463099365268e+04 9.442454180171533373e-01
6.075572489105434943e+04 7.868665526879524696e-01
6.075572515111503890e+04 9.440319170091688861e-01
6.075572541117574292e+04 9.013797402965953998e-01
6.075572567123643967e+04 9.670804121851123147e-01
6.075572593129713641e+04 9.704120777167755119e-01
6.075572619135784043e+04 1.306301121524592990e+00
6.075572645141852990e+04 1.226929803533699070e+00
6.075572671147922665e+04 1.075691330870952811e+00
6.075572697153993067e+04 1.050492853387635872e+00
6.075572723160062014e+04 1.066752761766817548e+00
6.075572749166131689e+04 9.325471339339009846e-01
6.075572775172202091e+04 9.619682413164890589e-01
6.075572801178271766e+04 1.163678503029826894e+00
6.075572827184341440e+04 1.005870435808203789e+00
6.075572853190411115e+04 8.907976064077848255e-01
6.075572879196480790e+04 1.093023787699951122e+00
6.075572905202550464e+04 1.151309653180871084e+00
6.075572931208620867e+04 1.054919945711458418e+00
6.075572957214690541e+04 9.463705356263555357e-01
6.075572983220759488e+04 1.185412085705743079e+00
6.075573009226829890e+04 1.037862055478238954e+00
6.075573035232899565e+04 1.189521616152741101e+00
6.075573061238968512e+04 1.013247605293619680e+00
6.075573087245038914e+04 8.884014968921506439e-01
6.075573113251108589e+04 1.014038959074712531e+00
6.075573139257178264e+04 1.090933164505589303e+00
6.075573165263248666e+04 8.588028394437609014e-01
6.075573191269317613e+04 1.082418454263912588e+00
6.075573217275387287e+04 8.645154703473287849e-01
6.075573243281457690e+04 1.016754722855543580e+00
6.075573269287527364e+04 1.066644122559416319e+00
6.075573295293597039e+04 8.392140973536154069e-01
6.075573321299666713e+04 8.936134942999524045e-01
6.075573347305736388e+04 1.047396845947497379e+00
6.075573373311806063e+04 1.096182383473765176e+00
6.075573399317875737e+04 1.114607155754690826e+00
6.075573425323946140e+04 1.096592750014167228e+00
6.075573451330015087e+04 1.081756981566606379e+00
6.075573477336085489e+04 1.135537319963496161e+00
6.075573503342155163e+04 9.495485141159549780e-01
6.075573529348224110e+04 1.162584798841841405e+00
6.075573555354294513e+04 1.054441688973166036e+00
6.075573581360364187e+04 1.136548259501318325e+00
6.075573607366434589e+04 9.642256475601418408e-01
6.075573633372504264e+04 1.136840447232181139e+00
6.075573659378573211e+04 1.130315371846009054e+00
6.075573685384643613e+04 1.135332032130379698e+00
6.075573711390713288e+04 9.726887802591144272e-01
6.075573737396782963e+04 1.040792394880401206e+00
6.075573763402853365e+04 9.766775196328285613e-01
6.075573789408922312e+04 1.025667444891091407e+00
6.075573815414991986e+04 1.046110344467900077e+00
6.075573841421062389e+04 1.118346368010769698e+00
6.075573867427131336e+04 1.002508040625251118e+00
6.075573893433201010e+04 1.241727880042977850e+00
6.075573919439271413e+04 1.041632873639914969e+00
6.075573945445341087e+04 1.003654699469110456e+00
6.075573971451411489e+04 1.121265290370478285e+00
6.075573997457480436e+04 1.030869650932775050e+00
6.075574023463550111e+04 8.230946478671826716e-01
6.075574049469620513e+04 9.301677489366548812e-01
6.075574075475690188e+04 1.128656028082522411e+00
6.075574101481759863e+04 1.055158041243658973e+00
6.075574127487829537e+04 1.083826453661326239e+00
6.075574153493899212e+04 1.184718668519042284e+00
6.075574179499969614e+04 1.136433336411370565e+00
6.075574205506038561e+04 1.000885104108784507e+00
6.075574231512108236e+04 1.066759816356327883e+00
6.075574257518178638e+04 1.007436691794337591e+00
6.075574283524248312e+04 9.779423601441571412e-01
6.075574309530317987e+04 1.023224009344128049e+00
6.075574483016229351e+04 1.183352227646813581e+00
6.075574509021608537e+04 1.143851669767100399e+00
6.075574535026989179e+04 9.523157358713764120e-01
6.075574561032369093e+04 1.222651301609614771e+00
6.075574587037748279e+04 8.413337022575141377e-01
6.075574613043128193e+04 1.114860597342343773e+00
6.075574639048507379e+04 9.726016781700261848e-01
6.075574665053887293e+04 1.035595879420240895e+00
6.075574691059266479e+04 1.117869365766714695e+00
6.075574717064645665e+04 9.091985413686974882e-01
6.075574743070025579e+04 1.213704788150676395e+00
6.075574769075404765e+04 1.003082354693339617e+00
6.075574795080784679e+04 1.074014058959667617e+00
6.075574821086163865e+04 1.050967980718193751e+00
6.075574847091544507e+04 9.618074147204735969e-01
6.075574873096924421e+04 1.364188889289189355e+00
6.075574899102303607e+04 1.060245407699626830e+00
6.075574925107683521e+04 1.022829573267458159e+00
6.075574951113062707e+04 1.089548831187632905e+00
6.075574977118442621e+04 1.135920241939867736e+00
6.075575003123821807e+04 1.028472711364532888e+00
6.075575029129201721e+04 8.360932644330734131e-01
6.075575055134580907e+04 9.754428536134956973e-01
6.075575081139960093e+04 8.678241232705080632e-01
6.075575107145340007e+04 1.274214580035664790e+00
6.075575133150719921e+04 1.045815883665141888e+00
6.075575159156100563e+04 1.147342219596253932e+00
6.075575185161479749e+04 1.030848969331314535e+00
6.075575211166859663e+04 1.002047413603559534e+00
6.075575237172238849e+04 1.009043842275141545e+00
6.075575263177618035e+04 1.012524941902864350e+00
6.075575289182997949e+04 8.278240719090185218e-01
6.075575315188377135e+04 1.043042101002558786e+00
6.075575341193757049e+04 1.018491303488319399e+00
6.075575367199136235e+04 9.570606030542964104e-01
6.075575393204516149e+04 1.091737936916926222e+00
6.075575419209895335e+04 1.274248357975764634e+00
6.075575445215275249e+04 1.024531525467911708e+00
6.075575471220655891e+04 8.953310524122171099e-01
6.075575497226035077e+04 1.083828075334791308e+00
6.075575523231414991e+04 1.171519403798898518e+00
6.075575549236794177e+04 1.118476294535733606e+00
6.075575575242174091e+04 1.026970895473726664e+00
6.075575601247553277e+04 1.042373818667384100e+00
6.075575627252933191e+04 1.055122786350105812e+00
6.075575653258312377e+04 1.060056932435893273e+00
6.075575679263691563e+04 1.269355346380736771e+00
6.075575705269071477e+04 1.021328030303566781e+00
6.075575731274451391e+04 9.430684902441887063e-01
6.075575757279832033e+04 9.300521072380762977e-01
6.075575783285211219e+04 1.053397837484860711e+00
6.075575809290591133e+04 1.163325979827058765e+00
6.075575835295970319e+04 1.087471847247400758e+00
6.075575861301350233e+04 1.098922801658830384e+00
6.075575887306729419e+04 8.863932331442637702e-01
6.075575913312109333e+04 9.538977202190133120e-01
6.075575939317488519e+04 1.154130296285333923e+00
6.075575965322867705e+04 9.299480826316655069e-01
6.075575991328247619e+04 1.212827054158660101e+00
6.075576017333626805e+04 1.085602417930421115e+00
6.075576043339007447e+04 1.156394553593071306e+00
6.075576069344387361e+04 8.744728870152400635e-01
6.075576095349767274e+04 1.231975484849013869e+00
6.075576121355146461e+04 8.459115633078536645e-01
6.075576147360526375e+04 9.915704155313134205e-01
6.075576173365905561e+04 1.265314288219840932e+00
6.075576199371285475e+04 1.118184662658943340e+00
6.075576225376664661e+04 9.265013612832553314e-01
6.075576251382044575e+04 1.246876645777466708e+00
6.075576277387423761e+04 1.131966673253463229e+00
6.075576303392802947e+04 8.976912454725267665e-01
6.075576329398183589e+04 1.264231343217005366e+00
6.075576355403563502e+04 9.495716218847188861e-01
6.075576381408943416e+04 9.199474760848382893e-01
6.075576407414322603e+04 9.655646285086861846e-01
6.075576433419702516e+04 9.888181716636712526e-01
6.075576459425081703e+04 1.094953712667465773e+00
6.075576485430461616e+04 9.650734021806341989e-01
6.075576511435840803e+04 8.304432961194516682e-01
6.075576537441220717e+04 8.354753179404250663e-01
6.075576563446599903e+04 8.668662560729661903e-01
6.075576589451979817e+04 1.028142178195225576e+00
6.075576615457359003e+04 9.701275089345875458e-01
6.075576641462739644e+04 9.909946843257381177e-01
6.075576667468119558e+04 1.061838727029336571e+00
6.075576693473499472e+04 1.097751537917777576e+00
6.075576719478878658e+04 1.171421478678794426e+00
6.075576745484258572e+04 9.521681379795469136e-01
6.075576771489637758e+04 9.387363166532308734e-01
6.075576797495017672e+04 1.164369902940661339e+00
6.075576823500396858e+04 8.282195823891480568e-01
6.075576849505776045e+04 1.102113819451624011e+00
6.075576875511155959e+04 1.166134080344589430e+00
6.075576901516535145e+04 1.153388058640112623e+00
6.075576927521915786e+04 1.266564270105324352e+00
6.075576953527295700e+04 1.016129154997223116e+00
6.075576979532675614e+04 1.016359470077743188e+00
6.075577005538054800e+04 9.056676698773259426e-01
6.075577031543434714e+04 1.196992564557926020e+00
6.075577057548813900e+04 1.040273578014232481e+00
6.075577083554193814e+04 1.151697483494768415e+00
6.075577109559573000e+04 1.260930855116495275e+00
6.075577135564952914e+04 1.026405864044220850e+00
6.075577161570332100e+04 7.994895424147769880e-01
6.075577187575712014e+04 1.096527671740964438e+00
6.075577213581091200e+04 9.863780094720876468e-01
6.075577239586471842e+04 1.122181345067023051e+00
6.075577265591851756e+04 1.113885061343194094e+00
6.075577291597231670e+04 1.050116590397700778e+00
6.075577317602610856e+04 1.279936576855240205e+00
