6.075547523418369383e+04 1.020556160297849457e+00
6.075547549424438330e+04 1.014372222089626741e+00
6.075547575430508005e+04 9.627455130866595656e-01
6.075547601436576224e+04 9.715696953229959743e-01
6.075547627442645899e+04 9.555538265558157773e-01
6.075547653448714846e+04 9.977851695556637646e-01
6.075547679454784520e+04 1.022997557795002344e+00
6.075547705460853467e+04 9.197309704939381492e-01
6.075547731466922414e+04 9.889372134479406107e-01
6.075547757472991361e+04 9.392528946324314454e-01
6.075547783479061036e+04 9.731749516305666647e-01
6.075547809485129255e+04 1.025071136292078355e+00
6.075547835491198930e+04 1.009377263348847586e+00
6.075547861497267877e+04 9.557136922260659473e-01
6.075547887503337552e+04 1.004661758850937003e+00
6.075547913509406499e+04 9.420631258415939069e-01
6.075547939515475446e+04 9.723014357114448947e-01
6.075547965521544393e+04 9.833171172540613458e-01
6.075547991527614067e+04 9.535570624573991294e-01
6.075548017533683014e+04 1.052058620221143048e+00
6.075548043539752689e+04 1.013967746831774708e+00
6.075548069545820908e+04 1.022176965123944958e+00
6.075548095551890583e+04 1.003518345474100570e+00
6.075548121557959530e+04 9.529869660305363421e-01
6.075548147564028477e+04 9.538794665056098410e-01
6.075548173570098152e+04 9.771901420645922043e-01
6.075548199576167099e+04 9.900270043878557358e-01
6.075548225582236773e+04 9.631036725240917917e-01
6.075548251588305720e+04 9.800407988068100540e-01
6.075548277594374667e+04 9.742615264032233879e-01
6.075548303600443614e+04 9.635874421029034798e-01
6.075548329606513289e+04 9.480727986530843587e-01
6.075548355612582236e+04 9.475695584725172260e-01
6.075548381618651911e+04 9.294836084239803675e-01
6.075548407624720130e+04 9.616496580527855720e-01
6.075548433630789805e+04 1.003046117669843973e+00
6.075548459636858752e+04 9.831928326573672328e-01
6.075548485642928426e+04 9.636440350530748322e-01
6.075548511648997373e+04 9.632110475397455129e-01
6.075548537655066320e+04 1.043006685291314906e+00
6.075548563661135267e+04 9.834572159857523088e-01
6.075548589667204942e+04 9.585608351575571895e-01
6.075548615673273162e+04 9.467631616962888241e-01
6.075548641679342836e+04 9.592573992723177900e-01
6.075548667685411783e+04 9.296204035405783994e-01
6.075548693691481458e+04 9.739865026112635160e-01
6.075548719697551132e+04 9.558299282994001667e-01
6.075548745703619352e+04 9.217094836019544823e-01
6.075548771709689026e+04 1.012371642261243876e+00
6.075548797715757973e+04 9.669739154518224300e-01
6.075548823721827648e+04 9.544718556791321751e-01
6.075548849727896595e+04 9.665760283151096921e-01
6.075548875733965542e+04 1.018100914351372399e+00
6.075548901740034489e+04 9.608391317225394301e-01
6.075548927746104164e+04 1.010135092554510727e+00
6.075548953752172383e+04 9.610668049964601334e-01
6.075548979758242058e+04 9.540663262641726483e-01
6.075549005764311732e+04 9.561823325739111645e-01
6.075549031770380680e+04 9.969585310866492245e-01
6.075549057776450354e+04 9.356809707083534322e-01
6.075549083782518574e+04 9.869535311320871696e-01
6.075549109788588248e+04 9.979371074671532504e-01
6.075549135794657195e+04 9.668086088012849411e-01
6.075549161800726870e+04 9.718400749516878934e-01
6.075549187806795817e+04 1.013191331474320167e+00
6.075549213812864764e+04 8.990971629926938213e-01
6.075549239818933711e+04 1.023659752915353049e+00
6.075549265825003386e+04 9.597180853995528338e-01
6.075549291831072333e+04 9.690866971225393645e-01
6.075549317837142007e+04 9.762410418894000852e-01
6.075549343843210954e+04 9.895984853159218719e-01
6.075549369849279901e+04 9.889118639020890722e-01
6.075549395855349576e+04 9.692794963611164327e-01
6.075549421861417795e+04 9.942590088613521004e-01
6.075549447867487470e+04 9.814578347540392489e-01
6.075549473873556417e+04 9.803142518351244394e-01
6.075549499879626092e+04 9.090290578612978400e-01
6.075549525885695766e+04 9.712048573021563325e-01
6.075549551891763986e+04 9.151052631851850361e-01
6.075549577897833660e+04 9.372526597091902500e-01
6.075549603903902607e+04 9.909367779662181519e-01
6.075549629909972282e+04 9.603356460383072335e-01
6.075549655916041229e+04 9.467166332350948066e-01
6.075549681922110176e+04 9.787880178899817096e-01
6.075549707928179851e+04 9.208589504479254284e-01
6.075549733934248798e+04 9.450253018316092657e-01
6.075549759940317745e+04 1.018825107739725677e+00
6.075549785946386692e+04 9.241017768090392659e-01
6.075549811952456366e+04 9.595973147000498304e-01
6.075549837958525313e+04 9.341879753006840925e-01
6.075549863964594988e+04 9.069602387821342759e-01
6.075549889970663935e+04 9.746531037007504228e-01
6.075549915976732882e+04 9.617825022411847780e-01
6.075549941982802557e+04 1.012255583869509756e+00
6.075549967988871504e+04 9.992422827328780732e-01
6.075549993994941178e+04 9.354479325322234695e-01
6.075550020001009398e+04 9.176749460905295752e-01
6.075550046007079072e+04 9.678953657016909906e-01
6.075550072013148747e+04 9.479408257819337269e-01
6.075550098019216966e+04 9.872085650793133160e-01
6.075550124025286641e+04 9.715921004491755442e-01
6.075550150031355588e+04 9.554579387875408170e-01
6.075550176037425263e+04 9.982661553318886716e-01
6.075550202043494210e+04 9.313622953202821408e-01
6.075550228049563157e+04 9.569680772091808674e-01
6.075550254055632831e+04 9.991691836999492260e-01
6.075550280061701778e+04 9.003039661855843923e-01
6.075550306067771453e+04 9.081820776632134606e-01
6.075550332073840400e+04 1.000269583506754323e+00
6.075550358079909347e+04 9.226646321832064901e-01
6.075550513883041276e+04 9.756059202183704482e-01
6.075550539889110951e+04 9.742244469612415525e-01
6.075550565895179898e+04 9.243371646449232149e-01
6.075550591901248845e+04 9.512107908869174011e-01
6.075550617907318519e+04 9.534630923810278880e-01
6.075550643913387466e+04 1.015838947331988651e+00
6.075550669919457141e+04 9.899933148873532041e-01
6.075550695925526088e+04 9.713378702131841846e-01
6.075550721931595035e+04 1.000405269177967460e+00
6.075550747937664710e+04 9.772301734026505038e-01
6.075550773943733657e+04 9.806756951978305992e-01
6.075550799949803331e+04 9.576294792978378156e-01
6.075550825955872278e+04 1.019537213317235125e+00
6.075550851961941225e+04 9.721548390698772080e-01
6.075550877968010900e+04 9.290012014512307736e-01
6.075550903974079847e+04 9.693648732264480428e-01
6.075550929980148794e+04 9.944910222774241415e-01
6.075550955986217741e+04 9.476262658867626865e-01
6.075550981992287416e+04 9.907189315597482171e-01
6.075551007998357090e+04 9.488023470867027465e-01
6.075551034004426037e+04 9.668175740906130855e-01
6.075551060010494984e+04 9.777081825568254558e-01
6.075551086016564659e+04 9.412664077867758383e-01
6.075551112022633606e+04 9.800000593523999770e-01
6.075551138028703281e+04 1.008116543734061565e+00
6.075551164034772228e+04 9.403687175236606910e-01
6.075551190040841175e+04 9.449962510884630795e-01
6.075551216046910849e+04 9.625533464012795415e-01
6.075551242052979796e+04 9.644971676426677964e-01
6.075551268059049471e+04 9.879655998241433368e-01
6.075551294065118418e+04 9.867123764096547012e-01
6.075551320071187365e+04 9.661878197580522354e-01
6.075551346077257040e+04 9.490319122884237624e-01
6.075551372083325987e+04 9.939422269200296478e-01
6.075551398089394934e+04 9.908800596464070187e-01
6.075551424095464608e+04 9.942498835048740879e-01
6.075551450101533555e+04 9.741005976962392454e-01
6.075551476107603230e+04 9.774487925675983124e-01
6.075551502113672177e+04 1.035866298551322284e+00
6.075551528119741124e+04 1.009734740285396226e+00
6.075551554125810799e+04 9.766173018271394612e-01
6.075551580131879746e+04 9.726567638331146126e-01
6.075551606137949420e+04 1.011044264810766036e+00
6.075551632144019095e+04 1.032272216447908342e+00
6.075551658150087314e+04 9.502430664781175151e-01
6.075551684156156989e+04 9.504413936520790251e-01
6.075551710162226664e+04 9.843010350377471296e-01
6.075551736168294883e+04 1.001018806668764860e+00
6.075551762174364558e+04 1.027791142022266513e+00
6.075551788180433505e+04 9.921519004486325510e-01
6.075551814186503179e+04 9.602848846673160965e-01
6.075551840192572854e+04 9.676176665930504850e-01
6.075551866198641073e+04 9.539069000059235970e-01
6.075551892204710748e+04 1.009725196782539358e+00
6.075551918210780423e+04 9.915912446059675922e-01
6.075551944216849370e+04 9.632869172895318632e-01
6.075551970222919044e+04 9.356235471734010156e-01
6.075551996228987991e+04 9.941597923004888981e-01
6.075552022235056938e+04 9.712774685381461159e-01
6.075552048241126613e+04 9.518644064211624345e-01
6.075552074247194832e+04 9.843168475448007548e-01
6.075552100253265235e+04 9.417204611994534069e-01
6.075552126259334182e+04 9.651522093331623697e-01
6.075552152265403129e+04 9.946668183039293343e-01
6.075552178271472803e+04 1.040053797468777796e+00
6.075552204277541750e+04 9.598015703441485913e-01
6.075552230283610697e+04 9.781917531142553246e-01
6.075552256289680372e+04 9.868838358438222214e-01
6.075552282295750047e+04 9.223287952388296018e-01
6.075552308301818994e+04 1.006854814734975623e+00
6.075552334307887941e+04 9.715362827373641430e-01
6.075552360313957615e+04 9.565160316758045678e-01
6.075552386320026562e+04 9.847389710329284007e-01
6.075552412326096237e+04 9.702903986220142718e-01
6.075552438332165912e+04 9.750559507517274627e-01
6.075552464338234131e+04 9.649091711919242087e-01
6.075552490344303806e+04 9.748357819765054444e-01
6.075552516350373480e+04 9.727425891994676554e-01
6.075552542356441700e+04 9.667335157711547389e-01
6.075552568362511374e+04 1.010793918176875916e+00
6.075552594368581049e+04 9.593009989283057815e-01
6.075552620374649996e+04 9.850161744710096423e-01
6.075552646380719671e+04 9.587959707655406838e-01
6.075552672386788618e+04 1.002062536794308123e+00
6.075552698392857565e+04 9.931168226650706199e-01
6.075552724398927239e+04 1.007569041382541997e+00
6.075552750404996914e+04 9.818274295989425360e-01
6.075552776411065861e+04 9.942703654716131823e-01
6.075552802417134808e+04 9.733614916276059903e-01
6.075552828423204483e+04 9.872831945541762355e-01
6.075552854429273430e+04 9.576199995815678490e-01
6.075552880435342377e+04 1.010416344828611646e+00
6.075552906441412051e+04 9.771601127733425818e-01
6.075552932447480998e+04 9.079050802093705519e-01
6.075552958453550673e+04 9.627018915581174729e-01
6.075552984459620347e+04 9.679119214582017072e-01
6.075553010465688567e+04 9.879973667276332749e-01
6.075553036471758242e+04 9.451176502274143409e-01
6.075553062477827916e+04 9.600198965690672770e-01
6.075553088483896863e+04 9.368938675771539826e-01
6.075553114489966538e+04 1.046722831652895813e+00
6.075553140496035485e+04 9.810569046427383144e-01
6.075553166502104432e+04 9.584685761913125379e-01
6.075553192508174106e+04 9.203739824144406834e-01
6.075553218514243054e+04 9.552513606013198766e-01
6.075553244520312728e+04 9.658736342219842452e-01
6.075553270526381675e+04 1.017084230212900620e+00
6.075553296532451350e+04 9.642830601661949164e-01
6.075553322538520297e+04 9.278119106418425410e-01
6.075553348544589244e+04 9.764757854076642207e-01
6.075553503087646095e+04 9.848931197152688277e-01
6.075553529093715770e+04 1.019412240557283189e+00
6.075553555099784717e+04 9.770499206142340132e-01
6.075553581105853664e+04 9.896063334300477798e-01
6.075553607111923338e+04 9.680385564947834309e-01
6.075553633117992285e+04 1.004032319590143052e+00
6.075553659124061960e+04 9.651800548012953174e-01
6.075553685130131635e+04 9.753201633663931558e-01
6.075553711136199854e+04 9.583900296398344398e-01
6.075553737142269529e+04 9.232207224082447095e-01
6.075553763148339203e+04 9.256101890321232206e-01
6.075553789154408878e+04 9.745732062818859287e-01
6.075553815160477825e+04 9.786895064457604709e-01
6.075553841166546772e+04 9.764384973598824180e-01
6.075553867172616447e+04 9.265244656339813867e-01
6.075553893178685394e+04 9.052427284270502250e-01
6.075553919184754341e+04 9.513740718493473025e-01
6.075553945190824015e+04 9.619985042914167561e-01
6.075553971196892962e+04 9.238163867265533069e-01
6.075553997202962637e+04 1.055062935391853252e+00
6.075554023209032312e+04 9.758214436006307224e-01
6.075554049215101259e+04 9.608699557038863359e-01
6.075554075221170206e+04 9.666397111248852259e-01
6.075554101227239880e+04 9.583163871343588491e-01
6.075554127233309555e+04 1.001391868680260533e+00
6.075554153239378502e+04 9.601261407073189424e-01
6.075554179245447449e+04 9.841201387551434809e-01
6.075554205251517124e+04 9.723495463072454603e-01
6.075554231257586798e+04 1.019773806395337878e+00
6.075554257263655018e+04 9.808578306960588078e-01
6.075554283269725420e+04 1.010995856651980995e+00
6.075554309275794367e+04 9.832593883034542737e-01
6.075554335281863314e+04 9.837460312060634093e-01
6.075554361287932988e+04 9.367779768698202281e-01
6.075554387294001936e+04 1.031692972078046999e+00
6.075554413300071610e+04 9.621502139739198656e-01
6.075554439306140557e+04 1.011308613265909262e+00
6.075554465312210232e+04 9.867155938835615592e-01
6.075554491318279906e+04 9.237052580105759025e-01
6.075554517324348853e+04 9.509814919457372229e-01
6.075554543330417800e+04 9.478674395471130554e-01
6.075554569336487475e+04 1.018149111279685659e+00
6.075554595342557150e+04 9.857205322040235584e-01
6.075554621348626097e+04 9.963305572663005982e-01
6.075554647354695044e+04 1.015338056699908842e+00
6.075554673360764718e+04 1.002376191736609190e+00
6.075554699366834393e+04 9.994870686404434545e-01
6.075554725372902612e+04 1.030771778865553712e+00
6.075554751378972287e+04 9.766601362313652723e-01
6.075554777385041962e+04 9.256686130893574393e-01
6.075554803391111636e+04 9.889860767213147774e-01
6.075554829397180583e+04 9.880483730545248644e-01
6.075554855403249530e+04 9.017368749482719270e-01
6.075554881409319205e+04 9.916262171801916159e-01
6.075554907415388152e+04 8.902878353554639634e-01
6.075554933421457827e+04 9.536750180604717242e-01
6.075554959427527501e+04 9.454875370728309525e-01
6.075554985433596448e+04 1.013707834625054982e+00
6.075555011439665395e+04 9.966730931143240602e-01
6.075555037445735070e+04 9.804223719603554210e-01
6.075555063451804017e+04 9.705494063824364748e-01
6.075555089457873692e+04 1.019555154443897216e+00
6.075555115463942639e+04 9.237452681972638802e-01
6.075555141470012313e+04 9.862075548206359343e-01
6.075555167476081988e+04 1.034168498678264214e+00
6.075555193482150935e+04 9.766287029584005408e-01
6.075555219488219882e+04 9.785491376585541135e-01
6.075555245494289557e+04 9.765492180910150255e-01
6.075555271500359231e+04 1.028357062185303317e+00
6.075555297506428906e+04 9.677131009081738622e-01
6.075555323512497125e+04 9.519851178518557999e-01
6.075555349518566800e+04 1.021897180475232370e+00
6.075555375524636474e+04 9.795513654193108710e-01
6.075555401530705421e+04 9.776997870874868379e-01
6.075555427536775096e+04 9.285373964306004035e-01
6.075555453542844043e+04 9.674522532607100489e-01
6.075555479548913718e+04 9.668007715346529363e-01
6.075555505554983392e+04 9.894950162910323144e-01
6.075555531561051612e+04 9.718109554435441222e-01
6.075555557567121286e+04 9.688890357747335091e-01
6.075555583573190961e+04 1.010302740941238619e+00
6.075555609579260636e+04 9.823999455925431779e-01
6.075555635585329583e+04 9.826125885014985739e-01
6.075555661591398530e+04 9.569842733743890717e-01
6.075555687597468204e+04 9.951264833151343137e-01
6.075555713603537879e+04 9.879690100445287504e-01
6.075555739609607554e+04 9.960724291087141857e-01
6.075555765615676501e+04 1.017632734914127202e+00
6.075555791621745448e+04 9.031522393261156578e-01
6.075555817627815122e+04 9.530370685520623830e-01
6.075555843633884797e+04 9.929474913966706007e-01
6.075555869639953016e+04 9.880396125154869980e-01
6.075555895646022691e+04 9.423542368558609494e-01
6.075555921652092366e+04 9.630756246556256839e-01
6.075555947658162040e+04 9.757422286325426741e-01
6.075555973664230987e+04 9.775297069486803547e-01
6.075555999670299934e+04 9.438031591916438146e-01
6.075556025676369609e+04 9.770238800740830287e-01
6.075556051682439283e+04 9.939044489162378593e-01
6.075556077688508958e+04 9.974624686123249040e-01
6.075556103694577905e+04 9.718413476101611659e-01
6.075556129700646852e+04 9.798943152544173918e-01
6.075556155706716527e+04 9.987234498806494276e-01
6.075556181712786201e+04 1.032823909531891626e+00
6.075556207718854421e+04 9.369376255868967496e-01
6.075556233724924095e+04 9.733302018128539013e-01
6.075556259730993770e+04 9.740954833890965725e-01
6.075556285737063445e+04 9.696632157675472152e-01
6.075556311743133119e+04 1.031068093512610195e+00
6.075556337749201339e+04 9.179345839331530810e-01
6.075556504896522529e+04 9.809398170363412550e-01
6.075556530902591476e+04 9.759458314636333398e-01
6.075556556908661150e+04 9.531421979557380686e-01
6.075556582914730097e+04 1.008095961763449511e+00
6.075556608920799772e+04 9.583415391244372028e-01
6.075556634926869447e+04 9.687979692028615419e-01
6.075556660932938394e+04 1.008985048827013342e+00
6.075556686939008068e+04 9.869158706469942643e-01
6.075556712945077015e+04 9.623547208991275470e-01
6.075556738951146690e+04 9.025110322905707250e-01
6.075556764957216365e+04 9.951727897838590353e-01
6.075556790963285312e+04 9.907229447457275295e-01
6.075556816969354986e+04 1.013823913683758349e+00
6.075556842975423933e+04 9.514160916880164409e-01
6.075556868981492880e+04 9.758268224676337477e-01
6.075556894987563282e+04 9.318164011528783375e-01
6.075556920993632230e+04 9.675220179958792244e-01
6.075556946999701904e+04 9.848426642770997663e-01
6.075556973005770851e+04 9.529280340736575594e-01
6.075556999011839798e+04 9.681554423450582370e-01
6.075557025017909473e+04 9.850930898845163819e-01
6.075557051023979147e+04 9.393030490502370933e-01
6.075557077030048822e+04 9.483913841311433224e-01
6.075557103036117769e+04 1.030755662890787239e+00
6.075557129042186716e+04 1.022165884609602227e+00
6.075557155048256391e+04 1.008085563101644766e+00
6.075557181054326065e+04 9.481439355403836755e-01
6.075557207060395740e+04 9.457132006093523779e-01
6.075557233066464687e+04 9.893084608505740007e-01
6.075557259072533634e+04 9.486687054056647250e-01
6.075557285078603309e+04 9.635482254287919268e-01
6.075557311084672983e+04 9.736254182305505989e-01
6.075557337090741930e+04 1.021980987151913434e+00
6.075557363096811605e+04 1.012997125453509728e+00
6.075557389102880552e+04 9.681368142576354252e-01
6.075557415108950227e+04 1.035297056219579570e+00
6.075557441115019901e+04 9.360785029823475156e-01
6.075557467121088848e+04 1.015271368204734070e+00
6.075557493127158523e+04 1.017253282260168534e+00
6.075557519133227470e+04 9.899837395654275118e-01
6.075557545139297144e+04 9.270630492580944626e-01
6.075557571145366819e+04 9.290435961263132647e-01
6.075557597151435766e+04 9.503267161636496096e-01
6.075557623157505441e+04 9.027357417238531800e-01
6.075557649163575115e+04 1.023427099119339712e+00
6.075557675169643335e+04 9.689407596716537174e-01
6.075557701175713009e+04 9.798917743548167802e-01
6.075557727181782684e+04 9.374564000370264605e-01
6.075557753187852359e+04 9.309339857353154946e-01
6.075557779193922033e+04 9.887280996484036910e-01
6.075557805199990980e+04 1.033662428145535772e+00
6.075557831206059927e+04 9.428427501765351826e-01
6.075557857212129602e+04 9.497896786486712539e-01
6.075557883218199277e+04 1.000348195797430728e+00
6.075557909224268951e+04 9.459386276567800511e-01
6.075557935230337898e+04 1.016215333371698559e+00
6.075557961236407573e+04 9.472998775815421046e-01
6.075557987242476520e+04 9.583491718904688650e-01
6.075558013248546195e+04 1.020160605052843783e+00
6.075558039254615869e+04 9.523667251474288165e-01
6.075558065260684816e+04 9.739829758854781083e-01
6.075558091266754491e+04 1.011532540891553866e+00
6.075558117272824165e+04 9.489236699004173214e-01
6.075558143278892385e+04 9.245588937674374952e-01
6.075558169284962059e+04 1.030426075918229989e+00
6.075558195291031734e+04 9.838880268368317417e-01
6.075558221297101409e+04 9.857991134008463607e-01
6.075558247303171083e+04 9.664057098319535077e-01
6.075558273309240030e+04 9.742315012749885872e-01
6.075558299315309705e+04 9.494280571306411565e-01
6.075558325321378652e+04 8.805660408600098910e-01
6.075558351327448327e+04 9.620532956876782782e-01
6.075558377333518001e+04 9.903756806440984217e-01
6.075558403339586948e+04 9.747490903149909069e-01
6.075558429345656623e+04 9.721661490249183801e-01
6.075558455351726298e+04 9.811352313941003045e-01
6.075558481357794517e+04 9.946991404651528423e-01
6.075558507363864192e+04 9.244941305675330456e-01
6.075558533369933866e+04 9.781885733275601513e-01
6.075558559376003541e+04 9.877712504985619590e-01
6.075558585382073215e+04 9.473248904425108918e-01
6.075558611388142162e+04 9.951434340379297083e-01
6.075558637394211837e+04 1.029272078358298925e+00
6.075558663400280784e+04 9.925964764886708869e-01
6.075558689406350459e+04 1.027260190799058615e+00
6.075558715412420133e+04 1.007981903596699036e+00
6.075558741418489080e+04 9.960262556243794085e-01
6.075558767424558755e+04 9.795158707466189441e-01
6.075558793430628430e+04 9.776115484650820253e-01
6.075558819436697377e+04 9.594962874550964083e-01
6.075558845442767051e+04 9.126556887530479223e-01
6.075558871448835998e+04 9.730114309461339595e-01
6.075558897454905673e+04 9.924485459547577326e-01
6.075558923460975348e+04 9.402171158678050977e-01
6.075558949467044295e+04 9.709968014286850524e-01
6.075558975473113969e+04 9.620849463971978821e-01
6.075559001479183644e+04 9.438720265223403683e-01
6.075559027485253318e+04 9.379879918103698477e-01
6.075559053491322265e+04 9.349658096249389150e-01
6.075559079497391212e+04 9.361892783319690770e-01
6.075559105503460887e+04 9.243890506549594654e-01
6.075559131509530562e+04 1.027645116177558604e+00
6.075559157515600236e+04 9.589102521893387854e-01
6.075559183521669911e+04 9.864848642762767961e-01
6.075559209527738858e+04 1.003557371007989030e+00
6.075559235533808533e+04 9.484210161273892714e-01
6.075559261539877480e+04 9.642286949614691238e-01
6.075559287545946427e+04 1.010563229930910412e+00
6.075559313552016101e+04 9.780559509247920280e-01
6.075559339558085776e+04 9.754395846446637375e-01
6.075559494101491873e+04 9.434614353113931484e-01
6.075559520107561548e+04 9.663820157579456893e-01
6.075559546113631222e+04 9.920671946221596427e-01
6.075559572119700897e+04 9.395440263427676797e-01
6.075559598125769844e+04 9.387209147475681359e-01
6.075559624131839519e+04 9.534657487779183427e-01
6.075559650137908466e+04 9.431915232487523282e-01
6.075559676143977413e+04 9.395163681067302264e-01
6.075559702150047087e+04 9.980147425921616078e-01
6.075559728156116762e+04 1.026036851798601823e+00
6.075559754162186437e+04 9.602365880179717372e-01
6.075559780168256111e+04 1.019828782092456310e+00
6.075559806174325058e+04 9.600006360989969956e-01
6.075559832180394733e+04 1.020856504213624616e+00
6.075559858186464407e+04 9.995045152140961120e-01
6.075559884192533355e+04 9.886764351188453981e-01
6.075559910198603029e+04 1.025204934994674133e+00
6.075559936204671976e+04 9.806399013334645698e-01
6.075559962210741651e+04 9.243757122651267144e-01
6.075559988216811325e+04 1.004427323976125441e+00
6.075560014222880272e+04 9.904326100296980684e-01
6.075560040228950675e+04 9.698276204131143219e-01
6.075560066235019622e+04 1.008191098718681289e+00
6.075560092241089296e+04 9.556033455386799824e-01
6.075560118247158971e+04 9.695506018606887544e-01
6.075560144253227918e+04 9.600727042198303751e-01
6.075560170259296865e+04 1.027834958289335354e+00
6.075560196265366540e+04 9.461802851343877885e-01
6.075560222271436214e+04 9.365716067373250908e-01
6.075560248277505889e+04 9.868444116390575616e-01
6.075560274283574836e+04 9.530940308667369409e-01
6.075560300289644510e+04 9.593262705069555141e-01
6.075560326295714185e+04 9.729633614219563853e-01
6.075560352301783860e+04 9.670959143615509568e-01
6.075560378307853534e+04 9.903562885094219226e-01
6.075560404313922481e+04 9.560878229667394423e-01
6.075560430319992156e+04 9.670774011759014632e-01
6.075560456326061831e+04 9.466186947390662354e-01
6.075560482332130050e+04 9.831481425492355486e-01
6.075560508338199725e+04 9.903082925951294246e-01
6.075560534344269399e+04 9.456528250439873995e-01
6.075560560350339074e+04 9.494835306988224088e-01
6.075560586356408749e+04 9.212835011152260556e-01
6.075560612362477696e+04 9.401800020426653859e-01
6.075560638368547370e+04 9.918620852509038022e-01
6.075560664374617045e+04 9.579436043693402292e-01
6.075560690380686719e+04 9.572882523247316922e-01
6.075560716386756394e+04 9.425612207229420170e-01
6.075560742392825341e+04 9.763740313252228242e-01
6.075560768398895016e+04 9.895787736627598141e-01
6.075560794404964690e+04 9.786378717834329777e-01
6.075560820411032910e+04 9.402952641369821674e-01
6.075560846417102584e+04 9.716092157367111071e-01
6.075560872423172259e+04 9.422458500667845183e-01
6.075560898429241934e+04 1.016179347202419647e+00
6.075560924435311608e+04 9.759925743528283792e-01
6.075560950441380555e+04 9.915370547134907397e-01
6.075560976447450230e+04 9.069892585487350223e-01
6.075561002453519905e+04 9.311990503426568200e-01
6.075561028459589579e+04 1.040830588772745147e+00
6.075561054465659254e+04 9.235155976620660345e-01
6.075561080471728201e+04 9.535647613771484066e-01
6.075561106477797875e+04 9.456479943161747448e-01
6.075561132483867550e+04 9.873727810731169896e-01
6.075561158489937225e+04 9.359916020825990168e-01
6.075561184496006899e+04 9.920808240291943969e-01
6.075561210502075846e+04 9.774856347279481383e-01
6.075561236508144793e+04 9.800280082417613947e-01
6.075561262514214468e+04 9.823526552871812978e-01
6.075561288520283415e+04 9.562465641709054776e-01
6.075561314526353090e+04 9.638916063490832187e-01
6.075561340532422764e+04 9.609226796777666779e-01
6.075561366538492439e+04 1.008525461477301377e+00
6.075561392544562113e+04 9.654372939145491328e-01
6.075561418550631060e+04 1.029580104394046458e+00
6.075561444556700735e+04 9.386761185779096683e-01
6.075561470562770410e+04 1.012581921863208390e+00
6.075561496568840084e+04 9.889206997863609905e-01
6.075561522574909759e+04 9.577794127344729791e-01
6.075561548580978706e+04 1.004536599583310652e+00
6.075561574587048381e+04 1.013238006134605129e+00
6.075561600593118055e+04 9.295590735676411143e-01
6.075561626599187002e+04 1.002882178517136236e+00
6.075561652605256677e+04 9.584984963999103602e-01
6.075561678611326352e+04 1.003559228712105122e+00
6.075561704617396026e+04 9.595020456276901477e-01
6.075561730623465701e+04 9.954401929996764542e-01
6.075561756629534648e+04 9.236954077411951847e-01
6.075561782635604322e+04 9.698037083018106186e-01
6.075561808641673269e+04 9.751514740117035451e-01
6.075561834647742944e+04 9.612776569513075131e-01
6.075561860653812619e+04 1.040091988444640014e+00
6.075561886659881566e+04 9.554114992394368011e-01
6.075561912665951240e+04 9.516206472989535703e-01
6.075561938672020915e+04 9.337377482982583965e-01
6.075561964678089862e+04 9.487858581198281849e-01
6.075561990684160264e+04 9.730696233583583377e-01
6.075562016690229211e+04 9.655157685829303116e-01
6.075562042696298886e+04 9.673544084616817473e-01
6.075562068702368560e+04 9.795623822826308169e-01
6.075562094708437508e+04 9.850027390616312717e-01
6.075562120714507182e+04 9.558558003709302087e-01
6.075562146720576857e+04 9.930954158660053599e-01
6.075562172726646531e+04 9.934733120817431651e-01
6.075562198732716206e+04 9.618158216382478587e-01
6.075562224738785153e+04 1.007782449712310902e+00
6.075562250744854828e+04 9.434700313029472651e-01
6.075562276750924502e+04 1.036692133954358441e+00
6.075562302756994177e+04 9.845687535673969260e-01
6.075562328763063852e+04 9.475817314938266289e-01
6.075562490904599690e+04 9.583284258432708258e-01
6.075562516909990518e+04 9.432552962335442048e-01
6.075562542915379890e+04 9.774434020119406874e-01
6.075562568920769263e+04 9.854436230356573567e-01
6.075562594926160091e+04 9.629805103360862262e-01
6.075562620931549463e+04 9.684982301981930330e-01
6.075562646936939564e+04 9.690374863357850144e-01
6.075562672942329664e+04 1.015902955889480763e+00
6.075562698947719036e+04 9.876998199681480406e-01
6.075562724953109864e+04 9.264432455210831474e-01
6.075562750958499237e+04 9.838981699940444470e-01
6.075562776963889337e+04 9.559278285298943301e-01
6.075562802969280165e+04 1.014067943734284105e+00
6.075562828974669537e+04 9.764798167765653680e-01
6.075562854980059637e+04 9.411164700486327472e-01
6.075562880985449738e+04 9.456566456558965772e-01
6.075562906990839110e+04 9.648451219427217618e-01
6.075562932996229938e+04 9.644316691776012584e-01
6.075562959001619311e+04 9.361636476307895194e-01
6.075562985007009411e+04 9.812444961265357479e-01
6.075563011012399511e+04 9.767819099156062057e-01
6.075563037017788884e+04 9.034518749598630105e-01
6.075563063023179711e+04 1.014111539546399543e+00
6.075563089028569084e+04 9.480020283953537463e-01
6.075563115033958456e+04 9.483342165729778950e-01
6.075563141039349284e+04 9.546829092917795689e-01
6.075563167044738657e+04 9.609949670377738729e-01
6.075563193050128757e+04 9.736557652442278110e-01
6.075563219055518857e+04 9.638728041721953410e-01
6.075563245060908230e+04 9.477902091596992484e-01
6.075563271066299058e+04 1.013230928174208234e+00
6.075563297071688430e+04 9.608371938047317595e-01
6.075563323077078530e+04 9.896526003573621333e-01
6.075563349082468631e+04 1.008370724302706689e+00
6.075563375087858003e+04 9.879404525545132376e-01
6.075563401093248831e+04 9.970456265385257977e-01
6.075563427098638203e+04 9.479348561771125947e-01
6.075563453104027576e+04 9.477570685222176383e-01
6.075563479109418404e+04 9.923665928062884722e-01
6.075563505114807776e+04 9.645911652638751166e-01
6.075563531120197877e+04 9.861774211449491068e-01
6.075563557125588704e+04 9.831870063000351934e-01
6.075563583130978077e+04 9.822267427911957061e-01
6.075563609136368905e+04 9.706075916747166632e-01
6.075563635141758277e+04 1.009060740614136309e+00
6.075563661147148377e+04 1.022050182039215604e+00
6.075563687152538478e+04 1.030313356621537668e+00
6.075563713157927850e+04 9.645302456090996124e-01
6.075563739163318678e+04 9.292456553729666613e-01
6.075563765168708051e+04 9.328746373523877367e-01
6.075563791174097423e+04 9.242304632015733157e-01
6.075563817179488251e+04 9.795926997576424045e-01
6.075563843184877624e+04 9.719004490417254560e-01
6.075563869190267724e+04 9.899405392378572976e-01
6.075563895195657824e+04 9.521396896882586836e-01
6.075563921201047197e+04 9.315762583451485668e-01
6.075563947206438024e+04 9.899261680008807351e-01
6.075563973211827397e+04 9.552946067207896963e-01
6.075563999217217497e+04 1.021806243107127310e+00
6.075564025222608325e+04 9.347380258335948877e-01
6.075564051227997697e+04 1.022224461874928991e+00
6.075564077233388525e+04 9.727729159063784881e-01
6.075564103238777898e+04 9.661523564561764754e-01
6.075564129244167270e+04 1.007260222276369133e+00
6.075564155249558098e+04 9.627130040488838247e-01
6.075564181254947471e+04 9.933151395566960362e-01
6.075564207260337571e+04 9.618085814874324235e-01
6.075564233265727671e+04 9.448256250395853373e-01
6.075564259271117044e+04 9.603636162379654007e-01
6.075564285276507871e+04 9.862948764682714087e-01
6.075564311281897244e+04 9.708527406641250801e-01
6.075564337287286617e+04 9.730675131342553241e-01
6.075564363292677444e+04 9.527366718541915303e-01
6.075564389298066817e+04 9.595459884911444748e-01
6.075564415303458372e+04 9.545878232721010104e-01
6.075564441308847745e+04 9.426147454949869164e-01
6.075564467314237118e+04 9.420113008533456123e-01
6.075564493319627945e+04 9.660391954090483679e-01
6.075564519325017318e+04 9.363111632767677772e-01
6.075564545330407418e+04 9.993725558226455030e-01
6.075564571335797518e+04 9.639347031670887356e-01
6.075564597341186891e+04 9.938228907643854582e-01
6.075564623346577719e+04 1.013133643647371906e+00
6.075564649351967091e+04 9.700226041937574095e-01
6.075564675357356464e+04 1.008897477052131952e+00
6.075564701362747292e+04 1.002681171657884951e+00
6.075564727368136664e+04 9.907998145215389796e-01
6.075564753373527492e+04 1.000882575959452847e+00
6.075564779378917592e+04 9.712340078394720022e-01
6.075564805384306965e+04 9.850785666081401937e-01
6.075564831389697792e+04 9.837193308898041222e-01
6.075564857395087165e+04 1.022582324936832876e+00
6.075564883400477265e+04 9.633606948740837117e-01
6.075564909405867365e+04 9.271827451067822246e-01
6.075564935411256738e+04 9.819396374312840958e-01
6.075564961416647566e+04 9.912540522230006701e-01
6.075564987422036938e+04 9.468532148191640685e-01
6.075565013427426311e+04 1.025260678605039111e+00
6.075565039432817866e+04 9.958263984225717014e-01
6.075565065438207239e+04 9.816056323803442618e-01
6.075565091443597339e+04 1.003729794210329151e+00
6.075565117448987439e+04 9.678012492528171862e-01
6.075565143454376812e+04 1.047284213826625621e+00
6.075565169459767640e+04 9.688472654254884908e-01
6.075565195465157012e+04 1.015306542098956877e+00
6.075565221470547112e+04 9.833490992046950430e-01
6.075565247475937213e+04 1.000161469638854328e+00
6.075565273481326585e+04 9.708061390903196530e-01
6.075565299486718141e+04 1.012347128463246593e+00
6.075565325492107513e+04 9.517290278639570777e-01
6.075565492676799477e+04 1.027729726821696721e+00
6.075565518682868424e+04 9.394699380145266066e-01
6.075565544688938098e+04 9.383626412127149541e-01
6.075565570695007773e+04 1.007557093423498307e+00
6.075565596701077448e+04 9.241168136623143514e-01
6.075565622707147122e+04 1.017951599342594937e+00
6.075565648713216069e+04 9.657971664073353724e-01
6.075565674719285744e+04 9.705334580629948471e-01
6.075565700725356146e+04 9.813908117031169276e-01
6.075565726731425821e+04 1.041917260437586590e+00
6.075565752737495495e+04 9.911219668164417129e-01
6.075565778743564442e+04 9.575010943031632138e-01
6.075565804749634117e+04 9.784550921035362059e-01
6.075565830755703792e+04 1.003289909009097425e+00
6.075565856761772739e+04 9.152953656211643141e-01
6.075565882767842413e+04 9.928246425430777844e-01
6.075565908773912088e+04 1.006047974082948215e+00
6.075565934779981762e+04 9.322675357055635326e-01
6.075565960786051437e+04 9.964852707997248205e-01
6.075565986792121112e+04 9.819966394528635290e-01
6.075566012798190786e+04 1.002731912464809083e+00
6.075566038804260461e+04 9.903191431731999117e-01
6.075566064810330136e+04 1.056152278563997182e+00
6.075566090816399810e+04 9.827134623686729631e-01
6.075566116822468757e+04 1.017174023532257943e+00
6.075566142828538432e+04 9.635692380141108737e-01
6.075566168834608106e+04 9.923694369938211857e-01
6.075566194840677781e+04 9.971051594110842409e-01
6.075566220846748183e+04 9.954413359559550756e-01
6.075566246852817130e+04 9.902978060961141749e-01
6.075566272858886805e+04 9.788750197616707949e-01
6.075566298864956480e+04 1.004482814867972751e+00
6.075566324871025427e+04 1.007993029017381748e+00
6.075566350877095101e+04 9.634970512993892289e-01
6.075566376883164776e+04 9.655760946028094649e-01
6.075566402889234450e+04 1.021797951250219549e+00
6.075566428895304125e+04 9.610034930605820813e-01
6.075566454901373800e+04 1.037621930088484801e+00
6.075566480907443474e+04 9.610074045709626755e-01
6.075566506913513149e+04 9.620333383145719397e-01
6.075566532919582824e+04 9.645573745580587888e-01
6.075566558925652498e+04 1.003020203783013375e+00
6.075566584931721445e+04 9.872198180103199938e-01
6.075566610937791120e+04 9.730289608509659072e-01
6.075566636943860794e+04 1.007204433095895579e+00
6.075566662949930469e+04 9.714303296129952470e-01
6.075566688956000144e+04 1.001301766798087023e+00
6.075566714962069818e+04 9.930623413361183704e-01
6.075566740968139493e+04 9.962891383980511106e-01
6.075566766974209168e+04 9.812914705673442262e-01
6.075566792980278115e+04 9.843715571884319449e-01
6.075566818986347789e+04 9.445501557374890167e-01
6.075566844992417464e+04 9.652062415342678170e-01
6.075566870998487866e+04 1.003325701550094484e+00
6.075566897004557541e+04 9.733604379691899178e-01
6.075566923010626488e+04 9.262506808081268916e-01
6.075566949016696162e+04 1.001318322773282032e+00
6.075566975022765837e+04 9.872073368214355771e-01
6.075567001028834784e+04 1.002060121782296198e+00
6.075567027034905186e+04 9.404512042200862121e-01
6.075567053040974133e+04 9.707138024493914275e-01
6.075567079047044535e+04 9.799060384146021097e-01
6.075567105053114210e+04 9.383245884363454747e-01
6.075567131059183157e+04 9.694936071240357611e-01
6.075567157065252832e+04 9.521538538210928548e-01
6.075567183071322506e+04 9.650033242542337408e-01
6.075567209077392181e+04 1.023492430471296899e+00
6.075567235083461856e+04 1.013167217639872275e+00
6.075567261089531530e+04 9.968192007083187534e-01
6.075567287095601205e+04 9.612758987025321611e-01
6.075567313101670879e+04 9.920854240392714685e-01
6.075567339107740554e+04 1.040505615969667064e+00
6.075567365113810229e+04 9.401893077766173556e-01
6.075567391119879176e+04 9.482128410596025736e-01
6.075567417125948850e+04 1.028169897743134609e+00
6.075567443132019253e+04 9.539209118390280517e-01
6.075567469138088200e+04 9.832410230294879039e-01
6.075567495144157874e+04 9.968833966259150747e-01
6.075567521150227549e+04 9.725869218718642406e-01
6.075567547156297223e+04 9.996919111660754753e-01
6.075567573162366898e+04 1.024352617238854180e+00
6.075567599168436573e+04 9.724518970792599415e-01
6.075567625174506247e+04 9.800455611762668440e-01
6.075567651180575922e+04 1.061231674817297854e+00
6.075567677186645597e+04 9.946406287806036639e-01
6.075567703192715271e+04 9.855774292651325874e-01
6.075567729198784218e+04 1.021033044159156855e+00
6.075567755204853893e+04 1.004084266272478043e+00
6.075567781210924295e+04 1.020823827231914782e+00
6.075567807216993242e+04 9.988537681221721920e-01
6.075567833223062917e+04 9.567406602398528248e-01
6.075567859229132591e+04 9.587481160707089778e-01
6.075567885235202266e+04 9.801408681022182323e-01
6.075567911241271941e+04 9.855071695574462165e-01
6.075567937247341615e+04 9.349695269105050555e-01
6.075567963253411290e+04 9.913870098061562386e-01
6.075567989259480964e+04 1.033070431264011324e+00
6.075568015265550639e+04 9.816644556047305903e-01
6.075568041271620314e+04 9.878285063826242052e-01
6.075568067277689261e+04 1.033977025596352073e+00
6.075568093283759663e+04 1.000582977157418174e+00
6.075568119289829338e+04 1.044612927462053698e+00
6.075568145295898285e+04 1.030961068973755612e+00
6.075568171301968687e+04 1.014528174290408202e+00
6.075568197308037634e+04 9.534347431391431149e-01
6.075568223314107308e+04 9.951255127180013149e-01
6.075568249320177711e+04 1.072412127566392259e+00
6.075568275326246658e+04 9.890658201225328572e-01
6.075568301332316332e+04 9.730024541443677011e-01
6.075568327338386007e+04 9.690562601484306038e-01
6.075568483179301256e+04 1.000441747508139523e+00
6.075568509184680443e+04 9.446488301767952400e-01
6.075568535190059629e+04 9.877138903660008795e-01
6.075568561195438815e+04 9.941048901558963147e-01
6.075568587200818729e+04 9.877342401196056443e-01
6.075568613206199370e+04 9.972657230655458394e-01
6.075568639211578557e+04 9.977902974116681367e-01
6.075568665216957743e+04 1.062227674034267100e+00
6.075568691222336929e+04 9.583308479288452641e-01
6.075568717227716115e+04 1.000452369749350368e+00
6.075568743233096029e+04 1.014160465831687397e+00
6.075568769238475215e+04 9.829364284845971689e-01
6.075568795243854402e+04 9.546364994304609164e-01
6.075568821249233588e+04 1.008064518524811382e+00
6.075568847254613502e+04 9.987583340540993060e-01
6.075568873259992688e+04 9.801877455331956535e-01
6.075568899265372602e+04 9.758758916198022604e-01
6.075568925270752516e+04 9.942506174654269779e-01
6.075568951276131702e+04 9.453183534605736904e-01
6.075568977281511616e+04 9.488104680534117374e-01
6.075569003286890802e+04 9.936856924342667430e-01
6.075569029292269988e+04 9.663805123537682062e-01
6.075569055297649174e+04 9.770761779064667252e-01
6.075569081303029088e+04 9.932810651092226495e-01
6.075569107308408275e+04 9.791822950337665254e-01
6.075569133313787461e+04 9.762403050296303286e-01
6.075569159319166647e+04 9.542139660275206214e-01
6.075569185324547288e+04 9.793431960458991448e-01
6.075569211329927202e+04 1.015216880920502218e+00
6.075569237335306389e+04 9.845353753988785872e-01
6.075569263340685575e+04 1.010345105211386985e+00
6.075569289346064761e+04 9.660564441069035002e-01
6.075569315351444675e+04 9.739427058629644973e-01
6.075569341356823861e+04 1.007274732433819375e+00
6.075569367362203047e+04 9.768285997047108093e-01
6.075569393367582234e+04 1.055716554158965925e+00
6.075569419372962147e+04 9.701603176193123179e-01
6.075569445378341334e+04 1.007771682648511691e+00
6.075569471383720520e+04 9.613486602971959005e-01
6.075569497389100434e+04 1.017174599759909981e+00
6.075569523394481075e+04 9.890264569392667182e-01
6.075569549399860261e+04 1.072085859985553391e+00
6.075569575405239448e+04 9.621811917711247109e-01
6.075569601410618634e+04 9.912515016387647426e-01
6.075569627415998548e+04 1.031267999836706695e+00
6.075569653421377734e+04 9.357829931009233881e-01
6.075569679426756920e+04 1.003871896856655122e+00
6.075569705432136107e+04 1.002460727661058426e+00
6.075569731437516020e+04 1.071873638650637561e+00
6.075569757442895207e+04 1.011012080570047100e+00
6.075569783448274393e+04 1.017769204884065637e+00
6.075569809453654307e+04 1.010381728647248956e+00
6.075569835459034948e+04 9.967111402959919486e-01
6.075569861464414134e+04 9.496889482332144805e-01
6.075569887469793321e+04 9.748301196396058632e-01
6.075569913475172507e+04 1.041811663631647233e+00
6.075569939480552421e+04 9.859216340071241813e-01
6.075569965485931607e+04 9.775671965541139485e-01
6.075569991491310793e+04 9.425156551092187529e-01
6.075570017496689979e+04 1.016088543624366736e+00
6.075570043502069893e+04 9.984058390616112888e-01
6.075570069507449080e+04 9.924095376883320663e-01
6.075570095512828993e+04 9.986811091945339003e-01
6.075570121518208907e+04 9.991873079372942668e-01
6.075570147523588821e+04 1.023007481833658083e+00
6.075570173528968007e+04 1.025499606838914168e+00
6.075570199534347194e+04 9.959195670710411230e-01
6.075570225539727107e+04 9.618485205184466036e-01
6.075570251545106294e+04 1.031673765738344350e+00
6.075570277550485480e+04 9.820106004274118394e-01
6.075570303555864666e+04 1.013208969183301056e+00
6.075570329561244580e+04 9.996444305878902092e-01
6.075570355566623766e+04 9.814591729053186997e-01
6.075570381572002952e+04 1.033360726413955488e+00
6.075570407577382866e+04 9.943801755714155588e-01
6.075570433582763508e+04 9.923653453532250701e-01
6.075570459588142694e+04 9.777961772991881073e-01
6.075570485593521880e+04 1.026053358259882753e+00
6.075570511598901066e+04 9.914689982689356418e-01
6.075570537604280980e+04 9.969389717729614242e-01
6.075570563609660167e+04 1.069209180469784082e+00
6.075570589615039353e+04 1.041713366096756133e+00
6.075570615620419267e+04 1.009373714714114412e+00
6.075570641625798453e+04 9.877434990063442832e-01
6.075570667631177639e+04 9.738625785070005314e-01
6.075570693636557553e+04 9.709209130409556243e-01
6.075570719641938194e+04 9.928786105839623177e-01
6.075570745647317381e+04 9.806965633131065063e-01
6.075570771652696567e+04 9.943744295819983980e-01
6.075570797658076481e+04 9.925486340113182093e-01
6.075570823663455667e+04 9.703082832411250580e-01
6.075570849668834853e+04 9.989636690355623294e-01
6.075570875674214039e+04 1.008601242746846705e+00
6.075570901679593953e+04 9.940821045368098963e-01
6.075570927684973140e+04 9.754094235588396389e-01
6.075570953690352326e+04 1.026477721968095391e+00
6.075570979695732240e+04 1.001345906206021041e+00
6.075571005701112153e+04 1.013750724427154859e+00
6.075571031706492067e+04 9.782232299240988249e-01
6.075571057711871254e+04 9.506885464193822743e-01
6.075571083717251167e+04 1.007904490841095901e+00
6.075571109722630354e+04 9.805292673103437329e-01
6.075571135728009540e+04 9.732212049839829016e-01
6.075571161733389454e+04 9.836131948683145554e-01
6.075571187738768640e+04 1.013860140181158664e+00
6.075571213744147826e+04 1.030134955179430323e+00
6.075571239749527740e+04 1.012944883013293884e+00
6.075571265754906926e+04 9.995691571014269083e-01
6.075571291760286840e+04 1.013206525235801347e+00
6.075571317765666754e+04 9.898939585379165074e-01
6.075571474868715450e+04 9.792383246420662823e-01
6.075571500874785124e+04 9.872786297743550987e-01
6.075571526880854799e+04 1.008885575916133259e+00
6.075571552886924474e+04 9.735185418164252757e-01
6.075571578892994148e+04 1.000897307673230818e+00
6.075571604899063823e+04 1.019056425428995327e+00
6.075571630905133497e+04 1.000250333062924435e+00
6.075571656911203172e+04 1.002222727943116842e+00
6.075571682917273574e+04 1.004723754012812664e+00
6.075571708923342521e+04 9.994470646464952424e-01
6.075571734929412196e+04 1.023880143033745416e+00
6.075571760935482598e+04 9.484242518160833635e-01
6.075571786941552273e+04 1.012828817538230952e+00
6.075571812947621947e+04 1.015625797737224945e+00
6.075571838953690894e+04 9.895193440299653309e-01
6.075571864959761297e+04 9.924884623451826204e-01
6.075571890965830971e+04 9.960190598950191543e-01
6.075571916971899918e+04 9.324883236758099159e-01
6.075571942977970320e+04 1.000955925776865874e+00
6.075571968984039995e+04 1.012727188157660052e+00
6.075571994990109670e+04 1.015206836584291672e+00
6.075572020996180072e+04 9.753809257360083196e-01
6.075572047002249019e+04 1.037536310215133373e+00
6.075572073008318694e+04 1.000572481708435602e+00
6.075572099014388368e+04 9.418538676705885404e-01
6.075572125020458770e+04 1.023725458191291793e+00
6.075572151026528445e+04 1.054711566556127966e+00
6.075572177032597392e+04 9.928174638167334143e-01
6.075572203038667794e+04 1.038166208249460043e+00
6.075572229044737469e+04 9.680213294862183293e-01
6.075572255050806416e+04 9.997372603108301004e-01
6.075572281056877546e+04 9.702888392655251160e-01
6.075572307062946493e+04 1.026207210088462052e+00
6.075572333069016167e+04 1.014542970698258273e+00
6.075572359075086570e+04 9.713555400141185014e-01
6.075572385081155517e+04 1.071882519039488946e+00
6.075572411087225191e+04 9.631921865522876658e-01
6.075572437093294866e+04 9.969843903200868995e-01
6.075572463099365268e+04 9.975193389778440611e-01
6.075572489105434943e+04 1.004551320316202645e+00
6.075572515111503890e+04 1.024047339208348006e+00
6.075572541117574292e+04 9.717846149722485505e-01
6.075572567123643967e+04 9.840495729095084521e-01
6.075572593129713641e+04 1.005618933928918546e+00
6.075572619135784043e+04 9.323565350537316165e-01
6.075572645141852990e+04 9.682544612409121898e-01
6.075572671147922665e+04 9.509637174614489208e-01
6.075572697153993067e+04 1.008700539859830547e+00
6.075572723160062014e+04 9.897091423225710116e-01
6.075572749166131689e+04 9.820410012180080805e-01
6.075572775172202091e+04 1.005549107111465279e+00
6.075572801178271766e+04 1.019542836332929303e+00
6.075572827184341440e+04 9.999667126087674607e-01
6.075572853190411115e+04 9.790493645628335351e-01
6.075572879196480790e+04 1.007476019620006324e+00
6.075572905202550464e+04 1.006272200647761572e+00
6.075572931208620867e+04 1.015196225081124615e+00
6.075572957214690541e+04 9.907932213943982935e-01
6.075572983220759488e+04 9.780807016163010070e-01
6.075573009226829890e+04 9.670290732678050727e-01
6.075573035232899565e+04 9.562382779382766484e-01
6.075573061238968512e+04 9.665727454087695847e-01
6.075573087245038914e+04 1.053352166560792780e+00
6.075573113251108589e+04 1.022529946541430590e+00
6.075573139257178264e+04 9.518043630547206035e-01
6.075573165263248666e+04 9.708159667730292819e-01
6.075573191269317613e+04 9.448103140457242421e-01
6.075573217275387287e+04 9.861304306806035758e-01
6.075573243281457690e+04 1.017566588877138800e+00
6.075573269287527364e+04 9.440128618086489620e-01
6.075573295293597039e+04 9.692881638577348635e-01
6.075573321299666713e+04 1.045779621657487279e+00
6.075573347305736388e+04 9.401838414336342042e-01
6.075573373311806063e+04 1.005989577154956294e+00
6.075573399317875737e+04 1.045291317603636916e+00
6.075573425323946140e+04 9.978157413555588384e-01
6.075573451330015087e+04 1.012343917788175673e+00
6.075573477336085489e+04 1.012013056852314241e+00
6.075573503342155163e+04 1.034801479291444837e+00
6.075573529348224110e+04 9.921022420888807591e-01
6.075573555354294513e+04 9.933972406974075353e-01
6.075573581360364187e+04 9.986422033757473837e-01
6.075573607366434589e+04 1.013387544100599280e+00
6.075573633372504264e+04 1.038676443940384386e+00
6.075573659378573211e+04 9.925490145924265040e-01
6.075573685384643613e+04 1.026557301841333203e+00
6.075573711390713288e+04 1.035212863855079268e+00
6.075573737396782963e+04 1.053969846500700136e+00
6.075573763402853365e+04 1.002090147610896542e+00
6.075573789408922312e+04 1.037139120583731033e+00
6.075573815414991986e+04 1.048729458810206516e+00
6.075573841421062389e+04 1.032362692744411614e+00
6.075573867427131336e+04 1.004673449025204057e+00
6.075573893433201010e+04 9.692675475660070816e-01
6.075573919439271413e+04 9.731543416960127812e-01
6.075573945445341087e+04 9.969867249836130707e-01
6.075573971451411489e+04 9.469483214949848682e-01
6.075573997457480436e+04 9.920490983098868565e-01
6.075574023463550111e+04 9.827301497125445762e-01
6.075574049469620513e+04 9.677717206738497557e-01
6.075574075475690188e+04 1.001015179804741528e+00
6.075574101481759863e+04 1.048304955239519609e+00
6.075574127487829537e+04 9.746745850497702257e-01
6.075574153493899212e+04 1.013641277764616655e+00
6.075574179499969614e+04 9.952880937870381972e-01
6.075574205506038561e+04 1.038879287330473078e+00
6.075574231512108236e+04 9.879356381196736647e-01
6.075574257518178638e+04 1.021498280391164304e+00
6.075574283524248312e+04 9.952730565676825014e-01
6.075574309530317987e+04 1.014846372358858773e+00
6.075574483016229351e+04 1.001515473493537423e+00
6.075574509021608537e+04 1.028247180789551463e+00
6.075574535026989179e+04 1.042355844282230271e+00
6.075574561032369093e+04 9.871795621629632089e-01
6.075574587037748279e+04 1.053101334191140381e+00
6.075574613043128193e+04 1.038359079566711696e+00
6.075574639048507379e+04 1.007743348706533926e+00
6.075574665053887293e+04 9.723576378040219570e-01
6.075574691059266479e+04 9.770498744215749820e-01
6.075574717064645665e+04 1.028759427009602323e+00
6.075574743070025579e+04 9.852172601654404227e-01
6.075574769075404765e+04 1.013994992209412471e+00
6.075574795080784679e+04 9.894445916544519770e-01
6.075574821086163865e+04 9.894228313180635226e-01
6.075574847091544507e+04 1.017157407927862023e+00
6.075574873096924421e+04 9.496659902768451733e-01
6.075574899102303607e+04 1.097979373412824033e+00
6.075574925107683521e+04 1.015898486492059716e+00
6.075574951113062707e+04 9.997779152103354328e-01
6.075574977118442621e+04 9.968531211482632992e-01
6.075575003123821807e+04 9.760284761435973344e-01
6.075575029129201721e+04 1.039190660533496180e+00
6.075575055134580907e+04 9.928797915172348221e-01
6.075575081139960093e+04 9.921856373762680814e-01
6.075575107145340007e+04 9.908283265630118963e-01
6.075575133150719921e+04 1.085771804812244223e+00
6.075575159156100563e+04 1.017476201753457543e+00
6.075575185161479749e+04 9.769495158310923522e-01
6.075575211166859663e+04 1.007200008273127612e+00
6.075575237172238849e+04 1.020971034438060032e+00
6.075575263177618035e+04 1.038727231646250360e+00
6.075575289182997949e+04 9.570002554430615538e-01
6.075575315188377135e+04 9.324743412795443165e-01
6.075575341193757049e+04 9.601560039377126099e-01
6.075575367199136235e+04 9.919081423700569777e-01
6.075575393204516149e+04 9.848704551808007412e-01
6.075575419209895335e+04 9.589028401634661636e-01
6.075575445215275249e+04 9.673347016008209120e-01
6.075575471220655891e+04 1.010454644495462517e+00
6.075575497226035077e+04 9.704118297433964591e-01
6.075575523231414991e+04 1.029161314167102326e+00
6.075575549236794177e+04 9.873137726667414737e-01
6.075575575242174091e+04 9.966797889489897866e-01
6.075575601247553277e+04 1.031038265373952711e+00
6.075575627252933191e+04 9.942782815058516244e-01
6.075575653258312377e+04 9.929186467381728720e-01
6.075575679263691563e+04 9.827119451127712679e-01
6.075575705269071477e+04 1.026013290331524885e+00
6.075575731274451391e+04 9.848849783147837211e-01
6.075575757279832033e+04 1.015068104159534634e+00
6.075575783285211219e+04 9.826003380434268353e-01
6.075575809290591133e+04 9.960209120684617723e-01
6.075575835295970319e+04 1.068861569640248588e+00
6.075575861301350233e+04 1.063783714037189299e+00
6.075575887306729419e+04 1.043178035616161070e+00
6.075575913312109333e+04 9.600878850204732640e-01
6.075575939317488519e+04 1.025298961467744352e+00
6.075575965322867705e+04 1.037699835661345160e+00
6.075575991328247619e+04 1.068555953343379716e+00
6.075576017333626805e+04 9.741142707195716843e-01
6.075576043339007447e+04 1.035988248264912093e+00
6.075576069344387361e+04 1.057649941812749850e+00
6.075576095349767274e+04 9.940588471084729205e-01
6.075576121355146461e+04 9.955320644693792520e-01
6.075576147360526375e+04 9.977135657015878678e-01
6.075576173365905561e+04 1.036742449178029712e+00
6.075576199371285475e+04 9.964988673728859547e-01
6.075576225376664661e+04 1.022666144780921105e+00
6.075576251382044575e+04 1.017909509122687739e+00
6.075576277387423761e+04 9.859723562962382504e-01
6.075576303392802947e+04 1.010648107072505519e+00
6.075576329398183589e+04 1.000227615611973597e+00
6.075576355403563502e+04 9.877444946495146372e-01
6.075576381408943416e+04 9.396084388091854311e-01
6.075576407414322603e+04 9.653030418040723371e-01
6.075576433419702516e+04 9.778962334922852717e-01
6.075576459425081703e+04 1.048251987223946635e+00
6.075576485430461616e+04 9.576798137369412212e-01
6.075576511435840803e+04 9.968350244123184156e-01
6.075576537441220717e+04 1.026262645609810287e+00
6.075576563446599903e+04 9.935972253817095812e-01
6.075576589451979817e+04 1.045149387994678492e+00
6.075576615457359003e+04 9.768316280602287183e-01
6.075576641462739644e+04 9.828995220827080326e-01
6.075576667468119558e+04 1.020222699672042932e+00
6.075576693473499472e+04 1.011685836774524727e+00
6.075576719478878658e+04 9.657859153460499613e-01
6.075576745484258572e+04 1.026391158272688564e+00
6.075576771489637758e+04 9.679235086082564887e-01
6.075576797495017672e+04 9.964107696941011394e-01
6.075576823500396858e+04 9.767458707021760000e-01
6.075576849505776045e+04 1.016358080617994153e+00
6.075576875511155959e+04 1.039440114660710179e+00
6.075576901516535145e+04 1.026090928262075819e+00
6.075576927521915786e+04 1.030006294557743729e+00
6.075576953527295700e+04 9.910467973724385038e-01
6.075576979532675614e+04 9.861654658875952384e-01
6.075577005538054800e+04 9.966365939037519217e-01
6.075577031543434714e+04 1.020965823574246478e+00
6.075577057548813900e+04 9.957799012628560931e-01
6.075577083554193814e+04 1.011282182173253608e+00
6.075577109559573000e+04 1.007774700579645799e+00
6.075577135564952914e+04 9.958548578671649887e-01
6.075577161570332100e+04 9.946950050803837762e-01
6.075577187575712014e+04 1.006029050644884126e+00
6.075577213581091200e+04 1.011024315657343964e+00
6.075577239586471842e+04 1.000499917307754894e+00
6.075577265591851756e+04 9.930498438347873380e-01
6.075577291597231670e+04 1.001297337452858871e+00
6.075577317602610856e+04 1.033641931184309026e+00
