6.075547523418369383e+04 1.041892899717230314e+00
6.075547549424438330e+04 1.076445760657796846e+00
6.075547575430508005e+04 9.635445364355256226e-01
6.075547601436576224e+04 1.011777441926765109e+00
6.075547627442645899e+04 1.013400518953932350e+00
6.075547653448714846e+04 8.862260496629020823e-01
6.075547679454784520e+04 1.063815472315604360e+00
6.075547705460853467e+04 9.736824491040347862e-01
6.075547731466922414e+04 9.879435177998502349e-01
6.075547757472991361e+04 9.893799328755212841e-01
6.075547783479061036e+04 9.963102016484514101e-01
6.075547809485129255e+04 8.950965897694288520e-01
6.075547835491198930e+04 9.478277997786274112e-01
6.075547861497267877e+04 1.056949337382528720e+00
6.075547887503337552e+04 9.864077600055232153e-01
6.075547913509406499e+04 9.710319716844589832e-01
6.075547939515475446e+04 9.472218006212874686e-01
6.075547965521544393e+04 9.957145980681323394e-01
6.075547991527614067e+04 9.342070039280334637e-01
6.075548017533683014e+04 8.823839670523557777e-01
6.075548043539752689e+04 1.007273730600621864e+00
6.075548069545820908e+04 9.377465746819548809e-01
6.075548095551890583e+04 9.685777126546898375e-01
6.075548121557959530e+04 9.844943349883168437e-01
6.075548147564028477e+04 1.047140973508797313e+00
6.075548173570098152e+04 9.915505574512440967e-01
6.075548199576167099e+04 1.023881807630611762e+00
6.075548225582236773e+04 1.071265875370488008e+00
6.075548251588305720e+04 9.301873602884901393e-01
6.075548277594374667e+04 8.687932055520813934e-01
6.075548303600443614e+04 9.688169844481333559e-01
6.075548329606513289e+04 1.004381828846093061e+00
6.075548355612582236e+04 9.626345166180486634e-01
6.075548381618651911e+04 9.692563322480562960e-01
6.075548407624720130e+04 1.005652164114780200e+00
6.075548433630789805e+04 9.960132668262341449e-01
6.075548459636858752e+04 1.034235126843708441e+00
6.075548485642928426e+04 1.023322134257735438e+00
6.075548511648997373e+04 9.146852355629254694e-01
6.075548537655066320e+04 9.661586643516004713e-01
6.075548563661135267e+04 9.799792380595412356e-01
6.075548589667204942e+04 1.045325247285723513e+00
6.075548615673273162e+04 1.056067536135728568e+00
6.075548641679342836e+04 9.077017639438648144e-01
6.075548667685411783e+04 9.562279050041261330e-01
6.075548693691481458e+04 9.978909277122522958e-01
6.075548719697551132e+04 1.002349227354364158e+00
6.075548745703619352e+04 1.011947469275908063e+00
6.075548771709689026e+04 8.717447082538994918e-01
6.075548797715757973e+04 1.006263926698661271e+00
6.075548823721827648e+04 1.037231886687629112e+00
6.075548849727896595e+04 9.820745724544648336e-01
6.075548875733965542e+04 1.079024506762855662e+00
6.075548901740034489e+04 9.779547088727666981e-01
6.075548927746104164e+04 9.891371874439846001e-01
6.075548953752172383e+04 1.044449919506988955e+00
6.075548979758242058e+04 9.860267133930268324e-01
6.075549005764311732e+04 8.862979732843320191e-01
6.075549031770380680e+04 9.908605937213902370e-01
6.075549057776450354e+04 9.646844692067694238e-01
6.075549083782518574e+04 9.243670742145616570e-01
6.075549109788588248e+04 1.018082403905218758e+00
6.075549135794657195e+04 9.948202970771187204e-01
6.075549161800726870e+04 1.049462304369651378e+00
6.075549187806795817e+04 9.934993778066235626e-01
6.075549213812864764e+04 9.313126979396260108e-01
6.075549239818933711e+04 1.030243044382429973e+00
6.075549265825003386e+04 9.769467837299773416e-01
6.075549291831072333e+04 1.021226301708653139e+00
6.075549317837142007e+04 8.565806973051280915e-01
6.075549343843210954e+04 9.762515141209491265e-01
6.075549369849279901e+04 9.213999518157658386e-01
6.075549395855349576e+04 9.431502321114597631e-01
6.075549421861417795e+04 9.139896356724671600e-01
6.075549447867487470e+04 9.299421135644593273e-01
6.075549473873556417e+04 9.770126815341663162e-01
6.075549499879626092e+04 1.059353657817162508e+00
6.075549525885695766e+04 1.056836701423150116e+00
6.075549551891763986e+04 1.001690837047645832e+00
6.075549577897833660e+04 9.836072250425390573e-01
6.075549603903902607e+04 9.960132721059647976e-01
6.075549629909972282e+04 9.724342891785811016e-01
6.075549655916041229e+04 9.889168462996023035e-01
6.075549681922110176e+04 9.907593788444425398e-01
6.075549707928179851e+04 9.428113500840085148e-01
6.075549733934248798e+04 9.542016028288985430e-01
6.075549759940317745e+04 9.989572556563435235e-01
6.075549785946386692e+04 9.450961113641694888e-01
6.075549811952456366e+04 1.023507233378800452e+00
6.075549837958525313e+04 9.715298659139086634e-01
6.075549863964594988e+04 1.029910271342267869e+00
6.075549889970663935e+04 9.868510651966722058e-01
6.075549915976732882e+04 9.654254569377643813e-01
6.075549941982802557e+04 8.923396401315563109e-01
6.075549967988871504e+04 1.107754497639420688e+00
6.075549993994941178e+04 9.994140454684631303e-01
6.075550020001009398e+04 1.077021332918023155e+00
6.075550046007079072e+04 9.494757465744696479e-01
6.075550072013148747e+04 8.995401774103964909e-01
6.075550098019216966e+04 9.959025071225773296e-01
6.075550124025286641e+04 8.855832248211867874e-01
6.075550150031355588e+04 9.184723657270935648e-01
6.075550176037425263e+04 1.099606434109213327e+00
6.075550202043494210e+04 9.257318348745728898e-01
6.075550228049563157e+04 9.587695415846807512e-01
6.075550254055632831e+04 1.029648101346301248e+00
6.075550280061701778e+04 1.062295644284615870e+00
6.075550306067771453e+04 9.502385074944330601e-01
6.075550332073840400e+04 1.010745646146934851e+00
6.075550358079909347e+04 9.867186024042110537e-01
6.075550513883041276e+04 1.102815586129157754e+00
6.075550539889110951e+04 1.013408286970635119e+00
6.075550565895179898e+04 1.034619706633853831e+00
6.075550591901248845e+04 9.946092414418566952e-01
6.075550617907318519e+04 9.645050028943643605e-01
6.075550643913387466e+04 9.914468503207851668e-01
6.075550669919457141e+04 1.019129073632904392e+00
6.075550695925526088e+04 1.021306938458584446e+00
6.075550721931595035e+04 9.671440110494746722e-01
6.075550747937664710e+04 9.047797308104125191e-01
6.075550773943733657e+04 1.021066498727140059e+00
6.075550799949803331e+04 9.112728991463094896e-01
6.075550825955872278e+04 9.555162783739604704e-01
6.075550851961941225e+04 9.370986765670403784e-01
6.075550877968010900e+04 9.685318772207788252e-01
6.075550903974079847e+04 8.383903094368521103e-01
6.075550929980148794e+04 9.990603482773838806e-01
6.075550955986217741e+04 8.881204355216326674e-01
6.075550981992287416e+04 9.575132285089820172e-01
6.075551007998357090e+04 1.000144498082772282e+00
6.075551034004426037e+04 9.800919199419317884e-01
6.075551060010494984e+04 1.036954142602673823e+00
6.075551086016564659e+04 1.007317008965670890e+00
6.075551112022633606e+04 9.238809419367892684e-01
6.075551138028703281e+04 1.031972744387138929e+00
6.075551164034772228e+04 1.077759553332189313e+00
6.075551190040841175e+04 9.985234236245651429e-01
6.075551216046910849e+04 1.015744210960449756e+00
6.075551242052979796e+04 1.013206854435187543e+00
6.075551268059049471e+04 9.378435542742784570e-01
6.075551294065118418e+04 1.000255802472993505e+00
6.075551320071187365e+04 1.000735539806189900e+00
6.075551346077257040e+04 9.577450494702626216e-01
6.075551372083325987e+04 9.966842019342904146e-01
6.075551398089394934e+04 9.901982195286946897e-01
6.075551424095464608e+04 9.849629509549017170e-01
6.075551450101533555e+04 9.496864634407445882e-01
6.075551476107603230e+04 9.277537658882859528e-01
6.075551502113672177e+04 9.124274729486431257e-01
6.075551528119741124e+04 9.304820355283248690e-01
6.075551554125810799e+04 9.023049621878082016e-01
6.075551580131879746e+04 9.828456835164341987e-01
6.075551606137949420e+04 1.035581981503554294e+00
6.075551632144019095e+04 1.056309012737473463e+00
6.075551658150087314e+04 9.919080404496292136e-01
6.075551684156156989e+04 9.750089731982308772e-01
6.075551710162226664e+04 9.073228695862408655e-01
6.075551736168294883e+04 8.799131226364511615e-01
6.075551762174364558e+04 9.734390194889622760e-01
6.075551788180433505e+04 1.021330721562754285e+00
6.075551814186503179e+04 1.030170059753213740e+00
6.075551840192572854e+04 9.625681214906895988e-01
6.075551866198641073e+04 9.324394746638272613e-01
6.075551892204710748e+04 9.901758154832493997e-01
6.075551918210780423e+04 9.760786567917627554e-01
6.075551944216849370e+04 9.840613474140369465e-01
6.075551970222919044e+04 1.045999245576566539e+00
6.075551996228987991e+04 9.907370536535536898e-01
6.075552022235056938e+04 9.279957423666784777e-01
6.075552048241126613e+04 1.052495750265567409e+00
6.075552074247194832e+04 9.113573041394907870e-01
6.075552100253265235e+04 1.010757892671050762e+00
6.075552126259334182e+04 8.832377453635624764e-01
6.075552152265403129e+04 1.014901079887417623e+00
6.075552178271472803e+04 9.345392053669836496e-01
6.075552204277541750e+04 1.011295970285003731e+00
6.075552230283610697e+04 9.213697673819875034e-01
6.075552256289680372e+04 1.038281123284641394e+00
6.075552282295750047e+04 9.204146288389116748e-01
6.075552308301818994e+04 9.998742434761106468e-01
6.075552334307887941e+04 9.320241303134062516e-01
6.075552360313957615e+04 1.082778721616870055e+00
6.075552386320026562e+04 1.038028133572867606e+00
6.075552412326096237e+04 9.490556340561751014e-01
6.075552438332165912e+04 9.251932031250725830e-01
6.075552464338234131e+04 1.013524729288166393e+00
6.075552490344303806e+04 9.851552872056792420e-01
6.075552516350373480e+04 1.034850431885734334e+00
6.075552542356441700e+04 9.881980315691750727e-01
6.075552568362511374e+04 1.018197716734611236e+00
6.075552594368581049e+04 9.591809451946243792e-01
6.075552620374649996e+04 1.029321886219106696e+00
6.075552646380719671e+04 1.014810840928420221e+00
6.075552672386788618e+04 9.537026290302940135e-01
6.075552698392857565e+04 9.165847635320261144e-01
6.075552724398927239e+04 1.013851377736745718e+00
6.075552750404996914e+04 1.056350794220099143e+00
6.075552776411065861e+04 1.028102047869911440e+00
6.075552802417134808e+04 9.418537042651708990e-01
6.075552828423204483e+04 9.190707488325592367e-01
6.075552854429273430e+04 9.644004048889899261e-01
6.075552880435342377e+04 9.063796621142879983e-01
6.075552906441412051e+04 1.022982366420315259e+00
6.075552932447480998e+04 9.454411238567964615e-01
6.075552958453550673e+04 1.004149630236197854e+00
6.075552984459620347e+04 9.335239198418580076e-01
6.075553010465688567e+04 9.717813245565742886e-01
6.075553036471758242e+04 9.839753469260320573e-01
6.075553062477827916e+04 1.015215384611666716e+00
6.075553088483896863e+04 9.048806753075722131e-01
6.075553114489966538e+04 9.022556319641337197e-01
6.075553140496035485e+04 9.775641608310930986e-01
6.075553166502104432e+04 9.724257555542618059e-01
6.075553192508174106e+04 1.076371835806148924e+00
6.075553218514243054e+04 9.969443363750229992e-01
6.075553244520312728e+04 9.688564963405108532e-01
6.075553270526381675e+04 9.955377008868192545e-01
6.075553296532451350e+04 9.915310897945127655e-01
6.075553322538520297e+04 9.732396919381559597e-01
6.075553348544589244e+04 9.261657110913478208e-01
6.075553503087646095e+04 9.557797500098763610e-01
6.075553529093715770e+04 9.759578209068897614e-01
6.075553555099784717e+04 9.677463092095560659e-01
6.075553581105853664e+04 9.037038817107391209e-01
6.075553607111923338e+04 9.155399166065137928e-01
6.075553633117992285e+04 9.379547367328563423e-01
6.075553659124061960e+04 1.025049070481316216e+00
6.075553685130131635e+04 9.853120839392707220e-01
6.075553711136199854e+04 8.953113840050270777e-01
6.075553737142269529e+04 9.389458460952573304e-01
6.075553763148339203e+04 1.007041711525466843e+00
6.075553789154408878e+04 9.781875041655516689e-01
6.075553815160477825e+04 9.922256043150874394e-01
6.075553841166546772e+04 8.766220412940283202e-01
6.075553867172616447e+04 9.873422857330990121e-01
6.075553893178685394e+04 8.918324744573136176e-01
6.075553919184754341e+04 9.944499852158185105e-01
6.075553945190824015e+04 9.183569727781032421e-01
6.075553971196892962e+04 9.612197173162564390e-01
6.075553997202962637e+04 1.082758009305137437e+00
6.075554023209032312e+04 1.028430700987783331e+00
6.075554049215101259e+04 9.155731236293174202e-01
6.075554075221170206e+04 9.713068111719843634e-01
6.075554101227239880e+04 9.669682506979361269e-01
6.075554127233309555e+04 9.628605401454058965e-01
6.075554153239378502e+04 9.740132480412767579e-01
6.075554179245447449e+04 9.402126754747858195e-01
6.075554205251517124e+04 9.847038088126598421e-01
6.075554231257586798e+04 1.037829404272480494e+00
6.075554257263655018e+04 9.345807576161604402e-01
6.075554283269725420e+04 1.030851383750822192e+00
6.075554309275794367e+04 9.568898610459964926e-01
6.075554335281863314e+04 9.592660642135721893e-01
6.075554361287932988e+04 1.001635902548536183e+00
6.075554387294001936e+04 9.780745699516698588e-01
6.075554413300071610e+04 9.713936118509146622e-01
6.075554439306140557e+04 1.116635433399252531e+00
6.075554465312210232e+04 9.247375776924470214e-01
6.075554491318279906e+04 9.695981671849244199e-01
6.075554517324348853e+04 9.649289906679112683e-01
6.075554543330417800e+04 7.869096376307875840e-01
6.075554569336487475e+04 1.020948996827435007e+00
6.075554595342557150e+04 1.075370498569492739e+00
6.075554621348626097e+04 9.434755978154570899e-01
6.075554647354695044e+04 1.035882631407313959e+00
6.075554673360764718e+04 9.585179570130877291e-01
6.075554699366834393e+04 9.619655442030264902e-01
6.075554725372902612e+04 8.924929192954819124e-01
6.075554751378972287e+04 1.060128266410660158e+00
6.075554777385041962e+04 1.027055960914201371e+00
6.075554803391111636e+04 8.893026061820927808e-01
6.075554829397180583e+04 1.062701203888668289e+00
6.075554855403249530e+04 8.693176169038696610e-01
6.075554881409319205e+04 9.958087844476312123e-01
6.075554907415388152e+04 9.879179353202927061e-01
6.075554933421457827e+04 9.856731744318397714e-01
6.075554959427527501e+04 8.823060071729339482e-01
6.075554985433596448e+04 9.569787312274049551e-01
6.075555011439665395e+04 9.893731682427210350e-01
6.075555037445735070e+04 9.508426160709886332e-01
6.075555063451804017e+04 9.316914204453869974e-01
6.075555089457873692e+04 9.087578251455269429e-01
6.075555115463942639e+04 1.035410112401191185e+00
6.075555141470012313e+04 9.579322924788765681e-01
6.075555167476081988e+04 9.235753220911636641e-01
6.075555193482150935e+04 1.037094676820561112e+00
6.075555219488219882e+04 1.122753828367214934e+00
6.075555245494289557e+04 9.881458078153112501e-01
6.075555271500359231e+04 9.091497588800192542e-01
6.075555297506428906e+04 9.205417111771782013e-01
6.075555323512497125e+04 1.012963917231922695e+00
6.075555349518566800e+04 8.891037834638924053e-01
6.075555375524636474e+04 1.008919445308998242e+00
6.075555401530705421e+04 9.245401536795232467e-01
6.075555427536775096e+04 1.020179196542984723e+00
6.075555453542844043e+04 1.033637740138569905e+00
6.075555479548913718e+04 1.000696069030750257e+00
6.075555505554983392e+04 9.496629822925187758e-01
6.075555531561051612e+04 1.030512544346708914e+00
6.075555557567121286e+04 1.020716539304513448e+00
6.075555583573190961e+04 8.913371717549770645e-01
6.075555609579260636e+04 9.627871934441180057e-01
6.075555635585329583e+04 9.890884031751338012e-01
6.075555661591398530e+04 1.047292101208406434e+00
6.075555687597468204e+04 9.340114051377518267e-01
6.075555713603537879e+04 1.023606796560649679e+00
6.075555739609607554e+04 9.765623746870231159e-01
6.075555765615676501e+04 9.788555044339399824e-01
6.075555791621745448e+04 9.549970255449775625e-01
6.075555817627815122e+04 1.011294704676249712e+00
6.075555843633884797e+04 1.054137561419080882e+00
6.075555869639953016e+04 1.034911189008237420e+00
6.075555895646022691e+04 8.669188289104607925e-01
6.075555921652092366e+04 9.642347287104859888e-01
6.075555947658162040e+04 1.018260227442139065e+00
6.075555973664230987e+04 1.011130573476148653e+00
6.075555999670299934e+04 1.004385829856290213e+00
6.075556025676369609e+04 1.041332609804907827e+00
6.075556051682439283e+04 9.485954244679168923e-01
6.075556077688508958e+04 1.020401068251791665e+00
6.075556103694577905e+04 8.480676715236127317e-01
6.075556129700646852e+04 1.022481618724233376e+00
6.075556155706716527e+04 8.526896353696121755e-01
6.075556181712786201e+04 8.805589155845202631e-01
6.075556207718854421e+04 1.027573888885322972e+00
6.075556233724924095e+04 9.937190534253469432e-01
6.075556259730993770e+04 1.064846355263420641e+00
6.075556285737063445e+04 9.722609791478572516e-01
6.075556311743133119e+04 9.791563466857655662e-01
6.075556337749201339e+04 9.960655501133641732e-01
6.075556504896522529e+04 9.422988700404435480e-01
6.075556530902591476e+04 9.584590729853612601e-01
6.075556556908661150e+04 1.038165819380804988e+00
6.075556582914730097e+04 9.547280335054680878e-01
6.075556608920799772e+04 9.441002439142803793e-01
6.075556634926869447e+04 9.873942458614061168e-01
6.075556660932938394e+04 9.428959664407756680e-01
6.075556686939008068e+04 9.524530877502672688e-01
6.075556712945077015e+04 9.878574781499751545e-01
6.075556738951146690e+04 1.020928100884234579e+00
6.075556764957216365e+04 1.035620029348649940e+00
6.075556790963285312e+04 9.306005592174376728e-01
6.075556816969354986e+04 9.158714781729186960e-01
6.075556842975423933e+04 1.060235008799104817e+00
6.075556868981492880e+04 9.504503295180140032e-01
6.075556894987563282e+04 9.739979789098143215e-01
6.075556920993632230e+04 1.054670029026369305e+00
6.075556946999701904e+04 9.964556662168385648e-01
6.075556973005770851e+04 1.013059651772780123e+00
6.075556999011839798e+04 9.700406769667476725e-01
6.075557025017909473e+04 8.535228589833397939e-01
6.075557051023979147e+04 1.003108597828391124e+00
6.075557077030048822e+04 1.017847419729252190e+00
6.075557103036117769e+04 1.054215979004921921e+00
6.075557129042186716e+04 9.185801651133556067e-01
6.075557155048256391e+04 1.007268756997097947e+00
6.075557181054326065e+04 1.019442952037362682e+00
6.075557207060395740e+04 9.279937019921851160e-01
6.075557233066464687e+04 9.871211054319084521e-01
6.075557259072533634e+04 9.151637062608020123e-01
6.075557285078603309e+04 1.009659581414235952e+00
6.075557311084672983e+04 9.496696560571974421e-01
6.075557337090741930e+04 1.018883124967063125e+00
6.075557363096811605e+04 9.046750691696753277e-01
6.075557389102880552e+04 8.411101506528426697e-01
6.075557415108950227e+04 8.805604690949632163e-01
6.075557441115019901e+04 1.026648233543824507e+00
6.075557467121088848e+04 9.912933176413651903e-01
6.075557493127158523e+04 9.671294617149850392e-01
6.075557519133227470e+04 9.317769054557973885e-01
6.075557545139297144e+04 1.008210976873663789e+00
6.075557571145366819e+04 1.029813166645087374e+00
6.075557597151435766e+04 1.090590862707932374e+00
6.075557623157505441e+04 8.511468043655826543e-01
6.075557649163575115e+04 9.578485583024983763e-01
6.075557675169643335e+04 1.018346806340486577e+00
6.075557701175713009e+04 9.954437289302434655e-01
6.075557727181782684e+04 9.663750807606005244e-01
6.075557753187852359e+04 9.364832288514974845e-01
6.075557779193922033e+04 9.905222219943653483e-01
6.075557805199990980e+04 9.576373413866152706e-01
6.075557831206059927e+04 9.890166978110210838e-01
6.075557857212129602e+04 9.945502491428561687e-01
6.075557883218199277e+04 1.007943024592295123e+00
6.075557909224268951e+04 1.004051974796429825e+00
6.075557935230337898e+04 9.493673565017352045e-01
6.075557961236407573e+04 9.257206120182733811e-01
6.075557987242476520e+04 9.577767721620112917e-01
6.075558013248546195e+04 9.887869688556862879e-01
6.075558039254615869e+04 1.027546272072171085e+00
6.075558065260684816e+04 1.054340796086594256e+00
6.075558091266754491e+04 9.487631795602486928e-01
6.075558117272824165e+04 9.888353693909076592e-01
6.075558143278892385e+04 1.008010503845436112e+00
6.075558169284962059e+04 9.981602822890756066e-01
6.075558195291031734e+04 9.360426655204867608e-01
6.075558221297101409e+04 9.605819877021067876e-01
6.075558247303171083e+04 9.859701077029384697e-01
6.075558273309240030e+04 9.295181129544363152e-01
6.075558299315309705e+04 9.719562501072549487e-01
6.075558325321378652e+04 1.023420418458259373e+00
6.075558351327448327e+04 9.528670095044606825e-01
6.075558377333518001e+04 8.499320940873393848e-01
6.075558403339586948e+04 1.014768556222553464e+00
6.075558429345656623e+04 8.902674943248306549e-01
6.075558455351726298e+04 9.285582416817115270e-01
6.075558481357794517e+04 1.006592247678466334e+00
6.075558507363864192e+04 9.135461182334596586e-01
6.075558533369933866e+04 9.755765878530170410e-01
6.075558559376003541e+04 9.653542983041883963e-01
6.075558585382073215e+04 1.039554709561286261e+00
6.075558611388142162e+04 9.230161274575108266e-01
6.075558637394211837e+04 1.034992749222085617e+00
6.075558663400280784e+04 9.722835613415824474e-01
6.075558689406350459e+04 1.029377263190907943e+00
6.075558715412420133e+04 9.739041839983424431e-01
6.075558741418489080e+04 9.226492412687355982e-01
6.075558767424558755e+04 8.361415927617962263e-01
6.075558793430628430e+04 9.050794058168210032e-01
6.075558819436697377e+04 1.142525942033852493e+00
6.075558845442767051e+04 9.496460284372090221e-01
6.075558871448835998e+04 1.022726961300078452e+00
6.075558897454905673e+04 9.888785699063041834e-01
6.075558923460975348e+04 1.021692446752018979e+00
6.075558949467044295e+04 9.682115388609575657e-01
6.075558975473113969e+04 1.052509127583767246e+00
6.075559001479183644e+04 1.038783323857495500e+00
6.075559027485253318e+04 1.051995545626279061e+00
6.075559053491322265e+04 9.105283576412800395e-01
6.075559079497391212e+04 9.970802717427483808e-01
6.075559105503460887e+04 9.255478820886728908e-01
6.075559131509530562e+04 1.017828730702774465e+00
6.075559157515600236e+04 9.594362625230887787e-01
6.075559183521669911e+04 9.796467852468623283e-01
6.075559209527738858e+04 9.654572978383398896e-01
6.075559235533808533e+04 1.029082102358517492e+00
6.075559261539877480e+04 1.004011606474421781e+00
6.075559287545946427e+04 9.883374644308194901e-01
6.075559313552016101e+04 9.827198408053847700e-01
6.075559339558085776e+04 9.810851263850693948e-01
6.075559494101491873e+04 9.603966852682882527e-01
6.075559520107561548e+04 9.474124430391576146e-01
6.075559546113631222e+04 9.595738317824636932e-01
6.075559572119700897e+04 9.691717703038406073e-01
6.075559598125769844e+04 9.276143336104636372e-01
6.075559624131839519e+04 9.673597637040795005e-01
6.075559650137908466e+04 9.961510113439149272e-01
6.075559676143977413e+04 1.082926411971852243e+00
6.075559702150047087e+04 9.062315845306192497e-01
6.075559728156116762e+04 9.595007136543864945e-01
6.075559754162186437e+04 9.706044879170698803e-01
6.075559780168256111e+04 9.650822740852800230e-01
6.075559806174325058e+04 9.984529798357539843e-01
6.075559832180394733e+04 8.908473063233803835e-01
6.075559858186464407e+04 9.819709559854349346e-01
6.075559884192533355e+04 8.543529252580238653e-01
6.075559910198603029e+04 9.821135670303754450e-01
6.075559936204671976e+04 9.739712295228322159e-01
6.075559962210741651e+04 1.072742984570403291e+00
6.075559988216811325e+04 9.569494693093668625e-01
6.075560014222880272e+04 9.641724046318815855e-01
6.075560040228950675e+04 9.721835928065054588e-01
6.075560066235019622e+04 9.461068124176607030e-01
6.075560092241089296e+04 9.170675395748945080e-01
6.075560118247158971e+04 9.783921501603549675e-01
6.075560144253227918e+04 8.954795655807833432e-01
6.075560170259296865e+04 9.963043592750779887e-01
6.075560196265366540e+04 9.096202587365578296e-01
6.075560222271436214e+04 9.048074892956494697e-01
6.075560248277505889e+04 1.040221035771016878e+00
6.075560274283574836e+04 9.409253948900814235e-01
6.075560300289644510e+04 1.073286079380977087e+00
6.075560326295714185e+04 9.745965538084970792e-01
6.075560352301783860e+04 9.761056931468918840e-01
6.075560378307853534e+04 9.190870891528807318e-01
6.075560404313922481e+04 1.033202274381999963e+00
6.075560430319992156e+04 9.321769265448462960e-01
6.075560456326061831e+04 9.710266271073031419e-01
6.075560482332130050e+04 1.024348304774622909e+00
6.075560508338199725e+04 9.839770214398395609e-01
6.075560534344269399e+04 9.996056064218836745e-01
6.075560560350339074e+04 9.244136814034170646e-01
6.075560586356408749e+04 9.989740813435784572e-01
6.075560612362477696e+04 1.031771611449793014e+00
6.075560638368547370e+04 1.001351087333334000e+00
6.075560664374617045e+04 1.028361148443164508e+00
6.075560690380686719e+04 9.330503312101550151e-01
6.075560716386756394e+04 1.060013565421984660e+00
6.075560742392825341e+04 1.031314318346041814e+00
6.075560768398895016e+04 9.650791501260478356e-01
6.075560794404964690e+04 1.024337326102827239e+00
6.075560820411032910e+04 9.157144026848538232e-01
6.075560846417102584e+04 8.974595641753273512e-01
6.075560872423172259e+04 1.067344267134734626e+00
6.075560898429241934e+04 9.721213447767292903e-01
6.075560924435311608e+04 9.295514767892072427e-01
6.075560950441380555e+04 9.589270360357351475e-01
6.075560976447450230e+04 1.005893027247533489e+00
6.075561002453519905e+04 1.009269520620330152e+00
6.075561028459589579e+04 1.002074526529022291e+00
6.075561054465659254e+04 9.828447726546721830e-01
6.075561080471728201e+04 1.126899066248256531e+00
6.075561106477797875e+04 9.575312148364578668e-01
6.075561132483867550e+04 1.025619141355116115e+00
6.075561158489937225e+04 9.798826806008252843e-01
6.075561184496006899e+04 9.722209271068665837e-01
6.075561210502075846e+04 9.324915386740522116e-01
6.075561236508144793e+04 1.003600128443306705e+00
6.075561262514214468e+04 1.034340564703257970e+00
6.075561288520283415e+04 9.418947011636965572e-01
6.075561314526353090e+04 9.088457930209646873e-01
6.075561340532422764e+04 9.678745062454530146e-01
6.075561366538492439e+04 9.907454375535347246e-01
6.075561392544562113e+04 9.931975197247231435e-01
6.075561418550631060e+04 1.061574399989411388e+00
6.075561444556700735e+04 9.791584402373937346e-01
6.075561470562770410e+04 1.006328985312900715e+00
6.075561496568840084e+04 9.587160881716445537e-01
6.075561522574909759e+04 1.026042793811472231e+00
6.075561548580978706e+04 1.115796793658472508e+00
6.075561574587048381e+04 9.643641700340300771e-01
6.075561600593118055e+04 1.017614339897117581e+00
6.075561626599187002e+04 1.021477520252093818e+00
6.075561652605256677e+04 9.098152118382698550e-01
6.075561678611326352e+04 1.053497130775829627e+00
6.075561704617396026e+04 9.207157354225949941e-01
6.075561730623465701e+04 1.024752542335756411e+00
6.075561756629534648e+04 9.827166720650297727e-01
6.075561782635604322e+04 1.081760270514922517e+00
6.075561808641673269e+04 9.924976774554712389e-01
6.075561834647742944e+04 1.097101398338036438e+00
6.075561860653812619e+04 9.356715356547536944e-01
6.075561886659881566e+04 1.003759355343852411e+00
6.075561912665951240e+04 1.066153071687709675e+00
6.075561938672020915e+04 8.242057429697056126e-01
6.075561964678089862e+04 1.068336684432028783e+00
6.075561990684160264e+04 9.860527366094723467e-01
6.075562016690229211e+04 9.533766795802305349e-01
6.075562042696298886e+04 9.949040307981464881e-01
6.075562068702368560e+04 1.060678084400434651e+00
6.075562094708437508e+04 9.919595318437562925e-01
6.075562120714507182e+04 9.788709985218282394e-01
6.075562146720576857e+04 9.302713860809288526e-01
6.075562172726646531e+04 9.917095327085567735e-01
6.075562198732716206e+04 9.554642595728261023e-01
6.075562224738785153e+04 9.905535966380960566e-01
6.075562250744854828e+04 1.043517793223082135e+00
6.075562276750924502e+04 9.703569096316080334e-01
6.075562302756994177e+04 9.840272784121690819e-01
6.075562328763063852e+04 1.012686398699800705e+00
6.075562490904599690e+04 1.091149568828535976e+00
6.075562516909990518e+04 1.000460332918656325e+00
6.075562542915379890e+04 9.249020569606694053e-01
6.075562568920769263e+04 1.056842520133636443e+00
6.075562594926160091e+04 9.401896925801882521e-01
6.075562620931549463e+04 1.062469417238691261e+00
6.075562646936939564e+04 1.057400388919708112e+00
6.075562672942329664e+04 9.956959240165970115e-01
6.075562698947719036e+04 1.036964357251576097e+00
6.075562724953109864e+04 1.007632798402766650e+00
6.075562750958499237e+04 9.887116509793594243e-01
6.075562776963889337e+04 1.061267244931895837e+00
6.075562802969280165e+04 9.931611207199703140e-01
6.075562828974669537e+04 1.026776685626162422e+00
6.075562854980059637e+04 9.878182483346430454e-01
6.075562880985449738e+04 1.000160029160436670e+00
6.075562906990839110e+04 1.073633151340634084e+00
6.075562932996229938e+04 9.587788689412942711e-01
6.075562959001619311e+04 8.938350180213203711e-01
6.075562985007009411e+04 1.037619843181512902e+00
6.075563011012399511e+04 1.031686530939251778e+00
6.075563037017788884e+04 1.089815689422249934e+00
6.075563063023179711e+04 9.946406581144328074e-01
6.075563089028569084e+04 9.490083877027104542e-01
6.075563115033958456e+04 1.066202455244700475e+00
6.075563141039349284e+04 9.709039504592281711e-01
6.075563167044738657e+04 1.039269589994280318e+00
6.075563193050128757e+04 1.012866623967048740e+00
6.075563219055518857e+04 1.083294732661931992e+00
6.075563245060908230e+04 9.989304384154663596e-01
6.075563271066299058e+04 1.029809658107076364e+00
6.075563297071688430e+04 9.927066992147958180e-01
6.075563323077078530e+04 1.017115105784509366e+00
6.075563349082468631e+04 9.947973820067166351e-01
6.075563375087858003e+04 1.043465383084108744e+00
6.075563401093248831e+04 1.013212545555385313e+00
6.075563427098638203e+04 9.904687306612188769e-01
6.075563453104027576e+04 1.004799526545579136e+00
6.075563479109418404e+04 9.989387995438001600e-01
6.075563505114807776e+04 1.030374393180705894e+00
6.075563531120197877e+04 9.344060792045896235e-01
6.075563557125588704e+04 9.575506680130294601e-01
6.075563583130978077e+04 1.029986853256852131e+00
6.075563609136368905e+04 1.037511976557236260e+00
6.075563635141758277e+04 9.413126175270930540e-01
6.075563661147148377e+04 8.496432577305779166e-01
6.075563687152538478e+04 9.123780607985736424e-01
6.075563713157927850e+04 1.005863167570510752e+00
6.075563739163318678e+04 8.867473130824686800e-01
6.075563765168708051e+04 1.060340793818208338e+00
6.075563791174097423e+04 1.017837868743928231e+00
6.075563817179488251e+04 9.717039284207046324e-01
6.075563843184877624e+04 9.860189936930587873e-01
6.075563869190267724e+04 1.038008536210765609e+00
6.075563895195657824e+04 1.005955299842963724e+00
6.075563921201047197e+04 9.360325481175556517e-01
6.075563947206438024e+04 8.929349022507873102e-01
6.075563973211827397e+04 9.909870814655405979e-01
6.075563999217217497e+04 9.924496238315270169e-01
6.075564025222608325e+04 1.011335073619109348e+00
6.075564051227997697e+04 1.029710687580617456e+00
6.075564077233388525e+04 1.003892700046425723e+00
6.075564103238777898e+04 9.188353882591644428e-01
6.075564129244167270e+04 9.631289636245559116e-01
6.075564155249558098e+04 1.068699105349274925e+00
6.075564181254947471e+04 1.080445843991324040e+00
6.075564207260337571e+04 9.996721235980006171e-01
6.075564233265727671e+04 9.309895560013462523e-01
6.075564259271117044e+04 1.094978109372590991e+00
6.075564285276507871e+04 9.124712418251831325e-01
6.075564311281897244e+04 1.052846437487442666e+00
6.075564337287286617e+04 9.590152285217273809e-01
6.075564363292677444e+04 9.552143837763991119e-01
6.075564389298066817e+04 9.613536763650201156e-01
6.075564415303458372e+04 1.002422421110733763e+00
6.075564441308847745e+04 1.003609621759437687e+00
6.075564467314237118e+04 1.057136110014097241e+00
6.075564493319627945e+04 9.428123205857595890e-01
6.075564519325017318e+04 9.806600643966495445e-01
6.075564545330407418e+04 1.023846341746480926e+00
6.075564571335797518e+04 1.005824910680622963e+00
6.075564597341186891e+04 1.023041390757708280e+00
6.075564623346577719e+04 9.439723440531728738e-01
6.075564649351967091e+04 9.654859841995550029e-01
6.075564675357356464e+04 8.780724896364399124e-01
6.075564701362747292e+04 1.009000716895652960e+00
6.075564727368136664e+04 9.960041370143722927e-01
6.075564753373527492e+04 9.997044243096244731e-01
6.075564779378917592e+04 1.050823524431552913e+00
6.075564805384306965e+04 9.975328153808312726e-01
6.075564831389697792e+04 9.677520671046907497e-01
6.075564857395087165e+04 1.039239423415915242e+00
6.075564883400477265e+04 9.501648446070284360e-01
6.075564909405867365e+04 9.899492784943263457e-01
6.075564935411256738e+04 1.075548079525967538e+00
6.075564961416647566e+04 1.081684553697290330e+00
6.075564987422036938e+04 9.578042298392354104e-01
6.075565013427426311e+04 9.553047974018377131e-01
6.075565039432817866e+04 1.013120868747972469e+00
6.075565065438207239e+04 1.026062682851423213e+00
6.075565091443597339e+04 9.435751785933194080e-01
6.075565117448987439e+04 1.037276975898212328e+00
6.075565143454376812e+04 1.041458135807225904e+00
6.075565169459767640e+04 9.459533865640665784e-01
6.075565195465157012e+04 9.933445250957829709e-01
6.075565221470547112e+04 9.996363325414470147e-01
6.075565247475937213e+04 9.394037680225364451e-01
6.075565273481326585e+04 1.043932547670806121e+00
6.075565299486718141e+04 1.032472883075377101e+00
6.075565325492107513e+04 1.088182143106027233e+00
6.075565492676799477e+04 9.107842082841862696e-01
6.075565518682868424e+04 1.020569296174424156e+00
6.075565544688938098e+04 9.253438067826721403e-01
6.075565570695007773e+04 9.981928067464710397e-01
6.075565596701077448e+04 1.035842673096019073e+00
6.075565622707147122e+04 9.140933359053402540e-01
6.075565648713216069e+04 9.841204216529385596e-01
6.075565674719285744e+04 9.668834473695682163e-01
6.075565700725356146e+04 9.862966512222487436e-01
6.075565726731425821e+04 9.758719959539130517e-01
6.075565752737495495e+04 8.840144055467263895e-01
6.075565778743564442e+04 9.974542804807028373e-01
6.075565804749634117e+04 9.732150055634812835e-01
6.075565830755703792e+04 9.984670561042054970e-01
6.075565856761772739e+04 1.064739544559090589e+00
6.075565882767842413e+04 9.686272190423723671e-01
6.075565908773912088e+04 1.016905364234131248e+00
6.075565934779981762e+04 1.048811498356196248e+00
6.075565960786051437e+04 9.964449753539603716e-01
6.075565986792121112e+04 1.007706430531494890e+00
6.075566012798190786e+04 9.739085032322901681e-01
6.075566038804260461e+04 1.012272073971696607e+00
6.075566064810330136e+04 9.800745488774516012e-01
6.075566090816399810e+04 9.264016705429010123e-01
6.075566116822468757e+04 1.010731449405162685e+00
6.075566142828538432e+04 1.106156291200114827e+00
6.075566168834608106e+04 9.381873879905825442e-01
6.075566194840677781e+04 1.007159562956770227e+00
6.075566220846748183e+04 1.084884598871391992e+00
6.075566246852817130e+04 9.929016509690546943e-01
6.075566272858886805e+04 1.132346608494944951e+00
6.075566298864956480e+04 1.048428618469515738e+00
6.075566324871025427e+04 9.686550359187980908e-01
6.075566350877095101e+04 9.496969973859269443e-01
6.075566376883164776e+04 9.474142309037809628e-01
6.075566402889234450e+04 1.019317463865300422e+00
6.075566428895304125e+04 1.021290299666635537e+00
6.075566454901373800e+04 1.019975451672386901e+00
6.075566480907443474e+04 1.008336712840506744e+00
6.075566506913513149e+04 9.663588082924747802e-01
6.075566532919582824e+04 1.030791857462970418e+00
6.075566558925652498e+04 1.037067736009350982e+00
6.075566584931721445e+04 1.059102356212531904e+00
6.075566610937791120e+04 1.075876363684273862e+00
6.075566636943860794e+04 9.642906166826485936e-01
6.075566662949930469e+04 1.020695995857884952e+00
6.075566688956000144e+04 1.027735898181442842e+00
6.075566714962069818e+04 1.051998133847594996e+00
6.075566740968139493e+04 9.334983997445510662e-01
6.075566766974209168e+04 9.956452979352522492e-01
6.075566792980278115e+04 9.706541833923869600e-01
6.075566818986347789e+04 1.036247392689633839e+00
6.075566844992417464e+04 1.082869663265895177e+00
6.075566870998487866e+04 9.861677385900272652e-01
6.075566897004557541e+04 9.977222489228800839e-01
6.075566923010626488e+04 1.005305206804496310e+00
6.075566949016696162e+04 1.018332762743954678e+00
6.075566975022765837e+04 1.015241928053574716e+00
6.075567001028834784e+04 9.177285365137813899e-01
6.075567027034905186e+04 1.027481257857075780e+00
6.075567053040974133e+04 1.104697242525280121e+00
6.075567079047044535e+04 1.013582661840960464e+00
6.075567105053114210e+04 1.018895776491355765e+00
6.075567131059183157e+04 1.001645606421330825e+00
6.075567157065252832e+04 9.320645530324513928e-01
6.075567183071322506e+04 1.073128386881116114e+00
6.075567209077392181e+04 1.015435717393990078e+00
6.075567235083461856e+04 1.059923907429273005e+00
6.075567261089531530e+04 1.125877212658671134e+00
6.075567287095601205e+04 1.069628206619967603e+00
6.075567313101670879e+04 1.000635609411187898e+00
6.075567339107740554e+04 9.980141466280897378e-01
6.075567365113810229e+04 9.597665016628176282e-01
6.075567391119879176e+04 1.035509804312337856e+00
6.075567417125948850e+04 9.601834351892311048e-01
6.075567443132019253e+04 1.065772987408861283e+00
6.075567469138088200e+04 1.040563552444959905e+00
6.075567495144157874e+04 9.687574839983723596e-01
6.075567521150227549e+04 9.958543028831848831e-01
6.075567547156297223e+04 9.497541858193480069e-01
6.075567573162366898e+04 9.103625327350499674e-01
6.075567599168436573e+04 1.037971079420057841e+00
6.075567625174506247e+04 1.067883716381682113e+00
6.075567651180575922e+04 1.059247886307982389e+00
6.075567677186645597e+04 1.039853499626920197e+00
6.075567703192715271e+04 1.017548016052966631e+00
6.075567729198784218e+04 1.053803754513739754e+00
6.075567755204853893e+04 1.052335420951898248e+00
6.075567781210924295e+04 1.045241393353398385e+00
6.075567807216993242e+04 1.052827768713836099e+00
6.075567833223062917e+04 1.036932945271563211e+00
6.075567859229132591e+04 1.026329722442001824e+00
6.075567885235202266e+04 1.031557247713206227e+00
6.075567911241271941e+04 9.722003613985636949e-01
6.075567937247341615e+04 9.566940313907684734e-01
6.075567963253411290e+04 1.077986177887464203e+00
6.075567989259480964e+04 9.689368197858975185e-01
6.075568015265550639e+04 1.026495734318384256e+00
6.075568041271620314e+04 9.519932515392844907e-01
6.075568067277689261e+04 9.672265875884406006e-01
6.075568093283759663e+04 1.029137395769550656e+00
6.075568119289829338e+04 1.037143623243279134e+00
6.075568145295898285e+04 9.778384229787357995e-01
6.075568171301968687e+04 9.957604381040590091e-01
6.075568197308037634e+04 1.050104461276020640e+00
6.075568223314107308e+04 9.273156760125346176e-01
6.075568249320177711e+04 9.500618299436007774e-01
6.075568275326246658e+04 1.056016964678604841e+00
6.075568301332316332e+04 9.302190898925163376e-01
6.075568327338386007e+04 9.154873752965710931e-01
6.075568483179301256e+04 1.077652060440790649e+00
6.075568509184680443e+04 1.012465834794026964e+00
6.075568535190059629e+04 9.797961744279616303e-01
6.075568561195438815e+04 9.998632306018130356e-01
6.075568587200818729e+04 1.047033341866401956e+00
6.075568613206199370e+04 9.513040232022372811e-01
6.075568639211578557e+04 9.834094280637455388e-01
6.075568665216957743e+04 9.679574931543720728e-01
6.075568691222336929e+04 1.044211688706321306e+00
6.075568717227716115e+04 9.865146729456905073e-01
6.075568743233096029e+04 9.193330845867764278e-01
6.075568769238475215e+04 1.031928223698285629e+00
6.075568795243854402e+04 1.043578103499249066e+00
6.075568821249233588e+04 1.078850701626201225e+00
6.075568847254613502e+04 9.650760736473137369e-01
6.075568873259992688e+04 9.639568391837846084e-01
6.075568899265372602e+04 9.961509790954572452e-01
6.075568925270752516e+04 1.018282442010322031e+00
6.075568951276131702e+04 1.023447231308356242e+00
6.075568977281511616e+04 1.038379162919723209e+00
6.075569003286890802e+04 9.973375546852680795e-01
6.075569029292269988e+04 1.033663682806437167e+00
6.075569055297649174e+04 1.064649220401238328e+00
6.075569081303029088e+04 1.011052667343053324e+00
6.075569107308408275e+04 1.122687202985733101e+00
6.075569133313787461e+04 1.053794701005287937e+00
6.075569159319166647e+04 1.059470384533451437e+00
6.075569185324547288e+04 9.044431017113804261e-01
6.075569211329927202e+04 9.871748070723921353e-01
6.075569237335306389e+04 1.100189164872896308e+00
6.075569263340685575e+04 9.755104392801228208e-01
6.075569289346064761e+04 9.448175853956720660e-01
6.075569315351444675e+04 1.043397329689117692e+00
6.075569341356823861e+04 1.021361681162594293e+00
6.075569367362203047e+04 9.872117305213935490e-01
6.075569393367582234e+04 1.064537103731689527e+00
6.075569419372962147e+04 1.055841596155171258e+00
6.075569445378341334e+04 1.026552486455763580e+00
6.075569471383720520e+04 1.010527987470519751e+00
6.075569497389100434e+04 1.007019973692696579e+00
6.075569523394481075e+04 1.032911999604524844e+00
6.075569549399860261e+04 1.025333652873460677e+00
6.075569575405239448e+04 1.008912914285374551e+00
6.075569601410618634e+04 9.380185019643579869e-01
6.075569627415998548e+04 1.025317549047950250e+00
6.075569653421377734e+04 9.872373711081458003e-01
6.075569679426756920e+04 1.122396588549379848e+00
6.075569705432136107e+04 9.338344227693583521e-01
6.075569731437516020e+04 1.007204094523567184e+00
6.075569757442895207e+04 1.033476387757667814e+00
6.075569783448274393e+04 1.026871436105694091e+00
6.075569809453654307e+04 1.013092555183545240e+00
6.075569835459034948e+04 1.041953580950784941e+00
6.075569861464414134e+04 1.046999610858236451e+00
6.075569887469793321e+04 9.743335309695277946e-01
6.075569913475172507e+04 9.451849048634245465e-01
6.075569939480552421e+04 1.040984235486426046e+00
6.075569965485931607e+04 1.091847146655167133e+00
6.075569991491310793e+04 9.702442161536583010e-01
6.075570017496689979e+04 9.531329494659090962e-01
6.075570043502069893e+04 9.991193013932594402e-01
6.075570069507449080e+04 9.623591564779309104e-01
6.075570095512828993e+04 9.706149092562795788e-01
6.075570121518208907e+04 1.012382034545562304e+00
6.075570147523588821e+04 1.037024771512169430e+00
6.075570173528968007e+04 9.928621349156997455e-01
6.075570199534347194e+04 1.021490026311536070e+00
6.075570225539727107e+04 9.972430385035523370e-01
6.075570251545106294e+04 9.544099640109344751e-01
6.075570277550485480e+04 1.004910346177445124e+00
6.075570303555864666e+04 1.013835625730676426e+00
6.075570329561244580e+04 9.914381019009300688e-01
6.075570355566623766e+04 9.335632173142889290e-01
6.075570381572002952e+04 1.043132814819903498e+00
6.075570407577382866e+04 9.766853392652261601e-01
6.075570433582763508e+04 1.055199377681352413e+00
6.075570459588142694e+04 1.151547154636488157e+00
6.075570485593521880e+04 1.091189527013197269e+00
6.075570511598901066e+04 9.682693305614143986e-01
6.075570537604280980e+04 1.119813488003976509e+00
6.075570563609660167e+04 1.106169368288700161e+00
6.075570589615039353e+04 1.121795362566011312e+00
6.075570615620419267e+04 9.520986236307437123e-01
6.075570641625798453e+04 1.068406946166453597e+00
6.075570667631177639e+04 1.062627576945716745e+00
6.075570693636557553e+04 1.012689412768450481e+00
6.075570719641938194e+04 1.086256275750308697e+00
6.075570745647317381e+04 1.050395036957701977e+00
6.075570771652696567e+04 1.116764121520060105e+00
6.075570797658076481e+04 9.979570145746774479e-01
6.075570823663455667e+04 1.148157980346207641e+00
6.075570849668834853e+04 9.684738080643522373e-01
6.075570875674214039e+04 1.001035243140120379e+00
6.075570901679593953e+04 9.529585923003310866e-01
6.075570927684973140e+04 9.658189645546525481e-01
6.075570953690352326e+04 1.094386316911021728e+00
6.075570979695732240e+04 1.019144715210029473e+00
6.075571005701112153e+04 8.986526526759538447e-01
6.075571031706492067e+04 9.915355155819064459e-01
6.075571057711871254e+04 9.852358160009012655e-01
6.075571083717251167e+04 1.088858001431548983e+00
6.075571109722630354e+04 9.541701182407765769e-01
6.075571135728009540e+04 9.346617929154337201e-01
6.075571161733389454e+04 9.489035338816904641e-01
6.075571187738768640e+04 1.129253520240212749e+00
6.075571213744147826e+04 1.065501553596763129e+00
6.075571239749527740e+04 1.153996834625687473e+00
6.075571265754906926e+04 9.692647367714425366e-01
6.075571291760286840e+04 1.006936179223974825e+00
6.075571317765666754e+04 1.065145723123785970e+00
6.075571474868715450e+04 9.033556795527816208e-01
6.075571500874785124e+04 1.065722292588690889e+00
6.075571526880854799e+04 9.947942464360787218e-01
6.075571552886924474e+04 1.026989803194039652e+00
6.075571578892994148e+04 1.052674722735481572e+00
6.075571604899063823e+04 1.013335988346760086e+00
6.075571630905133497e+04 1.017961119035956319e+00
6.075571656911203172e+04 9.556171345918916815e-01
6.075571682917273574e+04 1.025675477542677738e+00
6.075571708923342521e+04 1.023013909372200825e+00
6.075571734929412196e+04 1.065145833534967279e+00
6.075571760935482598e+04 1.091301946163033332e+00
6.075571786941552273e+04 9.562539975730398600e-01
6.075571812947621947e+04 1.003268104684900797e+00
6.075571838953690894e+04 9.711301097381885850e-01
6.075571864959761297e+04 9.761326646592388689e-01
6.075571890965830971e+04 1.064884696935090691e+00
6.075571916971899918e+04 9.659412402222723459e-01
6.075571942977970320e+04 9.432255372937380367e-01
6.075571968984039995e+04 1.045834019064618037e+00
6.075571994990109670e+04 1.009831868145649070e+00
6.075572020996180072e+04 1.037846665541948710e+00
6.075572047002249019e+04 1.000097929395692864e+00
6.075572073008318694e+04 9.704958969252144296e-01
6.075572099014388368e+04 1.102472106315462774e+00
6.075572125020458770e+04 1.040758991471507189e+00
6.075572151026528445e+04 9.674497347053376828e-01
6.075572177032597392e+04 9.644542088519169054e-01
6.075572203038667794e+04 1.136729758691175762e+00
6.075572229044737469e+04 1.044690524338738769e+00
6.075572255050806416e+04 1.095449530811387850e+00
6.075572281056877546e+04 1.031412873852076695e+00
6.075572307062946493e+04 1.152508881373209171e+00
6.075572333069016167e+04 9.490251415959093384e-01
6.075572359075086570e+04 1.170523026789630494e+00
6.075572385081155517e+04 1.023732831823390921e+00
6.075572411087225191e+04 1.026069314834552992e+00
6.075572437093294866e+04 1.132898149328214421e+00
6.075572463099365268e+04 1.093643565370720605e+00
6.075572489105434943e+04 1.031722039179999717e+00
6.075572515111503890e+04 1.017863866301782716e+00
6.075572541117574292e+04 1.008240176994096293e+00
6.075572567123643967e+04 1.054310781378990702e+00
6.075572593129713641e+04 1.032514011857845304e+00
6.075572619135784043e+04 1.017280623102897907e+00
6.075572645141852990e+04 1.055305900937592467e+00
6.075572671147922665e+04 1.017914379656126078e+00
6.075572697153993067e+04 1.058472308776462256e+00
6.075572723160062014e+04 1.061466185350761204e+00
6.075572749166131689e+04 9.739794376851563795e-01
6.075572775172202091e+04 9.640530330887205901e-01
6.075572801178271766e+04 1.003232633584074662e+00
6.075572827184341440e+04 9.619059854933630360e-01
6.075572853190411115e+04 1.010090644018121209e+00
6.075572879196480790e+04 1.071541585029254895e+00
6.075572905202550464e+04 1.107052630265682902e+00
6.075572931208620867e+04 1.031805292591674306e+00
6.075572957214690541e+04 1.121040032144279941e+00
6.075572983220759488e+04 1.044024456419095026e+00
6.075573009226829890e+04 1.052436173142076159e+00
6.075573035232899565e+04 9.967872856575181739e-01
6.075573061238968512e+04 9.875627573350110877e-01
6.075573087245038914e+04 1.057796196309218173e+00
6.075573113251108589e+04 1.137710522236967448e+00
6.075573139257178264e+04 1.071895846310716660e+00
6.075573165263248666e+04 1.050443216763892185e+00
6.075573191269317613e+04 1.084425496187733762e+00
6.075573217275387287e+04 9.928081739815771689e-01
6.075573243281457690e+04 1.006333072828294206e+00
6.075573269287527364e+04 9.980014006235282675e-01
6.075573295293597039e+04 9.965082751661035187e-01
6.075573321299666713e+04 1.066927625957600156e+00
6.075573347305736388e+04 1.104517398972192588e+00
6.075573373311806063e+04 1.019445411438928417e+00
6.075573399317875737e+04 9.258319371050744984e-01
6.075573425323946140e+04 9.102938665399211704e-01
6.075573451330015087e+04 1.043929568547303566e+00
6.075573477336085489e+04 9.872683658552338093e-01
6.075573503342155163e+04 1.033528181479664854e+00
6.075573529348224110e+04 9.818372383931630587e-01
6.075573555354294513e+04 9.931885929571916405e-01
6.075573581360364187e+04 1.031936209148689443e+00
6.075573607366434589e+04 1.037863830308149327e+00
6.075573633372504264e+04 1.027813657079259313e+00
6.075573659378573211e+04 9.905715112412307732e-01
6.075573685384643613e+04 9.920228322077734306e-01
6.075573711390713288e+04 1.028502671203857188e+00
6.075573737396782963e+04 1.025852484819031130e+00
6.075573763402853365e+04 9.697128140926351003e-01
6.075573789408922312e+04 9.928840059994423761e-01
6.075573815414991986e+04 1.002458067815989784e+00
6.075573841421062389e+04 1.014237798741965069e+00
6.075573867427131336e+04 1.063164280118170879e+00
6.075573893433201010e+04 1.073270185959468215e+00
6.075573919439271413e+04 1.043405517058370480e+00
6.075573945445341087e+04 1.064985485306207291e+00
6.075573971451411489e+04 1.038443004627195076e+00
6.075573997457480436e+04 1.099094191784137919e+00
6.075574023463550111e+04 1.026889747997344893e+00
6.075574049469620513e+04 1.066672782931703978e+00
6.075574075475690188e+04 1.015612642053607129e+00
6.075574101481759863e+04 1.101073828390736642e+00
6.075574127487829537e+04 1.185784882852170208e+00
6.075574153493899212e+04 1.048098499966984232e+00
6.075574179499969614e+04 9.868565377087349377e-01
6.075574205506038561e+04 1.094809982639058266e+00
6.075574231512108236e+04 9.414294904035492850e-01
6.075574257518178638e+04 1.036519666607985224e+00
6.075574283524248312e+04 1.070223562308751264e+00
6.075574309530317987e+04 1.105443854624522659e+00
6.075574483016229351e+04 9.556417993182180215e-01
6.075574509021608537e+04 9.870706584886429491e-01
6.075574535026989179e+04 9.709598633089138175e-01
6.075574561032369093e+04 1.030750083909288684e+00
6.075574587037748279e+04 1.098090353175027900e+00
6.075574613043128193e+04 1.001366476920273030e+00
6.075574639048507379e+04 1.016107459654692402e+00
6.075574665053887293e+04 1.013307267660051414e+00
6.075574691059266479e+04 1.117108798342002940e+00
6.075574717064645665e+04 1.053680349245693870e+00
6.075574743070025579e+04 9.761319834418251684e-01
6.075574769075404765e+04 1.027519334001541829e+00
6.075574795080784679e+04 9.612574314402752007e-01
6.075574821086163865e+04 9.688848516741050965e-01
6.075574847091544507e+04 1.017707036821061228e+00
6.075574873096924421e+04 9.892957944928263414e-01
6.075574899102303607e+04 9.446278772423720715e-01
6.075574925107683521e+04 1.078830576122997043e+00
6.075574951113062707e+04 1.163351387868399200e+00
6.075574977118442621e+04 1.042100231312096836e+00
6.075575003123821807e+04 1.054419200149915747e+00
6.075575029129201721e+04 1.022956026464618917e+00
6.075575055134580907e+04 1.114640819464780330e+00
6.075575081139960093e+04 1.010868748475722834e+00
6.075575107145340007e+04 1.019108057256559174e+00
6.075575133150719921e+04 1.061210899213543613e+00
6.075575159156100563e+04 9.479535946369743726e-01
6.075575185161479749e+04 1.050019418515704794e+00
6.075575211166859663e+04 9.369894620968270971e-01
6.075575237172238849e+04 1.041236826175475416e+00
6.075575263177618035e+04 1.068864142619742941e+00
6.075575289182997949e+04 1.062469396193378213e+00
6.075575315188377135e+04 1.123333677777592410e+00
6.075575341193757049e+04 1.009943615943799999e+00
6.075575367199136235e+04 1.109796865738831295e+00
6.075575393204516149e+04 1.005443779881580291e+00
6.075575419209895335e+04 1.075361357847795407e+00
6.075575445215275249e+04 1.094462355203619008e+00
6.075575471220655891e+04 1.123410928044632051e+00
6.075575497226035077e+04 9.870085682490439272e-01
6.075575523231414991e+04 1.034853658691896827e+00
6.075575549236794177e+04 1.078387977158344668e+00
6.075575575242174091e+04 9.933109597404131685e-01
6.075575601247553277e+04 1.056926937387517196e+00
6.075575627252933191e+04 9.407254784016030325e-01
6.075575653258312377e+04 1.019697360854516344e+00
6.075575679263691563e+04 9.426171386665994634e-01
6.075575705269071477e+04 1.010268770008088568e+00
6.075575731274451391e+04 1.019736269421411379e+00
6.075575757279832033e+04 1.035541466869741578e+00
6.075575783285211219e+04 1.074661449811502578e+00
6.075575809290591133e+04 9.313575991825714384e-01
6.075575835295970319e+04 1.071642056667238663e+00
6.075575861301350233e+04 1.042722277191750813e+00
6.075575887306729419e+04 1.066904113825583256e+00
6.075575913312109333e+04 9.976911845354125008e-01
6.075575939317488519e+04 1.012267379763354569e+00
6.075575965322867705e+04 9.385924894046768774e-01
6.075575991328247619e+04 1.093734084322186773e+00
6.075576017333626805e+04 1.062999413813168426e+00
6.075576043339007447e+04 1.011793281364629538e+00
6.075576069344387361e+04 1.062791120396743727e+00
6.075576095349767274e+04 1.018219426559486385e+00
6.075576121355146461e+04 1.123397387426804173e+00
6.075576147360526375e+04 1.028665243504686577e+00
6.075576173365905561e+04 1.084667344891807605e+00
6.075576199371285475e+04 1.002091754809522950e+00
6.075576225376664661e+04 9.235864414322663141e-01
6.075576251382044575e+04 9.911903008830975637e-01
6.075576277387423761e+04 9.741953831255217855e-01
6.075576303392802947e+04 9.849611699206013427e-01
6.075576329398183589e+04 9.903387302724133701e-01
6.075576355403563502e+04 1.059854585030100882e+00
6.075576381408943416e+04 1.050840925235438261e+00
6.075576407414322603e+04 1.051913778110600495e+00
6.075576433419702516e+04 1.070035365359800483e+00
6.075576459425081703e+04 1.037976058215037689e+00
6.075576485430461616e+04 1.000292902334735778e+00
6.075576511435840803e+04 1.025382893048651267e+00
6.075576537441220717e+04 9.784308178527969524e-01
6.075576563446599903e+04 9.949629235375229142e-01
6.075576589451979817e+04 9.725668169489481985e-01
6.075576615457359003e+04 1.086145080972535926e+00
6.075576641462739644e+04 9.931885774519009225e-01
6.075576667468119558e+04 9.793557300932469456e-01
6.075576693473499472e+04 9.544403508332578445e-01
6.075576719478878658e+04 1.068400753381303581e+00
6.075576745484258572e+04 1.089795576406723088e+00
6.075576771489637758e+04 1.030762362678842914e+00
6.075576797495017672e+04 1.013936081527481825e+00
6.075576823500396858e+04 1.007238071411274305e+00
6.075576849505776045e+04 1.010164441978303795e+00
6.075576875511155959e+04 9.999062785758074945e-01
6.075576901516535145e+04 9.313826095352782941e-01
6.075576927521915786e+04 1.014385825454684253e+00
6.075576953527295700e+04 9.592455888350535087e-01
6.075576979532675614e+04 1.027755842196775848e+00
6.075577005538054800e+04 1.041202982823691059e+00
6.075577031543434714e+04 1.030793785788553407e+00
6.075577057548813900e+04 1.052152506460564130e+00
6.075577083554193814e+04 1.021542294091564385e+00
6.075577109559573000e+04 1.017721808911891568e+00
6.075577135564952914e+04 1.074417394507916290e+00
6.075577161570332100e+04 1.017609577553888922e+00
6.075577187575712014e+04 1.056736496746097487e+00
6.075577213581091200e+04 1.104047881879721249e+00
6.075577239586471842e+04 9.415215978996558377e-01
6.075577265591851756e+04 9.969981795007712977e-01
6.075577291597231670e+04 9.766826292942477616e-01
6.075577317602610856e+04 9.690772835409960928e-01
