6.075547523418369383e+04 9.305666235482292770e-01
6.075547549424438330e+04 1.082044915391932705e+00
6.075547575430508005e+04 8.700270548756691147e-01
6.075547601436576224e+04 9.469355349576248360e-01
6.075547627442645899e+04 8.683888200157645620e-01
6.075547653448714846e+04 1.046857860158676656e+00
6.075547679454784520e+04 1.098262723705735855e+00
6.075547705460853467e+04 9.654888033828534777e-01
6.075547731466922414e+04 1.170822778233254535e+00
6.075547757472991361e+04 1.206160708614890442e+00
6.075547783479061036e+04 9.359170104918503874e-01
6.075547809485129255e+04 8.929642386802256748e-01
6.075547835491198930e+04 8.795135677081193926e-01
6.075547861497267877e+04 7.903588146584081819e-01
6.075547887503337552e+04 9.871309195794745195e-01
6.075547913509406499e+04 7.205795572517336156e-01
6.075547939515475446e+04 9.402184134635493962e-01
6.075547965521544393e+04 1.349793957972010405e+00
6.075547991527614067e+04 1.056649869033940092e+00
6.075548017533683014e+04 1.306746084244885253e+00
6.075548043539752689e+04 1.229305194034943316e+00
6.075548069545820908e+04 1.107199470606902381e+00
6.075548095551890583e+04 1.055922133182586986e+00
6.075548121557959530e+04 1.007610235274533084e+00
6.075548147564028477e+04 1.106576535303740449e+00
6.075548173570098152e+04 9.642989630176178606e-01
6.075548199576167099e+04 9.577548658628791678e-01
6.075548225582236773e+04 8.368338688729376473e-01
6.075548251588305720e+04 1.161663892741146453e+00
6.075548277594374667e+04 9.852189511759756879e-01
6.075548303600443614e+04 9.115176091512779966e-01
6.075548329606513289e+04 7.532953204073429276e-01
6.075548355612582236e+04 8.699185274334325646e-01
6.075548381618651911e+04 9.239295727019779525e-01
6.075548407624720130e+04 1.140917386153773805e+00
6.075548433630789805e+04 1.126320024350380589e+00
6.075548459636858752e+04 1.182673247239133252e+00
6.075548485642928426e+04 9.730199935387314758e-01
6.075548511648997373e+04 1.052988476365363413e+00
6.075548537655066320e+04 1.260502612380600018e+00
6.075548563661135267e+04 9.639975991916905906e-01
6.075548589667204942e+04 1.180177124228951380e+00
6.075548615673273162e+04 1.010538023842240785e+00
6.075548641679342836e+04 1.064592129716381841e+00
6.075548667685411783e+04 9.024111232603917454e-01
6.075548693691481458e+04 1.247845082121682880e+00
6.075548719697551132e+04 1.039836542926966700e+00
6.075548745703619352e+04 6.980262476352057099e-01
6.075548771709689026e+04 9.472092506896347963e-01
6.075548797715757973e+04 8.947740433661188764e-01
6.075548823721827648e+04 9.783854222397363465e-01
6.075548849727896595e+04 9.057542004487050269e-01
6.075548875733965542e+04 1.175764065128600322e+00
6.075548901740034489e+04 6.401475825177296297e-01
6.075548927746104164e+04 7.778242004960618239e-01
6.075548953752172383e+04 9.756547389305669782e-01
6.075548979758242058e+04 1.003724815820820959e+00
6.075549005764311732e+04 1.128917369104975865e+00
6.075549031770380680e+04 1.231400100547860976e+00
6.075549057776450354e+04 9.154944772022703958e-01
6.075549083782518574e+04 8.869386312472536948e-01
6.075549109788588248e+04 1.140446616008533365e+00
6.075549135794657195e+04 9.826780337871171556e-01
6.075549161800726870e+04 9.890105530511766885e-01
6.075549187806795817e+04 9.232217002025436825e-01
6.075549213812864764e+04 6.913169602375613954e-01
6.075549239818933711e+04 1.290856080352745794e+00
6.075549265825003386e+04 8.557113902537208938e-01
6.075549291831072333e+04 9.614333664954629599e-01
6.075549317837142007e+04 9.686504600862040348e-01
6.075549343843210954e+04 1.012752054176108363e+00
6.075549369849279901e+04 9.834675043134825101e-01
6.075549395855349576e+04 1.099454614007164821e+00
6.075549421861417795e+04 1.056804005491098986e+00
6.075549447867487470e+04 1.052299537129466334e+00
6.075549473873556417e+04 1.149074656746746914e+00
6.075549499879626092e+04 9.710624459333905278e-01
6.075549525885695766e+04 1.107751563538039274e+00
6.075549551891763986e+04 8.961047624744301610e-01
6.075549577897833660e+04 1.069484709982111204e+00
6.075549603903902607e+04 9.812032059886629520e-01
6.075549629909972282e+04 1.028708168109487175e+00
6.075549655916041229e+04 9.368642463713220403e-01
6.075549681922110176e+04 1.073809376260659088e+00
6.075549707928179851e+04 9.203568828889925335e-01
6.075549733934248798e+04 8.815355296923029771e-01
6.075549759940317745e+04 8.699200995617145660e-01
6.075549785946386692e+04 7.685139889866093865e-01
6.075549811952456366e+04 9.929856683919472404e-01
6.075549837958525313e+04 9.217450842710341874e-01
6.075549863964594988e+04 8.406260518596521125e-01
6.075549889970663935e+04 1.134306329514453981e+00
6.075549915976732882e+04 8.825278170394459387e-01
6.075549941982802557e+04 1.067559547065029868e+00
6.075549967988871504e+04 1.010474529367578755e+00
6.075549993994941178e+04 7.155436178249348078e-01
6.075550020001009398e+04 9.800949456603348375e-01
6.075550046007079072e+04 9.521613231839118896e-01
6.075550072013148747e+04 9.166463664467839889e-01
6.075550098019216966e+04 1.137287607127800859e+00
6.075550124025286641e+04 1.149982702854498218e+00
6.075550150031355588e+04 1.184907910460286207e+00
6.075550176037425263e+04 1.071585780891459949e+00
6.075550202043494210e+04 7.969959922824070286e-01
6.075550228049563157e+04 9.112870071657601656e-01
6.075550254055632831e+04 1.134374190165009733e+00
6.075550280061701778e+04 7.543816062995621907e-01
6.075550306067771453e+04 5.170588378442928512e-01
6.075550332073840400e+04 1.112739485924426397e+00
6.075550358079909347e+04 6.634296191861481784e-01
6.075550513883041276e+04 8.857198762840945427e-01
6.075550539889110951e+04 9.224483809787367150e-01
6.075550565895179898e+04 1.009910032368215083e+00
6.075550591901248845e+04 9.881080467754794761e-01
6.075550617907318519e+04 9.333721350845242126e-01
6.075550643913387466e+04 1.031810140648765195e+00
6.075550669919457141e+04 9.177392924442938638e-01
6.075550695925526088e+04 9.022806821595138471e-01
6.075550721931595035e+04 1.017126324657042558e+00
6.075550747937664710e+04 7.232661186574559364e-01
6.075550773943733657e+04 9.627009571831245394e-01
6.075550799949803331e+04 1.017431219139166121e+00
6.075550825955872278e+04 1.019037159539703419e+00
6.075550851961941225e+04 1.067301705183399507e+00
6.075550877968010900e+04 7.940702536045914917e-01
6.075550903974079847e+04 8.577461570364733889e-01
6.075550929980148794e+04 9.486354143234144720e-01
6.075550955986217741e+04 9.945436473047225556e-01
6.075550981992287416e+04 8.875474704330669207e-01
6.075551007998357090e+04 6.379365919683432917e-01
6.075551034004426037e+04 8.934428065137276498e-01
6.075551060010494984e+04 8.991330925794637219e-01
6.075551086016564659e+04 8.888024119511698240e-01
6.075551112022633606e+04 7.661068969393284300e-01
6.075551138028703281e+04 1.126637644132852722e+00
6.075551164034772228e+04 9.475107858169287134e-01
6.075551190040841175e+04 7.782412788457970798e-01
6.075551216046910849e+04 1.026736052913366226e+00
6.075551242052979796e+04 1.242299191827157312e+00
6.075551268059049471e+04 9.781000445830176915e-01
6.075551294065118418e+04 1.153062758788460762e+00
6.075551320071187365e+04 9.933091944919296701e-01
6.075551346077257040e+04 6.650215493199552741e-01
6.075551372083325987e+04 1.063291457641292848e+00
6.075551398089394934e+04 9.299741231664064856e-01
6.075551424095464608e+04 9.086231949806091723e-01
6.075551450101533555e+04 9.570420855307704144e-01
6.075551476107603230e+04 9.126504418621533832e-01
6.075551502113672177e+04 1.100772674098727810e+00
6.075551528119741124e+04 1.006345522141318893e+00
6.075551554125810799e+04 9.296661959788368179e-01
6.075551580131879746e+04 1.072064846073175204e+00
6.075551606137949420e+04 1.051659794775432033e+00
6.075551632144019095e+04 1.022765172365563968e+00
6.075551658150087314e+04 7.378404159695135522e-01
6.075551684156156989e+04 7.031665963694403443e-01
6.075551710162226664e+04 9.832875862220583629e-01
6.075551736168294883e+04 8.502475343027624533e-01
6.075551762174364558e+04 9.358188732039904867e-01
6.075551788180433505e+04 9.339562814165693894e-01
6.075551814186503179e+04 8.669116887807012395e-01
6.075551840192572854e+04 7.815156123675757183e-01
6.075551866198641073e+04 7.546809861806310638e-01
6.075551892204710748e+04 1.057978881990894626e+00
6.075551918210780423e+04 7.998683016411226587e-01
6.075551944216849370e+04 1.015107731655256806e+00
6.075551970222919044e+04 7.878990216181820383e-01
6.075551996228987991e+04 9.408088436985051484e-01
6.075552022235056938e+04 8.519393850372433130e-01
6.075552048241126613e+04 7.696914033249921960e-01
6.075552074247194832e+04 9.180540393474517780e-01
6.075552100253265235e+04 9.786065181546169667e-01
6.075552126259334182e+04 9.079667179002450794e-01
6.075552152265403129e+04 7.062211870877802555e-01
6.075552178271472803e+04 1.026267015912224245e+00
6.075552204277541750e+04 9.178952442816501467e-01
6.075552230283610697e+04 1.029297492932007341e+00
6.075552256289680372e+04 1.110249966765975982e+00
6.075552282295750047e+04 9.645101129703486098e-01
6.075552308301818994e+04 1.037164398881355032e+00
6.075552334307887941e+04 8.972543099139013156e-01
6.075552360313957615e+04 8.786974537059941692e-01
6.075552386320026562e+04 9.483738155624313881e-01
6.075552412326096237e+04 9.525439733604874615e-01
6.075552438332165912e+04 7.949214522016644358e-01
6.075552464338234131e+04 8.262803741182630501e-01
6.075552490344303806e+04 8.410730505242289823e-01
6.075552516350373480e+04 8.970771235370572638e-01
6.075552542356441700e+04 8.843551962699204294e-01
6.075552568362511374e+04 1.042062773380385776e+00
6.075552594368581049e+04 6.526587053555661377e-01
6.075552620374649996e+04 1.130904265848449608e+00
6.075552646380719671e+04 1.133024423423117044e+00
6.075552672386788618e+04 1.102336362597206909e+00
6.075552698392857565e+04 9.234931284188145906e-01
6.075552724398927239e+04 1.014233761770402920e+00
6.075552750404996914e+04 8.898595774625915888e-01
6.075552776411065861e+04 9.147300615878853902e-01
6.075552802417134808e+04 9.751103743492750553e-01
6.075552828423204483e+04 9.793500674898181213e-01
6.075552854429273430e+04 9.179095190607279298e-01
6.075552880435342377e+04 1.072802358144928858e+00
6.075552906441412051e+04 9.208010389663889850e-01
6.075552932447480998e+04 6.221621518443336551e-01
6.075552958453550673e+04 8.806601675508495264e-01
6.075552984459620347e+04 7.837496969238586519e-01
6.075553010465688567e+04 1.122387410839863708e+00
6.075553036471758242e+04 8.035814447254793214e-01
6.075553062477827916e+04 7.144436875870004977e-01
6.075553088483896863e+04 8.100137008645332815e-01
6.075553114489966538e+04 1.139756674087882615e+00
6.075553140496035485e+04 1.072555345327220522e+00
6.075553166502104432e+04 7.542689923136591812e-01
6.075553192508174106e+04 5.927869484091240482e-01
6.075553218514243054e+04 6.992338644997728725e-01
6.075553244520312728e+04 8.927944329072172724e-01
6.075553270526381675e+04 8.780400821956291235e-01
6.075553296532451350e+04 9.528446599244656534e-01
6.075553322538520297e+04 9.403137263088551245e-01
6.075553348544589244e+04 8.902278103421187305e-01
6.075553503087646095e+04 7.132847621990064946e-01
6.075553529093715770e+04 1.108689726917107432e+00
6.075553555099784717e+04 1.096503771895754209e+00
6.075553581105853664e+04 9.461684258146962900e-01
6.075553607111923338e+04 7.152030756529391686e-01
6.075553633117992285e+04 9.355037986859084942e-01
6.075553659124061960e+04 8.524328262497665731e-01
6.075553685130131635e+04 9.745392220285393758e-01
6.075553711136199854e+04 1.084043003114210091e+00
6.075553737142269529e+04 9.587493956473346346e-01
6.075553763148339203e+04 8.486962799255128864e-01
6.075553789154408878e+04 9.050194577738027712e-01
6.075553815160477825e+04 8.189218955595993776e-01
6.075553841166546772e+04 1.050425459977650799e+00
6.075553867172616447e+04 7.702283433923040601e-01
6.075553893178685394e+04 5.904852968945465408e-01
6.075553919184754341e+04 9.522390958314800313e-01
6.075553945190824015e+04 7.097854966496313089e-01
6.075553971196892962e+04 5.918630991317201939e-01
6.075553997202962637e+04 1.276332899331924953e+00
6.075554023209032312e+04 9.211547675507054667e-01
6.075554049215101259e+04 8.024540085585737392e-01
6.075554075221170206e+04 8.372790190750731831e-01
6.075554101227239880e+04 7.946930436201443682e-01
6.075554127233309555e+04 9.729247478311747743e-01
6.075554153239378502e+04 1.209348851003962499e+00
6.075554179245447449e+04 1.100878885480144787e+00
6.075554205251517124e+04 9.212524329692288738e-01
6.075554231257586798e+04 1.190303738464493222e+00
6.075554257263655018e+04 7.966869073394807765e-01
6.075554283269725420e+04 1.042432063896255201e+00
6.075554309275794367e+04 1.006621397532860618e+00
6.075554335281863314e+04 8.252653962636792295e-01
6.075554361287932988e+04 1.021106267218925723e+00
6.075554387294001936e+04 9.976334871554137784e-01
6.075554413300071610e+04 9.216027029357751754e-01
6.075554439306140557e+04 8.713669808103436942e-01
6.075554465312210232e+04 8.330785069762447481e-01
6.075554491318279906e+04 8.510669179919209126e-01
6.075554517324348853e+04 1.197461581743195946e+00
6.075554543330417800e+04 9.919405776644178996e-01
6.075554569336487475e+04 1.231029061719134843e+00
6.075554595342557150e+04 1.108960680738943605e+00
6.075554621348626097e+04 8.781447175703341879e-01
6.075554647354695044e+04 1.014026760132411553e+00
6.075554673360764718e+04 1.096542211832879143e+00
6.075554699366834393e+04 8.408908961354920608e-01
6.075554725372902612e+04 1.044947655759195904e+00
6.075554751378972287e+04 9.520266161362220814e-01
6.075554777385041962e+04 1.107648894660956840e+00
6.075554803391111636e+04 1.204976368162385070e+00
6.075554829397180583e+04 1.083345351310739391e+00
6.075554855403249530e+04 8.113805670830349648e-01
6.075554881409319205e+04 1.032397426611338709e+00
6.075554907415388152e+04 6.360262991707767988e-01
6.075554933421457827e+04 9.338593970349462481e-01
6.075554959427527501e+04 7.282115720676960446e-01
6.075554985433596448e+04 1.125167616837060791e+00
6.075555011439665395e+04 9.695300812557050563e-01
6.075555037445735070e+04 9.674046812001168005e-01
6.075555063451804017e+04 9.584524518460604270e-01
6.075555089457873692e+04 1.050081341565771709e+00
6.075555115463942639e+04 1.016134204413476461e+00
6.075555141470012313e+04 1.200708735517812320e+00
6.075555167476081988e+04 1.076862927586520025e+00
6.075555193482150935e+04 9.986051902503578770e-01
6.075555219488219882e+04 1.002378822537502767e+00
6.075555245494289557e+04 1.148359528468772650e+00
6.075555271500359231e+04 1.104655557254784037e+00
6.075555297506428906e+04 8.505727596401061463e-01
6.075555323512497125e+04 8.771602905599856781e-01
6.075555349518566800e+04 1.139931269369949263e+00
6.075555375524636474e+04 1.011313670896403893e+00
6.075555401530705421e+04 1.069996623018236725e+00
6.075555427536775096e+04 8.984763677117506564e-01
6.075555453542844043e+04 9.767268636472112853e-01
6.075555479548913718e+04 8.779693703198492294e-01
6.075555505554983392e+04 9.343260714795336153e-01
6.075555531561051612e+04 1.165802850057944040e+00
6.075555557567121286e+04 1.080324688458194737e+00
6.075555583573190961e+04 9.120667340779463617e-01
6.075555609579260636e+04 8.318358630619441252e-01
6.075555635585329583e+04 1.063852619506086228e+00
6.075555661591398530e+04 8.582994293998159607e-01
6.075555687597468204e+04 8.343036316141920761e-01
6.075555713603537879e+04 1.030303058706705910e+00
6.075555739609607554e+04 8.259356499067344037e-01
6.075555765615676501e+04 9.916976497546030611e-01
6.075555791621745448e+04 8.088628513663069786e-01
6.075555817627815122e+04 9.698377490190205341e-01
6.075555843633884797e+04 1.070746157825856359e+00
6.075555869639953016e+04 1.144286109229102122e+00
6.075555895646022691e+04 7.157534366362289235e-01
6.075555921652092366e+04 7.187948964305671540e-01
6.075555947658162040e+04 9.375111708398118360e-01
6.075555973664230987e+04 1.008796616176492744e+00
6.075555999670299934e+04 9.890505104332482089e-01
6.075556025676369609e+04 8.806439164696889810e-01
6.075556051682439283e+04 9.732156852187072715e-01
6.075556077688508958e+04 1.030272445619996979e+00
6.075556103694577905e+04 7.749702683601346065e-01
6.075556129700646852e+04 9.872734732815935388e-01
6.075556155706716527e+04 8.464220400368192010e-01
6.075556181712786201e+04 1.114044173417746864e+00
6.075556207718854421e+04 7.488508363804950996e-01
6.075556233724924095e+04 9.342911302885129610e-01
6.075556259730993770e+04 1.071001038188688526e+00
6.075556285737063445e+04 1.193217783533421894e+00
6.075556311743133119e+04 1.134511136549467558e+00
6.075556337749201339e+04 7.227351984507118798e-01
6.075556504896522529e+04 8.689463223736899611e-01
6.075556530902591476e+04 7.191512928479395494e-01
6.075556556908661150e+04 9.458294040025057026e-01
6.075556582914730097e+04 8.926756045829924435e-01
6.075556608920799772e+04 9.840007028140753675e-01
6.075556634926869447e+04 7.574935157216190484e-01
6.075556660932938394e+04 9.579278749672971438e-01
6.075556686939008068e+04 7.536535038561105182e-01
6.075556712945077015e+04 7.803916540568712756e-01
6.075556738951146690e+04 6.830891376079862853e-01
6.075556764957216365e+04 1.112203460195588134e+00
6.075556790963285312e+04 1.159286796862859070e+00
6.075556816969354986e+04 1.018398713549259815e+00
6.075556842975423933e+04 1.045342696726387910e+00
6.075556868981492880e+04 1.100639053108448229e+00
6.075556894987563282e+04 8.693452267170751480e-01
6.075556920993632230e+04 9.162452733617186817e-01
6.075556946999701904e+04 8.352019976310093297e-01
6.075556973005770851e+04 9.964364141399821850e-01
6.075556999011839798e+04 1.007409696972074498e+00
6.075557025017909473e+04 1.064454486849191639e+00
6.075557051023979147e+04 8.978561974344491103e-01
6.075557077030048822e+04 8.631924381504578747e-01
6.075557103036117769e+04 9.305289985638264261e-01
6.075557129042186716e+04 1.021975432737781686e+00
6.075557155048256391e+04 1.098880031991105843e+00
6.075557181054326065e+04 1.055060479944774032e+00
6.075557207060395740e+04 9.155087097638976434e-01
6.075557233066464687e+04 1.033269456142763332e+00
6.075557259072533634e+04 8.790969171168871998e-01
6.075557285078603309e+04 1.063657522749044793e+00
6.075557311084672983e+04 9.857318890643791409e-01
6.075557337090741930e+04 1.033385853684925193e+00
6.075557363096811605e+04 1.036545286462734028e+00
6.075557389102880552e+04 6.470688752215548734e-01
6.075557415108950227e+04 1.026849675226645164e+00
6.075557441115019901e+04 6.817823990813902668e-01
6.075557467121088848e+04 9.018334614724061726e-01
6.075557493127158523e+04 9.452801335092275714e-01
6.075557519133227470e+04 1.038560760691108253e+00
6.075557545139297144e+04 7.599550336448329668e-01
6.075557571145366819e+04 8.078707204792141550e-01
6.075557597151435766e+04 1.080959477120831957e+00
6.075557623157505441e+04 8.979027789047471231e-01
6.075557649163575115e+04 1.019687162659169033e+00
6.075557675169643335e+04 9.060333868516505795e-01
6.075557701175713009e+04 9.387701761624126506e-01
6.075557727181782684e+04 9.530236997749568228e-01
6.075557753187852359e+04 1.000572618801127023e+00
6.075557779193922033e+04 8.608857513691429153e-01
6.075557805199990980e+04 9.879793279150098639e-01
6.075557831206059927e+04 5.614180891559139575e-01
6.075557857212129602e+04 9.957577540728663745e-01
6.075557883218199277e+04 8.662283944869045849e-01
6.075557909224268951e+04 8.335516461264895760e-01
6.075557935230337898e+04 9.619811458349137867e-01
6.075557961236407573e+04 8.039974708187577201e-01
6.075557987242476520e+04 8.180668011551622820e-01
6.075558013248546195e+04 1.019646559842501743e+00
6.075558039254615869e+04 6.754213340806646260e-01
6.075558065260684816e+04 9.118973720534186977e-01
6.075558091266754491e+04 7.329989546206685525e-01
6.075558117272824165e+04 8.230535725785504964e-01
6.075558143278892385e+04 5.639797444445142638e-01
6.075558169284962059e+04 1.093326079853474520e+00
6.075558195291031734e+04 8.126302612253590851e-01
6.075558221297101409e+04 1.080740578970384114e+00
6.075558247303171083e+04 1.010089834388826491e+00
6.075558273309240030e+04 8.577956914481859041e-01
6.075558299315309705e+04 1.007230018357532675e+00
6.075558325321378652e+04 8.006413643796529422e-01
6.075558351327448327e+04 9.456661776267584196e-01
6.075558377333518001e+04 9.278530232572295144e-01
6.075558403339586948e+04 9.573978278421688692e-01
6.075558429345656623e+04 9.064122742270395161e-01
6.075558455351726298e+04 7.291566543606240458e-01
6.075558481357794517e+04 8.638037774734517171e-01
6.075558507363864192e+04 6.968415362172041272e-01
6.075558533369933866e+04 7.508890918148295457e-01
6.075558559376003541e+04 8.707491123095522090e-01
6.075558585382073215e+04 6.271676123137870373e-01
6.075558611388142162e+04 6.736286174043668584e-01
6.075558637394211837e+04 9.653612987311386284e-01
6.075558663400280784e+04 8.224334121874016246e-01
6.075558689406350459e+04 8.766656753710911909e-01
6.075558715412420133e+04 7.403983374598334111e-01
6.075558741418489080e+04 8.065819342779473322e-01
6.075558767424558755e+04 5.922591057218212773e-01
6.075558793430628430e+04 1.088423874372852929e+00
6.075558819436697377e+04 1.078649762932069045e+00
6.075558845442767051e+04 7.759474618148374248e-01
6.075558871448835998e+04 8.296948662652848805e-01
6.075558897454905673e+04 1.006769446887649133e+00
6.075558923460975348e+04 6.852915695804946417e-01
6.075558949467044295e+04 9.837341150816516500e-01
6.075558975473113969e+04 7.740957441364100244e-01
6.075559001479183644e+04 7.229695635182227242e-01
6.075559027485253318e+04 8.789110330325473619e-01
6.075559053491322265e+04 9.561404128979019701e-01
6.075559079497391212e+04 1.006514747191989301e+00
6.075559105503460887e+04 6.161677058226281423e-01
6.075559131509530562e+04 1.026477143226433908e+00
6.075559157515600236e+04 5.259985635511396085e-01
6.075559183521669911e+04 8.643527904697544395e-01
6.075559209527738858e+04 9.163184933722334780e-01
6.075559235533808533e+04 9.226917142808216399e-01
6.075559261539877480e+04 7.527622445491255476e-01
6.075559287545946427e+04 8.076346640891419737e-01
6.075559313552016101e+04 8.008201386277783440e-01
6.075559339558085776e+04 1.001891078359498533e+00
6.075559494101491873e+04 8.461508563768851410e-01
6.075559520107561548e+04 1.007808005279410057e+00
6.075559546113631222e+04 1.013548938531832366e+00
6.075559572119700897e+04 9.797620104900359728e-01
6.075559598125769844e+04 1.004298627782832520e+00
6.075559624131839519e+04 8.345229494134411841e-01
6.075559650137908466e+04 8.520067829408456417e-01
6.075559676143977413e+04 6.152267776893897144e-01
6.075559702150047087e+04 6.535507207707283994e-01
6.075559728156116762e+04 1.078299433365772053e+00
6.075559754162186437e+04 9.120862254093282662e-01
6.075559780168256111e+04 1.170521392603296018e+00
6.075559806174325058e+04 6.963407751081905905e-01
6.075559832180394733e+04 9.555093859382594035e-01
6.075559858186464407e+04 1.260664137641795080e+00
6.075559884192533355e+04 8.695614457899709659e-01
6.075559910198603029e+04 1.120736472119360894e+00
6.075559936204671976e+04 1.050692247807218482e+00
6.075559962210741651e+04 7.691476895397618696e-01
6.075559988216811325e+04 1.097547438945652765e+00
6.075560014222880272e+04 9.367159325572208539e-01
6.075560040228950675e+04 7.498483672357855179e-01
6.075560066235019622e+04 8.532927752932290000e-01
6.075560092241089296e+04 9.776704619759272186e-01
6.075560118247158971e+04 8.203246356019040508e-01
6.075560144253227918e+04 7.251680926732528842e-01
6.075560170259296865e+04 9.627759930430657143e-01
6.075560196265366540e+04 8.568378386187933682e-01
6.075560222271436214e+04 9.837201430161677251e-01
6.075560248277505889e+04 1.351964091532200207e+00
6.075560274283574836e+04 1.055256837971975559e+00
6.075560300289644510e+04 9.451711591656426492e-01
6.075560326295714185e+04 8.389937534295879296e-01
6.075560352301783860e+04 7.844207217369758567e-01
6.075560378307853534e+04 9.262718280597094234e-01
6.075560404313922481e+04 9.261417534811583474e-01
6.075560430319992156e+04 9.061434747000792767e-01
6.075560456326061831e+04 9.787503856045562944e-01
6.075560482332130050e+04 1.010276972512775373e+00
6.075560508338199725e+04 1.071266115162409216e+00
6.075560534344269399e+04 9.622767026067566842e-01
6.075560560350339074e+04 6.726394271735102182e-01
6.075560586356408749e+04 6.912090401650603511e-01
6.075560612362477696e+04 9.541740380807945954e-01
6.075560638368547370e+04 1.090793944674525395e+00
6.075560664374617045e+04 1.004791965218575056e+00
6.075560690380686719e+04 9.093555955465258966e-01
6.075560716386756394e+04 6.931632631205191242e-01
6.075560742392825341e+04 7.953041818546120467e-01
6.075560768398895016e+04 8.661596072769681687e-01
6.075560794404964690e+04 8.132987810420795327e-01
6.075560820411032910e+04 8.816478654218707911e-01
6.075560846417102584e+04 8.860895454070942812e-01
6.075560872423172259e+04 8.673456233168194141e-01
6.075560898429241934e+04 1.279737316742368236e+00
6.075560924435311608e+04 9.527465241501842375e-01
6.075560950441380555e+04 9.689689937387001573e-01
6.075560976447450230e+04 9.939916383470928096e-01
6.075561002453519905e+04 8.640074420014751677e-01
6.075561028459589579e+04 9.989836384631016752e-01
6.075561054465659254e+04 8.392800670654863016e-01
6.075561080471728201e+04 6.085215896447356831e-01
6.075561106477797875e+04 7.438892832107965036e-01
6.075561132483867550e+04 9.422734492482119917e-01
6.075561158489937225e+04 8.799014797545646749e-01
6.075561184496006899e+04 9.646455929648176664e-01
6.075561210502075846e+04 8.472750471930504679e-01
6.075561236508144793e+04 7.964340839183422505e-01
6.075561262514214468e+04 1.009887936830443422e+00
6.075561288520283415e+04 1.201280391136556602e+00
6.075561314526353090e+04 9.519654714182690380e-01
6.075561340532422764e+04 8.470425699754751125e-01
6.075561366538492439e+04 1.059716716488646515e+00
6.075561392544562113e+04 9.102250634087526437e-01
6.075561418550631060e+04 1.062114478444888155e+00
6.075561444556700735e+04 7.727537623377339626e-01
6.075561470562770410e+04 9.628687223573939580e-01
6.075561496568840084e+04 8.190182994676903361e-01
6.075561522574909759e+04 6.904452094107280669e-01
6.075561548580978706e+04 9.338243233812277833e-01
6.075561574587048381e+04 8.610842254003785445e-01
6.075561600593118055e+04 6.639358305744667010e-01
6.075561626599187002e+04 1.045137673434873404e+00
6.075561652605256677e+04 8.899548612483764165e-01
6.075561678611326352e+04 9.006826594433947619e-01
6.075561704617396026e+04 8.266194294574458201e-01
6.075561730623465701e+04 8.043254946518263448e-01
6.075561756629534648e+04 4.695804586707480466e-01
6.075561782635604322e+04 8.590671738619365394e-01
6.075561808641673269e+04 8.547909665201279816e-01
6.075561834647742944e+04 1.026587383133021225e+00
6.075561860653812619e+04 9.665014213107063767e-01
6.075561886659881566e+04 8.929354918471381630e-01
6.075561912665951240e+04 6.680216131962313231e-01
6.075561938672020915e+04 6.675946599788766811e-01
6.075561964678089862e+04 8.746215823819939450e-01
6.075561990684160264e+04 1.006911147296435161e+00
6.075562016690229211e+04 9.887461756332566187e-01
6.075562042696298886e+04 7.537444773132756515e-01
6.075562068702368560e+04 1.119376789876011413e+00
6.075562094708437508e+04 9.748728707556999495e-01
6.075562120714507182e+04 7.594397574104451154e-01
6.075562146720576857e+04 9.606335290078016342e-01
6.075562172726646531e+04 1.080672549120659687e+00
6.075562198732716206e+04 9.459128948368034084e-01
6.075562224738785153e+04 9.895751013897372550e-01
6.075562250744854828e+04 8.317381094476665737e-01
6.075562276750924502e+04 9.922762970785962144e-01
6.075562302756994177e+04 8.570497659005941182e-01
6.075562328763063852e+04 8.844205442359491798e-01
6.075562490904599690e+04 1.245963859814753771e+00
6.075562516909990518e+04 9.808492869247235069e-01
6.075562542915379890e+04 9.068057388029457933e-01
6.075562568920769263e+04 9.836044062666892129e-01
6.075562594926160091e+04 8.958103641754201485e-01
6.075562620931549463e+04 9.641697486499393177e-01
6.075562646936939564e+04 9.271006566070582045e-01
6.075562672942329664e+04 1.144260694761797703e+00
6.075562698947719036e+04 8.833667042094985877e-01
6.075562724953109864e+04 7.601746499550374736e-01
6.075562750958499237e+04 8.959258619857923822e-01
6.075562776963889337e+04 8.780630753694794732e-01
6.075562802969280165e+04 1.101627628374395540e+00
6.075562828974669537e+04 9.112885806716283232e-01
6.075562854980059637e+04 6.597824844149122736e-01
6.075562880985449738e+04 7.100974033735638624e-01
6.075562906990839110e+04 7.629213157712977367e-01
6.075562932996229938e+04 9.900168701273184269e-01
6.075562959001619311e+04 8.447109725661127166e-01
6.075562985007009411e+04 7.482941172338425373e-01
6.075563011012399511e+04 9.757890047595596528e-01
6.075563037017788884e+04 6.931798488060867403e-01
6.075563063023179711e+04 1.110110755652155667e+00
6.075563089028569084e+04 1.004108466542933842e+00
6.075563115033958456e+04 1.046782222307055754e+00
6.075563141039349284e+04 8.960901377477371588e-01
6.075563167044738657e+04 6.648918983458412812e-01
6.075563193050128757e+04 7.655407718003998108e-01
6.075563219055518857e+04 7.629061298508670319e-01
6.075563245060908230e+04 9.917998027371892622e-01
6.075563271066299058e+04 8.614378246911643666e-01
6.075563297071688430e+04 9.268457787096550105e-01
6.075563323077078530e+04 1.151309570968259033e+00
6.075563349082468631e+04 1.121186801918380604e+00
6.075563375087858003e+04 1.080058593860213190e+00
6.075563401093248831e+04 7.559949785109103537e-01
6.075563427098638203e+04 9.597081870174661855e-01
6.075563453104027576e+04 9.011123996356026344e-01
6.075563479109418404e+04 1.000405450015601660e+00
6.075563505114807776e+04 8.526452739104508627e-01
6.075563531120197877e+04 7.571634848825744557e-01
6.075563557125588704e+04 1.062681535113133346e+00
6.075563583130978077e+04 9.299141352803625971e-01
6.075563609136368905e+04 9.222843032654014506e-01
6.075563635141758277e+04 1.009449696054983026e+00
6.075563661147148377e+04 1.012252439709647733e+00
6.075563687152538478e+04 9.881340076994696853e-01
6.075563713157927850e+04 7.872734625541846221e-01
6.075563739163318678e+04 5.960374339470979610e-01
6.075563765168708051e+04 8.347346407418796410e-01
6.075563791174097423e+04 6.328333901302033437e-01
6.075563817179488251e+04 7.945671719081461859e-01
6.075563843184877624e+04 8.398938911147248998e-01
6.075563869190267724e+04 9.342540128550197442e-01
6.075563895195657824e+04 5.541110925268223353e-01
6.075563921201047197e+04 6.012400408270388574e-01
6.075563947206438024e+04 7.829292081663915548e-01
6.075563973211827397e+04 7.579193463014891607e-01
6.075563999217217497e+04 9.768741328925683032e-01
6.075564025222608325e+04 7.517757067915707969e-01
6.075564051227997697e+04 1.064396330827844572e+00
6.075564077233388525e+04 6.922538482754576616e-01
6.075564103238777898e+04 9.342691620000288522e-01
6.075564129244167270e+04 9.841888302988460735e-01
6.075564155249558098e+04 9.417183479584223527e-01
6.075564181254947471e+04 1.006569608143262462e+00
6.075564207260337571e+04 8.209870855377868759e-01
6.075564233265727671e+04 8.634489536037889268e-01
6.075564259271117044e+04 1.009712781026259831e+00
6.075564285276507871e+04 8.922426139488167651e-01
6.075564311281897244e+04 9.750192294172201901e-01
6.075564337287286617e+04 1.006664388467980231e+00
6.075564363292677444e+04 9.100673351111981946e-01
6.075564389298066817e+04 7.460198455831882347e-01
6.075564415303458372e+04 8.861080965409672272e-01
6.075564441308847745e+04 1.058784521452990957e+00
6.075564467314237118e+04 1.262641348887191928e+00
6.075564493319627945e+04 1.045821830924690055e+00
6.075564519325017318e+04 6.840507480821994557e-01
6.075564545330407418e+04 8.817890841103159794e-01
6.075564571335797518e+04 8.807307453853340240e-01
6.075564597341186891e+04 1.200712709325874927e+00
6.075564623346577719e+04 1.069771082889356073e+00
6.075564649351967091e+04 9.594469253459635416e-01
6.075564675357356464e+04 6.625580678535565315e-01
6.075564701362747292e+04 1.001440140490366115e+00
6.075564727368136664e+04 7.488196590768172456e-01
6.075564753373527492e+04 8.158628260616215266e-01
6.075564779378917592e+04 7.429701098824930128e-01
6.075564805384306965e+04 7.994048764415716546e-01
6.075564831389697792e+04 9.163808907914027246e-01
6.075564857395087165e+04 1.047911625105491851e+00
6.075564883400477265e+04 7.138538278650122804e-01
6.075564909405867365e+04 6.750974536821660044e-01
6.075564935411256738e+04 8.185872255344465165e-01
6.075564961416647566e+04 1.026027846435703328e+00
6.075564987422036938e+04 8.018152434039687027e-01
6.075565013427426311e+04 1.218764976916168807e+00
6.075565039432817866e+04 9.806118490802817611e-01
6.075565065438207239e+04 9.521011324807078235e-01
6.075565091443597339e+04 8.551804966997360591e-01
6.075565117448987439e+04 5.727839802843261996e-01
6.075565143454376812e+04 1.022009091948550941e+00
6.075565169459767640e+04 6.637799179326976384e-01
6.075565195465157012e+04 9.455456735490308517e-01
6.075565221470547112e+04 9.904651216141646675e-01
6.075565247475937213e+04 1.204263627132920123e+00
6.075565273481326585e+04 9.679865216998921884e-01
6.075565299486718141e+04 1.162045759382404064e+00
6.075565325492107513e+04 9.558831725513623478e-01
6.075565492676799477e+04 1.128464490898832828e+00
6.075565518682868424e+04 6.567440960944994632e-01
6.075565544688938098e+04 6.799328511985490708e-01
6.075565570695007773e+04 1.104879407202939534e+00
6.075565596701077448e+04 8.975965147255720034e-01
6.075565622707147122e+04 7.378231823395493549e-01
6.075565648713216069e+04 8.982125443641254536e-01
6.075565674719285744e+04 6.721545745628271229e-01
6.075565700725356146e+04 8.654267530106274364e-01
6.075565726731425821e+04 9.378217732874893908e-01
6.075565752737495495e+04 7.284349752672483191e-01
6.075565778743564442e+04 7.362759537457291836e-01
6.075565804749634117e+04 8.161693718821142474e-01
6.075565830755703792e+04 1.236678670265612734e+00
6.075565856761772739e+04 9.500622398336352470e-01
6.075565882767842413e+04 1.183727465093794562e+00
6.075565908773912088e+04 8.261807753258975096e-01
6.075565934779981762e+04 6.677706609412519256e-01
6.075565960786051437e+04 1.070083656911863468e+00
6.075565986792121112e+04 9.749526936476604622e-01
6.075566012798190786e+04 1.040868643073837641e+00
6.075566038804260461e+04 9.128751330047862877e-01
6.075566064810330136e+04 1.017895510962357530e+00
6.075566090816399810e+04 9.053990709393381353e-01
6.075566116822468757e+04 9.485465471591855158e-01
6.075566142828538432e+04 1.028494802735887337e+00
6.075566168834608106e+04 1.095191236308967087e+00
6.075566194840677781e+04 9.771989507268167285e-01
6.075566220846748183e+04 1.038802821193073100e+00
6.075566246852817130e+04 1.019669643285714633e+00
6.075566272858886805e+04 1.046198419298175253e+00
6.075566298864956480e+04 8.071790615476343023e-01
6.075566324871025427e+04 8.871096245771845634e-01
6.075566350877095101e+04 7.525585976175194203e-01
6.075566376883164776e+04 9.313262698433362186e-01
6.075566402889234450e+04 1.214228265427047093e+00
6.075566428895304125e+04 9.556388330975229550e-01
6.075566454901373800e+04 1.159454479435969354e+00
6.075566480907443474e+04 9.662497138002705821e-01
6.075566506913513149e+04 8.718511910761174155e-01
6.075566532919582824e+04 8.852091144878406759e-01
6.075566558925652498e+04 9.738518755564864460e-01
6.075566584931721445e+04 8.735377868306050120e-01
6.075566610937791120e+04 9.173278473032576708e-01
6.075566636943860794e+04 9.442452111671288950e-01
6.075566662949930469e+04 8.585077631915510876e-01
6.075566688956000144e+04 1.170046384012049856e+00
6.075566714962069818e+04 1.010475416639242896e+00
6.075566740968139493e+04 8.164811941828118425e-01
6.075566766974209168e+04 9.247474417454043527e-01
6.075566792980278115e+04 8.875895852592745605e-01
6.075566818986347789e+04 8.895728174500351360e-01
6.075566844992417464e+04 8.864632866554913448e-01
6.075566870998487866e+04 9.746597458161464500e-01
6.075566897004557541e+04 1.090445646185974171e+00
6.075566923010626488e+04 9.534145189269642717e-01
6.075566949016696162e+04 9.851858814556021526e-01
6.075566975022765837e+04 1.134365030128946294e+00
6.075567001028834784e+04 1.027567477365324944e+00
6.075567027034905186e+04 7.865494140148788782e-01
6.075567053040974133e+04 9.287225247930922523e-01
6.075567079047044535e+04 9.651688266913649450e-01
6.075567105053114210e+04 9.135667864525306436e-01
6.075567131059183157e+04 8.983495176787879011e-01
6.075567157065252832e+04 7.188931436974901334e-01
6.075567183071322506e+04 9.383162160737431590e-01
6.075567209077392181e+04 9.579618524592150575e-01
6.075567235083461856e+04 9.617020629959605049e-01
6.075567261089531530e+04 1.091869702193432712e+00
6.075567287095601205e+04 8.964232371464651017e-01
6.075567313101670879e+04 1.058517981921696771e+00
6.075567339107740554e+04 1.264515144616332964e+00
6.075567365113810229e+04 6.534257068822627579e-01
6.075567391119879176e+04 7.281843262642114789e-01
6.075567417125948850e+04 7.055128149552114536e-01
6.075567443132019253e+04 8.567128135125559041e-01
6.075567469138088200e+04 1.004178054901103900e+00
6.075567495144157874e+04 9.589415240553788022e-01
6.075567521150227549e+04 1.011334818135715130e+00
6.075567547156297223e+04 1.214110039075394498e+00
6.075567573162366898e+04 1.188793405774701384e+00
6.075567599168436573e+04 9.101663357496490026e-01
6.075567625174506247e+04 8.098195344306531318e-01
6.075567651180575922e+04 9.368971789357875002e-01
6.075567677186645597e+04 1.149109671894940954e+00
6.075567703192715271e+04 9.677453676546812211e-01
6.075567729198784218e+04 1.181248578844823260e+00
6.075567755204853893e+04 9.457215893759888248e-01
6.075567781210924295e+04 1.157683210404586216e+00
6.075567807216993242e+04 9.799025898350027797e-01
6.075567833223062917e+04 8.673714642229400917e-01
6.075567859229132591e+04 8.557597532522481787e-01
6.075567885235202266e+04 8.524343704653315479e-01
6.075567911241271941e+04 8.676094352984659031e-01
6.075567937247341615e+04 7.912286281870298810e-01
6.075567963253411290e+04 9.613943344859988693e-01
6.075567989259480964e+04 9.455104537483123295e-01
6.075568015265550639e+04 1.023872341595524871e+00
6.075568041271620314e+04 8.593215429381508841e-01
6.075568067277689261e+04 1.176321132374783973e+00
6.075568093283759663e+04 9.043772987219543813e-01
6.075568119289829338e+04 8.307269473975348317e-01
6.075568145295898285e+04 9.613811134627332500e-01
6.075568171301968687e+04 8.053040401134392567e-01
6.075568197308037634e+04 6.446338005506295765e-01
6.075568223314107308e+04 8.263015500780034328e-01
6.075568249320177711e+04 1.042658770666091250e+00
6.075568275326246658e+04 1.023589357729687954e+00
6.075568301332316332e+04 7.898930544483083738e-01
6.075568327338386007e+04 7.438309469029050769e-01
6.075568483179301256e+04 8.552162456836621685e-01
6.075568509184680443e+04 8.236495786258225538e-01
6.075568535190059629e+04 9.198191134785873579e-01
6.075568561195438815e+04 1.037338562503093309e+00
6.075568587200818729e+04 8.585436716237773158e-01
6.075568613206199370e+04 9.573571909408820080e-01
6.075568639211578557e+04 9.563347480751331897e-01
6.075568665216957743e+04 1.115645353403489581e+00
6.075568691222336929e+04 8.774133391071190502e-01
6.075568717227716115e+04 1.158003920818720722e+00
6.075568743233096029e+04 9.642752257188459408e-01
6.075568769238475215e+04 1.207196338155207771e+00
6.075568795243854402e+04 1.033033407167476714e+00
6.075568821249233588e+04 1.021548822872253126e+00
6.075568847254613502e+04 8.418921971038942909e-01
6.075568873259992688e+04 9.551615538036603015e-01
6.075568899265372602e+04 8.328565401758017961e-01
6.075568925270752516e+04 9.917895442668572814e-01
6.075568951276131702e+04 8.686974074538781343e-01
6.075568977281511616e+04 8.843547477144272362e-01
6.075569003286890802e+04 9.427164125203063572e-01
6.075569029292269988e+04 8.740427363281334516e-01
6.075569055297649174e+04 9.635514061919120410e-01
6.075569081303029088e+04 1.095886365543074836e+00
6.075569107308408275e+04 1.083715432618382657e+00
6.075569133313787461e+04 1.023926631527802167e+00
6.075569159319166647e+04 9.983965497112644583e-01
6.075569185324547288e+04 8.421159191405959143e-01
6.075569211329927202e+04 1.097168618254291683e+00
6.075569237335306389e+04 1.129694772545829062e+00
6.075569263340685575e+04 1.144413924103083291e+00
6.075569289346064761e+04 9.965752151975880713e-01
6.075569315351444675e+04 8.934308444729484044e-01
6.075569341356823861e+04 8.083840650150567742e-01
6.075569367362203047e+04 6.750163089604536149e-01
6.075569393367582234e+04 1.022219931637737611e+00
6.075569419372962147e+04 1.094583265393735960e+00
6.075569445378341334e+04 1.172923779567589531e+00
6.075569471383720520e+04 7.609025266296584045e-01
6.075569497389100434e+04 1.078286635453380438e+00
6.075569523394481075e+04 9.845502127027861983e-01
6.075569549399860261e+04 1.105441146485571569e+00
6.075569575405239448e+04 7.035448935308875607e-01
6.075569601410618634e+04 8.954687432316407181e-01
6.075569627415998548e+04 1.006303919890574772e+00
6.075569653421377734e+04 9.500291047226179231e-01
6.075569679426756920e+04 1.056077855369691454e+00
6.075569705432136107e+04 1.015797596995512864e+00
6.075569731437516020e+04 1.108471020346956326e+00
6.075569757442895207e+04 9.931012728479635676e-01
6.075569783448274393e+04 9.219789108468466887e-01
6.075569809453654307e+04 9.493877850927020523e-01
6.075569835459034948e+04 1.047352473916070892e+00
6.075569861464414134e+04 8.603418383280899695e-01
6.075569887469793321e+04 9.574902308760400160e-01
6.075569913475172507e+04 1.086774120505941799e+00
6.075569939480552421e+04 8.859253205549195709e-01
6.075569965485931607e+04 9.874013711333325949e-01
6.075569991491310793e+04 8.563845537786470841e-01
6.075570017496689979e+04 9.148563546711220296e-01
6.075570043502069893e+04 9.752065465822769008e-01
6.075570069507449080e+04 9.442897562815141255e-01
6.075570095512828993e+04 8.443472698560768874e-01
6.075570121518208907e+04 7.401907541595701412e-01
6.075570147523588821e+04 8.097347783316960479e-01
6.075570173528968007e+04 9.114199176983542872e-01
6.075570199534347194e+04 7.974671850672481188e-01
6.075570225539727107e+04 8.331052058067217603e-01
6.075570251545106294e+04 1.063444300634139861e+00
6.075570277550485480e+04 8.565583797932306842e-01
6.075570303555864666e+04 9.601820879907368989e-01
6.075570329561244580e+04 9.368228637905435807e-01
6.075570355566623766e+04 8.809589969686141275e-01
6.075570381572002952e+04 9.310922398119504395e-01
6.075570407577382866e+04 8.477305286925287398e-01
6.075570433582763508e+04 1.045068766069953803e+00
6.075570459588142694e+04 7.696551334140092626e-01
6.075570485593521880e+04 1.064459702413749431e+00
6.075570511598901066e+04 8.134916037258048682e-01
6.075570537604280980e+04 1.009341411595994442e+00
6.075570563609660167e+04 1.179376389619385623e+00
6.075570589615039353e+04 8.700343406123861589e-01
6.075570615620419267e+04 9.113526865051997383e-01
6.075570641625798453e+04 8.704807655348327788e-01
6.075570667631177639e+04 8.239505969524506535e-01
6.075570693636557553e+04 7.343496627849870340e-01
6.075570719641938194e+04 8.128703399055768886e-01
6.075570745647317381e+04 8.917773078542891030e-01
6.075570771652696567e+04 9.204784826364769135e-01
6.075570797658076481e+04 9.849476980751585842e-01
6.075570823663455667e+04 9.766285426971199612e-01
6.075570849668834853e+04 1.119817359034853466e+00
6.075570875674214039e+04 9.933128964002517769e-01
6.075570901679593953e+04 8.671724225610201175e-01
6.075570927684973140e+04 9.373883939142536592e-01
6.075570953690352326e+04 9.892294997820137992e-01
6.075570979695732240e+04 8.909168672850990012e-01
6.075571005701112153e+04 8.721064675030762992e-01
6.075571031706492067e+04 9.845677010182607436e-01
6.075571057711871254e+04 1.057357021038648481e+00
6.075571083717251167e+04 1.106861078750604355e+00
6.075571109722630354e+04 7.397413695178489679e-01
6.075571135728009540e+04 8.214978366222972506e-01
6.075571161733389454e+04 9.003912205871882346e-01
6.075571187738768640e+04 1.025064762929227991e+00
6.075571213744147826e+04 1.047162075654930025e+00
6.075571239749527740e+04 1.050095160098314384e+00
6.075571265754906926e+04 9.244185775556835738e-01
6.075571291760286840e+04 1.051918596072928258e+00
6.075571317765666754e+04 9.360923870511693723e-01
6.075571474868715450e+04 9.250602115331829634e-01
6.075571500874785124e+04 1.065211646236676968e+00
6.075571526880854799e+04 1.039362084267994479e+00
6.075571552886924474e+04 9.800554905758055435e-01
6.075571578892994148e+04 1.102738395860649812e+00
6.075571604899063823e+04 1.150051027463675490e+00
6.075571630905133497e+04 9.048669619276938914e-01
6.075571656911203172e+04 1.146788701282291267e+00
6.075571682917273574e+04 9.638082270663558271e-01
6.075571708923342521e+04 8.967410094842507284e-01
6.075571734929412196e+04 1.023224489689935623e+00
6.075571760935482598e+04 6.848869191261443001e-01
6.075571786941552273e+04 8.195288476014823686e-01
6.075571812947621947e+04 1.080513753180325054e+00
6.075571838953690894e+04 9.084319319355078637e-01
6.075571864959761297e+04 8.891085095409620997e-01
6.075571890965830971e+04 1.024856051673364243e+00
6.075571916971899918e+04 8.306808035118173894e-01
6.075571942977970320e+04 1.058765672780858758e+00
6.075571968984039995e+04 1.078767317631302847e+00
6.075571994990109670e+04 1.070131911500534327e+00
6.075572020996180072e+04 1.037364856956614290e+00
6.075572047002249019e+04 1.114515317479393364e+00
6.075572073008318694e+04 9.469205491229628624e-01
6.075572099014388368e+04 7.968952099526405153e-01
6.075572125020458770e+04 9.993149991116574427e-01
6.075572151026528445e+04 1.022943854010344156e+00
6.075572177032597392e+04 1.079182554271577832e+00
6.075572203038667794e+04 1.109806478862140677e+00
6.075572229044737469e+04 9.947585309602873238e-01
6.075572255050806416e+04 1.115802988337556423e+00
6.075572281056877546e+04 8.545096003165463250e-01
6.075572307062946493e+04 1.219481671300833181e+00
6.075572333069016167e+04 1.036257390079647234e+00
6.075572359075086570e+04 1.054331800181479428e+00
6.075572385081155517e+04 1.106052674267006708e+00
6.075572411087225191e+04 6.357039614855843901e-01
6.075572437093294866e+04 1.085196718814634975e+00
6.075572463099365268e+04 1.183023090459762283e+00
6.075572489105434943e+04 1.067832847469730506e+00
6.075572515111503890e+04 1.176045984194257432e+00
6.075572541117574292e+04 6.745659528023165707e-01
6.075572567123643967e+04 1.117354301562313745e+00
6.075572593129713641e+04 1.079788275695344302e+00
6.075572619135784043e+04 8.347968295774330638e-01
6.075572645141852990e+04 7.285758181725533467e-01
6.075572671147922665e+04 6.306035958313590539e-01
6.075572697153993067e+04 1.032037844361630485e+00
6.075572723160062014e+04 8.618401822679198077e-01
6.075572749166131689e+04 1.037309004650686095e+00
6.075572775172202091e+04 8.216084482157151037e-01
6.075572801178271766e+04 1.158689611808401354e+00
6.075572827184341440e+04 1.030724324295029692e+00
6.075572853190411115e+04 7.761728029298462506e-01
6.075572879196480790e+04 9.681586359775408157e-01
6.075572905202550464e+04 9.141444481733971283e-01
6.075572931208620867e+04 8.993451080899794725e-01
6.075572957214690541e+04 7.704668227371743727e-01
6.075572983220759488e+04 9.555698901306343140e-01
6.075573009226829890e+04 7.058831611550031582e-01
6.075573035232899565e+04 6.433769677696195011e-01
6.075573061238968512e+04 9.911740950262546423e-01
6.075573087245038914e+04 1.170220173385020379e+00
6.075573113251108589e+04 1.166731045582146020e+00
6.075573139257178264e+04 1.022619703681997949e+00
6.075573165263248666e+04 8.716399570983918155e-01
6.075573191269317613e+04 8.599071100512648558e-01
6.075573217275387287e+04 1.150285284150325493e+00
6.075573243281457690e+04 1.196227242997069284e+00
6.075573269287527364e+04 8.330642730583780464e-01
6.075573295293597039e+04 9.964439549545232033e-01
6.075573321299666713e+04 1.243016366011330920e+00
6.075573347305736388e+04 9.220406028577355917e-01
6.075573373311806063e+04 1.056172643723416904e+00
6.075573399317875737e+04 1.006820797193920036e+00
6.075573425323946140e+04 7.449675362829857317e-01
6.075573451330015087e+04 9.168568121711860863e-01
6.075573477336085489e+04 1.000209234554147564e+00
6.075573503342155163e+04 9.214960862507528550e-01
6.075573529348224110e+04 8.089281477118510644e-01
6.075573555354294513e+04 1.064795625853084404e+00
6.075573581360364187e+04 1.237356610924556621e+00
6.075573607366434589e+04 1.039168107876264013e+00
6.075573633372504264e+04 1.115900543911505505e+00
6.075573659378573211e+04 9.373503939350965597e-01
6.075573685384643613e+04 1.100447388721554676e+00
6.075573711390713288e+04 1.217234430410616408e+00
6.075573737396782963e+04 1.526938137176945931e+00
6.075573763402853365e+04 1.186614240043047719e+00
6.075573789408922312e+04 1.023083765020866620e+00
6.075573815414991986e+04 9.821012936636820401e-01
6.075573841421062389e+04 1.156071890860178808e+00
6.075573867427131336e+04 1.001320940602837828e+00
6.075573893433201010e+04 9.064355445720314597e-01
6.075573919439271413e+04 9.066062697438402873e-01
6.075573945445341087e+04 1.074522897453457970e+00
6.075573971451411489e+04 1.065045307232187710e+00
6.075573997457480436e+04 1.034532120138002442e+00
6.075574023463550111e+04 9.338142479531454931e-01
6.075574049469620513e+04 1.072942183202382216e+00
6.075574075475690188e+04 1.186021759545287990e+00
6.075574101481759863e+04 1.029433085389252600e+00
6.075574127487829537e+04 9.779364065338732592e-01
6.075574153493899212e+04 1.168621242598962162e+00
6.075574179499969614e+04 1.094804661031999693e+00
6.075574205506038561e+04 1.231560405462039487e+00
6.075574231512108236e+04 1.129026487328327333e+00
6.075574257518178638e+04 9.437795901461030201e-01
6.075574283524248312e+04 1.206852054463323443e+00
6.075574309530317987e+04 9.435097325500443333e-01
6.075574483016229351e+04 7.634679572791218671e-01
6.075574509021608537e+04 1.204908999215841048e+00
6.075574535026989179e+04 1.071381040359350001e+00
6.075574561032369093e+04 9.847456440874191586e-01
6.075574587037748279e+04 1.126157231902907174e+00
6.075574613043128193e+04 1.130779751236633546e+00
6.075574639048507379e+04 1.021255003434952124e+00
6.075574665053887293e+04 8.527003110299833377e-01
6.075574691059266479e+04 9.023166776827634683e-01
6.075574717064645665e+04 9.753353428702895567e-01
6.075574743070025579e+04 6.693436588972605517e-01
6.075574769075404765e+04 8.515527325250453750e-01
6.075574795080784679e+04 8.092725330979744225e-01
6.075574821086163865e+04 7.987592674217340871e-01
6.075574847091544507e+04 9.660994769317053921e-01
6.075574873096924421e+04 7.806047911313716003e-01
6.075574899102303607e+04 1.203720441708663325e+00
6.075574925107683521e+04 1.342204953863970207e+00
6.075574951113062707e+04 1.254743125482717936e+00
6.075574977118442621e+04 1.070034944149824030e+00
6.075575003123821807e+04 1.120812617035933378e+00
6.075575029129201721e+04 1.346183324372812296e+00
6.075575055134580907e+04 1.211043486760784882e+00
6.075575081139960093e+04 1.013079337460595752e+00
6.075575107145340007e+04 1.135942537908535943e+00
6.075575133150719921e+04 1.042259980227944416e+00
6.075575159156100563e+04 1.095222513275030618e+00
6.075575185161479749e+04 1.010223697936061038e+00
6.075575211166859663e+04 9.977661591606729052e-01
6.075575237172238849e+04 9.232180155045062175e-01
6.075575263177618035e+04 1.247657746555817848e+00
6.075575289182997949e+04 9.487399216286583892e-01
6.075575315188377135e+04 9.047807763104313006e-01
6.075575341193757049e+04 9.047421911974432573e-01
6.075575367199136235e+04 1.218113746779292850e+00
6.075575393204516149e+04 1.025295137585347183e+00
6.075575419209895335e+04 8.446676310529871445e-01
6.075575445215275249e+04 1.018856669194852627e+00
6.075575471220655891e+04 1.074376051462468507e+00
6.075575497226035077e+04 7.697590953097448452e-01
6.075575523231414991e+04 1.156571622137631428e+00
6.075575549236794177e+04 9.373816757795674359e-01
6.075575575242174091e+04 1.005049730238900985e+00
6.075575601247553277e+04 1.316219660768989108e+00
6.075575627252933191e+04 1.107670553599826357e+00
6.075575653258312377e+04 1.140795574679323909e+00
6.075575679263691563e+04 8.812465716323437670e-01
6.075575705269071477e+04 1.122458899187514181e+00
6.075575731274451391e+04 7.683954738936948914e-01
6.075575757279832033e+04 1.196305310497333352e+00
6.075575783285211219e+04 9.996936490742861503e-01
6.075575809290591133e+04 8.462288513456849293e-01
6.075575835295970319e+04 1.211731066196040985e+00
6.075575861301350233e+04 1.224902502292433804e+00
6.075575887306729419e+04 1.192053587303004925e+00
6.075575913312109333e+04 1.000717324002001751e+00
6.075575939317488519e+04 1.034902455562817458e+00
6.075575965322867705e+04 1.056294892419491260e+00
6.075575991328247619e+04 1.292914640068751897e+00
6.075576017333626805e+04 1.080050483803842942e+00
6.075576043339007447e+04 1.201248221074525446e+00
6.075576069344387361e+04 1.240047316651421649e+00
6.075576095349767274e+04 9.441829893651262351e-01
6.075576121355146461e+04 9.526473230711463014e-01
6.075576147360526375e+04 1.163142733110092752e+00
6.075576173365905561e+04 1.373005798283202905e+00
6.075576199371285475e+04 1.066710371957740211e+00
6.075576225376664661e+04 1.076561073584529682e+00
6.075576251382044575e+04 9.730292204261812294e-01
6.075576277387423761e+04 1.023786382004750806e+00
6.075576303392802947e+04 1.011951687857317372e+00
6.075576329398183589e+04 9.578552336642863763e-01
6.075576355403563502e+04 8.132348587277509200e-01
6.075576381408943416e+04 1.189911970708837252e+00
6.075576407414322603e+04 1.038422873224450038e+00
6.075576433419702516e+04 9.886575199296885330e-01
6.075576459425081703e+04 1.370150946879312714e+00
6.075576485430461616e+04 8.936480144218931221e-01
6.075576511435840803e+04 9.568944847397321540e-01
6.075576537441220717e+04 9.630875930844999822e-01
6.075576563446599903e+04 8.683381216208342357e-01
6.075576589451979817e+04 1.172180831486939301e+00
6.075576615457359003e+04 1.014388560274296580e+00
6.075576641462739644e+04 1.190552714019953218e+00
6.075576667468119558e+04 1.045575251179639231e+00
6.075576693473499472e+04 9.466659855302346216e-01
6.075576719478878658e+04 9.315103855283091150e-01
6.075576745484258572e+04 1.196995124066881022e+00
6.075576771489637758e+04 9.842221182553978487e-01
6.075576797495017672e+04 1.201612595282966156e+00
6.075576823500396858e+04 1.050288928561650570e+00
6.075576849505776045e+04 1.199772661849606514e+00
6.075576875511155959e+04 9.378569118908106628e-01
6.075576901516535145e+04 1.058505661097230321e+00
6.075576927521915786e+04 1.155444408513528254e+00
6.075576953527295700e+04 1.023997901996069659e+00
6.075576979532675614e+04 9.848224892680769171e-01
6.075577005538054800e+04 9.394764780972510998e-01
6.075577031543434714e+04 1.150610259263544766e+00
6.075577057548813900e+04 1.116013498562469897e+00
6.075577083554193814e+04 1.067924845189153871e+00
6.075577109559573000e+04 1.142464019380675211e+00
6.075577135564952914e+04 1.160993961341148184e+00
6.075577161570332100e+04 1.202820522016635918e+00
6.075577187575712014e+04 1.506078440241186422e+00
6.075577213581091200e+04 1.195441199471892313e+00
6.075577239586471842e+04 1.050391114163182094e+00
6.075577265591851756e+04 1.058097819987538601e+00
6.075577291597231670e+04 1.038434787968746109e+00
6.075577317602610856e+04 1.046558710419760230e+00
