6.075547523418369383e+04 1.013085423290196241e+00
6.075547549424438330e+04 9.824729062916696121e-01
6.075547575430508005e+04 1.007249594079727473e+00
6.075547601436576224e+04 1.001552286864417995e+00
6.075547627442645899e+04 1.052938391354635739e+00
6.075547653448714846e+04 1.005421122025925929e+00
6.075547679454784520e+04 1.004378808258477029e+00
6.075547705460853467e+04 1.004458308035385938e+00
6.075547731466922414e+04 9.886296238196384811e-01
6.075547757472991361e+04 9.873943090516988930e-01
6.075547783479061036e+04 9.979310970543598946e-01
6.075547809485129255e+04 9.494353071643992781e-01
6.075547835491198930e+04 1.009185676287672528e+00
6.075547861497267877e+04 1.019391659506755810e+00
6.075547887503337552e+04 1.042513032946254858e+00
6.075547913509406499e+04 9.941921533727927640e-01
6.075547939515475446e+04 9.721200425531648648e-01
6.075547965521544393e+04 1.025824917249636536e+00
6.075547991527614067e+04 1.037031305789808400e+00
6.075548017533683014e+04 1.012043516392955755e+00
6.075548043539752689e+04 9.963938492402156788e-01
6.075548069545820908e+04 1.001072018787086515e+00
6.075548095551890583e+04 1.036685549632871739e+00
6.075548121557959530e+04 9.451401887880847008e-01
6.075548147564028477e+04 1.027969709966357392e+00
6.075548173570098152e+04 9.815076811755428787e-01
6.075548199576167099e+04 9.919719935791576626e-01
6.075548225582236773e+04 9.864540475729762781e-01
6.075548251588305720e+04 1.004958348441554294e+00
6.075548277594374667e+04 1.016764793213638995e+00
6.075548303600443614e+04 1.013383441456960687e+00
6.075548329606513289e+04 1.025791471622599094e+00
6.075548355612582236e+04 1.022698062815156073e+00
6.075548381618651911e+04 9.963727091798940672e-01
6.075548407624720130e+04 9.760986983146755502e-01
6.075548433630789805e+04 9.369059388456503212e-01
6.075548459636858752e+04 9.337505084744013306e-01
6.075548485642928426e+04 9.867166610386696179e-01
6.075548511648997373e+04 9.916384530161759248e-01
6.075548537655066320e+04 1.024147813588180078e+00
6.075548563661135267e+04 9.835992702313681724e-01
6.075548589667204942e+04 1.018045780663219269e+00
6.075548615673273162e+04 1.006022709421215966e+00
6.075548641679342836e+04 9.794853105283395367e-01
6.075548667685411783e+04 9.851322551506880298e-01
6.075548693691481458e+04 1.032464121696909265e+00
6.075548719697551132e+04 9.889625741280804183e-01
6.075548745703619352e+04 9.669519090011287066e-01
6.075548771709689026e+04 9.757509250143837631e-01
6.075548797715757973e+04 1.008156465732926721e+00
6.075548823721827648e+04 1.010002939262185206e+00
6.075548849727896595e+04 9.780004450205692645e-01
6.075548875733965542e+04 9.568092254849610567e-01
6.075548901740034489e+04 9.892019820001352048e-01
6.075548927746104164e+04 9.738604757113109578e-01
6.075548953752172383e+04 9.914103704838967968e-01
6.075548979758242058e+04 1.053762393393622210e+00
6.075549005764311732e+04 1.008312443961233207e+00
6.075549031770380680e+04 1.028783372610983848e+00
6.075549057776450354e+04 9.398036130211462336e-01
6.075549083782518574e+04 9.606533140718177544e-01
6.075549109788588248e+04 9.834468644352559741e-01
6.075549135794657195e+04 9.798507747579023874e-01
6.075549161800726870e+04 1.027059259319110351e+00
6.075549187806795817e+04 1.011189181833361594e+00
6.075549213812864764e+04 1.025229899499425557e+00
6.075549239818933711e+04 1.020971737974226912e+00
6.075549265825003386e+04 1.001635006478026613e+00
6.075549291831072333e+04 1.018155177957026591e+00
6.075549317837142007e+04 9.581040185793567865e-01
6.075549343843210954e+04 9.617106165448950916e-01
6.075549369849279901e+04 1.022457986366926086e+00
6.075549395855349576e+04 1.009943249219239281e+00
6.075549421861417795e+04 1.021292163993940294e+00
6.075549447867487470e+04 1.012405250853196215e+00
6.075549473873556417e+04 9.780884854551470386e-01
6.075549499879626092e+04 9.820497114083142076e-01
6.075549525885695766e+04 1.046328376588777198e+00
6.075549551891763986e+04 9.938853204990540924e-01
6.075549577897833660e+04 9.768917627461105591e-01
6.075549603903902607e+04 1.024296865599163553e+00
6.075549629909972282e+04 1.022934346905991054e+00
6.075549655916041229e+04 9.829276886344404662e-01
6.075549681922110176e+04 1.040225772139936833e+00
6.075549707928179851e+04 1.020174109199429635e+00
6.075549733934248798e+04 1.033808302399048085e+00
6.075549759940317745e+04 9.555716406372612992e-01
6.075549785946386692e+04 1.021421001619805757e+00
6.075549811952456366e+04 1.000526932871712571e+00
6.075549837958525313e+04 9.919788084602395584e-01
6.075549863964594988e+04 1.016756458235916982e+00
6.075549889970663935e+04 9.697798839219954337e-01
6.075549915976732882e+04 1.013733440642851757e+00
6.075549941982802557e+04 1.019702636022467912e+00
6.075549967988871504e+04 1.014723874024416883e+00
6.075549993994941178e+04 1.031308348018467935e+00
6.075550020001009398e+04 9.879275140914205444e-01
6.075550046007079072e+04 9.687046262283565135e-01
6.075550072013148747e+04 1.002660447188526538e+00
6.075550098019216966e+04 9.574378643021007607e-01
6.075550124025286641e+04 9.904244818191920707e-01
6.075550150031355588e+04 1.006036667812701957e+00
6.075550176037425263e+04 9.889531823062562843e-01
6.075550202043494210e+04 1.041754650432570539e+00
6.075550228049563157e+04 9.394102384168043773e-01
6.075550254055632831e+04 1.012676984339306197e+00
6.075550280061701778e+04 9.555400043043080771e-01
6.075550306067771453e+04 9.530520811269612702e-01
6.075550332073840400e+04 1.015423415604883361e+00
6.075550358079909347e+04 9.745257199377672652e-01
6.075550513883041276e+04 9.954487139560942444e-01
6.075550539889110951e+04 1.050111326260676048e+00
6.075550565895179898e+04 9.967639997884881753e-01
6.075550591901248845e+04 1.001958010956355727e+00
6.075550617907318519e+04 9.919702937348326977e-01
6.075550643913387466e+04 9.968821888091194960e-01
6.075550669919457141e+04 1.042698979542547866e+00
6.075550695925526088e+04 9.741871622006689213e-01
6.075550721931595035e+04 1.001856300052301307e+00
6.075550747937664710e+04 9.867360798906428254e-01
6.075550773943733657e+04 1.010833418272870876e+00
6.075550799949803331e+04 1.007564249780078303e+00
6.075550825955872278e+04 9.695568550805325758e-01
6.075550851961941225e+04 9.915195398378188196e-01
6.075550877968010900e+04 1.004939676634506895e+00
6.075550903974079847e+04 9.987404362701500782e-01
6.075550929980148794e+04 9.983834867904221033e-01
6.075550955986217741e+04 9.953252029966186409e-01
6.075550981992287416e+04 9.732671697880199702e-01
6.075551007998357090e+04 9.824511384324472463e-01
6.075551034004426037e+04 9.898020838823892165e-01
6.075551060010494984e+04 1.042461517188262965e+00
6.075551086016564659e+04 9.689143135218734049e-01
6.075551112022633606e+04 9.968979967967268596e-01
6.075551138028703281e+04 9.642101972178014346e-01
6.075551164034772228e+04 1.012566543727815072e+00
6.075551190040841175e+04 9.864487930828891304e-01
6.075551216046910849e+04 9.516809048600535226e-01
6.075551242052979796e+04 1.028203445016180551e+00
6.075551268059049471e+04 9.968219070539405813e-01
6.075551294065118418e+04 1.019028642598385659e+00
6.075551320071187365e+04 1.009716831064188858e+00
6.075551346077257040e+04 1.021534845468414110e+00
6.075551372083325987e+04 1.034835025764423433e+00
6.075551398089394934e+04 1.001607926906444401e+00
6.075551424095464608e+04 1.003309968419047182e+00
6.075551450101533555e+04 9.970550974017859946e-01
6.075551476107603230e+04 1.007795908443176014e+00
6.075551502113672177e+04 9.648184909982702173e-01
6.075551528119741124e+04 9.737389210883836688e-01
6.075551554125810799e+04 1.015109920923928044e+00
6.075551580131879746e+04 9.621491737414219481e-01
6.075551606137949420e+04 9.879970572437490883e-01
6.075551632144019095e+04 9.786783841067717704e-01
6.075551658150087314e+04 9.971184691496840502e-01
6.075551684156156989e+04 1.014647562104290968e+00
6.075551710162226664e+04 9.698509952373550735e-01
6.075551736168294883e+04 9.771145822027526018e-01
6.075551762174364558e+04 9.872336184186932817e-01
6.075551788180433505e+04 1.014393928124218691e+00
6.075551814186503179e+04 9.884603694694774623e-01
6.075551840192572854e+04 1.003050734828914603e+00
6.075551866198641073e+04 1.017402090769056855e+00
6.075551892204710748e+04 9.697509417171039647e-01
6.075551918210780423e+04 9.425355295261231836e-01
6.075551944216849370e+04 1.012710542300746308e+00
6.075551970222919044e+04 9.766095576769967535e-01
6.075551996228987991e+04 9.956741113904281626e-01
6.075552022235056938e+04 9.937428752613536309e-01
6.075552048241126613e+04 1.014336694624330182e+00
6.075552074247194832e+04 1.046638671735043546e+00
6.075552100253265235e+04 1.016849143910472764e+00
6.075552126259334182e+04 1.014336748325655346e+00
6.075552152265403129e+04 9.878369992551720991e-01
6.075552178271472803e+04 9.721177386910222484e-01
6.075552204277541750e+04 1.018527479265131985e+00
6.075552230283610697e+04 1.023392692659423009e+00
6.075552256289680372e+04 1.002644203032633907e+00
6.075552282295750047e+04 1.011896049062754432e+00
6.075552308301818994e+04 9.958332672548722009e-01
6.075552334307887941e+04 9.857157601059794994e-01
6.075552360313957615e+04 9.902767295868688535e-01
6.075552386320026562e+04 1.009012473365271667e+00
6.075552412326096237e+04 9.439832259862493968e-01
6.075552438332165912e+04 9.276925680693883791e-01
6.075552464338234131e+04 1.016863056742623783e+00
6.075552490344303806e+04 1.022631706464831369e+00
6.075552516350373480e+04 1.033102215290145676e+00
6.075552542356441700e+04 1.004470833821547782e+00
6.075552568362511374e+04 1.018381429238371272e+00
6.075552594368581049e+04 1.023193059313522113e+00
6.075552620374649996e+04 9.676388666450501663e-01
6.075552646380719671e+04 1.009743461991761571e+00
6.075552672386788618e+04 9.848335298518187120e-01
6.075552698392857565e+04 9.866213008961831621e-01
6.075552724398927239e+04 9.710672545890400853e-01
6.075552750404996914e+04 1.010691651596026697e+00
6.075552776411065861e+04 9.892807157016854092e-01
6.075552802417134808e+04 9.771690731568010158e-01
6.075552828423204483e+04 9.966311489780104171e-01
6.075552854429273430e+04 9.887613237276918765e-01
6.075552880435342377e+04 9.560180984152500949e-01
6.075552906441412051e+04 9.655182707020233401e-01
6.075552932447480998e+04 9.672152471864083889e-01
6.075552958453550673e+04 9.519756970948148878e-01
6.075552984459620347e+04 1.027748084968326925e+00
6.075553010465688567e+04 9.841197472872754703e-01
6.075553036471758242e+04 9.651724273738868654e-01
6.075553062477827916e+04 9.836823640668642676e-01
6.075553088483896863e+04 9.290327810291291177e-01
6.075553114489966538e+04 9.615789464759578742e-01
6.075553140496035485e+04 9.851885391681592941e-01
6.075553166502104432e+04 1.001820272740416851e+00
6.075553192508174106e+04 9.872387736818338810e-01
6.075553218514243054e+04 1.007892148949952382e+00
6.075553244520312728e+04 9.959546483142572848e-01
6.075553270526381675e+04 9.745485638797551919e-01
6.075553296532451350e+04 9.532565954062689473e-01
6.075553322538520297e+04 1.001914206983607336e+00
6.075553348544589244e+04 1.024571705744483863e+00
6.075553503087646095e+04 9.474358381997648459e-01
6.075553529093715770e+04 1.017409222373304889e+00
6.075553555099784717e+04 9.455452198561481447e-01
6.075553581105853664e+04 9.569917325854571111e-01
6.075553607111923338e+04 9.683692681350315468e-01
6.075553633117992285e+04 9.925712154863671755e-01
6.075553659124061960e+04 9.666638684658332981e-01
6.075553685130131635e+04 9.713046105841994793e-01
6.075553711136199854e+04 1.015694917730611158e+00
6.075553737142269529e+04 9.842566399941600208e-01
6.075553763148339203e+04 1.012054400799808462e+00
6.075553789154408878e+04 9.811755057092662602e-01
6.075553815160477825e+04 9.740885728858739157e-01
6.075553841166546772e+04 1.003885010997342286e+00
6.075553867172616447e+04 1.011900126980846304e+00
6.075553893178685394e+04 9.913329913112571834e-01
6.075553919184754341e+04 1.001455816181075820e+00
6.075553945190824015e+04 9.576745291903664414e-01
6.075553971196892962e+04 1.014249911537653093e+00
6.075553997202962637e+04 1.018314582585609473e+00
6.075554023209032312e+04 1.006633639900099464e+00
6.075554049215101259e+04 9.761817569120276872e-01
6.075554075221170206e+04 1.018329495909434002e+00
6.075554101227239880e+04 1.003171758479066700e+00
6.075554127233309555e+04 1.005012700349008581e+00
6.075554153239378502e+04 9.717431519931448713e-01
6.075554179245447449e+04 1.013154814414295668e+00
6.075554205251517124e+04 1.005126343891751706e+00
6.075554231257586798e+04 1.006048897019488075e+00
6.075554257263655018e+04 9.918633254504339858e-01
6.075554283269725420e+04 9.489598569639090542e-01
6.075554309275794367e+04 1.004130537643216581e+00
6.075554335281863314e+04 1.017784701079169629e+00
6.075554361287932988e+04 9.912877518349314521e-01
6.075554387294001936e+04 9.848286991065594576e-01
6.075554413300071610e+04 9.704442692834500672e-01
6.075554439306140557e+04 1.022631306401467821e+00
6.075554465312210232e+04 1.031941856403584046e+00
6.075554491318279906e+04 9.701253981341237953e-01
6.075554517324348853e+04 1.039521242782317056e+00
6.075554543330417800e+04 9.972806795979114458e-01
6.075554569336487475e+04 1.037575072855825287e+00
6.075554595342557150e+04 9.694405278321762687e-01
6.075554621348626097e+04 9.931360432024231022e-01
6.075554647354695044e+04 9.981212844371214477e-01
6.075554673360764718e+04 1.030385035999847210e+00
6.075554699366834393e+04 9.796001798133867622e-01
6.075554725372902612e+04 1.023139667227101368e+00
6.075554751378972287e+04 1.022108679642715900e+00
6.075554777385041962e+04 1.007136220741734700e+00
6.075554803391111636e+04 1.040669178553951468e+00
6.075554829397180583e+04 9.948181535915463503e-01
6.075554855403249530e+04 1.020894606914352076e+00
6.075554881409319205e+04 9.979429164392207285e-01
6.075554907415388152e+04 1.020314875561525669e+00
6.075554933421457827e+04 1.013694517469765133e+00
6.075554959427527501e+04 1.045691238224160546e+00
6.075554985433596448e+04 1.004451474740504890e+00
6.075555011439665395e+04 9.852358876243543229e-01
6.075555037445735070e+04 9.433883641073679271e-01
6.075555063451804017e+04 1.011189342145476511e+00
6.075555089457873692e+04 9.824578838935743574e-01
6.075555115463942639e+04 1.029723079769723659e+00
6.075555141470012313e+04 9.575668529404488538e-01
6.075555167476081988e+04 9.749239578930388728e-01
6.075555193482150935e+04 1.014107024693740033e+00
6.075555219488219882e+04 9.825903587820354890e-01
6.075555245494289557e+04 9.644811704519267170e-01
6.075555271500359231e+04 1.017733952819246834e+00
6.075555297506428906e+04 1.006627391891509182e+00
6.075555323512497125e+04 9.622906242397892829e-01
6.075555349518566800e+04 1.040053512417758563e+00
6.075555375524636474e+04 1.005064870442924585e+00
6.075555401530705421e+04 1.042399709936358221e+00
6.075555427536775096e+04 9.906616770183900300e-01
6.075555453542844043e+04 9.745158756424310287e-01
6.075555479548913718e+04 1.032274344624837026e+00
6.075555505554983392e+04 1.027184363121420363e+00
6.075555531561051612e+04 1.010340977915406890e+00
6.075555557567121286e+04 9.974718277713344738e-01
6.075555583573190961e+04 9.856882465769551960e-01
6.075555609579260636e+04 1.017578034243002527e+00
6.075555635585329583e+04 9.652773059278347834e-01
6.075555661591398530e+04 1.007806828924258991e+00
6.075555687597468204e+04 9.921003406414100612e-01
6.075555713603537879e+04 1.005996471482224930e+00
6.075555739609607554e+04 1.003363186177210764e+00
6.075555765615676501e+04 1.008065883825913112e+00
6.075555791621745448e+04 1.030235652612413899e+00
6.075555817627815122e+04 9.690930843189918820e-01
6.075555843633884797e+04 1.003293797759026162e+00
6.075555869639953016e+04 9.716452410084293057e-01
6.075555895646022691e+04 9.813798705070406747e-01
6.075555921652092366e+04 1.006954574892498178e+00
6.075555947658162040e+04 9.756012494251702361e-01
6.075555973664230987e+04 1.016786212649173793e+00
6.075555999670299934e+04 9.798923175061676760e-01
6.075556025676369609e+04 9.878358818838466338e-01
6.075556051682439283e+04 1.024185035283893042e+00
6.075556077688508958e+04 1.025812377083946014e+00
6.075556103694577905e+04 1.050350692246157402e+00
6.075556129700646852e+04 9.966190248609261282e-01
6.075556155706716527e+04 9.396638883875098047e-01
6.075556181712786201e+04 9.906264038437060382e-01
6.075556207718854421e+04 9.877510646056495425e-01
6.075556233724924095e+04 9.873290925609309321e-01
6.075556259730993770e+04 1.033154486785722304e+00
6.075556285737063445e+04 1.021760191918099858e+00
6.075556311743133119e+04 1.004489908309095458e+00
6.075556337749201339e+04 1.000728969857038519e+00
6.075556504896522529e+04 9.946514792313954079e-01
6.075556530902591476e+04 9.996383616181756526e-01
6.075556556908661150e+04 1.035623314259603411e+00
6.075556582914730097e+04 9.929781322999476911e-01
6.075556608920799772e+04 1.063541704349714845e+00
6.075556634926869447e+04 9.320763368370902358e-01
6.075556660932938394e+04 1.034066695422372728e+00
6.075556686939008068e+04 9.870653682812751128e-01
6.075556712945077015e+04 1.006334781519750310e+00
6.075556738951146690e+04 1.013280035298842252e+00
6.075556764957216365e+04 1.049134196355968385e+00
6.075556790963285312e+04 9.946624526814157319e-01
6.075556816969354986e+04 9.741584280954702635e-01
6.075556842975423933e+04 9.743640136976289279e-01
6.075556868981492880e+04 9.698382801316088875e-01
6.075556894987563282e+04 9.868104605755199099e-01
6.075556920993632230e+04 1.046122784841555298e+00
6.075556946999701904e+04 9.808942078569828915e-01
6.075556973005770851e+04 1.014391650535183098e+00
6.075556999011839798e+04 9.833605996816440209e-01
6.075557025017909473e+04 1.007202077814251195e+00
6.075557051023979147e+04 9.825376188602852334e-01
6.075557077030048822e+04 9.831521131663444324e-01
6.075557103036117769e+04 1.000314983642398570e+00
6.075557129042186716e+04 9.576631954625649534e-01
6.075557155048256391e+04 9.980898680229478570e-01
6.075557181054326065e+04 1.016225828498135364e+00
6.075557207060395740e+04 9.863884535590000668e-01
6.075557233066464687e+04 1.049825904448843605e+00
6.075557259072533634e+04 1.030551765451451329e+00
6.075557285078603309e+04 9.809135979067553635e-01
6.075557311084672983e+04 1.000616380257485449e+00
6.075557337090741930e+04 9.826550408739166409e-01
6.075557363096811605e+04 1.024079436013909383e+00
6.075557389102880552e+04 1.016669322254615260e+00
6.075557415108950227e+04 1.014018429328089166e+00
6.075557441115019901e+04 9.922821508644747990e-01
6.075557467121088848e+04 9.998016792941121222e-01
6.075557493127158523e+04 9.932765497646635078e-01
6.075557519133227470e+04 9.782504226828203642e-01
6.075557545139297144e+04 9.830283790732244897e-01
6.075557571145366819e+04 1.003802255409091293e+00
6.075557597151435766e+04 1.011561802415852585e+00
6.075557623157505441e+04 1.022257354606612267e+00
6.075557649163575115e+04 9.949655690902551308e-01
6.075557675169643335e+04 1.047160720654337407e+00
6.075557701175713009e+04 1.030368681681028686e+00
6.075557727181782684e+04 1.021773825084714593e+00
6.075557753187852359e+04 1.042468959815492147e+00
6.075557779193922033e+04 1.056809514318942878e+00
6.075557805199990980e+04 9.887521859719822226e-01
6.075557831206059927e+04 9.947679550826886707e-01
6.075557857212129602e+04 1.034847876173061731e+00
6.075557883218199277e+04 1.016666416505565662e+00
6.075557909224268951e+04 1.018758362578649379e+00
6.075557935230337898e+04 1.012682690933310203e+00
6.075557961236407573e+04 1.016489275535517045e+00
6.075557987242476520e+04 1.028662353793371231e+00
6.075558013248546195e+04 1.005936109576965887e+00
6.075558039254615869e+04 9.841789063962502748e-01
6.075558065260684816e+04 1.001563240563549062e+00
6.075558091266754491e+04 9.884964932219100220e-01
6.075558117272824165e+04 1.021964794502697060e+00
6.075558143278892385e+04 9.786209912625738472e-01
6.075558169284962059e+04 1.019234901153152739e+00
6.075558195291031734e+04 9.865206195831880409e-01
6.075558221297101409e+04 1.046520719757047857e+00
6.075558247303171083e+04 1.019780215326212547e+00
6.075558273309240030e+04 1.049221457465543406e+00
6.075558299315309705e+04 1.029446697177980763e+00
6.075558325321378652e+04 1.005358539876830548e+00
6.075558351327448327e+04 1.029083783809927377e+00
6.075558377333518001e+04 1.013539447192369103e+00
6.075558403339586948e+04 9.786063814334032829e-01
6.075558429345656623e+04 9.873935014713766112e-01
6.075558455351726298e+04 1.010818840514507100e+00
6.075558481357794517e+04 9.837284380210818968e-01
6.075558507363864192e+04 1.010426113652345803e+00
6.075558533369933866e+04 1.009609297082312285e+00
6.075558559376003541e+04 9.763650367329286262e-01
6.075558585382073215e+04 9.820738430688293885e-01
6.075558611388142162e+04 1.017758123132792569e+00
6.075558637394211837e+04 9.629268313971910409e-01
6.075558663400280784e+04 1.031084679413999172e+00
6.075558689406350459e+04 9.715478418435471442e-01
6.075558715412420133e+04 9.893848950267599696e-01
6.075558741418489080e+04 1.002088366889489990e+00
6.075558767424558755e+04 1.008507531138193913e+00
6.075558793430628430e+04 9.863303930618421145e-01
6.075558819436697377e+04 1.008755265447878191e+00
6.075558845442767051e+04 9.662025304523967906e-01
6.075558871448835998e+04 9.980015227398364441e-01
6.075558897454905673e+04 9.970959729496540191e-01
6.075558923460975348e+04 9.994481839557369796e-01
6.075558949467044295e+04 9.758531557772517351e-01
6.075558975473113969e+04 1.000290888719428173e+00
6.075559001479183644e+04 1.067408749723520289e+00
6.075559027485253318e+04 9.771214051266980949e-01
6.075559053491322265e+04 1.007652645773073230e+00
6.075559079497391212e+04 9.968973847644271302e-01
6.075559105503460887e+04 1.008866816636714958e+00
6.075559131509530562e+04 1.022143666305728615e+00
6.075559157515600236e+04 9.984809958048737055e-01
6.075559183521669911e+04 1.023873445055678788e+00
6.075559209527738858e+04 1.002050039867194764e+00
6.075559235533808533e+04 1.012992742252083467e+00
6.075559261539877480e+04 9.841317500079153069e-01
6.075559287545946427e+04 1.039829328807593489e+00
6.075559313552016101e+04 1.010728705117327486e+00
6.075559339558085776e+04 1.043962726363873328e+00
6.075559494101491873e+04 9.552772209261028991e-01
6.075559520107561548e+04 1.037411187575945304e+00
6.075559546113631222e+04 1.022947885483037833e+00
6.075559572119700897e+04 1.013192628225207059e+00
6.075559598125769844e+04 1.061183098906902877e+00
6.075559624131839519e+04 1.014301374944293066e+00
6.075559650137908466e+04 1.005383015976528238e+00
6.075559676143977413e+04 9.786475061744732695e-01
6.075559702150047087e+04 9.807750323982247220e-01
6.075559728156116762e+04 1.012873347109434219e+00
6.075559754162186437e+04 1.007196516238371364e+00
6.075559780168256111e+04 1.020835746671280742e+00
6.075559806174325058e+04 9.672773825986334950e-01
6.075559832180394733e+04 1.027666290432912355e+00
6.075559858186464407e+04 1.032970262994304722e+00
6.075559884192533355e+04 9.933181663382854021e-01
6.075559910198603029e+04 9.930202058635857476e-01
6.075559936204671976e+04 9.846878790664780334e-01
6.075559962210741651e+04 1.001553725425018637e+00
6.075559988216811325e+04 1.041764290311616437e+00
6.075560014222880272e+04 1.030964010974949829e+00
6.075560040228950675e+04 1.024508302163726459e+00
6.075560066235019622e+04 1.031806240759494564e+00
6.075560092241089296e+04 1.030317116184831905e+00
6.075560118247158971e+04 9.675262214640057978e-01
6.075560144253227918e+04 9.810604428156652901e-01
6.075560170259296865e+04 9.937500901048967883e-01
6.075560196265366540e+04 9.279944263283663730e-01
6.075560222271436214e+04 1.007575844594172265e+00
6.075560248277505889e+04 9.868826659972352866e-01
6.075560274283574836e+04 9.964548089277868170e-01
6.075560300289644510e+04 1.021748839035663492e+00
6.075560326295714185e+04 1.014958165980882177e+00
6.075560352301783860e+04 9.967526865169739070e-01
6.075560378307853534e+04 9.871197725353084707e-01
6.075560404313922481e+04 1.001938838790527253e+00
6.075560430319992156e+04 1.021066011380493910e+00
6.075560456326061831e+04 9.929098550558250746e-01
6.075560482332130050e+04 9.642183364046942318e-01
6.075560508338199725e+04 9.935768045043469332e-01
6.075560534344269399e+04 1.016656307742374254e+00
6.075560560350339074e+04 9.780993515415604689e-01
6.075560586356408749e+04 1.042547640798525688e+00
6.075560612362477696e+04 1.051267781129979539e+00
6.075560638368547370e+04 9.645331056555068727e-01
6.075560664374617045e+04 1.001590941335165796e+00
6.075560690380686719e+04 9.816152240255747730e-01
6.075560716386756394e+04 1.024841544715618058e+00
6.075560742392825341e+04 1.023712425925954905e+00
6.075560768398895016e+04 9.844207821842207995e-01
6.075560794404964690e+04 1.028965117163090914e+00
6.075560820411032910e+04 1.011836800922812252e+00
6.075560846417102584e+04 1.001098925173318888e+00
6.075560872423172259e+04 9.915378501016218760e-01
6.075560898429241934e+04 9.674340801981180515e-01
6.075560924435311608e+04 9.735636052192820911e-01
6.075560950441380555e+04 1.017097449604779547e+00
6.075560976447450230e+04 1.013645607427172246e+00
6.075561002453519905e+04 1.031424553598165872e+00
6.075561028459589579e+04 9.902205686406603258e-01
6.075561054465659254e+04 1.002815730320634868e+00
6.075561080471728201e+04 1.022737219723780733e+00
6.075561106477797875e+04 9.821727938219149134e-01
6.075561132483867550e+04 1.020937289318328167e+00
6.075561158489937225e+04 9.881724043521439294e-01
6.075561184496006899e+04 9.996980489602982356e-01
6.075561210502075846e+04 9.933813621644562719e-01
6.075561236508144793e+04 9.805323682457480761e-01
6.075561262514214468e+04 9.878920668447392917e-01
6.075561288520283415e+04 1.012009882472446165e+00
6.075561314526353090e+04 1.020897353449453648e+00
6.075561340532422764e+04 1.021103660421296633e+00
6.075561366538492439e+04 1.005962452718414335e+00
6.075561392544562113e+04 9.880581438938782490e-01
6.075561418550631060e+04 9.947658006557860144e-01
6.075561444556700735e+04 9.896645697436774469e-01
6.075561470562770410e+04 1.029797310914376984e+00
6.075561496568840084e+04 1.016177655767766197e+00
6.075561522574909759e+04 1.009367250131122828e+00
6.075561548580978706e+04 1.029694996754363379e+00
6.075561574587048381e+04 1.004242332986374331e+00
6.075561600593118055e+04 1.002870879545666671e+00
6.075561626599187002e+04 1.031690948829582677e+00
6.075561652605256677e+04 1.024346620014010778e+00
6.075561678611326352e+04 9.864713335439149189e-01
6.075561704617396026e+04 1.034231425035106122e+00
6.075561730623465701e+04 1.000274933634352159e+00
6.075561756629534648e+04 9.575595829248605417e-01
6.075561782635604322e+04 1.022806344971647796e+00
6.075561808641673269e+04 9.990958230915367722e-01
6.075561834647742944e+04 9.846243611670193463e-01
6.075561860653812619e+04 9.911884048582223494e-01
6.075561886659881566e+04 1.028780999487962200e+00
6.075561912665951240e+04 9.769805994682684291e-01
6.075561938672020915e+04 1.026448942727652858e+00
6.075561964678089862e+04 9.812688854220993351e-01
6.075561990684160264e+04 1.030571132577992932e+00
6.075562016690229211e+04 9.989425418834397830e-01
6.075562042696298886e+04 9.882892282258515237e-01
6.075562068702368560e+04 9.820981364670561264e-01
6.075562094708437508e+04 1.005159080500271251e+00
6.075562120714507182e+04 1.044710903695092341e+00
6.075562146720576857e+04 1.005589429538745305e+00
6.075562172726646531e+04 9.973924320788665199e-01
6.075562198732716206e+04 9.723662637857479751e-01
6.075562224738785153e+04 9.987132169132622028e-01
6.075562250744854828e+04 1.060608422895121805e+00
6.075562276750924502e+04 9.927437011720101623e-01
6.075562302756994177e+04 9.992045928191006787e-01
6.075562328763063852e+04 1.009286250568419030e+00
6.075562490904599690e+04 9.943156284407383971e-01
6.075562516909990518e+04 9.584168175071319240e-01
6.075562542915379890e+04 1.002270895146819996e+00
6.075562568920769263e+04 1.012163862776836565e+00
6.075562594926160091e+04 1.048303864076109537e+00
6.075562620931549463e+04 9.849460997780735694e-01
6.075562646936939564e+04 1.007922480506679985e+00
6.075562672942329664e+04 1.002915219993025575e+00
6.075562698947719036e+04 1.041388689656471689e+00
6.075562724953109864e+04 9.682995294182934476e-01
6.075562750958499237e+04 9.920711318365376119e-01
6.075562776963889337e+04 1.013420835022852629e+00
6.075562802969280165e+04 1.037503932900942338e+00
6.075562828974669537e+04 9.907427082970249321e-01
6.075562854980059637e+04 9.977862503662924265e-01
6.075562880985449738e+04 9.935577351953247538e-01
6.075562906990839110e+04 1.007267402706422121e+00
6.075562932996229938e+04 9.991408654915255871e-01
6.075562959001619311e+04 9.929969086647357779e-01
6.075562985007009411e+04 9.852013992623950278e-01
6.075563011012399511e+04 9.773975546014661564e-01
6.075563037017788884e+04 9.841663059136147584e-01
6.075563063023179711e+04 9.898994729093677503e-01
6.075563089028569084e+04 9.978657310267083913e-01
6.075563115033958456e+04 1.009868276610676796e+00
6.075563141039349284e+04 1.030782297561311012e+00
6.075563167044738657e+04 1.051389159889537739e+00
6.075563193050128757e+04 1.006505680649200984e+00
6.075563219055518857e+04 9.966473586209985136e-01
6.075563245060908230e+04 1.027022904165557637e+00
6.075563271066299058e+04 9.756279971060438649e-01
6.075563297071688430e+04 1.070191373560151149e+00
6.075563323077078530e+04 9.513473786028404655e-01
6.075563349082468631e+04 1.010194400418350513e+00
6.075563375087858003e+04 1.010099967464230808e+00
6.075563401093248831e+04 1.016411557586321290e+00
6.075563427098638203e+04 9.782100019662264279e-01
6.075563453104027576e+04 1.000945003261058952e+00
6.075563479109418404e+04 1.015685201780327285e+00
6.075563505114807776e+04 9.932821574529862030e-01
6.075563531120197877e+04 1.004499036764253006e+00
6.075563557125588704e+04 1.041515646841667309e+00
6.075563583130978077e+04 9.908302215199603635e-01
6.075563609136368905e+04 1.033937402525125782e+00
6.075563635141758277e+04 1.051664051245183362e+00
6.075563661147148377e+04 1.009452246380440954e+00
6.075563687152538478e+04 1.019264523834752634e+00
6.075563713157927850e+04 9.848299369361458444e-01
6.075563739163318678e+04 1.000159430368289248e+00
6.075563765168708051e+04 9.852010391794338018e-01
6.075563791174097423e+04 1.062250258796690883e+00
6.075563817179488251e+04 9.806498317578717927e-01
6.075563843184877624e+04 1.049512085158251118e+00
6.075563869190267724e+04 1.071467215114633165e+00
6.075563895195657824e+04 9.947723635413854293e-01
6.075563921201047197e+04 9.967030469544839733e-01
6.075563947206438024e+04 9.892303467547136631e-01
6.075563973211827397e+04 1.031073480595605441e+00
6.075563999217217497e+04 1.025516002893894996e+00
6.075564025222608325e+04 1.017258269246207325e+00
6.075564051227997697e+04 1.008685842696658952e+00
6.075564077233388525e+04 1.006431755708967701e+00
6.075564103238777898e+04 9.685685020317220673e-01
6.075564129244167270e+04 9.947664619443896683e-01
6.075564155249558098e+04 9.817854430309942426e-01
6.075564181254947471e+04 1.026625923802083173e+00
6.075564207260337571e+04 9.741112018373269121e-01
6.075564233265727671e+04 9.959546047098885024e-01
6.075564259271117044e+04 9.815914396484106685e-01
6.075564285276507871e+04 1.008788902002664800e+00
6.075564311281897244e+04 1.032460040189745687e+00
6.075564337287286617e+04 1.042039609696003843e+00
6.075564363292677444e+04 9.979299733736547440e-01
6.075564389298066817e+04 1.024179413684659368e+00
6.075564415303458372e+04 1.023388445880869302e+00
6.075564441308847745e+04 9.927082874770307708e-01
6.075564467314237118e+04 1.030228532191369784e+00
6.075564493319627945e+04 1.023065640282148525e+00
6.075564519325017318e+04 9.947556715224105117e-01
6.075564545330407418e+04 1.000001745213553006e+00
6.075564571335797518e+04 9.818011239426038816e-01
6.075564597341186891e+04 1.044524193257259093e+00
6.075564623346577719e+04 1.014165969655999699e+00
6.075564649351967091e+04 1.004166317526113961e+00
6.075564675357356464e+04 1.012520119572062782e+00
6.075564701362747292e+04 9.868573431485893055e-01
6.075564727368136664e+04 1.018924984501606845e+00
6.075564753373527492e+04 1.017120362486518603e+00
6.075564779378917592e+04 9.997905611559942951e-01
6.075564805384306965e+04 1.056502337706593408e+00
6.075564831389697792e+04 1.032407676528705132e+00
6.075564857395087165e+04 1.017647196431120227e+00
6.075564883400477265e+04 1.027383815990415394e+00
6.075564909405867365e+04 1.021946943878980774e+00
6.075564935411256738e+04 9.807660609802419938e-01
6.075564961416647566e+04 1.007992690541974046e+00
6.075564987422036938e+04 1.032702389110306651e+00
6.075565013427426311e+04 9.798308691914356938e-01
6.075565039432817866e+04 1.010846164876735065e+00
6.075565065438207239e+04 9.830770138859676877e-01
6.075565091443597339e+04 9.640607006617418762e-01
6.075565117448987439e+04 9.780191849296204776e-01
6.075565143454376812e+04 1.044657477902440901e+00
6.075565169459767640e+04 1.020431689015778298e+00
6.075565195465157012e+04 1.011556965495589600e+00
6.075565221470547112e+04 1.014292237641913452e+00
6.075565247475937213e+04 1.045388310925422726e+00
6.075565273481326585e+04 9.977501936139847594e-01
6.075565299486718141e+04 1.023011532700558224e+00
6.075565325492107513e+04 1.057191133224337776e+00
6.075565492676799477e+04 1.034371112475477972e+00
6.075565518682868424e+04 1.015747504197685780e+00
6.075565544688938098e+04 9.891614851289255439e-01
6.075565570695007773e+04 1.033837322648786472e+00
6.075565596701077448e+04 9.845657796568553222e-01
6.075565622707147122e+04 1.019684188815149994e+00
6.075565648713216069e+04 1.014288204223458001e+00
6.075565674719285744e+04 1.045254608504913696e+00
6.075565700725356146e+04 1.023834185014916187e+00
6.075565726731425821e+04 1.009229248215011143e+00
6.075565752737495495e+04 1.064189550325513878e+00
6.075565778743564442e+04 1.007148355378626237e+00
6.075565804749634117e+04 1.012339650479636477e+00
6.075565830755703792e+04 9.749527100227333154e-01
6.075565856761772739e+04 9.881856766369875311e-01
6.075565882767842413e+04 1.035846877049425352e+00
6.075565908773912088e+04 1.023763210755292752e+00
6.075565934779981762e+04 1.029080193535870213e+00
6.075565960786051437e+04 1.063957517255982754e+00
6.075565986792121112e+04 9.754920801955243581e-01
6.075566012798190786e+04 1.023346759651679649e+00
6.075566038804260461e+04 1.011343633360221039e+00
6.075566064810330136e+04 1.001947830329726896e+00
6.075566090816399810e+04 1.003180781315719194e+00
6.075566116822468757e+04 1.032364428406672419e+00
6.075566142828538432e+04 1.019623970623886100e+00
6.075566168834608106e+04 1.044969739218174487e+00
6.075566194840677781e+04 1.019081475600377207e+00
6.075566220846748183e+04 1.012052660320279518e+00
6.075566246852817130e+04 1.010730653768634912e+00
6.075566272858886805e+04 1.034910637835206204e+00
6.075566298864956480e+04 1.048203908966973241e+00
6.075566324871025427e+04 1.006939582061505689e+00
6.075566350877095101e+04 1.032403517324457898e+00
6.075566376883164776e+04 9.711218802998895505e-01
6.075566402889234450e+04 1.020835871589042210e+00
6.075566428895304125e+04 1.018047500246823889e+00
6.075566454901373800e+04 1.065791227952282982e+00
6.075566480907443474e+04 1.020342027722700218e+00
6.075566506913513149e+04 1.001725095946091715e+00
6.075566532919582824e+04 9.921362960846484835e-01
6.075566558925652498e+04 9.992946462230928306e-01
6.075566584931721445e+04 1.029797044760456304e+00
6.075566610937791120e+04 1.007742127935615795e+00
6.075566636943860794e+04 9.991252063428277541e-01
6.075566662949930469e+04 1.008270236440120149e+00
6.075566688956000144e+04 9.859665436448942222e-01
6.075566714962069818e+04 1.016284477807949616e+00
6.075566740968139493e+04 1.006222968682079388e+00
6.075566766974209168e+04 9.957385248551900991e-01
6.075566792980278115e+04 1.026450602379777477e+00
6.075566818986347789e+04 1.005690498402895150e+00
6.075566844992417464e+04 1.024914222928353436e+00
6.075566870998487866e+04 1.019256626915088670e+00
6.075566897004557541e+04 1.023825453033974098e+00
6.075566923010626488e+04 9.862983297786140913e-01
6.075566949016696162e+04 1.023044489403431179e+00
6.075566975022765837e+04 1.012200955730273799e+00
6.075567001028834784e+04 1.002269120218195697e+00
6.075567027034905186e+04 1.024162970952184448e+00
6.075567053040974133e+04 1.045903027120199003e+00
6.075567079047044535e+04 1.006066567664092304e+00
6.075567105053114210e+04 1.007008526452898511e+00
6.075567131059183157e+04 1.043790438566557954e+00
6.075567157065252832e+04 1.040249071889590482e+00
6.075567183071322506e+04 1.031985836746811991e+00
6.075567209077392181e+04 1.049417566279561065e+00
6.075567235083461856e+04 9.944671129254741837e-01
6.075567261089531530e+04 9.894773289982532471e-01
6.075567287095601205e+04 1.028464066493052442e+00
6.075567313101670879e+04 9.937510948080957585e-01
6.075567339107740554e+04 1.000343209895540042e+00
6.075567365113810229e+04 1.023678924196647966e+00
6.075567391119879176e+04 1.005089776100664078e+00
6.075567417125948850e+04 1.004337138110701577e+00
6.075567443132019253e+04 9.972989882967772113e-01
6.075567469138088200e+04 1.016035762460842262e+00
6.075567495144157874e+04 9.990704433716284250e-01
6.075567521150227549e+04 1.021586967904644982e+00
6.075567547156297223e+04 1.025090892754657590e+00
6.075567573162366898e+04 1.014165686784431308e+00
6.075567599168436573e+04 1.048067467445293666e+00
6.075567625174506247e+04 9.901031485215161521e-01
6.075567651180575922e+04 1.043714018861459314e+00
6.075567677186645597e+04 1.020469583574223238e+00
6.075567703192715271e+04 9.924262556363138144e-01
6.075567729198784218e+04 1.021051680826343899e+00
6.075567755204853893e+04 9.891217944608595714e-01
6.075567781210924295e+04 9.740343235027323354e-01
6.075567807216993242e+04 1.028201651478888978e+00
6.075567833223062917e+04 9.890615933880505528e-01
6.075567859229132591e+04 1.034206929821928966e+00
6.075567885235202266e+04 1.005505233335430848e+00
6.075567911241271941e+04 1.045614881846634647e+00
6.075567937247341615e+04 1.029625351734327010e+00
6.075567963253411290e+04 1.013539000070408092e+00
6.075567989259480964e+04 1.010184489265519181e+00
6.075568015265550639e+04 9.836055019983936942e-01
6.075568041271620314e+04 1.005889855858175475e+00
6.075568067277689261e+04 1.021081847765711759e+00
6.075568093283759663e+04 9.899983511360540556e-01
6.075568119289829338e+04 9.926191599063070026e-01
6.075568145295898285e+04 9.879117067033557076e-01
6.075568171301968687e+04 1.010438352079785496e+00
6.075568197308037634e+04 1.001225678830406363e+00
6.075568223314107308e+04 1.012108065127229839e+00
6.075568249320177711e+04 9.882915920793876596e-01
6.075568275326246658e+04 9.781283787002741370e-01
6.075568301332316332e+04 9.872413377578973526e-01
6.075568327338386007e+04 1.063694354440803957e+00
6.075568483179301256e+04 9.989580922711269739e-01
6.075568509184680443e+04 1.010632535758838157e+00
6.075568535190059629e+04 9.940990159311235974e-01
6.075568561195438815e+04 9.987529961921582933e-01
6.075568587200818729e+04 1.053971190564059857e+00
6.075568613206199370e+04 1.031844729677675598e+00
6.075568639211578557e+04 1.012710459614273750e+00
6.075568665216957743e+04 1.024446923116068220e+00
6.075568691222336929e+04 1.021291062639430258e+00
6.075568717227716115e+04 1.020704500592154895e+00
6.075568743233096029e+04 1.028597975522693275e+00
6.075568769238475215e+04 1.042823809568645732e+00
6.075568795243854402e+04 1.026961750130616968e+00
6.075568821249233588e+04 1.001225366046753162e+00
6.075568847254613502e+04 1.022138800923667157e+00
6.075568873259992688e+04 1.025231093528922388e+00
6.075568899265372602e+04 1.040040862228469587e+00
6.075568925270752516e+04 9.986031287211613039e-01
6.075568951276131702e+04 1.008362133016511564e+00
6.075568977281511616e+04 9.959288818246896380e-01
6.075569003286890802e+04 1.033616120675572070e+00
6.075569029292269988e+04 1.008525037715335415e+00
6.075569055297649174e+04 1.011147374846962821e+00
6.075569081303029088e+04 1.038044920141907745e+00
6.075569107308408275e+04 1.010615177604715864e+00
6.075569133313787461e+04 1.041867203388327168e+00
6.075569159319166647e+04 1.024569913777732877e+00
6.075569185324547288e+04 1.015643278355475854e+00
6.075569211329927202e+04 1.015619599559906217e+00
6.075569237335306389e+04 1.035039385557561253e+00
6.075569263340685575e+04 1.032579389664927350e+00
6.075569289346064761e+04 1.014100849716764952e+00
6.075569315351444675e+04 1.020483324794603019e+00
6.075569341356823861e+04 1.010456435713598111e+00
6.075569367362203047e+04 1.039897581679952054e+00
6.075569393367582234e+04 1.037587841874261896e+00
6.075569419372962147e+04 1.005697420402263731e+00
6.075569445378341334e+04 1.063116118612256633e+00
6.075569471383720520e+04 1.004275247285745909e+00
6.075569497389100434e+04 1.027773968728154408e+00
6.075569523394481075e+04 9.824750397394359513e-01
6.075569549399860261e+04 1.030851922719827618e+00
6.075569575405239448e+04 1.041195022766888245e+00
6.075569601410618634e+04 9.963948718559434425e-01
6.075569627415998548e+04 9.786653243195554408e-01
6.075569653421377734e+04 1.011842865231717958e+00
6.075569679426756920e+04 1.010350435221963883e+00
6.075569705432136107e+04 1.006346257250561704e+00
6.075569731437516020e+04 9.979912659648767503e-01
6.075569757442895207e+04 1.013268507269234897e+00
6.075569783448274393e+04 9.620755586747373744e-01
6.075569809453654307e+04 1.024704128813423099e+00
6.075569835459034948e+04 9.836234544112296696e-01
6.075569861464414134e+04 1.005326377134810878e+00
6.075569887469793321e+04 9.990140142741743556e-01
6.075569913475172507e+04 1.038622872302799705e+00
6.075569939480552421e+04 1.039303519987344826e+00
6.075569965485931607e+04 9.706783407065918690e-01
6.075569991491310793e+04 1.007890865764101695e+00
6.075570017496689979e+04 1.037860609214609875e+00
6.075570043502069893e+04 9.788171491573837146e-01
6.075570069507449080e+04 1.009265117500629305e+00
6.075570095512828993e+04 1.032319042613314419e+00
6.075570121518208907e+04 1.027206129306144966e+00
6.075570147523588821e+04 9.921032201360909797e-01
6.075570173528968007e+04 1.037441111903547375e+00
6.075570199534347194e+04 1.003650497901115157e+00
6.075570225539727107e+04 1.030970190733239811e+00
6.075570251545106294e+04 1.027944316461893326e+00
6.075570277550485480e+04 9.898783727669646648e-01
6.075570303555864666e+04 9.910693976639641800e-01
6.075570329561244580e+04 1.031111218994691159e+00
6.075570355566623766e+04 1.047403269998826048e+00
6.075570381572002952e+04 9.726778800129326497e-01
6.075570407577382866e+04 9.844813058491629354e-01
6.075570433582763508e+04 9.987900699959647577e-01
6.075570459588142694e+04 9.784296517956475592e-01
6.075570485593521880e+04 1.037444582551647621e+00
6.075570511598901066e+04 1.010864196591487296e+00
6.075570537604280980e+04 1.056143715452910525e+00
6.075570563609660167e+04 1.028047620079539426e+00
6.075570589615039353e+04 1.024136106295032711e+00
6.075570615620419267e+04 1.015115785916046898e+00
6.075570641625798453e+04 1.013128712309055768e+00
6.075570667631177639e+04 9.990487487859740501e-01
6.075570693636557553e+04 1.035459413181106125e+00
6.075570719641938194e+04 1.003897966099104089e+00
6.075570745647317381e+04 9.864888305505976618e-01
6.075570771652696567e+04 1.046223846745618413e+00
6.075570797658076481e+04 1.037651545683399679e+00
6.075570823663455667e+04 1.017518789291413039e+00
6.075570849668834853e+04 1.028682409397170261e+00
6.075570875674214039e+04 1.033284894363645456e+00
6.075570901679593953e+04 1.014862048947585471e+00
6.075570927684973140e+04 1.006515175422798114e+00
6.075570953690352326e+04 9.997290228944643031e-01
6.075570979695732240e+04 1.030470166543437927e+00
6.075571005701112153e+04 1.001746484503921897e+00
6.075571031706492067e+04 1.029256879106938305e+00
6.075571057711871254e+04 9.857541358878539883e-01
6.075571083717251167e+04 1.007023951659364869e+00
6.075571109722630354e+04 9.943775240969279228e-01
6.075571135728009540e+04 1.005162446798156806e+00
6.075571161733389454e+04 1.028635279448128381e+00
6.075571187738768640e+04 1.000428718261179073e+00
6.075571213744147826e+04 1.001797376471990964e+00
6.075571239749527740e+04 1.031627569138223510e+00
6.075571265754906926e+04 1.006015677896844540e+00
6.075571291760286840e+04 1.020730621513878722e+00
6.075571317765666754e+04 9.807958371858542801e-01
6.075571474868715450e+04 1.038626159856235187e+00
6.075571500874785124e+04 9.904617636477621723e-01
6.075571526880854799e+04 1.019375905914126523e+00
6.075571552886924474e+04 1.019575667398788354e+00
6.075571578892994148e+04 1.024726502670075590e+00
6.075571604899063823e+04 1.007850591037393828e+00
6.075571630905133497e+04 1.015197740525460857e+00
6.075571656911203172e+04 1.060688344795033267e+00
6.075571682917273574e+04 1.010547128945416429e+00
6.075571708923342521e+04 9.942095815395154412e-01
6.075571734929412196e+04 9.936382599111983627e-01
6.075571760935482598e+04 1.046740365112410087e+00
6.075571786941552273e+04 1.027417890841672676e+00
6.075571812947621947e+04 9.742998863456108216e-01
6.075571838953690894e+04 1.025077420159504316e+00
6.075571864959761297e+04 9.998064713341244802e-01
6.075571890965830971e+04 1.022042599830768950e+00
6.075571916971899918e+04 1.008433596540365018e+00
6.075571942977970320e+04 9.635803078321083515e-01
6.075571968984039995e+04 1.002038725638542127e+00
6.075571994990109670e+04 1.012836655371649464e+00
6.075572020996180072e+04 9.878585477148670302e-01
6.075572047002249019e+04 9.803248145918018741e-01
6.075572073008318694e+04 1.037716189587873483e+00
6.075572099014388368e+04 9.936354772142445002e-01
6.075572125020458770e+04 1.003813571268187488e+00
6.075572151026528445e+04 1.033118309532939261e+00
6.075572177032597392e+04 9.779820589839366418e-01
6.075572203038667794e+04 1.047770458102127877e+00
6.075572229044737469e+04 1.025696076611715357e+00
6.075572255050806416e+04 1.025162316206713609e+00
6.075572281056877546e+04 1.033659278485695054e+00
6.075572307062946493e+04 1.053246683614674328e+00
6.075572333069016167e+04 9.828292495392733086e-01
6.075572359075086570e+04 1.006370386974704711e+00
6.075572385081155517e+04 9.987153738114726842e-01
6.075572411087225191e+04 9.733635523088017827e-01
6.075572437093294866e+04 1.016861295274874566e+00
6.075572463099365268e+04 1.025937109628449528e+00
6.075572489105434943e+04 9.920990389972472734e-01
6.075572515111503890e+04 9.982843567567033505e-01
6.075572541117574292e+04 9.979116620808961002e-01
6.075572567123643967e+04 9.959917437297859388e-01
6.075572593129713641e+04 1.027178361004681406e+00
6.075572619135784043e+04 1.078050968612177751e+00
6.075572645141852990e+04 9.741059815117991683e-01
6.075572671147922665e+04 9.866568003357687466e-01
6.075572697153993067e+04 9.693605561739101484e-01
6.075572723160062014e+04 1.017776579376211243e+00
6.075572749166131689e+04 9.956081751146443892e-01
6.075572775172202091e+04 9.822299812399900576e-01
6.075572801178271766e+04 9.796222341085417673e-01
6.075572827184341440e+04 1.019685731984286914e+00
6.075572853190411115e+04 1.003576932907871866e+00
6.075572879196480790e+04 1.018140730112665260e+00
6.075572905202550464e+04 1.018801364214982907e+00
6.075572931208620867e+04 9.918478971506129449e-01
6.075572957214690541e+04 9.743188908636460921e-01
6.075572983220759488e+04 1.038592116146985767e+00
6.075573009226829890e+04 1.042021777585665276e+00
6.075573035232899565e+04 1.025164271388687709e+00
6.075573061238968512e+04 9.844416385711473039e-01
6.075573087245038914e+04 1.014614794528720054e+00
6.075573113251108589e+04 1.035021104513673018e+00
6.075573139257178264e+04 9.901046024851417604e-01
6.075573165263248666e+04 1.004420876367857263e+00
6.075573191269317613e+04 1.028332125862988500e+00
6.075573217275387287e+04 1.016042751310795911e+00
6.075573243281457690e+04 1.025198218147572504e+00
6.075573269287527364e+04 1.011756455886361872e+00
6.075573295293597039e+04 1.020796376766944125e+00
6.075573321299666713e+04 9.981371090597217499e-01
6.075573347305736388e+04 1.022471041618004284e+00
6.075573373311806063e+04 9.983255466690508229e-01
6.075573399317875737e+04 9.941698909738523326e-01
6.075573425323946140e+04 9.918549401878334892e-01
6.075573451330015087e+04 1.001546999814465710e+00
6.075573477336085489e+04 1.001374918233801425e+00
6.075573503342155163e+04 1.031391163606749872e+00
6.075573529348224110e+04 9.683761859504577130e-01
6.075573555354294513e+04 1.000232118139372073e+00
6.075573581360364187e+04 1.007800440360589800e+00
6.075573607366434589e+04 9.930234133106674577e-01
6.075573633372504264e+04 9.870653941979206092e-01
6.075573659378573211e+04 9.939274495732428605e-01
6.075573685384643613e+04 1.020322622622546138e+00
6.075573711390713288e+04 1.018085635822195911e+00
6.075573737396782963e+04 1.008023277040387855e+00
6.075573763402853365e+04 9.680044326141653555e-01
6.075573789408922312e+04 1.049545937517688321e+00
6.075573815414991986e+04 9.924655653591404336e-01
6.075573841421062389e+04 1.001920816847955642e+00
6.075573867427131336e+04 9.710541550871570893e-01
6.075573893433201010e+04 1.027060485697775416e+00
6.075573919439271413e+04 9.788071404056648550e-01
6.075573945445341087e+04 1.007265565111172156e+00
6.075573971451411489e+04 9.918296418238481404e-01
6.075573997457480436e+04 9.838086246138914026e-01
6.075574023463550111e+04 1.029706751562660338e+00
6.075574049469620513e+04 1.007797918563515971e+00
6.075574075475690188e+04 9.825685757568698442e-01
6.075574101481759863e+04 9.951098370748526767e-01
6.075574127487829537e+04 1.010445186300021891e+00
6.075574153493899212e+04 9.984965247393183807e-01
6.075574179499969614e+04 1.038597625099848765e+00
6.075574205506038561e+04 1.006298169238027285e+00
6.075574231512108236e+04 9.694702637563240577e-01
6.075574257518178638e+04 9.883248563468042258e-01
6.075574283524248312e+04 1.041850615404326108e+00
6.075574309530317987e+04 9.587529723011651850e-01
6.075574483016229351e+04 1.017385782456383003e+00
6.075574509021608537e+04 9.711102982115206173e-01
6.075574535026989179e+04 1.024581427453129301e+00
6.075574561032369093e+04 9.489111207548170945e-01
6.075574587037748279e+04 9.929998017553752776e-01
6.075574613043128193e+04 1.007036894905776414e+00
6.075574639048507379e+04 9.968047240754105420e-01
6.075574665053887293e+04 9.826044167485257219e-01
6.075574691059266479e+04 9.797355448991122984e-01
6.075574717064645665e+04 9.982958643172774593e-01
6.075574743070025579e+04 9.971811974522226674e-01
6.075574769075404765e+04 1.013435339766586285e+00
6.075574795080784679e+04 9.691485283091053615e-01
6.075574821086163865e+04 9.885772399568552027e-01
6.075574847091544507e+04 9.730059208059849141e-01
6.075574873096924421e+04 9.782218657781790450e-01
6.075574899102303607e+04 9.991874153733523167e-01
6.075574925107683521e+04 9.813759219979176773e-01
6.075574951113062707e+04 1.026465437030654737e+00
6.075574977118442621e+04 9.836618448692526773e-01
6.075575003123821807e+04 9.881963418376130681e-01
6.075575029129201721e+04 1.014530956896350311e+00
6.075575055134580907e+04 9.773591640707431916e-01
6.075575081139960093e+04 9.949106674722539845e-01
6.075575107145340007e+04 9.952008630845528003e-01
6.075575133150719921e+04 9.995170632476226835e-01
6.075575159156100563e+04 1.010968190160435931e+00
6.075575185161479749e+04 1.002295690414826579e+00
6.075575211166859663e+04 1.007656306600247964e+00
6.075575237172238849e+04 9.940310925030263478e-01
6.075575263177618035e+04 9.673250244012402410e-01
6.075575289182997949e+04 9.703828833220484729e-01
6.075575315188377135e+04 9.954147045059663634e-01
6.075575341193757049e+04 9.777790628915059568e-01
6.075575367199136235e+04 9.848656471252923428e-01
6.075575393204516149e+04 1.011919618998854853e+00
6.075575419209895335e+04 1.023514331246242692e+00
6.075575445215275249e+04 1.014920363562291872e+00
6.075575471220655891e+04 1.037731884892788781e+00
6.075575497226035077e+04 9.763693423522821213e-01
6.075575523231414991e+04 1.022652638554869986e+00
6.075575549236794177e+04 9.920170189203801892e-01
6.075575575242174091e+04 1.029938960638952627e+00
6.075575601247553277e+04 9.764005942966399454e-01
6.075575627252933191e+04 9.595631990630717478e-01
6.075575653258312377e+04 1.019238830621223668e+00
6.075575679263691563e+04 1.054273021736489513e+00
6.075575705269071477e+04 9.962143033845072271e-01
6.075575731274451391e+04 1.027744913178157971e+00
6.075575757279832033e+04 9.564974762709869127e-01
6.075575783285211219e+04 9.486063456132560745e-01
6.075575809290591133e+04 9.837077041732925631e-01
6.075575835295970319e+04 9.923286362582143250e-01
6.075575861301350233e+04 9.466415082243390122e-01
6.075575887306729419e+04 1.017536289865592858e+00
6.075575913312109333e+04 9.840704352118477827e-01
6.075575939317488519e+04 1.003410976438882551e+00
6.075575965322867705e+04 1.054157933369047173e+00
6.075575991328247619e+04 1.001656370578219990e+00
6.075576017333626805e+04 1.036355755394232858e+00
6.075576043339007447e+04 1.015696361337454778e+00
6.075576069344387361e+04 9.783997847883196819e-01
6.075576095349767274e+04 1.022097436009140159e+00
6.075576121355146461e+04 1.000316958531724865e+00
6.075576147360526375e+04 1.043219125205036457e+00
6.075576173365905561e+04 1.027488780285877645e+00
6.075576199371285475e+04 9.760346095033752833e-01
6.075576225376664661e+04 9.869539591431150116e-01
6.075576251382044575e+04 9.849660156171216041e-01
6.075576277387423761e+04 9.786452189176828576e-01
6.075576303392802947e+04 9.722396855658895776e-01
6.075576329398183589e+04 1.001362125437302408e+00
6.075576355403563502e+04 1.026561712473514909e+00
6.075576381408943416e+04 1.045278582195428463e+00
6.075576407414322603e+04 9.808141240117868032e-01
6.075576433419702516e+04 1.039413747127061249e+00
6.075576459425081703e+04 9.713311650193480196e-01
6.075576485430461616e+04 9.897662869421863796e-01
6.075576511435840803e+04 9.900515887666389014e-01
6.075576537441220717e+04 1.010292742234814689e+00
6.075576563446599903e+04 1.002388490046310032e+00
6.075576589451979817e+04 9.966624128456192944e-01
6.075576615457359003e+04 1.017510936514698372e+00
6.075576641462739644e+04 9.795242370004764165e-01
6.075576667468119558e+04 1.018134186711721512e+00
6.075576693473499472e+04 1.031292550511303530e+00
6.075576719478878658e+04 9.435545259965978371e-01
6.075576745484258572e+04 1.005191755515387309e+00
6.075576771489637758e+04 9.817084704979566201e-01
6.075576797495017672e+04 1.044139050394903068e+00
6.075576823500396858e+04 9.595923232787738621e-01
6.075576849505776045e+04 1.021956724577281372e+00
6.075576875511155959e+04 9.946696314898475499e-01
6.075576901516535145e+04 9.846389273761165795e-01
6.075576927521915786e+04 1.019238974582766355e+00
6.075576953527295700e+04 1.035968559526123656e+00
6.075576979532675614e+04 1.009619359250094162e+00
6.075577005538054800e+04 1.012677262158028224e+00
6.075577031543434714e+04 9.782524578095086465e-01
6.075577057548813900e+04 1.020879447452896160e+00
6.075577083554193814e+04 9.981382486207071025e-01
6.075577109559573000e+04 9.983535865896084882e-01
6.075577135564952914e+04 1.026096991547375881e+00
6.075577161570332100e+04 1.007555640380284778e+00
6.075577187575712014e+04 9.787578205796843012e-01
6.075577213581091200e+04 9.603992820736572122e-01
6.075577239586471842e+04 1.035262232108494329e+00
6.075577265591851756e+04 1.000399999563750253e+00
6.075577291597231670e+04 1.037492239150474171e+00
6.075577317602610856e+04 9.921013272185709164e-01
