6.075585120116569306e+04 9.949785449580629271e-01
6.075585146121949219e+04 1.020204233956633066e+00
6.075585172127328406e+04 1.019596377408647836e+00
6.075585198132708319e+04 1.000973322117364894e+00
6.075585224138088233e+04 1.019092314925628129e+00
6.075585250143468147e+04 9.768985417429550955e-01
6.075585276148847333e+04 1.012378550275207179e+00
6.075585302154227247e+04 9.853886501530956243e-01
6.075585328159607161e+04 1.063828500182905090e+00
6.075585354164987803e+04 9.965449766326694991e-01
6.075585380170368444e+04 9.889521586840821499e-01
6.075585406175747630e+04 9.766341668643963025e-01
6.075585432181127544e+04 9.992586398822532745e-01
6.075585458186507458e+04 9.737785213511694904e-01
6.075585484191887372e+04 1.010005429784792907e+00
6.075585510197266558e+04 9.862741366519139907e-01
6.075585536202646472e+04 1.007571488481466604e+00
6.075585562208026386e+04 9.938154955292711756e-01
6.075585588213406299e+04 1.002472715756796084e+00
6.075585614218786213e+04 1.029003119577926118e+00
6.075585640224165400e+04 1.028687823251125621e+00
6.075585666229546041e+04 1.022572275699745958e+00
6.075585692234926682e+04 9.827965952799705418e-01
6.075585718240306596e+04 1.006109927232923473e+00
6.075585744245685783e+04 9.884788088259608418e-01
6.075585770251065696e+04 1.025106455996541932e+00
6.075585796256445610e+04 9.924217022802210852e-01
6.075585822261825524e+04 1.054168804124254510e+00
6.075585848267205438e+04 9.864612374780570292e-01
6.075585874272584624e+04 9.919866168453049804e-01
6.075585900277964538e+04 9.910369477750116118e-01
6.075585926283344452e+04 9.842926350375582611e-01
6.075585952288725093e+04 9.635924968598522655e-01
6.075585978294105735e+04 9.373051527894339374e-01
6.075586004299484921e+04 9.614391106286385158e-01
6.075586030304864835e+04 1.003363528666251447e+00
6.075586056310244749e+04 9.792722071845415543e-01
6.075586082315624662e+04 9.710590488207839766e-01
6.075586108321004576e+04 1.005516882883047858e+00
6.075586134326383763e+04 9.242757229470480729e-01
6.075586160331763676e+04 1.003633378238327323e+00
6.075586186337143590e+04 9.861196609937383784e-01
6.075586212342523504e+04 9.698726013391428813e-01
6.075586238347903418e+04 1.028798015354828177e+00
6.075586264353283332e+04 1.035884852833780290e+00
6.075586290358663973e+04 9.937651852789892715e-01
6.075586316364043887e+04 1.021343960904865789e+00
6.075586342369423801e+04 1.024113125138608860e+00
6.075586368374803715e+04 1.008235748724821246e+00
6.075586394380182901e+04 1.009270542314002261e+00
6.075586420385562815e+04 1.001338720653978998e+00
6.075586446390942729e+04 9.552485458867665535e-01
6.075586472396322642e+04 9.908871051127449148e-01
6.075586498401702556e+04 9.924808633039594596e-01
6.075586524407081743e+04 9.923917579422165680e-01
6.075586550412462384e+04 9.810448520944510253e-01
6.075586576417843025e+04 9.965239968406559568e-01
6.075586602423222939e+04 9.852748862700624333e-01
6.075586628428602853e+04 9.567958366946360815e-01
6.075586654433982039e+04 1.015454421267397933e+00
6.075586680439361953e+04 1.007016331531119357e+00
6.075586706444741867e+04 1.019156482830997801e+00
6.075586732450121781e+04 9.696009224909345470e-01
6.075586758455501695e+04 1.018070185815578732e+00
6.075586784460881609e+04 1.009847723488301874e+00
6.075586810466260795e+04 9.927714702335888042e-01
6.075586836471640709e+04 1.003982229714708074e+00
6.075586862477021350e+04 9.894861146644557959e-01
6.075586888482401991e+04 1.004570200930430257e+00
6.075586914487781905e+04 1.007119321136533685e+00
6.075586940493161092e+04 9.838556353286319611e-01
6.075586966498541005e+04 1.017414655557835612e+00
6.075586992503920919e+04 9.626274904725087289e-01
6.075587018509300833e+04 9.709427862081684291e-01
6.075587044514680747e+04 1.036511183071098463e+00
6.075587070520060661e+04 1.004588357739863769e+00
6.075587096525439847e+04 1.004839746339171391e+00
6.075587122530819761e+04 1.040346449325647127e+00
6.075587148536199675e+04 9.509625049859670165e-01
6.075587174541581044e+04 1.010050300585889405e+00
6.075587200546960958e+04 9.582409332439049132e-01
6.075587226552340871e+04 9.692167666756168476e-01
6.075587252557720058e+04 1.008270286380512637e+00
6.075587278563099972e+04 9.797182297286685104e-01
6.075587304568479885e+04 1.023326048893208995e+00
6.075587330573859799e+04 9.720744085654602351e-01
6.075587356579239713e+04 1.036116129387242513e+00
6.075587382584619627e+04 1.009933106089787369e+00
6.075587408589998813e+04 9.812099952366631905e-01
6.075587434595378727e+04 1.017598577363433066e+00
6.075587460600759368e+04 9.750496342250810633e-01
6.075587486606140010e+04 9.699994572024986939e-01
6.075587512611519924e+04 9.898606034962658118e-01
6.075587538616899838e+04 1.004877812412880544e+00
6.075587564622279751e+04 9.855796413307315040e-01
6.075587590627658938e+04 9.757753570572457180e-01
6.075587616633038851e+04 9.874179653105301657e-01
6.075587642638418765e+04 9.892681234362192821e-01
6.075587668643798679e+04 9.813008157816550669e-01
6.075587694649178593e+04 1.027691863216519952e+00
6.075587720654558507e+04 9.853731747041664102e-01
6.075587746659937693e+04 9.727057285268131404e-01
6.075587772665318334e+04 1.013100036935276282e+00
6.075587798670698976e+04 9.690279797579937071e-01
6.075587824676078890e+04 9.975750539333990696e-01
6.075587850681458804e+04 1.002229135749141742e+00
6.075587876686838717e+04 9.753699876889684317e-01
6.075587902692218631e+04 9.782346595545130530e-01
6.075587928697597818e+04 1.004518590589929428e+00
6.075587954702977731e+04 9.358249508390306115e-01
6.075588115586427011e+04 1.019042679188219669e+00
6.075588141592496686e+04 1.028927824117793932e+00
6.075588167598567088e+04 9.859838284427080435e-01
6.075588193604636763e+04 9.649551438498236156e-01
6.075588219610707165e+04 1.038036589872559645e+00
6.075588245616777567e+04 9.728526565266045756e-01
6.075588271622847242e+04 1.019869234461197482e+00
6.075588297628917644e+04 9.897660207824214851e-01
6.075588323634988046e+04 1.010597927535476614e+00
6.075588349641056993e+04 1.010055556654572584e+00
6.075588375647127395e+04 1.001282438580583634e+00
6.075588401653197798e+04 9.974013215267495402e-01
6.075588427659268200e+04 1.030133404538827069e+00
6.075588453665338602e+04 9.952331571422838863e-01
6.075588479671408277e+04 9.808022500535698018e-01
6.075588505677478679e+04 9.498723007154028508e-01
6.075588531683548354e+04 9.693751171598810057e-01
6.075588557689618756e+04 9.607587821181206023e-01
6.075588583695689158e+04 1.008708196359753728e+00
6.075588609701758833e+04 9.897378147350258670e-01
6.075588635707829235e+04 9.701009646139938658e-01
6.075588661713899637e+04 1.040457082853470716e+00
6.075588687719969312e+04 1.008041151524008416e+00
6.075588713726038986e+04 9.744522404827639095e-01
6.075588739732109389e+04 9.427139494930101282e-01
6.075588765738179791e+04 1.006030341503519221e+00
6.075588791744250193e+04 9.758713235813279985e-01
6.075588817750319868e+04 1.017838536475025313e+00
6.075588843756390270e+04 1.028903465191101096e+00
6.075588869762460672e+04 9.981365922491913789e-01
6.075588895768530347e+04 9.697473901587710943e-01
6.075588921774600749e+04 1.002384348448222662e+00
6.075588947780670424e+04 9.901294620056392271e-01
6.075588973786740826e+04 9.925007293245573514e-01
6.075588999792811228e+04 1.003798540468241463e+00
6.075589025798880903e+04 9.572568903782023853e-01
6.075589051804952032e+04 1.003585870159649840e+00
6.075589077811021707e+04 1.039748586735218749e+00
6.075589103817091382e+04 1.007509791990320869e+00
6.075589129823161784e+04 1.048991160899854336e+00
6.075589155829231458e+04 9.820419139593689062e-01
6.075589181835301861e+04 9.924002863926546514e-01
6.075589207841372263e+04 9.666792432185612460e-01
6.075589233847442665e+04 9.745535913167930886e-01
6.075589259853513067e+04 1.021369082798209149e+00
6.075589285859582742e+04 9.940485302867085871e-01
6.075589311865652417e+04 9.644526825272909942e-01
6.075589337871722819e+04 1.007099209418322872e+00
6.075589363877793221e+04 9.497080158930483185e-01
6.075589389883863623e+04 9.843381572240754718e-01
6.075589415889933298e+04 9.921487585473102166e-01
6.075589441896003700e+04 1.012976080747737706e+00
6.075589467902074102e+04 1.007137661912083093e+00
6.075589493908143777e+04 9.970534619692233980e-01
6.075589519914213452e+04 1.026329916015854105e+00
6.075589545920283854e+04 1.010171025687601531e+00
6.075589571926354256e+04 1.048058545472543512e+00
6.075589597932424658e+04 9.558198283946653939e-01
6.075589623938494333e+04 1.010005518092433441e+00
6.075589649944564735e+04 9.361414823399117902e-01
6.075589675950635137e+04 9.980351171507406693e-01
6.075589701956705539e+04 1.007527264243567311e+00
6.075589727962775942e+04 9.868689319799244242e-01
6.075589753968844889e+04 9.992224852847489958e-01
6.075589779974915291e+04 1.003237518430159403e+00
6.075589805980985693e+04 1.024391736692731980e+00
6.075589831987055368e+04 9.937239943191964464e-01
6.075589857993125770e+04 1.027926216997885112e+00
6.075589883999196172e+04 1.009198909578346237e+00
6.075589910005266574e+04 1.005282823821130878e+00
6.075589936011336977e+04 1.013423040872273972e+00
6.075589962017406651e+04 9.781039639948678754e-01
6.075589988023477054e+04 1.010941249535048714e+00
6.075590014029546728e+04 1.013877778789382678e+00
6.075590040035617130e+04 1.035119304080444724e+00
6.075590066041687533e+04 9.785731366931891273e-01
6.075590092047757207e+04 9.509414482241084210e-01
6.075590118053827609e+04 9.707832795356396982e-01
6.075590144059898012e+04 9.644366217834792199e-01
6.075590170065967686e+04 9.844176350722422253e-01
6.075590196072038816e+04 9.754976983015855030e-01
6.075590222078108491e+04 1.002706355489675571e+00
6.075590248084178893e+04 9.872235319215143523e-01
6.075590274090249295e+04 9.812258223910171884e-01
6.075590300096318242e+04 1.007335829367056457e+00
6.075590326102388644e+04 1.001539029737843922e+00
6.075590352108459047e+04 9.863042553080670904e-01
6.075590378114529449e+04 1.001164621208854966e+00
6.075590404120599851e+04 9.843112366381843170e-01
6.075590430126669526e+04 1.000908352510340826e+00
6.075590456132739928e+04 1.040611870438779896e+00
6.075590482138810330e+04 9.802130384199632118e-01
6.075590508144880732e+04 1.036761421515853154e+00
6.075590534150951135e+04 9.956918495938176239e-01
6.075590560157020809e+04 9.907812025726183691e-01
6.075590586163091211e+04 9.370296044670450852e-01
6.075590612169160886e+04 9.805582179145583277e-01
6.075590638175230561e+04 9.828312166618560219e-01
6.075590664181300963e+04 1.001879279987543780e+00
6.075590690187371365e+04 1.038421413646840596e+00
6.075590716193441767e+04 1.009443037431321466e+00
6.075590742199512169e+04 1.004667503744706814e+00
6.075590768205581844e+04 1.037850327871434386e+00
6.075590794211652246e+04 1.008389796738338617e+00
6.075590820217722649e+04 1.028427850518991216e+00
6.075590846223793051e+04 9.979261561034642458e-01
6.075590872229863453e+04 9.882037561768534095e-01
6.075590898235933128e+04 1.007770801765925928e+00
6.075590924242003530e+04 1.007455234935669797e+00
6.075590950248073932e+04 9.875436141639785115e-01
6.075591106051386305e+04 1.001129130590031835e+00
6.075591132057445793e+04 9.751244306785453730e-01
6.075591158063505281e+04 1.025529290609779487e+00
6.075591184069564770e+04 9.811940414349256123e-01
6.075591210075624258e+04 9.786160369136137627e-01
6.075591236081683746e+04 1.073596521159234429e+00
6.075591262087743235e+04 9.761878397961210041e-01
6.075591288093802723e+04 9.970957097607342501e-01
6.075591314099862211e+04 9.601314779878897809e-01
6.075591340105922427e+04 1.035213186854046841e+00
6.075591366111981915e+04 9.629192050727729546e-01
6.075591392118041404e+04 9.777716520496005925e-01
6.075591418124100892e+04 1.008714543054710866e+00
6.075591444130160380e+04 9.742963389316283696e-01
6.075591470136219868e+04 9.932058635505626176e-01
6.075591496142279357e+04 1.015045658478698876e+00
6.075591522148338845e+04 9.822313300054339447e-01
6.075591548154399061e+04 9.984077244750458879e-01
6.075591574160458549e+04 9.660659940877667218e-01
6.075591600166518037e+04 1.003248232492336633e+00
6.075591626172577526e+04 9.985487819079309491e-01
6.075591652178637742e+04 9.719907319867706619e-01
6.075591678184697230e+04 1.005098451617340238e+00
6.075591704190756718e+04 9.794235740439951599e-01
6.075591730196816206e+04 9.965131202073918004e-01
6.075591756202875695e+04 9.904825996201092053e-01
6.075591782208935183e+04 1.005351681824431465e+00
6.075591808214994671e+04 9.595425663464929311e-01
6.075591834221054160e+04 9.970601080917386172e-01
6.075591860227113648e+04 1.003072134105334801e+00
6.075591886233173136e+04 9.883561387119835784e-01
6.075591912239232624e+04 9.896860308487287483e-01
6.075591938245292840e+04 9.986844521016270404e-01
6.075591964251352329e+04 9.927820421252935290e-01
6.075591990257411817e+04 1.028692812630843001e+00
6.075592016263471305e+04 9.555319783506283082e-01
6.075592042269530793e+04 9.893358128908774640e-01
6.075592068275590282e+04 1.001482890786296931e+00
6.075592094281649770e+04 9.407640325573183304e-01
6.075592120287709986e+04 1.015149498155091035e+00
6.075592146293769474e+04 1.017779262048320810e+00
6.075592172299828962e+04 1.026280933757080627e+00
6.075592198305888451e+04 1.024030941808870887e+00
6.075592224311948667e+04 9.695055574769243512e-01
6.075592250318008155e+04 1.029583460248038929e+00
6.075592276324067643e+04 9.920938897064133233e-01
6.075592302330127131e+04 1.007499683915887845e+00
6.075592328336186620e+04 9.737890400533233404e-01
6.075592354342246108e+04 1.011030094431137005e+00
6.075592380348305596e+04 9.925987717956469281e-01
6.075592406354365812e+04 9.669538891308655515e-01
6.075592432360425300e+04 1.031381656932743418e+00
6.075592458366484789e+04 1.013455139505629266e+00
6.075592484372544277e+04 1.026999067559571710e+00
6.075592510378604493e+04 1.001911509522637855e+00
6.075592536384663981e+04 9.738051337415001285e-01
6.075592562390723469e+04 1.008309514243042049e+00
6.075592588396782958e+04 1.021693487124786026e+00
6.075592614402842446e+04 9.448326287574612126e-01
6.075592640408901934e+04 1.008477732279841055e+00
6.075592666414961423e+04 9.909558976645519435e-01
6.075592692421020911e+04 9.744806720984160453e-01
6.075592718427081127e+04 9.939626782685528905e-01
6.075592744433140615e+04 9.790617203657551171e-01
6.075592770439200103e+04 1.032512304731653785e+00
6.075592796445260319e+04 9.505016657354934395e-01
6.075592822451319807e+04 9.978451452577696834e-01
6.075592848457379296e+04 9.962516728319394943e-01
6.075592874463438784e+04 1.032388808981798300e+00
6.075592900469498272e+04 9.942121442520641672e-01
6.075592926475557761e+04 1.007752983634836452e+00
6.075592952481617249e+04 9.833194296976867088e-01
6.075592978487676737e+04 9.764461852362023020e-01
6.075593004493736953e+04 9.927608818751013642e-01
6.075593030499796441e+04 9.908817117419412845e-01
6.075593056505855930e+04 1.020936252923110299e+00
6.075593082511916145e+04 1.007253700664570317e+00
6.075593108517975634e+04 9.963393712543010539e-01
6.075593134524035122e+04 1.003595833425967587e+00
6.075593160530094610e+04 9.716223712792120271e-01
6.075593186536154099e+04 9.529477764576225196e-01
6.075593212542213587e+04 9.791668869477360149e-01
6.075593238548273075e+04 9.867800982029605317e-01
6.075593264554332563e+04 1.009221726496388083e+00
6.075593290560392779e+04 9.142314392860467764e-01
6.075593316566452268e+04 1.010784432606854244e+00
6.075593342572511756e+04 1.008731042694059665e+00
6.075593368578571244e+04 9.848611706606210658e-01
6.075593394584631460e+04 1.022821199499005074e+00
6.075593420590690948e+04 9.578235738796985199e-01
6.075593446596750437e+04 9.738855456632219409e-01
6.075593472602809925e+04 9.780160249072966661e-01
6.075593498608869413e+04 1.002210612699840464e+00
6.075593524614928901e+04 9.845025531903999205e-01
6.075593550620988390e+04 9.926632695149346652e-01
6.075593576627048606e+04 1.011903197980335678e+00
6.075593602633108094e+04 1.054615237581084219e+00
6.075593628639167582e+04 9.939085061277788125e-01
6.075593654645227070e+04 9.914025496276077654e-01
6.075593680651287286e+04 1.030243763228464227e+00
6.075593706657346775e+04 9.844933212797224442e-01
6.075593732663406263e+04 1.013521465398711241e+00
6.075593758669465751e+04 1.009373094208709798e+00
6.075593784675525239e+04 1.014006473543310749e+00
6.075593810681584728e+04 9.848141983707116021e-01
6.075593836687644216e+04 1.020140239133296323e+00
6.075593862693704432e+04 1.003602913606699065e+00
6.075593888699763920e+04 1.010054807369237473e+00
6.075593914705823408e+04 9.642310546551738915e-01
6.075593940711883624e+04 1.030386819797751707e+00
6.075594106598430517e+04 1.039347870660750850e+00
6.075594132604500919e+04 9.925006207420196125e-01
6.075594158610571321e+04 9.655218336077647789e-01
6.075594184616640996e+04 9.875783044430993529e-01
6.075594210622711398e+04 1.031529814942074186e+00
6.075594236628781800e+04 9.790864947236196381e-01
6.075594262634852203e+04 1.008110455412332795e+00
6.075594288640922605e+04 9.790380071536067819e-01
6.075594314646992279e+04 9.725208048835027874e-01
6.075594340653063409e+04 9.840126659426349232e-01
6.075594366659133811e+04 9.530505946609019174e-01
6.075594392665203486e+04 9.761509175770226587e-01
6.075594418671273888e+04 1.030908953400597294e+00
6.075594444677344291e+04 1.023723544122490559e+00
6.075594470683414693e+04 1.001944638126035958e+00
6.075594496689485095e+04 1.049575308558892361e+00
6.075594522695554770e+04 9.864570994786423519e-01
6.075594548701625172e+04 9.657909358088622165e-01
6.075594574707695574e+04 1.005676347646730084e+00
6.075594600713765976e+04 9.886247443048130634e-01
6.075594626719836378e+04 9.551117845962615593e-01
6.075594652725906053e+04 9.967766939279320004e-01
6.075594678731976455e+04 9.815164141327200609e-01
6.075594704738046858e+04 9.933333442422228599e-01
6.075594730744116532e+04 1.004779375741862157e+00
6.075594756750187662e+04 9.896287537132528733e-01
6.075594782756257337e+04 9.944859781622265027e-01
6.075594808762328466e+04 1.007141784240292548e+00
6.075594834768398869e+04 9.750679009539001685e-01
6.075594860774468543e+04 9.958449061766032617e-01
6.075594886780538945e+04 9.777220913283636294e-01
6.075594912786609348e+04 9.886671164572898851e-01
6.075594938792679750e+04 9.884802542726051078e-01
6.075594964798750152e+04 9.837681934092640246e-01
6.075594990804819827e+04 9.572041971944753591e-01
6.075595016810890229e+04 1.012896687176724209e+00
6.075595042816960631e+04 1.013371038623133158e+00
6.075595068823031033e+04 9.937494626444201007e-01
6.075595094829101436e+04 1.045923830186818337e+00
6.075595120835171110e+04 9.696519002962566969e-01
6.075595146841241512e+04 9.652850814193953966e-01
6.075595172847312642e+04 9.882618968999343778e-01
6.075595198853382317e+04 9.593614328646061784e-01
6.075595224859452719e+04 1.030218427530120051e+00
6.075595250865523121e+04 1.008900476776172006e+00
6.075595276871593524e+04 9.951726746055107320e-01
6.075595302877663926e+04 1.002177616678202154e+00
6.075595328883733600e+04 1.003053457345157939e+00
6.075595354889804003e+04 9.836067504207534062e-01
6.075595380895874405e+04 9.848805975306912375e-01
6.075595406901944807e+04 9.568487583984739420e-01
6.075595432908015209e+04 1.009537657917285447e+00
6.075595458914084884e+04 9.808990129977708250e-01
6.075595484920156014e+04 1.052425105173357522e+00
6.075595510926226416e+04 1.026301474016627635e+00
6.075595536932296091e+04 9.523669959242404559e-01
6.075595562938366493e+04 9.833076528926101290e-01
6.075595588944436895e+04 9.552480973614999593e-01
6.075595614950507297e+04 1.001557400777602691e+00
6.075595640956577699e+04 1.006928075469654127e+00
6.075595666962647374e+04 9.886387615796603523e-01
6.075595692968717776e+04 9.945273220934945924e-01
6.075595718974788178e+04 1.025536277500620042e+00
6.075595744980858581e+04 9.880082454387845159e-01
6.075595770986929710e+04 1.007042942491362503e+00
6.075595796992999385e+04 1.000060628925593997e+00
6.075595822999069787e+04 9.898678273847281162e-01
6.075595849005140190e+04 9.743475544017206058e-01
6.075595875011209864e+04 1.012460710986445189e+00
6.075595901017280994e+04 9.425914616176245264e-01
6.075595927023350669e+04 9.990557680267171392e-01
6.075595953029421071e+04 1.015704603614314916e+00
6.075595979035491473e+04 9.958039741240328757e-01
6.075596005041561148e+04 1.001586195568480830e+00
6.075596031047632277e+04 9.818481201915170153e-01
6.075596057053702680e+04 1.018264251824468003e+00
6.075596083059773082e+04 9.932885283175189040e-01
6.075596109065843484e+04 9.805130423358308089e-01
6.075596135071913159e+04 1.006085291654566394e+00
6.075596161077983561e+04 9.987392267284390668e-01
6.075596187084053963e+04 9.986449635443674921e-01
6.075596213090124365e+04 1.001909458112987261e+00
6.075596239096194768e+04 1.015743029393569863e+00
6.075596265102265170e+04 9.729412917166266883e-01
6.075596291108335572e+04 1.002778170755789899e+00
6.075596317114405974e+04 1.009920420205112190e+00
6.075596343120475649e+04 9.714284465864485574e-01
6.075596369126546051e+04 9.813163250253679193e-01
6.075596395132616453e+04 1.005084212735947613e+00
6.075596421138686856e+04 9.742749938475624427e-01
6.075596447144757258e+04 9.717029732185092916e-01
6.075596473150827660e+04 9.836868586605199694e-01
6.075596499156898062e+04 1.012086351228824954e+00
6.075596525162968464e+04 1.007446134806639693e+00
6.075596551169038867e+04 9.877558333894479459e-01
6.075596577175109269e+04 1.003927133946466155e+00
6.075596603181178943e+04 1.004691032190960787e+00
6.075596629187249346e+04 9.833495455287095677e-01
6.075596655193319748e+04 9.844983091675064690e-01
6.075596681199390150e+04 9.906928261300250727e-01
6.075596707205460552e+04 9.733948896816442264e-01
6.075596733211530955e+04 9.570674920887403125e-01
6.075596759217601357e+04 9.945240515571420747e-01
6.075596785223671759e+04 1.003659726917923267e+00
6.075596811229741434e+04 9.800024477176284554e-01
6.075596837235811836e+04 1.009370082023518522e+00
6.075596863241882238e+04 1.016160806700464159e+00
6.075596889247953368e+04 9.939895030284827682e-01
6.075596915254023770e+04 1.001808228968217529e+00
6.075596941260093445e+04 1.034223317296540268e+00
6.075597102105359954e+04 9.444339921408749783e-01
6.075597128111420170e+04 1.009791326262877709e+00
6.075597154117479658e+04 9.826853673716920978e-01
6.075597180123539147e+04 1.004055335276190064e+00
6.075597206129598635e+04 9.954336329410579109e-01
6.075597232135658123e+04 1.009152364797990753e+00
6.075597258141718339e+04 9.772438944635949420e-01
6.075597284147777827e+04 9.668065358973482182e-01
6.075597310153837316e+04 9.872026507650052407e-01
6.075597336159897532e+04 1.006912792128540568e+00
6.075597362165957020e+04 9.924228530109496793e-01
6.075597388172016508e+04 9.797327692634212326e-01
6.075597414178077452e+04 9.886527961269802045e-01
6.075597440184136940e+04 1.005013769993007067e+00
6.075597466190196428e+04 1.047664103249912992e+00
6.075597492196255916e+04 9.796250196714999525e-01
6.075597518202315405e+04 1.024465839462712413e+00
6.075597544208374893e+04 1.001866338246532262e+00
6.075597570214434381e+04 9.984024698773826811e-01
6.075597596220494597e+04 9.756406583048516934e-01
6.075597622226554813e+04 9.813504653935193334e-01
6.075597648232614301e+04 1.019603626954471931e+00
6.075597674238673790e+04 1.002657090768949599e+00
6.075597700244734006e+04 1.000684493348345194e+00
6.075597726250793494e+04 9.902098795961834510e-01
6.075597752256853710e+04 1.030375747722344970e+00
6.075597778262913198e+04 1.027121863886890862e+00
6.075597804268972686e+04 1.001646529075049141e+00
6.075597830275032175e+04 9.899062436116119468e-01
6.075597856281091663e+04 1.003602650292288567e+00
6.075597882287151151e+04 1.007802180969152639e+00
6.075597908293212095e+04 9.846787754625242473e-01
6.075597934299271583e+04 1.008680440582039317e+00
6.075597960305331071e+04 1.018976174274450752e+00
6.075597986311390559e+04 9.797882806850634063e-01
6.075598012317450775e+04 9.914027468006256782e-01
6.075598038323510264e+04 1.010279392806953114e+00
6.075598064329570479e+04 9.665764194446772040e-01
6.075598090335629968e+04 1.052699553815405586e+00
6.075598116341689456e+04 1.015204801315746863e+00
6.075598142347748944e+04 1.030376091297235952e+00
6.075598168353808433e+04 9.776012261559900995e-01
6.075598194359869376e+04 1.020867930979067584e+00
6.075598220365928864e+04 1.018347563654742771e+00
6.075598246371988353e+04 1.017742999335013998e+00
6.075598272378047841e+04 9.829986600508342498e-01
6.075598298384108057e+04 1.008392826729928693e+00
6.075598324390167545e+04 9.886126889424733388e-01
6.075598350396227761e+04 9.775879254528015982e-01
6.075598376402287249e+04 9.498043961917459477e-01
6.075598402408346738e+04 9.809139000028231914e-01
6.075598428414406226e+04 9.779113473336575879e-01
6.075598454420465714e+04 9.538742422322536996e-01
6.075598480426526658e+04 9.583745453429242112e-01
6.075598506432586146e+04 1.060511994529336643e+00
6.075598532438645634e+04 1.001078392975782938e+00
6.075598558444705122e+04 9.674943446235099165e-01
6.075598584450765338e+04 1.006993503523983424e+00
6.075598610456825554e+04 1.016209258525919479e+00
6.075598636462885042e+04 9.976602126406348692e-01
6.075598662468944531e+04 1.039891949045827602e+00
6.075598688475004019e+04 9.960051038634464282e-01
6.075598714481063507e+04 1.004751999362271997e+00
6.075598740487123723e+04 9.793215771477649101e-01
6.075598766493183211e+04 1.013213089850769189e+00
6.075598792499243427e+04 1.018706268398890558e+00
6.075598818505302916e+04 9.666114165514536616e-01
6.075598844511362404e+04 9.873079617105477990e-01
6.075598870517423347e+04 1.008930317907576812e+00
6.075598896523482836e+04 1.057015846723793118e+00
6.075598922529542324e+04 9.950156409348277498e-01
6.075598948535601812e+04 9.649804569573084967e-01
6.075598974541661300e+04 1.010423477692803607e+00
6.075599000547721516e+04 1.029678013624810262e+00
6.075599026553781005e+04 1.022579567945117507e+00
6.075599052559840493e+04 1.001281668194815566e+00
6.075599078565900709e+04 9.918578898652978815e-01
6.075599104571960197e+04 9.915625530013134625e-01
6.075599130578020413e+04 9.919786058980214483e-01
6.075599156584080629e+04 1.012404561200750619e+00
6.075599182590140117e+04 9.660053140117151882e-01
6.075599208596199605e+04 9.930043525116405423e-01
6.075599234602259094e+04 9.855801442294751524e-01
6.075599260608319310e+04 1.030990146962768250e+00
6.075599286614378798e+04 1.041994269000811268e+00
6.075599312620438286e+04 9.739590679591374478e-01
6.075599338626497774e+04 1.008235088874807506e+00
6.075599364632558718e+04 9.841604246874615658e-01
6.075599390638618206e+04 9.609120484349563673e-01
6.075599416644677694e+04 9.810090650674906376e-01
6.075599442650737910e+04 1.025952955450637694e+00
6.075599468656797399e+04 1.003437604488641943e+00
6.075599494662857614e+04 1.022928763179923983e+00
6.075599520668917103e+04 9.906216250808717039e-01
6.075599546674976591e+04 1.030540426606421534e+00
6.075599572681036079e+04 1.020607821624455847e+00
6.075599598687096295e+04 1.041378905526600507e+00
6.075599624693155783e+04 1.013893198042620014e+00
6.075599650699215999e+04 1.015609029895928828e+00
6.075599676705275488e+04 1.066548320127506333e+00
6.075599702711334976e+04 9.991544202124293950e-01
6.075599728717395192e+04 1.013566002715602599e+00
6.075599754723455408e+04 1.004186654628615560e+00
6.075599780729514896e+04 1.025756480312721708e+00
6.075599806735574384e+04 9.978378306731869873e-01
6.075599832741634600e+04 9.983194129029370201e-01
6.075599858747694088e+04 9.757425407635219594e-01
6.075599884753753577e+04 1.043953294291369405e+00
6.075599910759813065e+04 1.012428302660544288e+00
6.075599936765874008e+04 9.640965330306642267e-01
6.075600091310295102e+04 1.000833752230572138e+00
6.075600117316365504e+04 1.014562037967765784e+00
6.075600143322435179e+04 1.003946856425931289e+00
6.075600169328505581e+04 1.062782100492253967e+00
6.075600195334576711e+04 1.000038908163266571e+00
6.075600221340647113e+04 1.011445253437841307e+00
6.075600247346717515e+04 9.840885770576470737e-01
6.075600273352787190e+04 1.031168378552019371e+00
6.075600299358858319e+04 9.919283948629791237e-01
6.075600325364928722e+04 9.712265901535559465e-01
6.075600351370998396e+04 1.013643660334179630e+00
6.075600377377069526e+04 1.008879592420476978e+00
6.075600403383139928e+04 9.854470811942365183e-01
6.075600429389210331e+04 1.031148477219679505e+00
6.075600455395280733e+04 1.011418488095645385e+00
6.075600481401350407e+04 1.012010193566559524e+00
6.075600507407421537e+04 1.012639655354967916e+00
6.075600533413491939e+04 1.002638151825231638e+00
6.075600559419562342e+04 9.831056781688766177e-01
6.075600585425632744e+04 1.005760283423825729e+00
6.075600611431703146e+04 1.000213447015585677e+00
6.075600637437773548e+04 1.003532773098607223e+00
6.075600663443843951e+04 1.045079649826877732e+00
6.075600689449914353e+04 9.917371209097389784e-01
6.075600715455985483e+04 9.505611550656217767e-01
6.075600741462055157e+04 9.809164561322502029e-01
6.075600767468125559e+04 9.703558289567829620e-01
6.075600793474195962e+04 1.043583495943697592e+00
6.075600819480266364e+04 1.043280005280388334e+00
6.075600845486336766e+04 1.004892322326650156e+00
6.075600871492407168e+04 1.025465372057295266e+00
6.075600897498478298e+04 1.030636427196057969e+00
6.075600923504548700e+04 9.873276376590953696e-01
6.075600949510618375e+04 9.908056102549107624e-01
6.075600975516688777e+04 1.011892505412154142e+00
6.075601001522759907e+04 1.032198475668845372e+00
6.075601027528830309e+04 1.023617601998178639e+00
6.075601053534900711e+04 9.752409223675319039e-01
6.075601079540970386e+04 1.058707671763752911e+00
6.075601105547041516e+04 1.004019476253221521e+00
6.075601131553111918e+04 1.014128558657573231e+00
6.075601157559181593e+04 1.004036170797525829e+00
6.075601183565252722e+04 1.030754126346789201e+00
6.075601209571323125e+04 9.775229858121737836e-01
6.075601235577393527e+04 1.032481094620095963e+00
6.075601261583463929e+04 9.860991467692871160e-01
6.075601287589534331e+04 1.034083521812595441e+00
6.075601313595604734e+04 1.013542470237606796e+00
6.075601339601675136e+04 1.033785240736843081e+00
6.075601365607746266e+04 9.923024018107162725e-01
6.075601391613816668e+04 9.718995729048475196e-01
6.075601417619886342e+04 9.935099911275606654e-01
6.075601443625956745e+04 9.987741919989222561e-01
6.075601469632027874e+04 9.824983731129288689e-01
6.075601495638097549e+04 9.909399188240128886e-01
6.075601521644168679e+04 9.807516174896028227e-01
6.075601547650239081e+04 9.873983427193918638e-01
6.075601573656309483e+04 1.011126156902230511e+00
6.075601599662379886e+04 9.858587774974647555e-01
6.075601625668450288e+04 1.027374438548166014e+00
6.075601651674520690e+04 1.005663424954059249e+00
6.075601677680591092e+04 1.054254883986046831e+00
6.075601703686661494e+04 1.025949410252295690e+00
6.075601729692732624e+04 1.029657595155425875e+00
6.075601755698802299e+04 1.038903766074654289e+00
6.075601781704872701e+04 9.867141149826994528e-01
6.075601807710943831e+04 1.014199526855335431e+00
6.075601833717014233e+04 1.062589553888414695e+00
6.075601859723084635e+04 1.028397342640507528e+00
6.075601885729155038e+04 9.562072414849522861e-01
6.075601911735225440e+04 9.944403797332896922e-01
6.075601937741295842e+04 9.660874123624402232e-01
6.075601963747365517e+04 1.000786252564771495e+00
6.075601989753436646e+04 1.017605479712231142e+00
6.075602015759507049e+04 1.086543692133929984e+00
6.075602041765577451e+04 9.829271128013320480e-01
6.075602067771648581e+04 1.027267686300858740e+00
6.075602093777718255e+04 1.046649675330641349e+00
6.075602119783788658e+04 1.001973083285482513e+00
6.075602145789859787e+04 1.012199474273983713e+00
6.075602171795930190e+04 9.846679307454387908e-01
6.075602197802000592e+04 1.052429083872616467e+00
6.075602223808070994e+04 9.890817934744650097e-01
6.075602249814141396e+04 9.879427985855130379e-01
6.075602275820211798e+04 1.004913553886586097e+00
6.075602301826282201e+04 9.929276905906941897e-01
6.075602327832352603e+04 9.728692850350545429e-01
6.075602353838423005e+04 1.020084595496770774e+00
6.075602379844494135e+04 1.020344965291688055e+00
6.075602405850564537e+04 9.965593755602915049e-01
6.075602431856634212e+04 1.012348925405980538e+00
6.075602457862704614e+04 9.964399589128825063e-01
6.075602483868775744e+04 1.020545514836334045e+00
6.075602509874846146e+04 9.971560483429413591e-01
6.075602535880916548e+04 1.000281101917183557e+00
6.075602561886986950e+04 1.016069965182731627e+00
6.075602587893057353e+04 1.041746258297064243e+00
6.075602613899127755e+04 9.933244161978418418e-01
6.075602639905198885e+04 1.004005452833076850e+00
6.075602665911269287e+04 1.004370674050863332e+00
6.075602691917338962e+04 9.592809927886206678e-01
6.075602717923410091e+04 1.012149865710101571e+00
6.075602743929480494e+04 1.005256151439440249e+00
6.075602769935550168e+04 1.030975255671387147e+00
6.075602795941621298e+04 9.746979460344004087e-01
6.075602821947691700e+04 1.029791660338494452e+00
6.075602847953762102e+04 9.989314763432266542e-01
6.075602873959833232e+04 1.040050432464513008e+00
6.075602899965902907e+04 1.006918125088607230e+00
6.075602925971973309e+04 1.011073673003455076e+00
6.075603093119423283e+04 1.016164372985300490e+00
6.075603119125482772e+04 1.035637509655934041e+00
6.075603145131542988e+04 1.060948223440911997e+00
6.075603171137602476e+04 1.010014797121254748e+00
6.075603197143662692e+04 1.017347794605508504e+00
6.075603223149722908e+04 1.008429955990962412e+00
6.075603249155782396e+04 1.006638689913335050e+00
6.075603275161842612e+04 1.002291440476687168e+00
6.075603301167902100e+04 1.061122905070997824e+00
6.075603327173962316e+04 1.038255249122663315e+00
6.075603353180022532e+04 9.980580105616586595e-01
6.075603379186082020e+04 1.000887493382838445e+00
6.075603405192141508e+04 9.911003393231228031e-01
6.075603431198201724e+04 9.818437351846956984e-01
6.075603457204261213e+04 1.001542258510278005e+00
6.075603483210320701e+04 1.032822123157042249e+00
6.075603509216381644e+04 1.011029450109169892e+00
6.075603535222441133e+04 1.019364286273354070e+00
6.075603561228501349e+04 9.992081225313786952e-01
6.075603587234560837e+04 9.812684804048261711e-01
6.075603613240621053e+04 1.029543400576992340e+00
6.075603639246681269e+04 9.462472635041685454e-01
6.075603665252740757e+04 1.007793283398332740e+00
6.075603691258800245e+04 1.037993357419704665e+00
6.075603717264860461e+04 1.012270405097976278e+00
6.075603743270919949e+04 1.023578589285136342e+00
6.075603769276979438e+04 9.583290269762393399e-01
6.075603795283040381e+04 9.970769645015802318e-01
6.075603821289099869e+04 9.853931845059824557e-01
6.075603847295160085e+04 9.464400566460672293e-01
6.075603873301219573e+04 1.029253335661922231e+00
6.075603899307279789e+04 1.012093745599215833e+00
6.075603925313340005e+04 1.006773541909831815e+00
6.075603951319399494e+04 1.015107319678760778e+00
6.075603977325458982e+04 9.885955078752822756e-01
6.075604003331519198e+04 1.021696509052261614e+00
6.075604029337578686e+04 1.000755374447547474e+00
6.075604055343638902e+04 1.002571505744135116e+00
6.075604081349698390e+04 9.985979491041073741e-01
6.075604107355758606e+04 1.029257625725559899e+00
6.075604133361818822e+04 1.032182991359756219e+00
6.075604159367878310e+04 1.026767746169365614e+00
6.075604185373938526e+04 1.014537504450412575e+00
6.075604211379998742e+04 9.944350949615203827e-01
6.075604237386058230e+04 9.827923406946591500e-01
6.075604263392118446e+04 9.752532956310877577e-01
6.075604289398177934e+04 1.017475974096699654e+00
6.075604315404237423e+04 1.016348989773213418e+00
6.075604341410297639e+04 1.012236158157138410e+00
6.075604367416357127e+04 9.693241895229791627e-01
6.075604393422418070e+04 1.059322425032498849e+00
6.075604419428477559e+04 1.063161798718259332e+00
6.075604445434537047e+04 1.034655823476280156e+00
6.075604471440597990e+04 1.021930132118084034e+00
6.075604497446657479e+04 9.465520222941500306e-01
6.075604523452717694e+04 1.015493817781306651e+00
6.075604549458777183e+04 9.885063012359152079e-01
6.075604575464836671e+04 1.016620244744345758e+00
6.075604601470896887e+04 1.008019156844017328e+00
6.075604627476956375e+04 1.038730129308477634e+00
6.075604653483016591e+04 1.053033071250465413e+00
6.075604679489076807e+04 9.952720637129716108e-01
6.075604705495136295e+04 1.030136291539811788e+00
6.075604731501196511e+04 1.036467743270931274e+00
6.075604757507256727e+04 1.020083687057709465e+00
6.075604783513316943e+04 9.988666932806770093e-01
6.075604809519376431e+04 1.008050569763642157e+00
6.075604835525435919e+04 1.021857656276887516e+00
6.075604861531496135e+04 1.015156273799484588e+00
6.075604887537555624e+04 1.025947850733435196e+00
6.075604913543615839e+04 1.014928612818938758e+00
6.075604939549675328e+04 9.708180026858990175e-01
6.075604965555735544e+04 1.006569919015160464e+00
6.075604991561795759e+04 1.029649088201612050e+00
6.075605017567855248e+04 1.018047038842636143e+00
6.075605043573915464e+04 1.005943989463810029e+00
6.075605069579975680e+04 1.014973456707524146e+00
6.075605095586035168e+04 9.937091892392754255e-01
6.075605121592095384e+04 1.030800418579356004e+00
6.075605147598154872e+04 9.979231129164559677e-01
6.075605173604215088e+04 9.971087503351164782e-01
6.075605199610274576e+04 9.969719425584914196e-01
6.075605225616334792e+04 9.698028144637441672e-01
6.075605251622395008e+04 9.594251953337509242e-01
6.075605277628454496e+04 1.036603918122315671e+00
6.075605303634514712e+04 9.921759851234089878e-01
6.075605329640574200e+04 1.019487333888345670e+00
6.075605355646635144e+04 1.013739240010473441e+00
6.075605381652694632e+04 1.002350815472444090e+00
6.075605407658754848e+04 9.762416462772641745e-01
6.075605433664814336e+04 9.987696060387734054e-01
6.075605459670873825e+04 1.033228744702113566e+00
6.075605485676934040e+04 1.023303474840024707e+00
6.075605511682993529e+04 9.728109231202519691e-01
6.075605537689054472e+04 1.000804670373731664e+00
6.075605563695113960e+04 9.814665844174991216e-01
6.075605589701174176e+04 1.033179161323667827e+00
6.075605615707233665e+04 1.009094278635008113e+00
6.075605641713293880e+04 9.769496910447841298e-01
6.075605667719354096e+04 1.006264914155756474e+00
6.075605693725413585e+04 9.901432281491127085e-01
6.075605719731473800e+04 9.958695899940217533e-01
6.075605745737533289e+04 9.670766671456766383e-01
6.075605771743593505e+04 1.052080405001593721e+00
6.075605797749652993e+04 1.007936526036291580e+00
6.075605823755713209e+04 1.011472912358633236e+00
6.075605849761773425e+04 1.037192819020639201e+00
6.075605875767832913e+04 9.970476236140151105e-01
6.075605901773893129e+04 9.702068327766665279e-01
6.075605927779953345e+04 9.874572580531351118e-01
6.075606082322710427e+04 1.017600638055736972e+00
6.075606108328780829e+04 9.870916577403598957e-01
6.075606134334851231e+04 9.732238485820795537e-01
6.075606160340922361e+04 9.919662282565586686e-01
6.075606186346992035e+04 1.025670895479174449e+00
6.075606212353063165e+04 9.914329762213478503e-01
6.075606238359133567e+04 1.001501889128931788e+00
6.075606264365204697e+04 9.793386561135747348e-01
6.075606290371275099e+04 9.801618146710521229e-01
6.075606316377345502e+04 1.005690060542393738e+00
6.075606342383415904e+04 1.039124368172396284e+00
6.075606368389486306e+04 1.012851963057039395e+00
6.075606394395557436e+04 1.009326962520462612e+00
6.075606420401627838e+04 1.024468071977797434e+00
6.075606446407698240e+04 9.926662520882456597e-01
6.075606472413768643e+04 9.886414436938457673e-01
6.075606498419839772e+04 1.019687424809188059e+00
6.075606524425910175e+04 9.643540211565183595e-01
6.075606550431981304e+04 1.007460067840455276e+00
6.075606576438050979e+04 9.722787381237403270e-01
6.075606602444122109e+04 9.790228973808758894e-01
6.075606628450192511e+04 9.838240268015897572e-01
6.075606654456262913e+04 1.014916843231277177e+00
6.075606680462333316e+04 9.979764464092414356e-01
6.075606706468404445e+04 1.018539101709407424e+00
6.075606732474474848e+04 9.856951336317391066e-01
6.075606758480545250e+04 9.705998660237445952e-01
6.075606784486615652e+04 9.864097006658739675e-01
6.075606810492686054e+04 1.028189603626782356e+00
6.075606836498757184e+04 1.024314906806288894e+00
6.075606862504827586e+04 1.049629701987440544e+00
6.075606888510898716e+04 9.941683764171717064e-01
6.075606914516968391e+04 9.965897109403182297e-01
6.075606940523039520e+04 9.918191606012068950e-01
6.075606966529109923e+04 9.645978689906931081e-01
6.075606992535180325e+04 1.000601190190479439e+00
6.075607018541250727e+04 1.005653853878316406e+00
6.075607044547321857e+04 9.887748499170339045e-01
6.075607070553392259e+04 1.037707897275172320e+00
6.075607096559463389e+04 9.837678013930987175e-01
6.075607122565533064e+04 9.972022399425972683e-01
6.075607148571604193e+04 9.814461928173316974e-01
6.075607174577674596e+04 1.016831203779463344e+00
6.075607200583745725e+04 1.040602578766095743e+00
6.075607226589816128e+04 9.935691279649571106e-01
6.075607252595886530e+04 1.008594862386655633e+00
6.075607278601956932e+04 1.009602796467581998e+00
6.075607304608028062e+04 9.940469978684386421e-01
6.075607330614097737e+04 9.643553053404991804e-01
6.075607356620169594e+04 1.002738647725187393e+00
6.075607382626239269e+04 9.635033918011759457e-01
6.075607408632310398e+04 1.009494347379370049e+00
6.075607434638380801e+04 9.775997285122179914e-01
6.075607460644451203e+04 1.001506988069929882e+00
6.075607486650521605e+04 9.699498323233231023e-01
6.075607512656592735e+04 1.013339337496973691e+00
6.075607538662663137e+04 9.509963811386145105e-01
6.075607564668734267e+04 9.861203941119760508e-01
6.075607590674803942e+04 1.011349830757372503e+00
6.075607616680875071e+04 9.854963644842557047e-01
6.075607642686945474e+04 1.022792291720667546e+00
6.075607668693016603e+04 9.782570891427699866e-01
6.075607694699087006e+04 9.516262670619541897e-01
6.075607720705157408e+04 9.733708071347630941e-01
6.075607746711227810e+04 1.018913677522027772e+00
6.075607772717298940e+04 1.048262824979791175e+00
6.075607798723368614e+04 9.810429651684539065e-01
6.075607824729439744e+04 1.004996362132339227e+00
6.075607850735510146e+04 9.958510302915715151e-01
6.075607876741581276e+04 9.824934314829559812e-01
6.075607902747651679e+04 1.005871770517132280e+00
6.075607928753722081e+04 9.702182494587587858e-01
6.075607954759792483e+04 1.039423708250936551e+00
6.075607980765863613e+04 1.002197054053394876e+00
6.075608006771934015e+04 1.032723358070096964e+00
6.075608032778005145e+04 9.568326026379042615e-01
6.075608058784074819e+04 1.016895956090489328e+00
6.075608084790145949e+04 9.727915574172271151e-01
6.075608110796216351e+04 9.910916770173561208e-01
6.075608136802286754e+04 1.034182387901726230e+00
6.075608162808357156e+04 1.025233607507120448e+00
6.075608188814428286e+04 1.008322618845399976e+00
6.075608214820498688e+04 1.034387868191793070e+00
6.075608240826569818e+04 1.011932687618542159e+00
6.075608266832639492e+04 9.573159161163713460e-01
6.075608292838710622e+04 1.008957728946525467e+00
6.075608318844781024e+04 1.009511050772499363e+00
6.075608344850852154e+04 9.554744682510210030e-01
6.075608370856922556e+04 1.003791682359839621e+00
6.075608396862992959e+04 1.017355409174694136e+00
6.075608422869064088e+04 1.002638806743139543e+00
6.075608448875134491e+04 1.014301735664635773e+00
6.075608474881204893e+04 9.756362023106280867e-01
6.075608500887276023e+04 9.711962610655248129e-01
6.075608526893346425e+04 1.038644625821145251e+00
6.075608552899416827e+04 1.052773793174528016e+00
6.075608578905487957e+04 1.016895450815631152e+00
6.075608604911557632e+04 1.034137809929786656e+00
6.075608630917628761e+04 9.838177386618346398e-01
6.075608656923699164e+04 1.000370890794898937e+00
6.075608682929770293e+04 1.013669187605261479e+00
6.075608708935840696e+04 1.018356772951531264e+00
6.075608734941911098e+04 9.819847875021358030e-01
6.075608760947981500e+04 1.005527071462246846e+00
6.075608786954052630e+04 9.942278120633721850e-01
6.075608812960123760e+04 1.014512935031612217e+00
6.075608838966194162e+04 1.018141365398770759e+00
6.075608864972264564e+04 9.922724301091996324e-01
6.075608890978334966e+04 9.800473619620980736e-01
6.075608916984406096e+04 9.730048045304012794e-01
6.075609076569380704e+04 1.024166173345196329e+00
6.075609102575441648e+04 1.001510670394383906e+00
6.075609128581501136e+04 1.016465453798844676e+00
6.075609154587561352e+04 1.016540019934493611e+00
6.075609180593621568e+04 1.041199470108081782e+00
6.075609206599681784e+04 1.040171720438543668e+00
6.075609232605741272e+04 1.001350030519873036e+00
6.075609258611801488e+04 9.845945371461347628e-01
6.075609284617860976e+04 1.007135417153543822e+00
6.075609310623921192e+04 9.831997747723019154e-01
6.075609336629981408e+04 1.022767414979028011e+00
6.075609362636040896e+04 9.781385261397297359e-01
6.075609388642101840e+04 9.691920265521040134e-01
6.075609414648161328e+04 1.024535966226549855e+00
6.075609440654221544e+04 1.000267351010501571e+00
6.075609466660281760e+04 1.005187737211695964e+00
6.075609492666341976e+04 1.039216723921719820e+00
6.075609518672402191e+04 1.007327917961528208e+00
6.075609544678461680e+04 1.049713563779809622e+00
6.075609570684521896e+04 1.026018251669242876e+00
6.075609596690581384e+04 9.862052354516586128e-01
6.075609622696641600e+04 1.014560326071986873e+00
6.075609648702701088e+04 1.025030115925175123e+00
6.075609674708762032e+04 9.680189831728334138e-01
6.075609700714822247e+04 1.007557149403286445e+00
6.075609726720881736e+04 9.919539938325597772e-01
6.075609752726942679e+04 9.750789720987416143e-01
6.075609778733002167e+04 9.690613485824038920e-01
6.075609804739062383e+04 9.711952492853889174e-01
6.075609830745121872e+04 9.760062350892497740e-01
6.075609856751182087e+04 1.004861963314003237e+00
6.075609882757242303e+04 9.560335080793063156e-01
6.075609908763301792e+04 9.590036351829771544e-01
6.075609934769362008e+04 1.009252683154662655e+00
6.075609960775422223e+04 9.601959130231096928e-01
6.075609986781482439e+04 1.012302196896944784e+00
6.075610012787541928e+04 9.930175822941911257e-01
6.075610038793602143e+04 1.026261627433907808e+00
6.075610064799663087e+04 1.006363197563312717e+00
6.075610090805722575e+04 1.015175210657955018e+00
6.075610116811782791e+04 9.349229860869330277e-01
6.075610142817842279e+04 9.943689137590867588e-01
6.075610168823902495e+04 9.915274252150487744e-01
6.075610194829962711e+04 1.028161101605007843e+00
6.075610220836022199e+04 1.006601707829790637e+00
6.075610246842083143e+04 9.981798040120565263e-01
6.075610272848142631e+04 9.980940705503148491e-01
6.075610298854202847e+04 1.016232552729471328e+00
6.075610324860263063e+04 1.011046299197416953e+00
6.075610350866323279e+04 1.001111262458190376e+00
6.075610376872383495e+04 9.945445086216798680e-01
6.075610402878442983e+04 1.015915936397077779e+00
6.075610428884503199e+04 1.000175602992878998e+00
6.075610454890563415e+04 9.745566934982291540e-01
6.075610480896622903e+04 9.778275317402882472e-01
6.075610506902683119e+04 9.977439035633588471e-01
6.075610532908743335e+04 9.596127328471584228e-01
6.075610558914803551e+04 1.024712917649377220e+00
6.075610584920863766e+04 1.038110649428460652e+00
6.075610610926923255e+04 9.606920698796984626e-01
6.075610636932984198e+04 9.696405807647017205e-01
6.075610662939043686e+04 9.927794412892985143e-01
6.075610688945103902e+04 1.024898541142738262e+00
6.075610714951164118e+04 9.869079021132459717e-01
6.075610740957223607e+04 9.700000545380688122e-01
6.075610766963283822e+04 9.972347195553479260e-01
6.075610792969343311e+04 1.111514081785831554e+00
6.075610818975403527e+04 1.000652526525636521e+00
6.075610844981464470e+04 1.018020836342656388e+00
6.075610870987523958e+04 9.788380635549677189e-01
6.075610896993584174e+04 9.697159842008161723e-01
6.075610922999644390e+04 1.030355585910843974e+00
6.075610949005704606e+04 9.602932875341806396e-01
6.075610975011764822e+04 1.035237123708500517e+00
6.075611001017824310e+04 9.835681506523703543e-01
6.075611027023884526e+04 9.996610293111799495e-01
6.075611053029944742e+04 9.786164185426529105e-01
6.075611079036004230e+04 1.027127153904936252e+00
6.075611105042064446e+04 1.009806088670023971e+00
6.075611131048124662e+04 1.021166789045169221e+00
6.075611157054184878e+04 1.001896730227481713e+00
6.075611183060245094e+04 9.739313049851793247e-01
6.075611209066305310e+04 9.864187117638022473e-01
6.075611235072365525e+04 9.900716757849750138e-01
6.075611261078425741e+04 1.054262020990494042e+00
6.075611287084485230e+04 1.012524145607372805e+00
6.075611313090545445e+04 9.854038885510250090e-01
6.075611339096604934e+04 9.993495791567509334e-01
6.075611365102665150e+04 9.877631146474102897e-01
6.075611391108725365e+04 9.574257806356126776e-01
6.075611417114785581e+04 1.047384119605236252e+00
6.075611443120845797e+04 1.013796196974573904e+00
6.075611469126906013e+04 1.014542739322086273e+00
6.075611495132966229e+04 1.007761781850609495e+00
6.075611521139026445e+04 9.882668039239452806e-01
6.075611547145085933e+04 1.024426768183344771e+00
6.075611573151146149e+04 1.002522998903643936e+00
6.075611599157206365e+04 9.994316367878460783e-01
6.075611625163265853e+04 9.879053310864093218e-01
6.075611651169326069e+04 9.905238650916051713e-01
6.075611677175386285e+04 1.015787775633126389e+00
6.075611703181446501e+04 9.878045156167780672e-01
6.075611729187506717e+04 9.966857580469776767e-01
6.075611755193566933e+04 1.024611494005200463e+00
6.075611781199626421e+04 9.725909548587945430e-01
6.075611807205687364e+04 9.807701462129160275e-01
6.075611833211747580e+04 9.886686107514643940e-01
6.075611859217807068e+04 9.545452233664530883e-01
6.075611885223867284e+04 1.011515904937492882e+00
6.075611911229926773e+04 9.963216864783324134e-01
6.075612077117233275e+04 9.980397222875878604e-01
6.075612103123303677e+04 9.928781081926913998e-01
6.075612129129374080e+04 9.752975511697927757e-01
6.075612155135445209e+04 9.902615446742898397e-01
6.075612181141516339e+04 1.024863461113271423e+00
6.075612207147586741e+04 1.003482107032193982e+00
6.075612233153657144e+04 9.920697888909587592e-01
6.075612259159728274e+04 1.025931672186070953e+00
6.075612285165798676e+04 1.019596382728385597e+00
6.075612311171869806e+04 9.614298076509579793e-01
6.075612337177940935e+04 1.024785416177865560e+00
6.075612363184010610e+04 9.744455338791108145e-01
6.075612389190081740e+04 1.023804727312638940e+00
6.075612415196152870e+04 1.082208338907198586e+00
6.075612441202222544e+04 9.706731435698252586e-01
6.075612467208293674e+04 1.024873155771143463e+00
6.075612493214364804e+04 9.665838630935876807e-01
6.075612519220435206e+04 9.886498058344578288e-01
6.075612545226506336e+04 9.946325187830622472e-01
6.075612571232576738e+04 9.835470119989760951e-01
6.075612597238647140e+04 9.600706256151382290e-01
6.075612623244718270e+04 9.831200142033433842e-01
6.075612649250789400e+04 9.948437988423401990e-01
6.075612675256859802e+04 1.037085650954679972e+00
6.075612701262930204e+04 1.006407149267856571e+00
6.075612727269001334e+04 1.008645559816951254e+00
6.075612753275071736e+04 9.861092916569075273e-01
6.075612779281142139e+04 9.799687529350623594e-01
6.075612805287213268e+04 1.003699121130170235e+00
6.075612831293283671e+04 9.964551938354971883e-01
6.075612857299354800e+04 1.002407434198749447e+00
6.075612883305425930e+04 1.007761118803560230e+00
6.075612909311495605e+04 9.902261137017308590e-01
6.075612935317566735e+04 9.762605938074766510e-01
6.075612961323637865e+04 1.010315486445081623e+00
6.075612987329708267e+04 9.501533098178844838e-01
6.075613013335779397e+04 9.634745474809940369e-01
6.075613039341849799e+04 9.566193579226194288e-01
6.075613065347920201e+04 1.029279170890968098e+00
6.075613091353991331e+04 9.554156375719750072e-01
6.075613117360061733e+04 1.002594049131275034e+00
6.075613143366133590e+04 9.929400578288434254e-01
6.075613169372203265e+04 1.008988003229913222e+00
6.075613195378274395e+04 1.008003047149296005e+00
6.075613221384345525e+04 1.003519225719281982e+00
6.075613247390415199e+04 9.956545783040535724e-01
6.075613273396486329e+04 9.724283227868985025e-01
6.075613299402557459e+04 1.017433854872544341e+00
6.075613325408627861e+04 9.898862465838876856e-01
6.075613351414698991e+04 1.017136720208311029e+00
6.075613377420769393e+04 1.023414990009149594e+00
6.075613403426840523e+04 9.985437467960299740e-01
6.075613429432910925e+04 1.021685417167096599e+00
6.075613455438982055e+04 1.061378681203160035e+00
6.075613481445053185e+04 9.619431163438675325e-01
6.075613507451122859e+04 9.938161988636329269e-01
6.075613533457193989e+04 9.975785255353988301e-01
6.075613559463265119e+04 9.556887614350619842e-01
6.075613585469334794e+04 9.889373951241630101e-01
6.075613611475405924e+04 1.011613939042119270e+00
6.075613637481477053e+04 9.838068014841048203e-01
6.075613663487548183e+04 9.984482333366743179e-01
6.075613689493618585e+04 1.007013827171919784e+00
6.075613715499688988e+04 1.019497359697359995e+00
6.075613741505760117e+04 1.009170938770609149e+00
6.075613767511830520e+04 1.010580104050028627e+00
6.075613793517901649e+04 9.772435130531471614e-01
6.075613819523972779e+04 1.026490781456486534e+00
6.075613845530043181e+04 9.667070103569280759e-01
6.075613871536113584e+04 9.910657416627062233e-01
6.075613897542184714e+04 1.006679359919270711e+00
6.075613923548255116e+04 9.939525700071113468e-01
6.075613949554325518e+04 9.795046774271906065e-01
6.075613975560396648e+04 9.954285522193393465e-01
6.075614001566467778e+04 1.027227037893411632e+00
6.075614027572538907e+04 9.849943716970865903e-01
6.075614053578608582e+04 9.907377879072979399e-01
6.075614079584679712e+04 1.009786048792476354e+00
6.075614105590750842e+04 9.958890726709762609e-01
6.075614131596821244e+04 1.000647391135744746e+00
6.075614157602892374e+04 1.019590192218673197e+00
6.075614183608962776e+04 9.829008278674410404e-01
6.075614209615033906e+04 9.567156035274317905e-01
6.075614235621104308e+04 1.009765612491963616e+00
6.075614261627174710e+04 1.014371140589193754e+00
6.075614287633246568e+04 1.011255921045304484e+00
6.075614313639316970e+04 9.666822616261275813e-01
6.075614339645387372e+04 9.446186453980304210e-01
6.075614365651458502e+04 9.934687464205697038e-01
6.075614391657528904e+04 9.835829499949609867e-01
6.075614417663600034e+04 9.721721321439974473e-01
6.075614443669670436e+04 1.039920358570446401e+00
6.075614469675741566e+04 1.005276303922845615e+00
6.075614495681812696e+04 9.774482755487368113e-01
6.075614521687882370e+04 9.936753944761854695e-01
6.075614547693953500e+04 9.837747198558858264e-01
6.075614573700024630e+04 1.003095422313399876e+00
6.075614599706095760e+04 9.400389709871309618e-01
6.075614625712166162e+04 9.668452216753730122e-01
6.075614651718236564e+04 9.578563347453147303e-01
6.075614677724307694e+04 9.923084081814952384e-01
6.075614703730378824e+04 1.022480406299475009e+00
6.075614729736448498e+04 1.010500278884380654e+00
6.075614755742519628e+04 1.000711287563861740e+00
6.075614781748590758e+04 1.016365414984533810e+00
6.075614807754661888e+04 1.009586252417786989e+00
6.075614833760732290e+04 9.666327994889829522e-01
6.075614859766802692e+04 1.026291602413948567e+00
6.075614885772873822e+04 9.877365772627466622e-01
6.075614911778944952e+04 9.556986060072565348e-01
