6.075585120116569306e+04 1.005678875407497452e+00
6.075585146121949219e+04 1.007731762654609620e+00
6.075585172127328406e+04 1.004100495275732197e+00
6.075585198132708319e+04 9.947626386643723118e-01
6.075585224138088233e+04 9.923620177106481366e-01
6.075585250143468147e+04 9.971049691739861665e-01
6.075585276148847333e+04 1.020673661900357132e+00
6.075585302154227247e+04 9.981134957782277217e-01
6.075585328159607161e+04 9.773678518313466679e-01
6.075585354164987803e+04 9.751123743224620055e-01
6.075585380170368444e+04 9.812409255999711144e-01
6.075585406175747630e+04 1.031453276464868507e+00
6.075585432181127544e+04 1.003045738529699582e+00
6.075585458186507458e+04 9.867557066245363773e-01
6.075585484191887372e+04 9.881095466938049077e-01
6.075585510197266558e+04 1.004394496752388566e+00
6.075585536202646472e+04 9.735347919687770135e-01
6.075585562208026386e+04 1.006609154789076310e+00
6.075585588213406299e+04 9.984023764537383050e-01
6.075585614218786213e+04 1.034676914739378173e+00
6.075585640224165400e+04 9.705072902819277259e-01
6.075585666229546041e+04 1.010236352025528417e+00
6.075585692234926682e+04 1.003875358840200516e+00
6.075585718240306596e+04 9.974259305978356860e-01
6.075585744245685783e+04 9.933512828867706590e-01
6.075585770251065696e+04 1.024987016389822481e+00
6.075585796256445610e+04 1.004657155512163724e+00
6.075585822261825524e+04 9.978782492592690456e-01
6.075585848267205438e+04 1.011581997533653965e+00
6.075585874272584624e+04 1.006756347217084846e+00
6.075585900277964538e+04 9.994280328482443299e-01
6.075585926283344452e+04 9.991232004869516903e-01
6.075585952288725093e+04 1.003372502340725836e+00
6.075585978294105735e+04 9.744066620696808512e-01
6.075586004299484921e+04 1.005228574243522299e+00
6.075586030304864835e+04 9.958525140207735715e-01
6.075586056310244749e+04 9.528445854812853666e-01
6.075586082315624662e+04 1.014914997520783180e+00
6.075586108321004576e+04 9.954657885413352725e-01
6.075586134326383763e+04 1.008173779885707999e+00
6.075586160331763676e+04 9.951471260985443879e-01
6.075586186337143590e+04 9.837565249052069305e-01
6.075586212342523504e+04 9.826235319227147880e-01
6.075586238347903418e+04 1.003192135923264505e+00
6.075586264353283332e+04 1.004464293882920245e+00
6.075586290358663973e+04 9.952765736051352174e-01
6.075586316364043887e+04 1.013359265334004222e+00
6.075586342369423801e+04 9.929110679565069653e-01
6.075586368374803715e+04 9.840102345868795286e-01
6.075586394380182901e+04 9.907860209114378591e-01
6.075586420385562815e+04 9.795541402087659666e-01
6.075586446390942729e+04 9.798424133106334866e-01
6.075586472396322642e+04 9.784583446125858508e-01
6.075586498401702556e+04 1.001811913078833882e+00
6.075586524407081743e+04 9.959865616719358883e-01
6.075586550412462384e+04 1.027551730974533895e+00
6.075586576417843025e+04 9.496681256550082439e-01
6.075586602423222939e+04 1.010224433878169847e+00
6.075586628428602853e+04 9.731327468365785771e-01
6.075586654433982039e+04 1.028393772494520686e+00
6.075586680439361953e+04 1.004190345452243394e+00
6.075586706444741867e+04 9.992558019793459367e-01
6.075586732450121781e+04 9.871590373649085093e-01
6.075586758455501695e+04 9.840426258597508857e-01
6.075586784460881609e+04 9.879030465665047389e-01
6.075586810466260795e+04 9.912486111031388880e-01
6.075586836471640709e+04 1.009385613734573361e+00
6.075586862477021350e+04 9.733363658087406112e-01
6.075586888482401991e+04 9.735215306621010090e-01
6.075586914487781905e+04 1.009161268919027910e+00
6.075586940493161092e+04 1.003500618403654565e+00
6.075586966498541005e+04 1.012130238253762471e+00
6.075586992503920919e+04 9.893627244601034265e-01
6.075587018509300833e+04 9.612320450015625628e-01
6.075587044514680747e+04 9.700030645701758214e-01
6.075587070520060661e+04 9.925070396397077666e-01
6.075587096525439847e+04 1.000558197898996582e+00
6.075587122530819761e+04 1.010076220113189427e+00
6.075587148536199675e+04 9.802691188534666811e-01
6.075587174541581044e+04 1.039710660532705999e+00
6.075587200546960958e+04 9.821988077163854580e-01
6.075587226552340871e+04 1.007817570528688034e+00
6.075587252557720058e+04 9.987828713992593643e-01
6.075587278563099972e+04 1.027865096352480689e+00
6.075587304568479885e+04 1.018749687810181381e+00
6.075587330573859799e+04 9.383095740016406117e-01
6.075587356579239713e+04 1.015527825866572975e+00
6.075587382584619627e+04 1.044357237652109305e+00
6.075587408589998813e+04 1.030069974660066778e+00
6.075587434595378727e+04 1.012336162583925558e+00
6.075587460600759368e+04 9.976167938824924697e-01
6.075587486606140010e+04 1.007904127391944238e+00
6.075587512611519924e+04 1.045774906999045406e+00
6.075587538616899838e+04 1.026302379692086042e+00
6.075587564622279751e+04 9.954249021604625325e-01
6.075587590627658938e+04 1.020929560951524318e+00
6.075587616633038851e+04 1.022947189395001732e+00
6.075587642638418765e+04 9.787298714232747221e-01
6.075587668643798679e+04 1.010922664289916506e+00
6.075587694649178593e+04 1.026625611421001505e+00
6.075587720654558507e+04 1.006661508716253151e+00
6.075587746659937693e+04 9.931053825997512297e-01
6.075587772665318334e+04 9.807006848785518871e-01
6.075587798670698976e+04 1.004619263156011355e+00
6.075587824676078890e+04 9.864413389444434133e-01
6.075587850681458804e+04 1.026844320157068724e+00
6.075587876686838717e+04 9.830346371127779426e-01
6.075587902692218631e+04 1.048931758710921036e+00
6.075587928697597818e+04 1.001818007960445955e+00
6.075587954702977731e+04 1.020812054969740368e+00
6.075588115586427011e+04 9.990114023877199045e-01
6.075588141592496686e+04 1.004043662668066217e+00
6.075588167598567088e+04 9.831369905130399323e-01
6.075588193604636763e+04 1.027355635572568593e+00
6.075588219610707165e+04 9.890988267427879288e-01
6.075588245616777567e+04 9.759805597356063789e-01
6.075588271622847242e+04 9.980501658626316219e-01
6.075588297628917644e+04 1.010855936057670768e+00
6.075588323634988046e+04 9.937125137173202782e-01
6.075588349641056993e+04 9.776349006353783899e-01
6.075588375647127395e+04 9.991355277756954756e-01
6.075588401653197798e+04 1.009671438802847598e+00
6.075588427659268200e+04 9.949599598122180755e-01
6.075588453665338602e+04 1.009670276706561509e+00
6.075588479671408277e+04 9.932726826474443937e-01
6.075588505677478679e+04 9.996987131562775630e-01
6.075588531683548354e+04 1.011546521657884723e+00
6.075588557689618756e+04 9.769466650675807662e-01
6.075588583695689158e+04 9.711608995037993575e-01
6.075588609701758833e+04 9.991193591793625650e-01
6.075588635707829235e+04 1.024388468924080975e+00
6.075588661713899637e+04 1.021696335474753692e+00
6.075588687719969312e+04 9.909083421175022277e-01
6.075588713726038986e+04 1.027088600212455072e+00
6.075588739732109389e+04 9.899346484667584933e-01
6.075588765738179791e+04 9.834861953747994212e-01
6.075588791744250193e+04 1.022877023630808457e+00
6.075588817750319868e+04 9.996080581101767226e-01
6.075588843756390270e+04 9.835057609180153371e-01
6.075588869762460672e+04 1.030065804130275264e+00
6.075588895768530347e+04 1.013042779497070001e+00
6.075588921774600749e+04 9.999850914162546900e-01
6.075588947780670424e+04 1.007922008274930725e+00
6.075588973786740826e+04 1.024124099781539066e+00
6.075588999792811228e+04 9.726387088995436248e-01
6.075589025798880903e+04 9.992749438720299748e-01
6.075589051804952032e+04 9.775665444189460818e-01
6.075589077811021707e+04 9.791085461394936074e-01
6.075589103817091382e+04 1.006802296317307999e+00
6.075589129823161784e+04 1.007568392757405951e+00
6.075589155829231458e+04 1.008434216110317028e+00
6.075589181835301861e+04 1.004871581849175355e+00
6.075589207841372263e+04 9.972513481539785341e-01
6.075589233847442665e+04 1.020080402974196998e+00
6.075589259853513067e+04 9.997766640155975049e-01
6.075589285859582742e+04 1.037777582205722693e+00
6.075589311865652417e+04 9.739943096441424641e-01
6.075589337871722819e+04 1.013859065087433731e+00
6.075589363877793221e+04 9.798166164100174935e-01
6.075589389883863623e+04 1.015753557627169235e+00
6.075589415889933298e+04 1.008381045669517917e+00
6.075589441896003700e+04 1.000809307376181234e+00
6.075589467902074102e+04 1.050791587013456319e+00
6.075589493908143777e+04 9.756101153970524464e-01
6.075589519914213452e+04 1.018283687457772091e+00
6.075589545920283854e+04 9.890841270687834585e-01
6.075589571926354256e+04 1.017998875432926109e+00
6.075589597932424658e+04 1.003931782364089642e+00
6.075589623938494333e+04 9.936018140583939839e-01
6.075589649944564735e+04 9.695430056511452621e-01
6.075589675950635137e+04 1.004925505333935876e+00
6.075589701956705539e+04 9.842540199563029057e-01
6.075589727962775942e+04 1.009343561806320677e+00
6.075589753968844889e+04 9.978643363790532517e-01
6.075589779974915291e+04 1.003304773065413213e+00
6.075589805980985693e+04 9.804891304594484103e-01
6.075589831987055368e+04 1.003472647723116618e+00
6.075589857993125770e+04 1.002945922271630819e+00
6.075589883999196172e+04 1.019239489128655141e+00
6.075589910005266574e+04 1.114070969671252520e+00
6.075589936011336977e+04 9.842718826667261611e-01
6.075589962017406651e+04 1.012132397360966829e+00
6.075589988023477054e+04 1.019896461265811460e+00
6.075590014029546728e+04 1.028978782615904253e+00
6.075590040035617130e+04 9.933612096839999905e-01
6.075590066041687533e+04 1.025848927697220248e+00
6.075590092047757207e+04 1.041370152871953669e+00
6.075590118053827609e+04 9.962508590754884930e-01
6.075590144059898012e+04 1.034930563071275289e+00
6.075590170065967686e+04 1.018530799292387545e+00
6.075590196072038816e+04 1.015504068363494383e+00
6.075590222078108491e+04 1.007005650540051089e+00
6.075590248084178893e+04 1.032017679014683553e+00
6.075590274090249295e+04 1.022441104480111829e+00
6.075590300096318242e+04 1.021031047359048038e+00
6.075590326102388644e+04 1.003735204783488655e+00
6.075590352108459047e+04 1.012545816990697123e+00
6.075590378114529449e+04 1.017828281894115783e+00
6.075590404120599851e+04 1.029592309691782726e+00
6.075590430126669526e+04 1.006595053285219032e+00
6.075590456132739928e+04 1.006998034062107639e+00
6.075590482138810330e+04 1.004082989517382396e+00
6.075590508144880732e+04 1.001997829925008299e+00
6.075590534150951135e+04 9.912916001882340344e-01
6.075590560157020809e+04 9.941512913823853381e-01
6.075590586163091211e+04 1.007125702149012980e+00
6.075590612169160886e+04 1.006224979457127855e+00
6.075590638175230561e+04 1.037555818659411377e+00
6.075590664181300963e+04 9.829644054960158250e-01
6.075590690187371365e+04 9.750797781829113609e-01
6.075590716193441767e+04 1.017057524160598803e+00
6.075590742199512169e+04 9.889407430803710541e-01
6.075590768205581844e+04 1.023750954653309897e+00
6.075590794211652246e+04 1.013530941658955076e+00
6.075590820217722649e+04 1.037893325058173888e+00
6.075590846223793051e+04 1.011703255127822221e+00
6.075590872229863453e+04 9.841404283421781862e-01
6.075590898235933128e+04 1.027786618032910049e+00
6.075590924242003530e+04 1.002016595884522854e+00
6.075590950248073932e+04 1.004301253891222823e+00
6.075591106051386305e+04 1.003488025741761991e+00
6.075591132057445793e+04 1.034206076351514847e+00
6.075591158063505281e+04 9.841923227732366497e-01
6.075591184069564770e+04 9.921042189838860104e-01
6.075591210075624258e+04 1.005246893926247331e+00
6.075591236081683746e+04 1.028224435745544119e+00
6.075591262087743235e+04 1.023991655881187457e+00
6.075591288093802723e+04 9.875911614753699608e-01
6.075591314099862211e+04 1.018137695340962878e+00
6.075591340105922427e+04 1.039811180036922744e+00
6.075591366111981915e+04 1.006321801229064228e+00
6.075591392118041404e+04 1.005910323076009583e+00
6.075591418124100892e+04 1.014472528393875805e+00
6.075591444130160380e+04 1.011870181147264347e+00
6.075591470136219868e+04 1.009350674941514425e+00
6.075591496142279357e+04 1.017253242931582147e+00
6.075591522148338845e+04 9.957108319801943885e-01
6.075591548154399061e+04 9.742830346857318524e-01
6.075591574160458549e+04 1.006821949220898516e+00
6.075591600166518037e+04 1.001996331600800261e+00
6.075591626172577526e+04 1.030585571139426060e+00
6.075591652178637742e+04 1.038207655462883405e+00
6.075591678184697230e+04 1.023557124813018415e+00
6.075591704190756718e+04 1.000885790150674248e+00
6.075591730196816206e+04 1.009193124319641699e+00
6.075591756202875695e+04 1.026386647544369035e+00
6.075591782208935183e+04 9.798484944600523994e-01
6.075591808214994671e+04 9.937777343247476969e-01
6.075591834221054160e+04 9.931465936985529597e-01
6.075591860227113648e+04 1.025411376540247943e+00
6.075591886233173136e+04 1.004744082665976368e+00
6.075591912239232624e+04 1.006627511918363416e+00
6.075591938245292840e+04 9.895413207695411550e-01
6.075591964251352329e+04 1.009992276400603295e+00
6.075591990257411817e+04 1.033027799218297460e+00
6.075592016263471305e+04 1.014270738884218703e+00
6.075592042269530793e+04 1.005185602441950987e+00
6.075592068275590282e+04 1.015077429589571034e+00
6.075592094281649770e+04 1.031208098188052480e+00
6.075592120287709986e+04 1.009067739466422475e+00
6.075592146293769474e+04 1.030076806982904492e+00
6.075592172299828962e+04 1.025362171880581208e+00
6.075592198305888451e+04 1.038798734365757870e+00
6.075592224311948667e+04 9.870412844972203947e-01
6.075592250318008155e+04 9.919330674412594195e-01
6.075592276324067643e+04 1.025283712048944862e+00
6.075592302330127131e+04 9.929331841269776193e-01
6.075592328336186620e+04 1.007914036484553133e+00
6.075592354342246108e+04 1.056841221348413073e+00
6.075592380348305596e+04 1.020090086761752390e+00
6.075592406354365812e+04 9.922096442138867989e-01
6.075592432360425300e+04 1.016301210153116585e+00
6.075592458366484789e+04 9.992011378580530900e-01
6.075592484372544277e+04 1.022724912497523952e+00
6.075592510378604493e+04 1.004887548435273725e+00
6.075592536384663981e+04 1.022531571089261293e+00
6.075592562390723469e+04 1.010576703299134405e+00
6.075592588396782958e+04 9.858846338427136313e-01
6.075592614402842446e+04 1.023362945727567919e+00
6.075592640408901934e+04 1.006301167036168343e+00
6.075592666414961423e+04 1.016851439405418223e+00
6.075592692421020911e+04 1.025771704379395688e+00
6.075592718427081127e+04 1.026576301463253404e+00
6.075592744433140615e+04 9.965535935248769350e-01
6.075592770439200103e+04 1.042639048966118365e+00
6.075592796445260319e+04 9.952500259433481045e-01
6.075592822451319807e+04 1.024520032406686321e+00
6.075592848457379296e+04 9.859883750962742388e-01
6.075592874463438784e+04 1.004230191870009392e+00
6.075592900469498272e+04 1.000337668459330143e+00
6.075592926475557761e+04 1.008291119095052535e+00
6.075592952481617249e+04 1.005265258434929088e+00
6.075592978487676737e+04 1.015672719443092342e+00
6.075593004493736953e+04 9.986326869203262513e-01
6.075593030499796441e+04 9.790048741234469443e-01
6.075593056505855930e+04 9.942231428512376956e-01
6.075593082511916145e+04 1.013781698072878212e+00
6.075593108517975634e+04 1.030041676897164082e+00
6.075593134524035122e+04 1.014146945061316973e+00
6.075593160530094610e+04 9.934875874151697372e-01
6.075593186536154099e+04 1.040139308644935312e+00
6.075593212542213587e+04 1.028036208480480607e+00
6.075593238548273075e+04 1.027146662521615905e+00
6.075593264554332563e+04 1.014712953638698734e+00
6.075593290560392779e+04 1.005056199428903341e+00
6.075593316566452268e+04 1.030012279106701456e+00
6.075593342572511756e+04 1.000740307612585589e+00
6.075593368578571244e+04 1.007660921158196388e+00
6.075593394584631460e+04 1.023367325176010922e+00
6.075593420590690948e+04 1.021645288031193699e+00
6.075593446596750437e+04 1.022830110149968164e+00
6.075593472602809925e+04 1.009661937290044387e+00
6.075593498608869413e+04 1.002108316950963252e+00
6.075593524614928901e+04 9.974085754040710183e-01
6.075593550620988390e+04 9.894268000188949364e-01
6.075593576627048606e+04 9.871602598454408684e-01
6.075593602633108094e+04 9.977402303069080602e-01
6.075593628639167582e+04 1.029714284945246527e+00
6.075593654645227070e+04 1.022836979236571020e+00
6.075593680651287286e+04 1.021456084219914962e+00
6.075593706657346775e+04 1.035071633521163603e+00
6.075593732663406263e+04 9.867213313788304463e-01
6.075593758669465751e+04 1.011689615648661666e+00
6.075593784675525239e+04 1.020075908963173017e+00
6.075593810681584728e+04 1.012881322414741048e+00
6.075593836687644216e+04 9.943982964883588682e-01
6.075593862693704432e+04 1.012017455837171287e+00
6.075593888699763920e+04 9.998692283210151022e-01
6.075593914705823408e+04 9.951773905558241040e-01
6.075593940711883624e+04 9.936495337715777199e-01
6.075594106598430517e+04 9.913021922250006002e-01
6.075594132604500919e+04 1.013353847108436012e+00
6.075594158610571321e+04 1.003578540409204800e+00
6.075594184616640996e+04 1.002972735027823248e+00
6.075594210622711398e+04 1.024563928210169061e+00
6.075594236628781800e+04 1.021440443657122943e+00
6.075594262634852203e+04 1.000819791016511306e+00
6.075594288640922605e+04 1.007135632666903868e+00
6.075594314646992279e+04 1.001056851875869791e+00
6.075594340653063409e+04 9.888433723583196500e-01
6.075594366659133811e+04 1.020170367456857408e+00
6.075594392665203486e+04 1.001798596576302103e+00
6.075594418671273888e+04 1.038481701061947149e+00
6.075594444677344291e+04 1.021127278250885340e+00
6.075594470683414693e+04 9.672396964000843367e-01
6.075594496689485095e+04 1.038209334987725274e+00
6.075594522695554770e+04 9.931627345920613914e-01
6.075594548701625172e+04 9.959870615436509089e-01
6.075594574707695574e+04 1.012101900483660444e+00
6.075594600713765976e+04 9.831102690717312687e-01
6.075594626719836378e+04 1.022279457774008860e+00
6.075594652725906053e+04 9.868677737932852745e-01
6.075594678731976455e+04 9.855882972317568935e-01
6.075594704738046858e+04 1.021591177492636504e+00
6.075594730744116532e+04 1.018271782106563217e+00
6.075594756750187662e+04 9.768089435814892862e-01
6.075594782756257337e+04 9.864279751540944163e-01
6.075594808762328466e+04 1.015574174976056732e+00
6.075594834768398869e+04 1.040268659072230317e+00
6.075594860774468543e+04 9.760850977409004647e-01
6.075594886780538945e+04 1.017501595988950180e+00
6.075594912786609348e+04 9.651070912932108170e-01
6.075594938792679750e+04 9.953987468232717850e-01
6.075594964798750152e+04 1.027586749054445026e+00
6.075594990804819827e+04 1.028437336820019476e+00
6.075595016810890229e+04 1.012865418238555471e+00
6.075595042816960631e+04 1.035930046696773354e+00
6.075595068823031033e+04 9.935660590422571437e-01
6.075595094829101436e+04 1.012999930031154738e+00
6.075595120835171110e+04 1.008112494811432391e+00
6.075595146841241512e+04 1.006570076526378310e+00
6.075595172847312642e+04 9.838219734997908361e-01
6.075595198853382317e+04 1.006349032957130296e+00
6.075595224859452719e+04 9.902278749873858477e-01
6.075595250865523121e+04 1.010006476988814184e+00
6.075595276871593524e+04 1.029321943105224513e+00
6.075595302877663926e+04 1.016015467300082742e+00
6.075595328883733600e+04 1.010921359159431487e+00
6.075595354889804003e+04 9.982661982968286107e-01
6.075595380895874405e+04 9.932785250716422709e-01
6.075595406901944807e+04 1.017768137745239221e+00
6.075595432908015209e+04 1.030561518511120767e+00
6.075595458914084884e+04 1.031145685894171660e+00
6.075595484920156014e+04 9.950349514988656718e-01
6.075595510926226416e+04 1.013330347078541749e+00
6.075595536932296091e+04 1.001076708614631716e+00
6.075595562938366493e+04 1.033519103599693345e+00
6.075595588944436895e+04 1.052843334012689480e+00
6.075595614950507297e+04 1.017350169523565384e+00
6.075595640956577699e+04 9.991263349613889178e-01
6.075595666962647374e+04 9.965667522980543591e-01
6.075595692968717776e+04 1.042318359609280209e+00
6.075595718974788178e+04 1.005899312774616083e+00
6.075595744980858581e+04 9.994574129635838133e-01
6.075595770986929710e+04 1.029372502412795320e+00
6.075595796992999385e+04 9.718788932595264773e-01
6.075595822999069787e+04 1.010830180161069292e+00
6.075595849005140190e+04 1.014023026994814725e+00
6.075595875011209864e+04 9.657095854557975478e-01
6.075595901017280994e+04 1.008279841521391162e+00
6.075595927023350669e+04 1.032070166160510283e+00
6.075595953029421071e+04 1.014390265388856793e+00
6.075595979035491473e+04 1.027618181732374181e+00
6.075596005041561148e+04 1.014682175638860651e+00
6.075596031047632277e+04 9.902429679118217587e-01
6.075596057053702680e+04 1.010689890221959875e+00
6.075596083059773082e+04 1.048759356454141090e+00
6.075596109065843484e+04 1.001799753282969663e+00
6.075596135071913159e+04 9.972963426463404835e-01
6.075596161077983561e+04 1.022674908585138986e+00
6.075596187084053963e+04 9.930036710689622570e-01
6.075596213090124365e+04 1.033492619424005721e+00
6.075596239096194768e+04 1.025097478799998241e+00
6.075596265102265170e+04 1.029436209644353450e+00
6.075596291108335572e+04 1.012611171862651149e+00
6.075596317114405974e+04 1.000442477416832787e+00
6.075596343120475649e+04 1.019598950007565952e+00
6.075596369126546051e+04 1.004574562968834961e+00
6.075596395132616453e+04 1.014038993054750204e+00
6.075596421138686856e+04 9.907686272052912413e-01
6.075596447144757258e+04 1.003290349901936995e+00
6.075596473150827660e+04 1.054142465201091783e+00
6.075596499156898062e+04 9.745636751209587612e-01
6.075596525162968464e+04 9.944630457195808848e-01
6.075596551169038867e+04 1.020600908377488514e+00
6.075596577175109269e+04 1.013496044115494765e+00
6.075596603181178943e+04 1.008070962931092884e+00
6.075596629187249346e+04 1.039781856115669312e+00
6.075596655193319748e+04 1.009909256096516383e+00
6.075596681199390150e+04 9.935887789498372147e-01
6.075596707205460552e+04 1.045746072265988591e+00
6.075596733211530955e+04 1.013977604934357624e+00
6.075596759217601357e+04 1.001664656441692447e+00
6.075596785223671759e+04 9.795024827000455847e-01
6.075596811229741434e+04 9.971960797109807872e-01
6.075596837235811836e+04 1.029543056180243443e+00
6.075596863241882238e+04 9.950934418428576400e-01
6.075596889247953368e+04 1.012074578335989905e+00
6.075596915254023770e+04 1.044493178806132905e+00
6.075596941260093445e+04 1.000233386301352390e+00
6.075597102105359954e+04 1.022038102929719194e+00
6.075597128111420170e+04 1.036914399376803964e+00
6.075597154117479658e+04 1.007859183922728663e+00
6.075597180123539147e+04 1.001921838877513071e+00
6.075597206129598635e+04 1.027653350277209832e+00
6.075597232135658123e+04 9.962806014642288099e-01
6.075597258141718339e+04 1.012962824470743151e+00
6.075597284147777827e+04 1.020334048098339608e+00
6.075597310153837316e+04 1.042148812585814044e+00
6.075597336159897532e+04 1.003036575614463688e+00
6.075597362165957020e+04 1.007275130002651453e+00
6.075597388172016508e+04 1.001348656921110303e+00
6.075597414178077452e+04 1.017203141347942763e+00
6.075597440184136940e+04 1.021367808104801211e+00
6.075597466190196428e+04 1.034503576261824653e+00
6.075597492196255916e+04 1.001826715263942846e+00
6.075597518202315405e+04 1.054267181620325733e+00
6.075597544208374893e+04 9.847832889137612122e-01
6.075597570214434381e+04 9.967034627983768491e-01
6.075597596220494597e+04 1.009964918602032080e+00
6.075597622226554813e+04 9.794201744264191545e-01
6.075597648232614301e+04 1.041999016097070907e+00
6.075597674238673790e+04 1.055227577966856067e+00
6.075597700244734006e+04 1.019173194786983538e+00
6.075597726250793494e+04 9.912980900835924869e-01
6.075597752256853710e+04 1.005756485329648786e+00
6.075597778262913198e+04 9.769590610200181713e-01
6.075597804268972686e+04 1.021221139950855505e+00
6.075597830275032175e+04 9.623053993540996442e-01
6.075597856281091663e+04 1.027199832430196080e+00
6.075597882287151151e+04 1.047412172911289296e+00
6.075597908293212095e+04 1.012259251428387685e+00
6.075597934299271583e+04 9.834647391894845159e-01
6.075597960305331071e+04 1.009691433019644036e+00
6.075597986311390559e+04 1.008763402257890629e+00
6.075598012317450775e+04 1.019888797933659941e+00
6.075598038323510264e+04 1.006800899018748918e+00
6.075598064329570479e+04 9.954027382777477229e-01
6.075598090335629968e+04 1.018677434158838491e+00
6.075598116341689456e+04 1.019831373273430097e+00
6.075598142347748944e+04 1.033748786504925743e+00
6.075598168353808433e+04 9.920572923425137191e-01
6.075598194359869376e+04 1.033594850971743639e+00
6.075598220365928864e+04 1.031484555036843664e+00
6.075598246371988353e+04 1.020943485514020921e+00
6.075598272378047841e+04 9.973093244294219950e-01
6.075598298384108057e+04 1.005169572100753639e+00
6.075598324390167545e+04 1.014760103295137883e+00
6.075598350396227761e+04 1.022596343539712294e+00
6.075598376402287249e+04 1.002468382165683458e+00
6.075598402408346738e+04 1.009782932574042391e+00
6.075598428414406226e+04 1.045979440437316388e+00
6.075598454420465714e+04 9.894699045355412892e-01
6.075598480426526658e+04 1.011356125166448461e+00
6.075598506432586146e+04 9.953455766965306761e-01
6.075598532438645634e+04 1.015303376370145116e+00
6.075598558444705122e+04 1.016249577184565211e+00
6.075598584450765338e+04 9.789885412581417201e-01
6.075598610456825554e+04 9.770260097778760144e-01
6.075598636462885042e+04 1.017997787210703775e+00
6.075598662468944531e+04 1.000191798405749566e+00
6.075598688475004019e+04 1.019667585009855770e+00
6.075598714481063507e+04 1.021370309500883922e+00
6.075598740487123723e+04 9.742736756551956256e-01
6.075598766493183211e+04 1.001194162728997306e+00
6.075598792499243427e+04 9.898860826341794317e-01
6.075598818505302916e+04 1.018773677226522345e+00
6.075598844511362404e+04 1.019501244013945485e+00
6.075598870517423347e+04 1.032785335053409970e+00
6.075598896523482836e+04 1.026667770481915376e+00
6.075598922529542324e+04 1.002543324224525634e+00
6.075598948535601812e+04 9.995027027561351751e-01
6.075598974541661300e+04 1.012462868823398088e+00
6.075599000547721516e+04 1.029927162820728936e+00
6.075599026553781005e+04 1.019149516136533817e+00
6.075599052559840493e+04 1.004887757328302378e+00
6.075599078565900709e+04 9.505596156421149967e-01
6.075599104571960197e+04 1.008573557722964420e+00
6.075599130578020413e+04 1.017889854941800065e+00
6.075599156584080629e+04 1.008418276816996029e+00
6.075599182590140117e+04 1.004166027342404233e+00
6.075599208596199605e+04 9.966141579368428260e-01
6.075599234602259094e+04 9.918064872702310186e-01
6.075599260608319310e+04 9.998198917256170271e-01
6.075599286614378798e+04 1.044152583964273795e+00
6.075599312620438286e+04 1.017981060094719226e+00
6.075599338626497774e+04 1.027716856504848009e+00
6.075599364632558718e+04 1.001499578656205758e+00
6.075599390638618206e+04 9.926141825763432625e-01
6.075599416644677694e+04 1.004842515103221423e+00
6.075599442650737910e+04 9.562209377458000814e-01
6.075599468656797399e+04 1.013265476439720869e+00
6.075599494662857614e+04 1.019988037326718722e+00
6.075599520668917103e+04 1.003939704873298311e+00
6.075599546674976591e+04 1.016624171116665032e+00
6.075599572681036079e+04 9.815737130427282242e-01
6.075599598687096295e+04 9.823740666142335431e-01
6.075599624693155783e+04 9.825150276715419739e-01
6.075599650699215999e+04 9.968516654590500181e-01
6.075599676705275488e+04 1.004219653425933334e+00
6.075599702711334976e+04 9.724808815347910640e-01
6.075599728717395192e+04 1.029362593583892593e+00
6.075599754723455408e+04 9.861417446146620858e-01
6.075599780729514896e+04 9.798820745014705791e-01
6.075599806735574384e+04 1.018288910604315367e+00
6.075599832741634600e+04 9.980539606591437574e-01
6.075599858747694088e+04 9.982750692505319989e-01
6.075599884753753577e+04 1.024722883585868605e+00
6.075599910759813065e+04 9.826216676031384045e-01
6.075599936765874008e+04 1.044261546551531250e+00
6.075600091310295102e+04 1.014037327133984201e+00
6.075600117316365504e+04 9.973529283418905989e-01
6.075600143322435179e+04 1.011660389432933238e+00
6.075600169328505581e+04 1.004202228713508616e+00
6.075600195334576711e+04 9.771105634424651631e-01
6.075600221340647113e+04 1.020173400570909106e+00
6.075600247346717515e+04 9.805587786532775629e-01
6.075600273352787190e+04 9.904972369506015450e-01
6.075600299358858319e+04 1.010807354954227133e+00
6.075600325364928722e+04 1.034126724302403488e+00
6.075600351370998396e+04 9.860551593030560946e-01
6.075600377377069526e+04 1.006605407358820869e+00
6.075600403383139928e+04 9.646996983208299126e-01
6.075600429389210331e+04 1.006228141553287436e+00
6.075600455395280733e+04 9.910763130592415981e-01
6.075600481401350407e+04 1.020997965140798991e+00
6.075600507407421537e+04 1.002103496761202361e+00
6.075600533413491939e+04 9.928529825067294867e-01
6.075600559419562342e+04 9.986019637651573078e-01
6.075600585425632744e+04 1.002892672697967003e+00
6.075600611431703146e+04 1.021875615935669890e+00
6.075600637437773548e+04 1.027979718742429549e+00
6.075600663443843951e+04 9.703040603223329619e-01
6.075600689449914353e+04 9.985319535180288142e-01
6.075600715455985483e+04 9.857890344758789558e-01
6.075600741462055157e+04 1.007567486777349419e+00
6.075600767468125559e+04 9.834351619329075866e-01
6.075600793474195962e+04 9.965148950859215038e-01
6.075600819480266364e+04 1.015426524439356548e+00
6.075600845486336766e+04 1.004943867062640939e+00
6.075600871492407168e+04 1.003112032120986319e+00
6.075600897498478298e+04 1.009738903340146265e+00
6.075600923504548700e+04 1.019452934976318170e+00
6.075600949510618375e+04 9.852914082776325078e-01
6.075600975516688777e+04 9.922630962159738610e-01
6.075601001522759907e+04 9.879329300646648715e-01
6.075601027528830309e+04 9.748378155580379456e-01
6.075601053534900711e+04 1.001393816763670674e+00
6.075601079540970386e+04 9.652876057238537477e-01
6.075601105547041516e+04 9.748439553637449073e-01
6.075601131553111918e+04 9.515649569540370889e-01
6.075601157559181593e+04 1.011386450455198149e+00
6.075601183565252722e+04 1.017312244337041705e+00
6.075601209571323125e+04 1.000965266665534648e+00
6.075601235577393527e+04 9.974214421784982632e-01
6.075601261583463929e+04 9.785524457105637675e-01
6.075601287589534331e+04 1.026065299781571571e+00
6.075601313595604734e+04 1.018476265534458136e+00
6.075601339601675136e+04 1.001774134826154627e+00
6.075601365607746266e+04 1.011966297416109661e+00
6.075601391613816668e+04 9.922763728337591349e-01
6.075601417619886342e+04 1.000126846851391527e+00
6.075601443625956745e+04 9.884290425681342418e-01
6.075601469632027874e+04 1.013058926071929822e+00
6.075601495638097549e+04 9.838992055462788544e-01
6.075601521644168679e+04 9.988344071059515050e-01
6.075601547650239081e+04 1.012431194297051418e+00
6.075601573656309483e+04 1.007175676252584529e+00
6.075601599662379886e+04 1.023666462354493323e+00
6.075601625668450288e+04 1.029328086614060611e+00
6.075601651674520690e+04 1.002770068369586376e+00
6.075601677680591092e+04 1.010010759364508015e+00
6.075601703686661494e+04 9.805138399707178376e-01
6.075601729692732624e+04 9.827366625370269615e-01
6.075601755698802299e+04 1.002717899004929469e+00
6.075601781704872701e+04 9.592713317471661671e-01
6.075601807710943831e+04 9.905334043604703265e-01
6.075601833717014233e+04 1.002599101444850316e+00
6.075601859723084635e+04 9.874433970963125695e-01
6.075601885729155038e+04 1.011165701941687312e+00
6.075601911735225440e+04 9.941237135213192300e-01
6.075601937741295842e+04 9.849969699992406902e-01
6.075601963747365517e+04 1.020660302699439193e+00
6.075601989753436646e+04 1.004042691199777293e+00
6.075602015759507049e+04 1.030963098581948678e+00
6.075602041765577451e+04 9.844752243745563680e-01
6.075602067771648581e+04 9.976355519848955078e-01
6.075602093777718255e+04 1.055198716772450140e+00
6.075602119783788658e+04 9.886681138575129646e-01
6.075602145789859787e+04 9.957358643360809669e-01
6.075602171795930190e+04 9.853219851159328302e-01
6.075602197802000592e+04 9.788597482756770107e-01
6.075602223808070994e+04 9.697608572298432872e-01
6.075602249814141396e+04 1.005333868803220954e+00
6.075602275820211798e+04 9.996152430125710975e-01
6.075602301826282201e+04 9.930803154331842020e-01
6.075602327832352603e+04 1.003384010927658609e+00
6.075602353838423005e+04 1.002815861661811692e+00
6.075602379844494135e+04 1.012412117491751973e+00
6.075602405850564537e+04 1.011744980517316206e+00
6.075602431856634212e+04 9.847215869911485342e-01
6.075602457862704614e+04 9.809485836063155384e-01
6.075602483868775744e+04 1.002546489347704517e+00
6.075602509874846146e+04 1.006867378434825877e+00
6.075602535880916548e+04 9.997798507764850129e-01
6.075602561886986950e+04 1.007133713893134663e+00
6.075602587893057353e+04 1.019255329544483946e+00
6.075602613899127755e+04 9.633642931815720178e-01
6.075602639905198885e+04 9.976233175493484095e-01
6.075602665911269287e+04 1.013458868623655196e+00
6.075602691917338962e+04 9.719037503062678551e-01
6.075602717923410091e+04 9.889593718987269577e-01
6.075602743929480494e+04 9.926571032807347539e-01
6.075602769935550168e+04 9.939989789604779524e-01
6.075602795941621298e+04 9.563429043564107834e-01
6.075602821947691700e+04 9.980832387535906181e-01
6.075602847953762102e+04 1.025375066147961922e+00
6.075602873959833232e+04 9.879181934516473307e-01
6.075602899965902907e+04 9.831701216286221623e-01
6.075602925971973309e+04 1.018311177513069987e+00
6.075603093119423283e+04 9.849851148991701777e-01
6.075603119125482772e+04 9.903338138125064027e-01
6.075603145131542988e+04 9.992229271753225728e-01
6.075603171137602476e+04 1.004981258610790906e+00
6.075603197143662692e+04 9.881970429335337203e-01
6.075603223149722908e+04 1.006534218269148351e+00
6.075603249155782396e+04 9.622656642649242142e-01
6.075603275161842612e+04 1.016152600599013800e+00
6.075603301167902100e+04 1.009752267163009476e+00
6.075603327173962316e+04 1.007299204905529599e+00
6.075603353180022532e+04 9.919053975531118006e-01
6.075603379186082020e+04 1.006855334190024820e+00
6.075603405192141508e+04 1.004583696731548237e+00
6.075603431198201724e+04 1.003847711173836199e+00
6.075603457204261213e+04 1.022628392460773750e+00
6.075603483210320701e+04 1.007367423756682978e+00
6.075603509216381644e+04 9.846822063689427695e-01
6.075603535222441133e+04 9.904500728966995071e-01
6.075603561228501349e+04 1.002420461225208559e+00
6.075603587234560837e+04 1.004310711294768010e+00
6.075603613240621053e+04 1.016967156433465025e+00
6.075603639246681269e+04 9.659846504277815882e-01
6.075603665252740757e+04 9.926400498713136011e-01
6.075603691258800245e+04 9.684559116905959719e-01
6.075603717264860461e+04 9.761303574652310244e-01
6.075603743270919949e+04 1.014442700328067826e+00
6.075603769276979438e+04 9.918429251418321435e-01
6.075603795283040381e+04 9.864907599978814945e-01
6.075603821289099869e+04 1.045458540304039285e+00
6.075603847295160085e+04 1.003710069655083803e+00
6.075603873301219573e+04 1.015670403999197724e+00
6.075603899307279789e+04 1.014406212321622647e+00
6.075603925313340005e+04 1.025972592445923981e+00
6.075603951319399494e+04 9.790664793336442129e-01
6.075603977325458982e+04 9.909989651695796375e-01
6.075604003331519198e+04 1.006100153375764084e+00
6.075604029337578686e+04 9.849754459465370759e-01
6.075604055343638902e+04 9.486711215996291857e-01
6.075604081349698390e+04 9.976008418538463429e-01
6.075604107355758606e+04 1.019342472687012169e+00
6.075604133361818822e+04 9.942534870902949296e-01
6.075604159367878310e+04 9.796198501712778395e-01
6.075604185373938526e+04 1.019118869554701989e+00
6.075604211379998742e+04 1.016967242044818143e+00
6.075604237386058230e+04 1.002343741451744430e+00
6.075604263392118446e+04 9.743721637011935055e-01
6.075604289398177934e+04 9.757560568109454602e-01
6.075604315404237423e+04 1.026992856848447433e+00
6.075604341410297639e+04 1.006908130716145156e+00
6.075604367416357127e+04 1.008998711834758533e+00
6.075604393422418070e+04 1.002477520895233454e+00
6.075604419428477559e+04 1.004644574283521941e+00
6.075604445434537047e+04 1.001568336611123211e+00
6.075604471440597990e+04 9.936599991640718832e-01
6.075604497446657479e+04 1.011463230810093705e+00
6.075604523452717694e+04 1.028491273451448418e+00
6.075604549458777183e+04 1.009163745197825257e+00
6.075604575464836671e+04 9.809518157338928956e-01
6.075604601470896887e+04 1.017350830341056778e+00
6.075604627476956375e+04 9.985126503893693162e-01
6.075604653483016591e+04 9.680349925317206505e-01
6.075604679489076807e+04 9.978377750609643826e-01
6.075604705495136295e+04 1.038370311436255466e+00
6.075604731501196511e+04 9.988947595885230291e-01
6.075604757507256727e+04 9.973157666572795010e-01
6.075604783513316943e+04 9.897934359658289161e-01
6.075604809519376431e+04 9.821523859179372984e-01
6.075604835525435919e+04 9.627805878353490332e-01
6.075604861531496135e+04 9.840889391315147394e-01
6.075604887537555624e+04 9.713032880760307242e-01
6.075604913543615839e+04 9.893972869708275164e-01
6.075604939549675328e+04 1.029491463328483736e+00
6.075604965555735544e+04 9.972133301348148349e-01
6.075604991561795759e+04 9.766182522241108055e-01
6.075605017567855248e+04 1.007993061327206341e+00
6.075605043573915464e+04 9.875188533016407977e-01
6.075605069579975680e+04 1.009607741067541475e+00
6.075605095586035168e+04 9.470376933901030192e-01
6.075605121592095384e+04 1.002327335111551143e+00
6.075605147598154872e+04 9.652668588153350271e-01
6.075605173604215088e+04 9.877975136482955998e-01
6.075605199610274576e+04 9.760390228953619296e-01
6.075605225616334792e+04 1.051351248059084309e+00
6.075605251622395008e+04 9.905281849274749639e-01
6.075605277628454496e+04 9.812333816107728923e-01
6.075605303634514712e+04 9.990727161523481614e-01
6.075605329640574200e+04 9.988075302792984722e-01
6.075605355646635144e+04 9.592295372855303981e-01
6.075605381652694632e+04 1.006961913209349468e+00
6.075605407658754848e+04 9.869895953810946532e-01
6.075605433664814336e+04 9.786184788100695808e-01
6.075605459670873825e+04 1.003775412654911658e+00
6.075605485676934040e+04 1.003266604356961356e+00
6.075605511682993529e+04 9.772981962024107627e-01
6.075605537689054472e+04 1.015957063363766011e+00
6.075605563695113960e+04 1.000290485942684438e+00
6.075605589701174176e+04 9.849108766213225952e-01
6.075605615707233665e+04 9.616938398243740638e-01
6.075605641713293880e+04 1.007950990648026846e+00
6.075605667719354096e+04 9.853025731584785785e-01
6.075605693725413585e+04 1.000753175381412285e+00
6.075605719731473800e+04 1.020896524583864817e+00
6.075605745737533289e+04 1.005146811091587322e+00
6.075605771743593505e+04 1.008427256792247428e+00
6.075605797749652993e+04 1.009851496080610644e+00
6.075605823755713209e+04 1.010523744136375690e+00
6.075605849761773425e+04 1.018181710781929317e+00
6.075605875767832913e+04 9.830062609591289080e-01
6.075605901773893129e+04 9.831584590086090980e-01
6.075605927779953345e+04 9.787479304288201343e-01
6.075606082322710427e+04 9.564746996487663022e-01
6.075606108328780829e+04 1.010966278442548605e+00
6.075606134334851231e+04 1.041599566336963711e+00
6.075606160340922361e+04 1.015848667145372586e+00
6.075606186346992035e+04 9.874140443321244298e-01
6.075606212353063165e+04 9.957475130031331334e-01
6.075606238359133567e+04 1.002181512272495967e+00
6.075606264365204697e+04 9.935495399944409556e-01
6.075606290371275099e+04 9.863709372986679824e-01
6.075606316377345502e+04 9.757546691539579209e-01
6.075606342383415904e+04 1.008404846097695540e+00
6.075606368389486306e+04 9.524163810729108226e-01
6.075606394395557436e+04 1.008006978838138279e+00
6.075606420401627838e+04 9.591759694007776504e-01
6.075606446407698240e+04 1.010169258274404624e+00
6.075606472413768643e+04 9.537972574652289204e-01
6.075606498419839772e+04 1.015114550759454781e+00
6.075606524425910175e+04 9.875899596414750015e-01
6.075606550431981304e+04 9.995007667066604373e-01
6.075606576438050979e+04 1.031328745022639826e+00
6.075606602444122109e+04 9.995760755616796001e-01
6.075606628450192511e+04 1.001508871851826354e+00
6.075606654456262913e+04 1.042818016710853612e+00
6.075606680462333316e+04 9.767505422568526496e-01
6.075606706468404445e+04 9.901549510656550979e-01
6.075606732474474848e+04 1.020029709534810980e+00
6.075606758480545250e+04 9.670105746645486500e-01
6.075606784486615652e+04 1.005133976436817234e+00
6.075606810492686054e+04 9.868746457734710598e-01
6.075606836498757184e+04 9.481833307316397397e-01
6.075606862504827586e+04 1.004582038937332333e+00
6.075606888510898716e+04 9.918556171918787578e-01
6.075606914516968391e+04 9.744013499022334823e-01
6.075606940523039520e+04 1.009701414989786938e+00
6.075606966529109923e+04 9.919353729018463017e-01
6.075606992535180325e+04 9.867225644259458583e-01
6.075607018541250727e+04 1.003944720604026619e+00
6.075607044547321857e+04 1.011134500389854196e+00
6.075607070553392259e+04 1.009304481215272720e+00
6.075607096559463389e+04 1.017264543899824458e+00
6.075607122565533064e+04 9.860730147086266273e-01
6.075607148571604193e+04 1.021095854967213779e+00
6.075607174577674596e+04 1.037566184636668609e+00
6.075607200583745725e+04 9.699572929570567936e-01
6.075607226589816128e+04 9.767280150764412472e-01
6.075607252595886530e+04 1.038126568165554930e+00
6.075607278601956932e+04 9.793225167305769086e-01
6.075607304608028062e+04 1.011281968158425082e+00
6.075607330614097737e+04 9.496153166191775297e-01
6.075607356620169594e+04 9.859368756794019140e-01
6.075607382626239269e+04 9.675996542856259985e-01
6.075607408632310398e+04 9.962413557968604616e-01
6.075607434638380801e+04 9.982639236019801299e-01
6.075607460644451203e+04 1.001397893528869432e+00
6.075607486650521605e+04 1.024565430618450623e+00
6.075607512656592735e+04 9.867136399851021977e-01
6.075607538662663137e+04 9.956203677473650648e-01
6.075607564668734267e+04 9.849979547944184288e-01
6.075607590674803942e+04 9.989589800700658939e-01
6.075607616680875071e+04 9.749505434112502034e-01
6.075607642686945474e+04 9.563481337230507195e-01
6.075607668693016603e+04 9.936496108088074264e-01
6.075607694699087006e+04 9.783149322463889908e-01
6.075607720705157408e+04 9.843402395780903591e-01
6.075607746711227810e+04 1.002886452547853802e+00
6.075607772717298940e+04 9.758781982424874490e-01
6.075607798723368614e+04 9.831365905069991973e-01
6.075607824729439744e+04 9.616556789621737433e-01
6.075607850735510146e+04 9.979562498125262859e-01
6.075607876741581276e+04 9.885501568676962059e-01
6.075607902747651679e+04 9.825440147896857823e-01
6.075607928753722081e+04 9.582771317659073418e-01
6.075607954759792483e+04 9.721559230442403665e-01
6.075607980765863613e+04 9.806537786745964658e-01
6.075608006771934015e+04 9.521753147689533403e-01
6.075608032778005145e+04 9.783787846931708554e-01
6.075608058784074819e+04 1.020698162891465977e+00
6.075608084790145949e+04 9.908831186757853793e-01
6.075608110796216351e+04 1.010805954381461147e+00
6.075608136802286754e+04 9.427342946968131354e-01
6.075608162808357156e+04 1.007025425034220101e+00
6.075608188814428286e+04 9.793470443577244611e-01
6.075608214820498688e+04 1.004576726918890550e+00
6.075608240826569818e+04 1.022363182407321602e+00
6.075608266832639492e+04 9.601092162594684343e-01
6.075608292838710622e+04 9.660927877156119115e-01
6.075608318844781024e+04 9.945275255598656772e-01
6.075608344850852154e+04 1.019735497882009678e+00
6.075608370856922556e+04 9.654775907283084102e-01
6.075608396862992959e+04 9.693098797814033718e-01
6.075608422869064088e+04 9.835697107279974816e-01
6.075608448875134491e+04 9.542659463881725257e-01
6.075608474881204893e+04 9.926560802840154185e-01
6.075608500887276023e+04 9.750546029655285940e-01
6.075608526893346425e+04 9.995875157207301243e-01
6.075608552899416827e+04 1.007496424736785690e+00
6.075608578905487957e+04 1.007136799011663753e+00
6.075608604911557632e+04 9.542521112195330169e-01
6.075608630917628761e+04 9.352553459246215617e-01
6.075608656923699164e+04 1.008783883677425219e+00
6.075608682929770293e+04 9.870740434842147915e-01
6.075608708935840696e+04 1.008803245251484348e+00
6.075608734941911098e+04 1.018258380591376300e+00
6.075608760947981500e+04 9.746793444820790464e-01
6.075608786954052630e+04 9.563271748049024801e-01
6.075608812960123760e+04 1.007431966409705781e+00
6.075608838966194162e+04 9.833411276063490636e-01
6.075608864972264564e+04 9.654469688104246883e-01
6.075608890978334966e+04 9.666912095222569556e-01
6.075608916984406096e+04 9.647145050424135171e-01
6.075609076569380704e+04 1.008595998258852600e+00
6.075609102575441648e+04 9.671564537054824218e-01
6.075609128581501136e+04 1.039497324735570771e+00
6.075609154587561352e+04 9.901995707187505324e-01
6.075609180593621568e+04 9.964245609691746441e-01
6.075609206599681784e+04 9.920141742871286805e-01
6.075609232605741272e+04 9.854540973760650413e-01
6.075609258611801488e+04 9.954540670939753255e-01
6.075609284617860976e+04 9.688856244005060736e-01
6.075609310623921192e+04 9.923761644207411692e-01
6.075609336629981408e+04 9.854806002214829830e-01
6.075609362636040896e+04 1.014419492134737144e+00
6.075609388642101840e+04 9.786371188278293332e-01
6.075609414648161328e+04 9.783917398026029666e-01
6.075609440654221544e+04 9.826895361264963435e-01
6.075609466660281760e+04 9.321518781552382560e-01
6.075609492666341976e+04 1.008023540596406198e+00
6.075609518672402191e+04 9.957300883174938777e-01
6.075609544678461680e+04 9.651134228843586405e-01
6.075609570684521896e+04 9.992511488780045914e-01
6.075609596690581384e+04 9.718401134610107350e-01
6.075609622696641600e+04 9.877235171842413397e-01
6.075609648702701088e+04 9.833965354935209069e-01
6.075609674708762032e+04 1.001829540571826271e+00
6.075609700714822247e+04 1.020410791154621410e+00
6.075609726720881736e+04 9.553578316138676696e-01
6.075609752726942679e+04 9.946378767850517777e-01
6.075609778733002167e+04 1.001111726006269631e+00
6.075609804739062383e+04 9.922702189178554955e-01
6.075609830745121872e+04 9.923013227969539329e-01
6.075609856751182087e+04 1.004039366955398416e+00
6.075609882757242303e+04 1.011387115396009007e+00
6.075609908763301792e+04 9.796228498154466724e-01
6.075609934769362008e+04 9.704392395289724860e-01
6.075609960775422223e+04 9.899063784978907599e-01
6.075609986781482439e+04 1.003613631407406670e+00
6.075610012787541928e+04 1.021485279583780326e+00
6.075610038793602143e+04 9.932605731549534189e-01
6.075610064799663087e+04 9.787559835579602296e-01
6.075610090805722575e+04 9.676381235423535676e-01
6.075610116811782791e+04 9.935670066776469689e-01
6.075610142817842279e+04 9.984120498505507646e-01
6.075610168823902495e+04 9.790718795451572865e-01
6.075610194829962711e+04 1.008575689849167567e+00
6.075610220836022199e+04 1.014537736492485465e+00
6.075610246842083143e+04 1.006944822138877038e+00
6.075610272848142631e+04 1.038646653781678975e+00
6.075610298854202847e+04 9.716571105402360686e-01
6.075610324860263063e+04 1.002557656111088935e+00
6.075610350866323279e+04 1.005187773964927089e+00
6.075610376872383495e+04 1.018424261056650515e+00
6.075610402878442983e+04 9.616796183262968922e-01
6.075610428884503199e+04 9.735415375034593977e-01
6.075610454890563415e+04 9.787696897380278038e-01
6.075610480896622903e+04 1.022776822454959822e+00
6.075610506902683119e+04 1.030212494474876284e+00
6.075610532908743335e+04 9.707748494521526439e-01
6.075610558914803551e+04 9.871261909438542315e-01
6.075610584920863766e+04 9.940410641719171769e-01
6.075610610926923255e+04 9.793995826821703110e-01
6.075610636932984198e+04 1.002385335747157935e+00
6.075610662939043686e+04 9.758976996929724645e-01
6.075610688945103902e+04 9.814567885407761150e-01
6.075610714951164118e+04 9.941401740585605884e-01
6.075610740957223607e+04 9.999690444048013882e-01
6.075610766963283822e+04 9.623399766204222550e-01
6.075610792969343311e+04 9.842703384635562713e-01
6.075610818975403527e+04 9.650981377273500916e-01
6.075610844981464470e+04 9.920344594530829951e-01
6.075610870987523958e+04 9.935121826694253144e-01
6.075610896993584174e+04 1.017774233938589790e+00
6.075610922999644390e+04 9.980179390026985287e-01
6.075610949005704606e+04 9.983569002458276831e-01
6.075610975011764822e+04 9.951166990967247328e-01
6.075611001017824310e+04 9.929458394225980644e-01
6.075611027023884526e+04 9.936528186657797024e-01
6.075611053029944742e+04 9.863452152797224093e-01
6.075611079036004230e+04 1.004722698132935133e+00
6.075611105042064446e+04 9.809454028668975756e-01
6.075611131048124662e+04 1.021860865083794367e+00
6.075611157054184878e+04 9.940447425469511877e-01
6.075611183060245094e+04 9.488739253434947951e-01
6.075611209066305310e+04 1.002079065144097392e+00
6.075611235072365525e+04 9.710166867992721107e-01
6.075611261078425741e+04 9.840480873851842336e-01
6.075611287084485230e+04 1.002916501882306743e+00
6.075611313090545445e+04 9.726445178164653260e-01
6.075611339096604934e+04 9.798656773931523345e-01
6.075611365102665150e+04 1.012845875413476371e+00
6.075611391108725365e+04 9.680428068728346158e-01
6.075611417114785581e+04 9.816267544660994826e-01
6.075611443120845797e+04 1.009450318086276166e+00
6.075611469126906013e+04 9.765637040663641688e-01
6.075611495132966229e+04 9.922537710514045539e-01
6.075611521139026445e+04 9.717502464592563394e-01
6.075611547145085933e+04 1.015409291324809171e+00
6.075611573151146149e+04 9.685593157804811559e-01
6.075611599157206365e+04 9.915623867925555945e-01
6.075611625163265853e+04 9.754369277694727725e-01
6.075611651169326069e+04 9.610237150892289026e-01
6.075611677175386285e+04 9.844162532577312996e-01
6.075611703181446501e+04 1.014899874859470419e+00
6.075611729187506717e+04 9.682661923953188587e-01
6.075611755193566933e+04 1.025908978425126961e+00
6.075611781199626421e+04 9.478493983965780023e-01
6.075611807205687364e+04 1.010718310452303648e+00
6.075611833211747580e+04 9.643391170909796362e-01
6.075611859217807068e+04 1.034871191132179069e+00
6.075611885223867284e+04 9.779698331907574760e-01
6.075611911229926773e+04 9.884682359196609314e-01
6.075612077117233275e+04 1.009676206188659053e+00
6.075612103123303677e+04 9.686934198273208230e-01
6.075612129129374080e+04 1.026888208090986465e+00
6.075612155135445209e+04 9.864976396748945664e-01
6.075612181141516339e+04 1.022640050707290138e+00
6.075612207147586741e+04 1.014074343635615438e+00
6.075612233153657144e+04 9.817416723433638470e-01
6.075612259159728274e+04 9.893070697587266205e-01
6.075612285165798676e+04 1.022808518586721060e+00
6.075612311171869806e+04 9.796039852872384657e-01
6.075612337177940935e+04 9.849096389515663574e-01
6.075612363184010610e+04 1.032537931348941784e+00
6.075612389190081740e+04 9.919151690133732879e-01
6.075612415196152870e+04 9.915179448299721310e-01
6.075612441202222544e+04 1.001616813698570585e+00
6.075612467208293674e+04 1.014506903969752738e+00
6.075612493214364804e+04 9.559263563351706461e-01
6.075612519220435206e+04 1.013774893622262807e+00
6.075612545226506336e+04 9.932307951357576270e-01
6.075612571232576738e+04 1.028410982408044294e+00
6.075612597238647140e+04 9.865137848743877891e-01
6.075612623244718270e+04 1.002790512669531564e+00
6.075612649250789400e+04 9.905205262665680577e-01
6.075612675256859802e+04 9.901954895073160623e-01
6.075612701262930204e+04 1.033214707421947987e+00
6.075612727269001334e+04 9.878648867335185768e-01
6.075612753275071736e+04 9.759818356831583275e-01
6.075612779281142139e+04 9.692364074246279104e-01
6.075612805287213268e+04 9.785366955957689461e-01
6.075612831293283671e+04 9.890098663015961522e-01
6.075612857299354800e+04 9.892370982866323104e-01
6.075612883305425930e+04 9.730218743697116590e-01
6.075612909311495605e+04 9.995216779472603230e-01
6.075612935317566735e+04 9.606931378287925094e-01
6.075612961323637865e+04 9.965062614094969407e-01
6.075612987329708267e+04 9.931535929859615086e-01
6.075613013335779397e+04 1.019120106720009300e+00
6.075613039341849799e+04 9.800954937905507203e-01
6.075613065347920201e+04 9.930454555551055940e-01
6.075613091353991331e+04 1.020252451203570665e+00
6.075613117360061733e+04 9.916471854467131530e-01
6.075613143366133590e+04 9.408556911030661052e-01
6.075613169372203265e+04 9.867381713557001888e-01
6.075613195378274395e+04 1.019858871535327172e+00
6.075613221384345525e+04 9.575507736751941446e-01
6.075613247390415199e+04 9.400902085772857575e-01
6.075613273396486329e+04 1.003173412835340450e+00
6.075613299402557459e+04 9.845702089850086880e-01
6.075613325408627861e+04 9.714511166024923927e-01
6.075613351414698991e+04 9.668772416964960259e-01
6.075613377420769393e+04 9.725238826434907669e-01
6.075613403426840523e+04 9.971469610206977752e-01
6.075613429432910925e+04 9.774984218681278536e-01
6.075613455438982055e+04 9.882040704942230969e-01
6.075613481445053185e+04 9.946362329593696483e-01
6.075613507451122859e+04 1.000281733458249223e+00
6.075613533457193989e+04 9.565204606036061818e-01
6.075613559463265119e+04 9.944893652812458740e-01
6.075613585469334794e+04 9.905175240429086037e-01
6.075613611475405924e+04 9.734467078860928879e-01
6.075613637481477053e+04 9.891191966343044761e-01
6.075613663487548183e+04 9.965179479041533783e-01
6.075613689493618585e+04 9.917164016305443086e-01
6.075613715499688988e+04 9.804911384128355278e-01
6.075613741505760117e+04 9.873546768220433645e-01
6.075613767511830520e+04 9.953099825734319506e-01
6.075613793517901649e+04 1.050193227050098876e+00
6.075613819523972779e+04 9.949036212527164746e-01
6.075613845530043181e+04 1.014644769357046394e+00
6.075613871536113584e+04 9.815754081205436687e-01
6.075613897542184714e+04 9.948234665396169518e-01
6.075613923548255116e+04 1.010362622505484476e+00
6.075613949554325518e+04 9.848303988978297507e-01
6.075613975560396648e+04 1.018609228780942733e+00
6.075614001566467778e+04 1.003058784136729775e+00
6.075614027572538907e+04 1.012207047452727604e+00
6.075614053578608582e+04 1.018844034333093562e+00
6.075614079584679712e+04 9.881454536867513294e-01
6.075614105590750842e+04 1.002214448172421557e+00
6.075614131596821244e+04 1.020883075043495181e+00
6.075614157602892374e+04 9.853040297823274507e-01
6.075614183608962776e+04 1.010845669043373807e+00
6.075614209615033906e+04 1.003353564920079322e+00
6.075614235621104308e+04 9.869426567811202533e-01
6.075614261627174710e+04 9.801724238619220486e-01
6.075614287633246568e+04 1.000366777144356067e+00
6.075614313639316970e+04 9.865032763200065613e-01
6.075614339645387372e+04 9.978982767581008329e-01
6.075614365651458502e+04 1.009787701962506778e+00
6.075614391657528904e+04 9.587797397080656259e-01
6.075614417663600034e+04 9.664324081405968325e-01
6.075614443669670436e+04 1.023815904672430888e+00
6.075614469675741566e+04 9.812864634702669342e-01
6.075614495681812696e+04 9.677301076774168509e-01
6.075614521687882370e+04 9.950154582736747688e-01
6.075614547693953500e+04 9.888884803037891746e-01
6.075614573700024630e+04 9.698544427308151139e-01
6.075614599706095760e+04 9.728876982474889967e-01
6.075614625712166162e+04 9.707683972306319076e-01
6.075614651718236564e+04 1.003165871689362332e+00
6.075614677724307694e+04 1.016904506568308442e+00
6.075614703730378824e+04 9.802760474975930061e-01
6.075614729736448498e+04 9.980782791301371359e-01
6.075614755742519628e+04 1.004184807949503488e+00
6.075614781748590758e+04 1.002221138178900350e+00
6.075614807754661888e+04 9.996355369736499297e-01
6.075614833760732290e+04 1.001921656483536704e+00
6.075614859766802692e+04 9.768487034226203125e-01
6.075614885772873822e+04 9.601856075372700028e-01
6.075614911778944952e+04 9.667674393432289515e-01
