6.075547523418369383e+04 9.832158401199440068e-01
6.075547549424438330e+04 1.028041029454607846e+00
6.075547575430508005e+04 9.938023618618401223e-01
6.075547601436576224e+04 9.658100098192278216e-01
6.075547627442645899e+04 9.822496562213948179e-01
6.075547653448714846e+04 9.569424848931410432e-01
6.075547679454784520e+04 1.031440527818625608e+00
6.075547705460853467e+04 1.022585835568679213e+00
6.075547731466922414e+04 1.025518528262590712e+00
6.075547757472991361e+04 1.049162648501091644e+00
6.075547783479061036e+04 9.791572327644851859e-01
6.075547809485129255e+04 9.998943535511090053e-01
6.075547835491198930e+04 9.363032425189142804e-01
6.075547861497267877e+04 9.745467167165698941e-01
6.075547887503337552e+04 1.047878074031016737e+00
6.075547913509406499e+04 1.009932945965008599e+00
6.075547939515475446e+04 1.000430282169216589e+00
6.075547965521544393e+04 1.033099874690710296e+00
6.075547991527614067e+04 1.054031582624695540e+00
6.075548017533683014e+04 9.907705073090363745e-01
6.075548043539752689e+04 1.010784280665783852e+00
6.075548069545820908e+04 1.011221181241397149e+00
6.075548095551890583e+04 9.905735752343750589e-01
6.075548121557959530e+04 1.014703015229402761e+00
6.075548147564028477e+04 9.964081464669131138e-01
6.075548173570098152e+04 9.909826335503054695e-01
6.075548199576167099e+04 9.617179729796202503e-01
6.075548225582236773e+04 1.028692244970123904e+00
6.075548251588305720e+04 9.871779203741818387e-01
6.075548277594374667e+04 9.902388942370813352e-01
6.075548303600443614e+04 9.881896057272638867e-01
6.075548329606513289e+04 1.037893682141320717e+00
6.075548355612582236e+04 9.887240217385747654e-01
6.075548381618651911e+04 9.974856597744099496e-01
6.075548407624720130e+04 9.732197281959777957e-01
6.075548433630789805e+04 1.006787218984525945e+00
6.075548459636858752e+04 9.877382496044527782e-01
6.075548485642928426e+04 9.444205993021286272e-01
6.075548511648997373e+04 9.579503246988037013e-01
6.075548537655066320e+04 9.971747319504438156e-01
6.075548563661135267e+04 1.038335830852878061e+00
6.075548589667204942e+04 9.783906393115437972e-01
6.075548615673273162e+04 1.047369455799700644e+00
6.075548641679342836e+04 1.048617203850972013e+00
6.075548667685411783e+04 9.977971768380761164e-01
6.075548693691481458e+04 1.001035350628021625e+00
6.075548719697551132e+04 9.627287971745939199e-01
6.075548745703619352e+04 1.004915133137289640e+00
6.075548771709689026e+04 1.018694317987420606e+00
6.075548797715757973e+04 1.052585366440639048e+00
6.075548823721827648e+04 9.852679474850943864e-01
6.075548849727896595e+04 9.633951480468426753e-01
6.075548875733965542e+04 9.680067798036072757e-01
6.075548901740034489e+04 9.717160814893499587e-01
6.075548927746104164e+04 1.027943686660820033e+00
6.075548953752172383e+04 1.010741546290509163e+00
6.075548979758242058e+04 1.031216357730037281e+00
6.075549005764311732e+04 1.022641289797524999e+00
6.075549031770380680e+04 9.891398206383322789e-01
6.075549057776450354e+04 9.776871791275696388e-01
6.075549083782518574e+04 1.012907615841282194e+00
6.075549109788588248e+04 1.055405696561509510e+00
6.075549135794657195e+04 9.917006162695541915e-01
6.075549161800726870e+04 9.999114061705820511e-01
6.075549187806795817e+04 9.838077420845751098e-01
6.075549213812864764e+04 9.875032307117709296e-01
6.075549239818933711e+04 9.892947161796824540e-01
6.075549265825003386e+04 1.035159479591073239e+00
6.075549291831072333e+04 1.036798339771261235e+00
6.075549317837142007e+04 1.017768633928192612e+00
6.075549343843210954e+04 9.784799964360599844e-01
6.075549369849279901e+04 1.002754464953568236e+00
6.075549395855349576e+04 1.012504185741445406e+00
6.075549421861417795e+04 1.036241397514274576e+00
6.075549447867487470e+04 1.043763163058375687e+00
6.075549473873556417e+04 9.609844662264614978e-01
6.075549499879626092e+04 1.034335389950648887e+00
6.075549525885695766e+04 9.996867022577758943e-01
6.075549551891763986e+04 1.086684058231848216e+00
6.075549577897833660e+04 9.867616580665669046e-01
6.075549603903902607e+04 1.047985203588371217e+00
6.075549629909972282e+04 9.394735413338249908e-01
6.075549655916041229e+04 1.034458038785376344e+00
6.075549681922110176e+04 9.965061979551266269e-01
6.075549707928179851e+04 1.022890567707608112e+00
6.075549733934248798e+04 9.906302526389948460e-01
6.075549759940317745e+04 1.003614485027847447e+00
6.075549785946386692e+04 9.695711924585578290e-01
6.075549811952456366e+04 9.709984455352372867e-01
6.075549837958525313e+04 1.005240946695741266e+00
6.075549863964594988e+04 9.850491030798590453e-01
6.075549889970663935e+04 9.863857086690347442e-01
6.075549915976732882e+04 1.039702322329182138e+00
6.075549941982802557e+04 1.034955211230663030e+00
6.075549967988871504e+04 9.900912095154638104e-01
6.075549993994941178e+04 1.036683147760737667e+00
6.075550020001009398e+04 1.010021840309192509e+00
6.075550046007079072e+04 9.930182389494419670e-01
6.075550072013148747e+04 9.984962279179835365e-01
6.075550098019216966e+04 9.879876180185462875e-01
6.075550124025286641e+04 9.815269115799772903e-01
6.075550150031355588e+04 1.002284733720558263e+00
6.075550176037425263e+04 1.019695316081806302e+00
6.075550202043494210e+04 1.029067996749968739e+00
6.075550228049563157e+04 9.751745479074692691e-01
6.075550254055632831e+04 9.483747004151753535e-01
6.075550280061701778e+04 1.002878970890576094e+00
6.075550306067771453e+04 9.664417516752230597e-01
6.075550332073840400e+04 1.028645925265359473e+00
6.075550358079909347e+04 9.701385327983739204e-01
6.075550513883041276e+04 9.944450068781497398e-01
6.075550539889110951e+04 1.022121525738530545e+00
6.075550565895179898e+04 9.879881526624652022e-01
6.075550591901248845e+04 1.037127190988514469e+00
6.075550617907318519e+04 9.663299974737583620e-01
6.075550643913387466e+04 9.904737260522230580e-01
6.075550669919457141e+04 9.784754706140730285e-01
6.075550695925526088e+04 1.016878529624369421e+00
6.075550721931595035e+04 1.023206004538985692e+00
6.075550747937664710e+04 1.024319698281380031e+00
6.075550773943733657e+04 9.667960111549297464e-01
6.075550799949803331e+04 1.052914656366759294e+00
6.075550825955872278e+04 9.781619231190976649e-01
6.075550851961941225e+04 9.762355380505827185e-01
6.075550877968010900e+04 9.929875188947103748e-01
6.075550903974079847e+04 1.062347205049452237e+00
6.075550929980148794e+04 1.046964736121048345e+00
6.075550955986217741e+04 9.992567124036128012e-01
6.075550981992287416e+04 9.654915660087547424e-01
6.075551007998357090e+04 1.007731112326957224e+00
6.075551034004426037e+04 1.036806381101396779e+00
6.075551060010494984e+04 9.793089448393147434e-01
6.075551086016564659e+04 9.250434914314153989e-01
6.075551112022633606e+04 9.615550700493273872e-01
6.075551138028703281e+04 9.918900482451578071e-01
6.075551164034772228e+04 9.740516269326332521e-01
6.075551190040841175e+04 9.941359249399120968e-01
6.075551216046910849e+04 9.885078482604906513e-01
6.075551242052979796e+04 9.512416530357908906e-01
6.075551268059049471e+04 1.021695827114909250e+00
6.075551294065118418e+04 9.866686329340759176e-01
6.075551320071187365e+04 1.016127645641050403e+00
6.075551346077257040e+04 9.710010553190902005e-01
6.075551372083325987e+04 9.465597471278092145e-01
6.075551398089394934e+04 1.017519535006684572e+00
6.075551424095464608e+04 1.007737004147532867e+00
6.075551450101533555e+04 1.027339757384994501e+00
6.075551476107603230e+04 9.585520625704996300e-01
6.075551502113672177e+04 9.369729767958364652e-01
6.075551528119741124e+04 1.004366506623586508e+00
6.075551554125810799e+04 1.062239127907979697e+00
6.075551580131879746e+04 9.626278377852012236e-01
6.075551606137949420e+04 9.665280283358275160e-01
6.075551632144019095e+04 9.801969955033229542e-01
6.075551658150087314e+04 9.593878577618303316e-01
6.075551684156156989e+04 9.527337707767820074e-01
6.075551710162226664e+04 9.856297662515555169e-01
6.075551736168294883e+04 1.028142810195515233e+00
6.075551762174364558e+04 1.045456664366819943e+00
6.075551788180433505e+04 1.021275118557332773e+00
6.075551814186503179e+04 1.030594932617622916e+00
6.075551840192572854e+04 9.608786299423756061e-01
6.075551866198641073e+04 1.036530882498106543e+00
6.075551892204710748e+04 9.974241325006804049e-01
6.075551918210780423e+04 9.983295159326501800e-01
6.075551944216849370e+04 1.038609365096175852e+00
6.075551970222919044e+04 9.813731204902740313e-01
6.075551996228987991e+04 1.023310862017253520e+00
6.075552022235056938e+04 1.008849813906662174e+00
6.075552048241126613e+04 9.729835188669458956e-01
6.075552074247194832e+04 1.038121779202413331e+00
6.075552100253265235e+04 9.829973899884366650e-01
6.075552126259334182e+04 1.001556391743907648e+00
6.075552152265403129e+04 9.220421975344191834e-01
6.075552178271472803e+04 9.753230523147076170e-01
6.075552204277541750e+04 9.673181745438008683e-01
6.075552230283610697e+04 9.607827496709797632e-01
6.075552256289680372e+04 1.089190257293974007e+00
6.075552282295750047e+04 1.021922185696030994e+00
6.075552308301818994e+04 1.024729522432453521e+00
6.075552334307887941e+04 8.934326609341810554e-01
6.075552360313957615e+04 9.706216529546224381e-01
6.075552386320026562e+04 9.700216712510615347e-01
6.075552412326096237e+04 9.440148963912510238e-01
6.075552438332165912e+04 9.703792353723075248e-01
6.075552464338234131e+04 9.740114782452542475e-01
6.075552490344303806e+04 1.039094593690502943e+00
6.075552516350373480e+04 1.013787729561416606e+00
6.075552542356441700e+04 1.048500671165418119e+00
6.075552568362511374e+04 1.013941461014514767e+00
6.075552594368581049e+04 9.974860980493763796e-01
6.075552620374649996e+04 9.422131742605169835e-01
6.075552646380719671e+04 9.494824044485652426e-01
6.075552672386788618e+04 9.779359924406011428e-01
6.075552698392857565e+04 1.043891761871135415e+00
6.075552724398927239e+04 9.662525048381952475e-01
6.075552750404996914e+04 1.062979196006651916e+00
6.075552776411065861e+04 1.010268058486254006e+00
6.075552802417134808e+04 9.696394748443979417e-01
6.075552828423204483e+04 9.874467977708168975e-01
6.075552854429273430e+04 1.030654026171337723e+00
6.075552880435342377e+04 1.012871269014447462e+00
6.075552906441412051e+04 1.001767050878588527e+00
6.075552932447480998e+04 1.002504511314423530e+00
6.075552958453550673e+04 9.785011386980706494e-01
6.075552984459620347e+04 9.981351581971926734e-01
6.075553010465688567e+04 1.051416518886650664e+00
6.075553036471758242e+04 9.913216770455908211e-01
6.075553062477827916e+04 1.020518660170649072e+00
6.075553088483896863e+04 9.934181846259121373e-01
6.075553114489966538e+04 9.790763946516163330e-01
6.075553140496035485e+04 9.583632653360492082e-01
6.075553166502104432e+04 1.001524020676714866e+00
6.075553192508174106e+04 9.843113523720569136e-01
6.075553218514243054e+04 1.026472828617557953e+00
6.075553244520312728e+04 1.018906644000182382e+00
6.075553270526381675e+04 1.000464480644894127e+00
6.075553296532451350e+04 1.011539187778407012e+00
6.075553322538520297e+04 1.009548971396336148e+00
6.075553348544589244e+04 9.586156656587563329e-01
6.075553503087646095e+04 9.257284322764467444e-01
6.075553529093715770e+04 9.929664899211063656e-01
6.075553555099784717e+04 1.004847759485774539e+00
6.075553581105853664e+04 9.296841929077553912e-01
6.075553607111923338e+04 9.675988172746834426e-01
6.075553633117992285e+04 9.694491844191281960e-01
6.075553659124061960e+04 9.779933079237891347e-01
6.075553685130131635e+04 1.005713176446128010e+00
6.075553711136199854e+04 9.624184667692491368e-01
6.075553737142269529e+04 9.850297005833676955e-01
6.075553763148339203e+04 9.985597467913385206e-01
6.075553789154408878e+04 9.974000050965058373e-01
6.075553815160477825e+04 9.653054352731256227e-01
6.075553841166546772e+04 1.020630637541803498e+00
6.075553867172616447e+04 9.926792231154905055e-01
6.075553893178685394e+04 9.900186213186698003e-01
6.075553919184754341e+04 9.745659768539088885e-01
6.075553945190824015e+04 9.615220808569883149e-01
6.075553971196892962e+04 1.004555194236315341e+00
6.075553997202962637e+04 1.042997633173282868e+00
6.075554023209032312e+04 9.382521378327133288e-01
6.075554049215101259e+04 9.780353741814854507e-01
6.075554075221170206e+04 9.802205435762924024e-01
6.075554101227239880e+04 9.996118435012694148e-01
6.075554127233309555e+04 1.002468997743755308e+00
6.075554153239378502e+04 9.689422737561874666e-01
6.075554179245447449e+04 1.017632759472573145e+00
6.075554205251517124e+04 9.474264553976778913e-01
6.075554231257586798e+04 9.760027241741882076e-01
6.075554257263655018e+04 1.009860194265636668e+00
6.075554283269725420e+04 1.001511893729335689e+00
6.075554309275794367e+04 9.792118058746775988e-01
6.075554335281863314e+04 9.976459193532163372e-01
6.075554361287932988e+04 9.998509768240625428e-01
6.075554387294001936e+04 9.621902684871067590e-01
6.075554413300071610e+04 1.029573016813285502e+00
6.075554439306140557e+04 9.829552443232595360e-01
6.075554465312210232e+04 9.675189849952485766e-01
6.075554491318279906e+04 9.993944888644556990e-01
6.075554517324348853e+04 1.038596961644425720e+00
6.075554543330417800e+04 1.025197648878573231e+00
6.075554569336487475e+04 9.650581708842770334e-01
6.075554595342557150e+04 9.806192536663496107e-01
6.075554621348626097e+04 9.874267293268002010e-01
6.075554647354695044e+04 9.422609134097723604e-01
6.075554673360764718e+04 1.003419855095423197e+00
6.075554699366834393e+04 9.740358592378572933e-01
6.075554725372902612e+04 9.561759654262750319e-01
6.075554751378972287e+04 9.965681955085733401e-01
6.075554777385041962e+04 9.735422734931032940e-01
6.075554803391111636e+04 9.954873493129936524e-01
6.075554829397180583e+04 9.484555016050223442e-01
6.075554855403249530e+04 9.406098391615549392e-01
6.075554881409319205e+04 9.837265202172694734e-01
6.075554907415388152e+04 1.011247250182109036e+00
6.075554933421457827e+04 9.505924172633746227e-01
6.075554959427527501e+04 1.025517467476248168e+00
6.075554985433596448e+04 9.646487026329775283e-01
6.075555011439665395e+04 1.029266505980536817e+00
6.075555037445735070e+04 9.599164985362965696e-01
6.075555063451804017e+04 1.044811028628003013e+00
6.075555089457873692e+04 9.817555469612972985e-01
6.075555115463942639e+04 1.016093204324624688e+00
6.075555141470012313e+04 9.636597924026558681e-01
6.075555167476081988e+04 9.094052187282712918e-01
6.075555193482150935e+04 1.084585239151186320e+00
6.075555219488219882e+04 1.010753802913788135e+00
6.075555245494289557e+04 1.032195362185919452e+00
6.075555271500359231e+04 1.000182089702001731e+00
6.075555297506428906e+04 9.402719211895753659e-01
6.075555323512497125e+04 9.867893680739302509e-01
6.075555349518566800e+04 9.727476940123949145e-01
6.075555375524636474e+04 1.013294842140089358e+00
6.075555401530705421e+04 9.897922283024688239e-01
6.075555427536775096e+04 9.990188709051789351e-01
6.075555453542844043e+04 9.792091759725701783e-01
6.075555479548913718e+04 9.529992684461052743e-01
6.075555505554983392e+04 9.854600250667630013e-01
6.075555531561051612e+04 9.634567349727849450e-01
6.075555557567121286e+04 9.883147837342239894e-01
6.075555583573190961e+04 9.934411458872786094e-01
6.075555609579260636e+04 9.792694912750329328e-01
6.075555635585329583e+04 9.981394683655133715e-01
6.075555661591398530e+04 9.801355001016962554e-01
6.075555687597468204e+04 9.879197717408261248e-01
6.075555713603537879e+04 9.741044931886669866e-01
6.075555739609607554e+04 1.015839529020235332e+00
6.075555765615676501e+04 9.916179159010327648e-01
6.075555791621745448e+04 1.052742721593191710e+00
6.075555817627815122e+04 1.021591304333217431e+00
6.075555843633884797e+04 9.856722605495500389e-01
6.075555869639953016e+04 9.588052764621439739e-01
6.075555895646022691e+04 9.694602145698421047e-01
6.075555921652092366e+04 9.753089634454545909e-01
6.075555947658162040e+04 9.535198862232411310e-01
6.075555973664230987e+04 9.852206569745577402e-01
6.075555999670299934e+04 9.648065001107212213e-01
6.075556025676369609e+04 9.900331803567432587e-01
6.075556051682439283e+04 1.040776422641502164e+00
6.075556077688508958e+04 9.699437527132941383e-01
6.075556103694577905e+04 1.000112122239386947e+00
6.075556129700646852e+04 1.043503198821511990e+00
6.075556155706716527e+04 9.687828594742939892e-01
6.075556181712786201e+04 9.822020672739858460e-01
6.075556207718854421e+04 9.424986319588534167e-01
6.075556233724924095e+04 9.970468633741010889e-01
6.075556259730993770e+04 9.639426169095712815e-01
6.075556285737063445e+04 1.039012480315654186e+00
6.075556311743133119e+04 1.054589533089181907e+00
6.075556337749201339e+04 9.764062624567725335e-01
6.075556504896522529e+04 1.043358390224931709e+00
6.075556530902591476e+04 9.929709072585753971e-01
6.075556556908661150e+04 1.019986364523121081e+00
6.075556582914730097e+04 9.475410477712318258e-01
6.075556608920799772e+04 9.689507452478248739e-01
6.075556634926869447e+04 9.683972096469872781e-01
6.075556660932938394e+04 9.628808181180575909e-01
6.075556686939008068e+04 9.839083787296403205e-01
6.075556712945077015e+04 9.646935738065189891e-01
6.075556738951146690e+04 9.258725315612554851e-01
6.075556764957216365e+04 1.069849377870423002e+00
6.075556790963285312e+04 1.008345668446047227e+00
6.075556816969354986e+04 1.000029024539824896e+00
6.075556842975423933e+04 9.990279265420664023e-01
6.075556868981492880e+04 9.628629051753937462e-01
6.075556894987563282e+04 9.646220241283292030e-01
6.075556920993632230e+04 1.040694972062431889e+00
6.075556946999701904e+04 9.465554874632403637e-01
6.075556973005770851e+04 1.075918877196752055e+00
6.075556999011839798e+04 9.618031286022936666e-01
6.075557025017909473e+04 1.030824798893394956e+00
6.075557051023979147e+04 9.597017151536120227e-01
6.075557077030048822e+04 9.889554366705328725e-01
6.075557103036117769e+04 9.808122871921219899e-01
6.075557129042186716e+04 9.664108597811826851e-01
6.075557155048256391e+04 9.793693213966515598e-01
6.075557181054326065e+04 9.956770602861957364e-01
6.075557207060395740e+04 9.844256843269321156e-01
6.075557233066464687e+04 1.020503036606314584e+00
6.075557259072533634e+04 1.072945954834641391e+00
6.075557285078603309e+04 1.026253242115594544e+00
6.075557311084672983e+04 1.025220216218648561e+00
6.075557337090741930e+04 9.797594839791102794e-01
6.075557363096811605e+04 9.638548356013733054e-01
6.075557389102880552e+04 1.023807305268500834e+00
6.075557415108950227e+04 9.901432492604620439e-01
6.075557441115019901e+04 9.674172075225666578e-01
6.075557467121088848e+04 1.001908452257076920e+00
6.075557493127158523e+04 1.015983480458034327e+00
6.075557519133227470e+04 9.964715503031554844e-01
6.075557545139297144e+04 9.630083784996837926e-01
6.075557571145366819e+04 9.984312139980698886e-01
6.075557597151435766e+04 9.948521206811893336e-01
6.075557623157505441e+04 9.312829698076637852e-01
6.075557649163575115e+04 9.757513745991198695e-01
6.075557675169643335e+04 9.678049170280288438e-01
6.075557701175713009e+04 1.003675130334891197e+00
6.075557727181782684e+04 9.559580202550802541e-01
6.075557753187852359e+04 9.961020953798807032e-01
6.075557779193922033e+04 9.554423616572202960e-01
6.075557805199990980e+04 9.901545772821408464e-01
6.075557831206059927e+04 1.012816940741202876e+00
6.075557857212129602e+04 9.928838225585703281e-01
6.075557883218199277e+04 9.481791096671253749e-01
6.075557909224268951e+04 9.578190907084234151e-01
6.075557935230337898e+04 1.016060621642989936e+00
6.075557961236407573e+04 9.880333641846331671e-01
6.075557987242476520e+04 9.791509492286537553e-01
6.075558013248546195e+04 9.352824784579227835e-01
6.075558039254615869e+04 9.477614506225919833e-01
6.075558065260684816e+04 1.045516628301465412e+00
6.075558091266754491e+04 9.346193954571859752e-01
6.075558117272824165e+04 9.964673132068752048e-01
6.075558143278892385e+04 1.028701119036082634e+00
6.075558169284962059e+04 9.853744578601394410e-01
6.075558195291031734e+04 1.002449133517332669e+00
6.075558221297101409e+04 9.757011118210012768e-01
6.075558247303171083e+04 9.742923263698229919e-01
6.075558273309240030e+04 9.861134189272908745e-01
6.075558299315309705e+04 9.559602585905463412e-01
6.075558325321378652e+04 1.012095627057259861e+00
6.075558351327448327e+04 9.901817682314693059e-01
6.075558377333518001e+04 9.954362849253465262e-01
6.075558403339586948e+04 1.008427904635802896e+00
6.075558429345656623e+04 9.857726919076240657e-01
6.075558455351726298e+04 9.587603595120904876e-01
6.075558481357794517e+04 9.888590034944925167e-01
6.075558507363864192e+04 1.015383331728641370e+00
6.075558533369933866e+04 1.002086115171301861e+00
6.075558559376003541e+04 1.062312688649580839e+00
6.075558585382073215e+04 9.850840387877977111e-01
6.075558611388142162e+04 9.790011401695080107e-01
6.075558637394211837e+04 9.580938747043767911e-01
6.075558663400280784e+04 9.672662122160028408e-01
6.075558689406350459e+04 1.011630731309870912e+00
6.075558715412420133e+04 9.593230451945060633e-01
6.075558741418489080e+04 9.734280204767139510e-01
6.075558767424558755e+04 9.991401632100443964e-01
6.075558793430628430e+04 1.034883387692449919e+00
6.075558819436697377e+04 1.004566850918810594e+00
6.075558845442767051e+04 1.019694111662490243e+00
6.075558871448835998e+04 9.388474038189202897e-01
6.075558897454905673e+04 9.754068026747338971e-01
6.075558923460975348e+04 1.015696518388925940e+00
6.075558949467044295e+04 1.034797754531931124e+00
6.075558975473113969e+04 1.033556135963739520e+00
6.075559001479183644e+04 9.376628413209134871e-01
6.075559027485253318e+04 1.018269168444372097e+00
6.075559053491322265e+04 1.051255729585024223e+00
6.075559079497391212e+04 1.030319908352815617e+00
6.075559105503460887e+04 9.894382551531295533e-01
6.075559131509530562e+04 1.029313140980854024e+00
6.075559157515600236e+04 9.632626595301976291e-01
6.075559183521669911e+04 1.032890110256649008e+00
6.075559209527738858e+04 1.035790649704796618e+00
6.075559235533808533e+04 9.907128624150566276e-01
6.075559261539877480e+04 9.996654574885477373e-01
6.075559287545946427e+04 9.908306208229974432e-01
6.075559313552016101e+04 9.768203345831206752e-01
6.075559339558085776e+04 1.061490034590528486e+00
6.075559494101491873e+04 9.602510431029432914e-01
6.075559520107561548e+04 9.870057941808201285e-01
6.075559546113631222e+04 9.906386334125417692e-01
6.075559572119700897e+04 1.030960613630641065e+00
6.075559598125769844e+04 1.017454580837689138e+00
6.075559624131839519e+04 1.023980524165405415e+00
6.075559650137908466e+04 9.302660343203238424e-01
6.075559676143977413e+04 9.980832090754354624e-01
6.075559702150047087e+04 9.111660193165268540e-01
6.075559728156116762e+04 9.490134361900622872e-01
6.075559754162186437e+04 9.837080468115049214e-01
6.075559780168256111e+04 9.736559234665242979e-01
6.075559806174325058e+04 9.504906964759619603e-01
6.075559832180394733e+04 9.580871022458696817e-01
6.075559858186464407e+04 9.487999211657855980e-01
6.075559884192533355e+04 9.549552768188357410e-01
6.075559910198603029e+04 1.017754095514412205e+00
6.075559936204671976e+04 9.998176162659520028e-01
6.075559962210741651e+04 1.013400582276722917e+00
6.075559988216811325e+04 9.566078532238970755e-01
6.075560014222880272e+04 9.267320039145904298e-01
6.075560040228950675e+04 1.047521862318113062e+00
6.075560066235019622e+04 1.058127842164516608e+00
6.075560092241089296e+04 1.007319373838741594e+00
6.075560118247158971e+04 1.031776850548789648e+00
6.075560144253227918e+04 1.007091367066300869e+00
6.075560170259296865e+04 1.010041176817735087e+00
6.075560196265366540e+04 1.006776645322917663e+00
6.075560222271436214e+04 9.485930799374623357e-01
6.075560248277505889e+04 1.083585435711970080e+00
6.075560274283574836e+04 1.007006265528278988e+00
6.075560300289644510e+04 1.037386150294107079e+00
6.075560326295714185e+04 1.006645677325603838e+00
6.075560352301783860e+04 1.012471784745555548e+00
6.075560378307853534e+04 1.003617440394517724e+00
6.075560404313922481e+04 8.783820887924170817e-01
6.075560430319992156e+04 9.918524252502282090e-01
6.075560456326061831e+04 1.018663900687248658e+00
6.075560482332130050e+04 1.017331232141548636e+00
6.075560508338199725e+04 9.565720855336501405e-01
6.075560534344269399e+04 1.016484299313314965e+00
6.075560560350339074e+04 9.828043552383451953e-01
6.075560586356408749e+04 1.041432535462616826e+00
6.075560612362477696e+04 1.020720966426709397e+00
6.075560638368547370e+04 9.719749992565288599e-01
6.075560664374617045e+04 9.824170742131926870e-01
6.075560690380686719e+04 9.779122456549340647e-01
6.075560716386756394e+04 9.935689836398737818e-01
6.075560742392825341e+04 9.928907778186837341e-01
6.075560768398895016e+04 1.006213214181935101e+00
6.075560794404964690e+04 9.830611528763927298e-01
6.075560820411032910e+04 9.722875351322567417e-01
6.075560846417102584e+04 9.671516290609554201e-01
6.075560872423172259e+04 9.931587656028161293e-01
6.075560898429241934e+04 9.103928967375817249e-01
6.075560924435311608e+04 9.958263160681417592e-01
6.075560950441380555e+04 9.484155457167163794e-01
6.075560976447450230e+04 1.000074392708047322e+00
6.075561002453519905e+04 1.047359556581968443e+00
6.075561028459589579e+04 1.003493647746499295e+00
6.075561054465659254e+04 1.038913762074663794e+00
6.075561080471728201e+04 1.030744267221660238e+00
6.075561106477797875e+04 9.864657861822438978e-01
6.075561132483867550e+04 9.671940040322991594e-01
6.075561158489937225e+04 9.745126589455650468e-01
6.075561184496006899e+04 9.125558461511626973e-01
6.075561210502075846e+04 9.694338935339406049e-01
6.075561236508144793e+04 9.486236423083375113e-01
6.075561262514214468e+04 1.006783039801476098e+00
6.075561288520283415e+04 1.006490717758295794e+00
6.075561314526353090e+04 1.017041833060208900e+00
6.075561340532422764e+04 9.604206105797844506e-01
6.075561366538492439e+04 1.006548201555135913e+00
6.075561392544562113e+04 9.931250737098852310e-01
6.075561418550631060e+04 1.024738839178799488e+00
6.075561444556700735e+04 9.806335390477946001e-01
6.075561470562770410e+04 9.784692005355416500e-01
6.075561496568840084e+04 1.009621342349535933e+00
6.075561522574909759e+04 9.894819665823499921e-01
6.075561548580978706e+04 9.458123762383388033e-01
6.075561574587048381e+04 9.987632632873795213e-01
6.075561600593118055e+04 1.000080013708016802e+00
6.075561626599187002e+04 1.015873523459842387e+00
6.075561652605256677e+04 1.006474704944494647e+00
6.075561678611326352e+04 1.027713877721565305e+00
6.075561704617396026e+04 1.017837245682345459e+00
6.075561730623465701e+04 9.823312819674782093e-01
6.075561756629534648e+04 9.648748249514833564e-01
6.075561782635604322e+04 9.717913956670783948e-01
6.075561808641673269e+04 9.878066479959972668e-01
6.075561834647742944e+04 9.980055443573925267e-01
6.075561860653812619e+04 9.812452291856333941e-01
6.075561886659881566e+04 1.002286986821072201e+00
6.075561912665951240e+04 1.046676955521575803e+00
6.075561938672020915e+04 9.880853493580640245e-01
6.075561964678089862e+04 9.770898380154727780e-01
6.075561990684160264e+04 1.075945574447349173e+00
6.075562016690229211e+04 9.976396559252364016e-01
6.075562042696298886e+04 9.877173979373923274e-01
6.075562068702368560e+04 1.005100426797955970e+00
6.075562094708437508e+04 9.478572027387189847e-01
6.075562120714507182e+04 1.005681287844132132e+00
6.075562146720576857e+04 9.981857169222548842e-01
6.075562172726646531e+04 1.039898745426433013e+00
6.075562198732716206e+04 9.246397702844856292e-01
6.075562224738785153e+04 9.731662472825214349e-01
6.075562250744854828e+04 9.595118772469757307e-01
6.075562276750924502e+04 9.854039394910746319e-01
6.075562302756994177e+04 1.004945588521867883e+00
6.075562328763063852e+04 9.864266497241684917e-01
6.075562490904599690e+04 9.472779206304384747e-01
6.075562516909990518e+04 9.418238605479388736e-01
6.075562542915379890e+04 9.988434922314175513e-01
6.075562568920769263e+04 9.757530181720499574e-01
6.075562594926160091e+04 9.872878532796861561e-01
6.075562620931549463e+04 9.683265415527387843e-01
6.075562646936939564e+04 1.056541403531114254e+00
6.075562672942329664e+04 9.919367565740329074e-01
6.075562698947719036e+04 9.977229995373994020e-01
6.075562724953109864e+04 1.039969830662905048e+00
6.075562750958499237e+04 1.002142383004212212e+00
6.075562776963889337e+04 9.890166245158477087e-01
6.075562802969280165e+04 1.005892008641505075e+00
6.075562828974669537e+04 9.035933620574257974e-01
6.075562854980059637e+04 1.006951476493783026e+00
6.075562880985449738e+04 1.090653429811866637e+00
6.075562906990839110e+04 1.020348076660682723e+00
6.075562932996229938e+04 9.881160811827863766e-01
6.075562959001619311e+04 1.067775001940866941e+00
6.075562985007009411e+04 9.309993252113061279e-01
6.075563011012399511e+04 9.800041781467925261e-01
6.075563037017788884e+04 9.743458240641150736e-01
6.075563063023179711e+04 1.008269873440180486e+00
6.075563089028569084e+04 1.068224991443009753e+00
6.075563115033958456e+04 1.011318701234870998e+00
6.075563141039349284e+04 1.035611819225394914e+00
6.075563167044738657e+04 1.021403161728191789e+00
6.075563193050128757e+04 1.019323341701877661e+00
6.075563219055518857e+04 9.371830158677904032e-01
6.075563245060908230e+04 9.905738471835709991e-01
6.075563271066299058e+04 1.061127019404777272e+00
6.075563297071688430e+04 9.948774040404765318e-01
6.075563323077078530e+04 1.040726091377222495e+00
6.075563349082468631e+04 9.829310957526938841e-01
6.075563375087858003e+04 9.301206631806967495e-01
6.075563401093248831e+04 1.027596960598756270e+00
6.075563427098638203e+04 1.017415035226814313e+00
6.075563453104027576e+04 1.029295531138253894e+00
6.075563479109418404e+04 1.001173260481452276e+00
6.075563505114807776e+04 9.903379105903706847e-01
6.075563531120197877e+04 9.805354366038208092e-01
6.075563557125588704e+04 9.595682454201593936e-01
6.075563583130978077e+04 1.039984941431983945e+00
6.075563609136368905e+04 9.973225827792168152e-01
6.075563635141758277e+04 9.798545552084332311e-01
6.075563661147148377e+04 1.014180030903006902e+00
6.075563687152538478e+04 9.559338074937007157e-01
6.075563713157927850e+04 9.488294353695920780e-01
6.075563739163318678e+04 9.513466920040074548e-01
6.075563765168708051e+04 1.028797998767613686e+00
6.075563791174097423e+04 9.640007015633115239e-01
6.075563817179488251e+04 8.986126770075033576e-01
6.075563843184877624e+04 1.002337919790170728e+00
6.075563869190267724e+04 9.760349698454774403e-01
6.075563895195657824e+04 1.018638924579842620e+00
6.075563921201047197e+04 1.009345907159594491e+00
6.075563947206438024e+04 1.063620688188242847e+00
6.075563973211827397e+04 1.009934975242782196e+00
6.075563999217217497e+04 9.357236785777809374e-01
6.075564025222608325e+04 9.799012755210333436e-01
6.075564051227997697e+04 9.490277861046727548e-01
6.075564077233388525e+04 1.056044624570050994e+00
6.075564103238777898e+04 1.021615837221719891e+00
6.075564129244167270e+04 9.752742017264294239e-01
6.075564155249558098e+04 1.018013352202109312e+00
6.075564181254947471e+04 1.004410942537218743e+00
6.075564207260337571e+04 1.019750932868814353e+00
6.075564233265727671e+04 9.984080213471951959e-01
6.075564259271117044e+04 9.694512293159746052e-01
6.075564285276507871e+04 1.042905965851631755e+00
6.075564311281897244e+04 9.974332358329981441e-01
6.075564337287286617e+04 1.000180768065850101e+00
6.075564363292677444e+04 1.032841135186062687e+00
6.075564389298066817e+04 9.544082013112514806e-01
6.075564415303458372e+04 1.039910297713820819e+00
6.075564441308847745e+04 1.023148146616046361e+00
6.075564467314237118e+04 1.025634795942104827e+00
6.075564493319627945e+04 1.022605611830219141e+00
6.075564519325017318e+04 9.315958211328430050e-01
6.075564545330407418e+04 1.010272040089411405e+00
6.075564571335797518e+04 1.026062872381460211e+00
6.075564597341186891e+04 1.030097313197408049e+00
6.075564623346577719e+04 1.057553265095634298e+00
6.075564649351967091e+04 9.630770111424242774e-01
6.075564675357356464e+04 1.005328129997274278e+00
6.075564701362747292e+04 9.687455870534495972e-01
6.075564727368136664e+04 1.025656612814007884e+00
6.075564753373527492e+04 1.003260578072911358e+00
6.075564779378917592e+04 1.017811564619522269e+00
6.075564805384306965e+04 1.002542681365715227e+00
6.075564831389697792e+04 1.018589955835282002e+00
6.075564857395087165e+04 9.619435053188719609e-01
6.075564883400477265e+04 9.857279116402999364e-01
6.075564909405867365e+04 9.836957118283700119e-01
6.075564935411256738e+04 1.057010788439453064e+00
6.075564961416647566e+04 1.067894965937218332e+00
6.075564987422036938e+04 1.023820619485245942e+00
6.075565013427426311e+04 9.460284550405498871e-01
6.075565039432817866e+04 1.019779371507274268e+00
6.075565065438207239e+04 1.017569495766905252e+00
6.075565091443597339e+04 9.878852556612728320e-01
6.075565117448987439e+04 9.898962537445338272e-01
6.075565143454376812e+04 9.806588309708228479e-01
6.075565169459767640e+04 1.007451527120849732e+00
6.075565195465157012e+04 1.034644102224860474e+00
6.075565221470547112e+04 1.054773439755260389e+00
6.075565247475937213e+04 9.707971324433414262e-01
6.075565273481326585e+04 9.977900180315245615e-01
6.075565299486718141e+04 1.018896382072751683e+00
6.075565325492107513e+04 1.043261920642071683e+00
6.075565492676799477e+04 1.013722229765242400e+00
6.075565518682868424e+04 1.022850012837047906e+00
6.075565544688938098e+04 9.984214090188973101e-01
6.075565570695007773e+04 1.023561267911285766e+00
6.075565596701077448e+04 1.024603117940564800e+00
6.075565622707147122e+04 1.103088406449832526e+00
6.075565648713216069e+04 9.998929299553819261e-01
6.075565674719285744e+04 9.749946784503632502e-01
6.075565700725356146e+04 1.045697324106690251e+00
6.075565726731425821e+04 1.029354112552881118e+00
6.075565752737495495e+04 1.032005942044027735e+00
6.075565778743564442e+04 1.068234470770251132e+00
6.075565804749634117e+04 9.603121048485361300e-01
6.075565830755703792e+04 9.990193763866613841e-01
6.075565856761772739e+04 9.999088426757729575e-01
6.075565882767842413e+04 1.005368136857148320e+00
6.075565908773912088e+04 1.004098823421219144e+00
6.075565934779981762e+04 1.073066941917091066e+00
6.075565960786051437e+04 9.808312120314520710e-01
6.075565986792121112e+04 1.026026109084199334e+00
6.075566012798190786e+04 1.033003047538653574e+00
6.075566038804260461e+04 9.974171123730712907e-01
6.075566064810330136e+04 9.993069141402141087e-01
6.075566090816399810e+04 9.873967572973142426e-01
6.075566116822468757e+04 9.678826500413405531e-01
6.075566142828538432e+04 1.046255958686336029e+00
6.075566168834608106e+04 1.018712476422400037e+00
6.075566194840677781e+04 1.042111398617257212e+00
6.075566220846748183e+04 1.022018605028351512e+00
6.075566246852817130e+04 1.030074415488939632e+00
6.075566272858886805e+04 9.927235495582299452e-01
6.075566298864956480e+04 1.045931738277616541e+00
6.075566324871025427e+04 1.024540463379670419e+00
6.075566350877095101e+04 1.049378754233112332e+00
6.075566376883164776e+04 1.024758469677367723e+00
6.075566402889234450e+04 1.016005612289055282e+00
6.075566428895304125e+04 1.038971433024754809e+00
6.075566454901373800e+04 9.674864978229827939e-01
6.075566480907443474e+04 1.035956285778832475e+00
6.075566506913513149e+04 1.036594996581801542e+00
6.075566532919582824e+04 9.980810933658810225e-01
6.075566558925652498e+04 9.547055625991323069e-01
6.075566584931721445e+04 1.022623283842892361e+00
6.075566610937791120e+04 9.610896875540707596e-01
6.075566636943860794e+04 1.007564985406924629e+00
6.075566662949930469e+04 1.019978819206767584e+00
6.075566688956000144e+04 1.003833707933860397e+00
6.075566714962069818e+04 1.049627113471267137e+00
6.075566740968139493e+04 9.684305347864665681e-01
6.075566766974209168e+04 9.720503401612070604e-01
6.075566792980278115e+04 1.005943630867708549e+00
6.075566818986347789e+04 1.040073349572920414e+00
6.075566844992417464e+04 1.028533872319725040e+00
6.075566870998487866e+04 1.036593044699160471e+00
6.075566897004557541e+04 1.052371591094738879e+00
6.075566923010626488e+04 1.021136655322012921e+00
6.075566949016696162e+04 9.699663971591424572e-01
6.075566975022765837e+04 9.910329557392882904e-01
6.075567001028834784e+04 1.013011108935490512e+00
6.075567027034905186e+04 1.044920977810483542e+00
6.075567053040974133e+04 1.044814084832014878e+00
6.075567079047044535e+04 9.949625559737462765e-01
6.075567105053114210e+04 1.071534335930744986e+00
6.075567131059183157e+04 1.026627668381232095e+00
6.075567157065252832e+04 1.048769814666629552e+00
6.075567183071322506e+04 9.665673069106660575e-01
6.075567209077392181e+04 1.048406932986021500e+00
6.075567235083461856e+04 1.005248477230356929e+00
6.075567261089531530e+04 1.040987077974849351e+00
6.075567287095601205e+04 1.022644234949161568e+00
6.075567313101670879e+04 9.908129878947400382e-01
6.075567339107740554e+04 1.003876398920345414e+00
6.075567365113810229e+04 1.002303736843098925e+00
6.075567391119879176e+04 9.679003806481670802e-01
6.075567417125948850e+04 1.013725422999343317e+00
6.075567443132019253e+04 9.710812183595978198e-01
6.075567469138088200e+04 9.306503755823983814e-01
6.075567495144157874e+04 9.402826593222128881e-01
6.075567521150227549e+04 1.010800463557210982e+00
6.075567547156297223e+04 1.023909497074774411e+00
6.075567573162366898e+04 1.005497783774992326e+00
6.075567599168436573e+04 1.001805242649049132e+00
6.075567625174506247e+04 1.009333059003025390e+00
6.075567651180575922e+04 1.036061535128338651e+00
6.075567677186645597e+04 1.037215075324636748e+00
6.075567703192715271e+04 1.068793017455534011e+00
6.075567729198784218e+04 1.011789614089529055e+00
6.075567755204853893e+04 9.380419113365487949e-01
6.075567781210924295e+04 9.898497350852493160e-01
6.075567807216993242e+04 1.019525816377354177e+00
6.075567833223062917e+04 1.030919396825472401e+00
6.075567859229132591e+04 9.992633064074333271e-01
6.075567885235202266e+04 1.025226204905801852e+00
6.075567911241271941e+04 9.933224577787098664e-01
6.075567937247341615e+04 9.927492333226249910e-01
6.075567963253411290e+04 1.034194415385604859e+00
6.075567989259480964e+04 1.020645394553503005e+00
6.075568015265550639e+04 1.020036598092298297e+00
6.075568041271620314e+04 9.868640655826561581e-01
6.075568067277689261e+04 1.039333777070793552e+00
6.075568093283759663e+04 9.965053203720612984e-01
6.075568119289829338e+04 1.065549483297346667e+00
6.075568145295898285e+04 1.061597048805908328e+00
6.075568171301968687e+04 1.031082981948379107e+00
6.075568197308037634e+04 9.909972455075677367e-01
6.075568223314107308e+04 1.044288025987267554e+00
6.075568249320177711e+04 1.036537951571629090e+00
6.075568275326246658e+04 1.044377399723096511e+00
6.075568301332316332e+04 1.048970442443301065e+00
6.075568327338386007e+04 1.022097654695448776e+00
6.075568483179301256e+04 1.012754929298931295e+00
6.075568509184680443e+04 9.606947455186306550e-01
6.075568535190059629e+04 1.048767022494280887e+00
6.075568561195438815e+04 1.062374122616271732e+00
6.075568587200818729e+04 1.025296919276484031e+00
6.075568613206199370e+04 9.803476456467379307e-01
6.075568639211578557e+04 1.011508904462440128e+00
6.075568665216957743e+04 1.032986684095491103e+00
6.075568691222336929e+04 9.727361004637484765e-01
6.075568717227716115e+04 1.025142411979331536e+00
6.075568743233096029e+04 1.014389799665858405e+00
6.075568769238475215e+04 1.022881145285592153e+00
6.075568795243854402e+04 1.008933581947140334e+00
6.075568821249233588e+04 1.032946996796136441e+00
6.075568847254613502e+04 1.006124123548556515e+00
6.075568873259992688e+04 1.051606297167061443e+00
6.075568899265372602e+04 9.936353139919505972e-01
6.075568925270752516e+04 1.019766108294609452e+00
6.075568951276131702e+04 9.565238513931638709e-01
6.075568977281511616e+04 1.029349557451849417e+00
6.075569003286890802e+04 9.968389216973241318e-01
6.075569029292269988e+04 1.008852820789613469e+00
6.075569055297649174e+04 9.918860441604020473e-01
6.075569081303029088e+04 1.078219657518777241e+00
6.075569107308408275e+04 1.008202987321395350e+00
6.075569133313787461e+04 1.053473374681298091e+00
6.075569159319166647e+04 1.038700019497226013e+00
6.075569185324547288e+04 9.930300500026071342e-01
6.075569211329927202e+04 1.036999596728003459e+00
6.075569237335306389e+04 1.000614355337444694e+00
6.075569263340685575e+04 1.040773784538628011e+00
6.075569289346064761e+04 9.493482267845451128e-01
6.075569315351444675e+04 9.852140044375665706e-01
6.075569341356823861e+04 9.930903800471121423e-01
6.075569367362203047e+04 1.014106248662456800e+00
6.075569393367582234e+04 9.782931377428161213e-01
6.075569419372962147e+04 9.705465946843879754e-01
6.075569445378341334e+04 1.056021761043090423e+00
6.075569471383720520e+04 1.023664251014269500e+00
6.075569497389100434e+04 1.009388012023980874e+00
6.075569523394481075e+04 9.986902768546742637e-01
6.075569549399860261e+04 9.735112471620493979e-01
6.075569575405239448e+04 1.010851374409182934e+00
6.075569601410618634e+04 9.975721433226246715e-01
6.075569627415998548e+04 1.013618378892984007e+00
6.075569653421377734e+04 9.959130060316752076e-01
6.075569679426756920e+04 1.025663882370002833e+00
6.075569705432136107e+04 1.024696901203347554e+00
6.075569731437516020e+04 1.027678511727981636e+00
6.075569757442895207e+04 9.834931385180983865e-01
6.075569783448274393e+04 9.386337490788346782e-01
6.075569809453654307e+04 1.011974648308765934e+00
6.075569835459034948e+04 9.908256892849321984e-01
6.075569861464414134e+04 1.023137540204077212e+00
6.075569887469793321e+04 1.009969040142872698e+00
6.075569913475172507e+04 1.046110271798730063e+00
6.075569939480552421e+04 1.059075996076321413e+00
6.075569965485931607e+04 1.036600749624141615e+00
6.075569991491310793e+04 1.046939007738853178e+00
6.075570017496689979e+04 1.063095788482125714e+00
6.075570043502069893e+04 9.529174247175380419e-01
6.075570069507449080e+04 1.010661245607617609e+00
6.075570095512828993e+04 1.027138351288542806e+00
6.075570121518208907e+04 1.044979786371493136e+00
6.075570147523588821e+04 1.006305756376900007e+00
6.075570173528968007e+04 1.062620849432954317e+00
6.075570199534347194e+04 1.043793272084607704e+00
6.075570225539727107e+04 1.013645602020847969e+00
6.075570251545106294e+04 9.303599837455037713e-01
6.075570277550485480e+04 1.090734519201882469e+00
6.075570303555864666e+04 1.006138619015152891e+00
6.075570329561244580e+04 9.864551411274338211e-01
6.075570355566623766e+04 9.746354382897260971e-01
6.075570381572002952e+04 9.855543374565416403e-01
6.075570407577382866e+04 1.030317460220392611e+00
6.075570433582763508e+04 1.009050820138568616e+00
6.075570459588142694e+04 1.070952186590288902e+00
6.075570485593521880e+04 9.714134539317518247e-01
6.075570511598901066e+04 1.053672994938089857e+00
6.075570537604280980e+04 1.015148176274819347e+00
6.075570563609660167e+04 9.977954750978677012e-01
6.075570589615039353e+04 9.788333811241450855e-01
6.075570615620419267e+04 9.239831980442666515e-01
6.075570641625798453e+04 1.023580186800618019e+00
6.075570667631177639e+04 9.360935252147080110e-01
6.075570693636557553e+04 1.012135770382060374e+00
6.075570719641938194e+04 1.043836397862759391e+00
6.075570745647317381e+04 9.822385226418006710e-01
6.075570771652696567e+04 1.109399537201620767e+00
6.075570797658076481e+04 1.003989972632117089e+00
6.075570823663455667e+04 1.023241745513540968e+00
6.075570849668834853e+04 1.043553492035882213e+00
6.075570875674214039e+04 1.071589370355030324e+00
6.075570901679593953e+04 9.471342800584504618e-01
6.075570927684973140e+04 1.006344854425483604e+00
6.075570953690352326e+04 1.006553073571793355e+00
6.075570979695732240e+04 1.037816352587735080e+00
6.075571005701112153e+04 9.759504481210121707e-01
6.075571031706492067e+04 1.004146856879637006e+00
6.075571057711871254e+04 1.007525652819595940e+00
6.075571083717251167e+04 9.997949304613596988e-01
6.075571109722630354e+04 1.000028133249143192e+00
6.075571135728009540e+04 1.011037964022096780e+00
6.075571161733389454e+04 1.009178916562879502e+00
6.075571187738768640e+04 1.018726621360889650e+00
6.075571213744147826e+04 9.627057270701775415e-01
6.075571239749527740e+04 1.022025477975696317e+00
6.075571265754906926e+04 1.000003861559822349e+00
6.075571291760286840e+04 1.013755317574289716e+00
6.075571317765666754e+04 1.037808463437860151e+00
6.075571474868715450e+04 1.028491997360311716e+00
6.075571500874785124e+04 1.017466865477104854e+00
6.075571526880854799e+04 1.021711825385201555e+00
6.075571552886924474e+04 1.049012869882476329e+00
6.075571578892994148e+04 1.040278762924433220e+00
6.075571604899063823e+04 1.000925196549867557e+00
6.075571630905133497e+04 1.027132175568027606e+00
6.075571656911203172e+04 9.964161515079142939e-01
6.075571682917273574e+04 1.011198365913734909e+00
6.075571708923342521e+04 1.027400630144015503e+00
6.075571734929412196e+04 1.046861616034254761e+00
6.075571760935482598e+04 9.852205219613938691e-01
6.075571786941552273e+04 1.021115176276238046e+00
6.075571812947621947e+04 9.860157659697993404e-01
6.075571838953690894e+04 9.845222084324936063e-01
6.075571864959761297e+04 1.056052337203302161e+00
6.075571890965830971e+04 1.033802053166829493e+00
6.075571916971899918e+04 1.036644634469849446e+00
6.075571942977970320e+04 1.031113989815279464e+00
6.075571968984039995e+04 1.010659131674371380e+00
6.075571994990109670e+04 1.008949681788156472e+00
6.075572020996180072e+04 1.076534616126162414e+00
6.075572047002249019e+04 9.918111729226990469e-01
6.075572073008318694e+04 9.981455781397662319e-01
6.075572099014388368e+04 1.002312657505630034e+00
6.075572125020458770e+04 9.744354951807820964e-01
6.075572151026528445e+04 9.695317879576086373e-01
6.075572177032597392e+04 1.024499516126900156e+00
6.075572203038667794e+04 9.842469572356159491e-01
6.075572229044737469e+04 1.021340012486616544e+00
6.075572255050806416e+04 1.055510729371921697e+00
6.075572281056877546e+04 1.033466908571886611e+00
6.075572307062946493e+04 9.958497544886715236e-01
6.075572333069016167e+04 9.589720692833961779e-01
6.075572359075086570e+04 1.003966560488166460e+00
6.075572385081155517e+04 9.724458599012325566e-01
6.075572411087225191e+04 1.006963503140087424e+00
6.075572437093294866e+04 1.022492996716592106e+00
6.075572463099365268e+04 1.018632298688205706e+00
6.075572489105434943e+04 1.069391090330083616e+00
6.075572515111503890e+04 9.760113087408143207e-01
6.075572541117574292e+04 9.668640699593388232e-01
6.075572567123643967e+04 9.588625381768565159e-01
6.075572593129713641e+04 9.685386802102214920e-01
6.075572619135784043e+04 1.031495411306258214e+00
6.075572645141852990e+04 9.902271812616422197e-01
6.075572671147922665e+04 9.279400198551860379e-01
6.075572697153993067e+04 9.985722118862085939e-01
6.075572723160062014e+04 9.688927295621647673e-01
6.075572749166131689e+04 1.005628272149848845e+00
6.075572775172202091e+04 1.004276842208623677e+00
6.075572801178271766e+04 1.024621628128445261e+00
6.075572827184341440e+04 1.044820366003971213e+00
6.075572853190411115e+04 9.910427401010297732e-01
6.075572879196480790e+04 1.049975338866626862e+00
6.075572905202550464e+04 9.801707721112932203e-01
6.075572931208620867e+04 1.053345541418467368e+00
6.075572957214690541e+04 9.873104686239524419e-01
6.075572983220759488e+04 1.007805595992481207e+00
6.075573009226829890e+04 9.931738556133746787e-01
6.075573035232899565e+04 9.637415842801853039e-01
6.075573061238968512e+04 9.671076461347404285e-01
6.075573087245038914e+04 9.865745400388521436e-01
6.075573113251108589e+04 9.719714074145417992e-01
6.075573139257178264e+04 9.874522701545588310e-01
6.075573165263248666e+04 1.086479851528603158e+00
6.075573191269317613e+04 9.874019596227268103e-01
6.075573217275387287e+04 1.035263201059940519e+00
6.075573243281457690e+04 1.050480405043434207e+00
6.075573269287527364e+04 1.004643984104358179e+00
6.075573295293597039e+04 9.966451227458684725e-01
6.075573321299666713e+04 1.000845799130672065e+00
6.075573347305736388e+04 1.003292680665876402e+00
6.075573373311806063e+04 9.753961368304484569e-01
6.075573399317875737e+04 1.047477043902491634e+00
6.075573425323946140e+04 9.936841148102840693e-01
6.075573451330015087e+04 1.012906590099361903e+00
6.075573477336085489e+04 1.029317644039376756e+00
6.075573503342155163e+04 1.048098326192592245e+00
6.075573529348224110e+04 1.015059108773496810e+00
6.075573555354294513e+04 1.034318163787274258e+00
6.075573581360364187e+04 9.237628756864201263e-01
6.075573607366434589e+04 9.858356131053270799e-01
6.075573633372504264e+04 9.862337549371827938e-01
6.075573659378573211e+04 1.042678577198396406e+00
6.075573685384643613e+04 9.834363880966763283e-01
6.075573711390713288e+04 1.022006333706777070e+00
6.075573737396782963e+04 9.883089189070386471e-01
6.075573763402853365e+04 1.041152205160744471e+00
6.075573789408922312e+04 9.756700669112036151e-01
6.075573815414991986e+04 1.060792483997007984e+00
6.075573841421062389e+04 9.842363963492624102e-01
6.075573867427131336e+04 9.922187735051340995e-01
6.075573893433201010e+04 9.545143657372326951e-01
6.075573919439271413e+04 9.827971388109627560e-01
6.075573945445341087e+04 9.940896735032971332e-01
6.075573971451411489e+04 9.845722837538050110e-01
6.075573997457480436e+04 9.476200385555260119e-01
6.075574023463550111e+04 9.614177326978899929e-01
6.075574049469620513e+04 1.018895698425683394e+00
6.075574075475690188e+04 1.080526600925868497e+00
6.075574101481759863e+04 1.019511439005872377e+00
6.075574127487829537e+04 9.894016874056372757e-01
6.075574153493899212e+04 9.603662843504269242e-01
6.075574179499969614e+04 1.030135535217470366e+00
6.075574205506038561e+04 1.054273972145249427e+00
6.075574231512108236e+04 1.051358314956193141e+00
6.075574257518178638e+04 1.050967022605916457e+00
6.075574283524248312e+04 1.048365250197132781e+00
6.075574309530317987e+04 9.623755531355463466e-01
6.075574483016229351e+04 1.000128299214967820e+00
6.075574509021608537e+04 1.048385441483363989e+00
6.075574535026989179e+04 9.858858142945954306e-01
6.075574561032369093e+04 9.836614330762268876e-01
6.075574587037748279e+04 1.009587534829147648e+00
6.075574613043128193e+04 9.947015862233379302e-01
6.075574639048507379e+04 9.963654458513234724e-01
6.075574665053887293e+04 1.055569488919533505e+00
6.075574691059266479e+04 1.030172778105089337e+00
6.075574717064645665e+04 1.052769178838862896e+00
6.075574743070025579e+04 9.655303655987317324e-01
6.075574769075404765e+04 1.004939613427344947e+00
6.075574795080784679e+04 9.933623702554061907e-01
6.075574821086163865e+04 9.897598188133173158e-01
6.075574847091544507e+04 9.659322031939222564e-01
6.075574873096924421e+04 9.937121200142299271e-01
6.075574899102303607e+04 9.774690270843342521e-01
6.075574925107683521e+04 9.767740952490788775e-01
6.075574951113062707e+04 9.682952984281191222e-01
6.075574977118442621e+04 9.590476465598425371e-01
6.075575003123821807e+04 1.016231514365358857e+00
6.075575029129201721e+04 9.918032957401905492e-01
6.075575055134580907e+04 1.055150586290178216e+00
6.075575081139960093e+04 9.414238346351895270e-01
6.075575107145340007e+04 9.552686519734483461e-01
6.075575133150719921e+04 9.871635956571629400e-01
6.075575159156100563e+04 9.556578146493551751e-01
6.075575185161479749e+04 9.546613100859158152e-01
6.075575211166859663e+04 9.707054630446938503e-01
6.075575237172238849e+04 9.694532440788857786e-01
6.075575263177618035e+04 1.030754175993481514e+00
6.075575289182997949e+04 9.611336787249838975e-01
6.075575315188377135e+04 9.798824291227847816e-01
6.075575341193757049e+04 1.014761211636004967e+00
6.075575367199136235e+04 1.068867095903209607e+00
6.075575393204516149e+04 1.009817594853219758e+00
6.075575419209895335e+04 1.033025465574809454e+00
6.075575445215275249e+04 1.036110315164143092e+00
6.075575471220655891e+04 1.018767889464028409e+00
6.075575497226035077e+04 9.769986989590575543e-01
6.075575523231414991e+04 9.671925641541299079e-01
6.075575549236794177e+04 1.002706184898200847e+00
6.075575575242174091e+04 9.755236106956228781e-01
6.075575601247553277e+04 9.591565807469081273e-01
6.075575627252933191e+04 1.017824575149246069e+00
6.075575653258312377e+04 1.072155572127358569e+00
6.075575679263691563e+04 1.032639760498664572e+00
6.075575705269071477e+04 9.907477840552090242e-01
6.075575731274451391e+04 9.395220999887383684e-01
6.075575757279832033e+04 9.507498961798366288e-01
6.075575783285211219e+04 9.992432400259524394e-01
6.075575809290591133e+04 1.001899247365689138e+00
6.075575835295970319e+04 9.802368188046811648e-01
6.075575861301350233e+04 1.033032145510174971e+00
6.075575887306729419e+04 1.014845025537033818e+00
6.075575913312109333e+04 9.411136860059479137e-01
6.075575939317488519e+04 1.015521076860372407e+00
6.075575965322867705e+04 1.019491437588938787e+00
6.075575991328247619e+04 1.088301717495576026e+00
6.075576017333626805e+04 9.855236863598939578e-01
6.075576043339007447e+04 1.025789850877995235e+00
6.075576069344387361e+04 9.570061689432088903e-01
6.075576095349767274e+04 9.673149399678792060e-01
6.075576121355146461e+04 1.008043627825779387e+00
6.075576147360526375e+04 1.026377328775448294e+00
6.075576173365905561e+04 9.272515218643681001e-01
6.075576199371285475e+04 9.858728929782343275e-01
6.075576225376664661e+04 1.016523220045424836e+00
6.075576251382044575e+04 1.071973429439182945e+00
6.075576277387423761e+04 9.790414572308182573e-01
6.075576303392802947e+04 9.500604967800457823e-01
6.075576329398183589e+04 1.010154462904447437e+00
6.075576355403563502e+04 9.807347999990522203e-01
6.075576381408943416e+04 1.024403785924310695e+00
6.075576407414322603e+04 9.874995295328142797e-01
6.075576433419702516e+04 9.846725131598379477e-01
6.075576459425081703e+04 9.501957603982640332e-01
6.075576485430461616e+04 1.033592737981882559e+00
6.075576511435840803e+04 9.684605482105894669e-01
6.075576537441220717e+04 1.009401782256402758e+00
6.075576563446599903e+04 9.553490237525981144e-01
6.075576589451979817e+04 1.001610776685762261e+00
6.075576615457359003e+04 1.060282209000956710e+00
6.075576641462739644e+04 9.833699107513738102e-01
6.075576667468119558e+04 1.011131792016575881e+00
6.075576693473499472e+04 9.737678160022298357e-01
6.075576719478878658e+04 1.003741732751816773e+00
6.075576745484258572e+04 9.867620863656433317e-01
6.075576771489637758e+04 9.957165329062130921e-01
6.075576797495017672e+04 9.673220796637245211e-01
6.075576823500396858e+04 1.019456010493397402e+00
6.075576849505776045e+04 1.021741546327832761e+00
6.075576875511155959e+04 1.027944380932443114e+00
6.075576901516535145e+04 1.019821923821771614e+00
6.075576927521915786e+04 9.835627298170516175e-01
6.075576953527295700e+04 9.922601455557409356e-01
6.075576979532675614e+04 1.035374656903501167e+00
6.075577005538054800e+04 1.016521582385694122e+00
6.075577031543434714e+04 1.020405608444018730e+00
6.075577057548813900e+04 1.028904964433866143e+00
6.075577083554193814e+04 1.042152547144878705e+00
6.075577109559573000e+04 9.908993122792133512e-01
6.075577135564952914e+04 9.960248138844965959e-01
6.075577161570332100e+04 1.012059970488619509e+00
6.075577187575712014e+04 9.309745823896383721e-01
6.075577213581091200e+04 9.564622350979801180e-01
6.075577239586471842e+04 1.028597264060235439e+00
6.075577265591851756e+04 8.970541723071281393e-01
6.075577291597231670e+04 9.679776927309787782e-01
6.075577317602610856e+04 1.036312295790634108e+00
