6.075547523418369383e+04 1.180299270134625100e+00
6.075547549424438330e+04 1.162992634506401224e+00
6.075547575430508005e+04 9.242212284714077519e-01
6.075547601436576224e+04 9.688051195018542172e-01
6.075547627442645899e+04 8.988618149203149166e-01
6.075547653448714846e+04 1.111513019146612491e+00
6.075547679454784520e+04 1.247302720959404754e+00
6.075547705460853467e+04 7.680560191446517138e-01
6.075547731466922414e+04 1.107517318512679427e+00
6.075547757472991361e+04 8.750238148216301637e-01
6.075547783479061036e+04 1.018206486565947255e+00
6.075547809485129255e+04 1.228825219291663329e+00
6.075547835491198930e+04 1.136376514561162399e+00
6.075547861497267877e+04 8.849044759037901775e-01
6.075547887503337552e+04 1.132489155109473566e+00
6.075547913509406499e+04 8.466776787007833649e-01
6.075547939515475446e+04 1.001978869337910583e+00
6.075547965521544393e+04 1.061175351727874583e+00
6.075547991527614067e+04 9.110310635936399448e-01
6.075548017533683014e+04 1.371405472916191304e+00
6.075548043539752689e+04 1.188694757073633035e+00
6.075548069545820908e+04 1.233034782719734324e+00
6.075548095551890583e+04 1.144348882509441667e+00
6.075548121557959530e+04 9.046731203368340024e-01
6.075548147564028477e+04 9.129626434044418870e-01
6.075548173570098152e+04 1.016564206832027972e+00
6.075548199576167099e+04 1.068034556040557748e+00
6.075548225582236773e+04 9.431272006253313966e-01
6.075548251588305720e+04 1.024317556546048946e+00
6.075548277594374667e+04 9.936493095636084183e-01
6.075548303600443614e+04 9.366631066539531369e-01
6.075548329606513289e+04 8.529500750140764920e-01
6.075548355612582236e+04 8.585198419822241966e-01
6.075548381618651911e+04 7.824676533346524021e-01
6.075548407624720130e+04 9.298424791448928195e-01
6.075548433630789805e+04 1.122166062235076200e+00
6.075548459636858752e+04 1.030903464509347556e+00
6.075548485642928426e+04 9.376085856737538249e-01
6.075548511648997373e+04 9.356043850432574915e-01
6.075548537655066320e+04 1.317807800804127405e+00
6.075548563661135267e+04 1.041826358307526457e+00
6.075548589667204942e+04 9.297225240737705398e-01
6.075548615673273162e+04 8.730550650211743591e-01
6.075548641679342836e+04 9.362444176467612511e-01
6.075548667685411783e+04 7.968969990265983849e-01
6.075548693691481458e+04 1.000740021431790305e+00
6.075548719697551132e+04 8.952509774337361614e-01
6.075548745703619352e+04 7.209517105070633036e-01
6.075548771709689026e+04 1.164199673508269361e+00
6.075548797715757973e+04 9.679165199276961173e-01
6.075548823721827648e+04 9.157386703172848419e-01
6.075548849727896595e+04 9.666447967875810843e-01
6.075548875733965542e+04 1.201059423471914300e+00
6.075548901740034489e+04 9.226945104939376918e-01
6.075548927746104164e+04 1.161661081444426369e+00
6.075548953752172383e+04 9.305572042462989524e-01
6.075548979758242058e+04 8.955068499411242833e-01
6.075549005764311732e+04 9.118721718744166038e-01
6.075549031770380680e+04 1.113831918881358574e+00
6.075549057776450354e+04 8.141207890803203728e-01
6.075549083782518574e+04 1.054484312229064580e+00
6.075549109788588248e+04 1.108804768408063302e+00
6.075549135794657195e+04 9.566850407494433828e-01
6.075549161800726870e+04 9.713004115620667012e-01
6.075549187806795817e+04 1.163346946279875782e+00
6.075549213812864764e+04 6.278470168401786289e-01
6.075549239818933711e+04 1.244250628603634112e+00
6.075549265825003386e+04 9.525844866623125462e-01
6.075549291831072333e+04 9.926267722528789861e-01
6.075549317837142007e+04 1.014762532926780203e+00
6.075549343843210954e+04 1.074494979165963038e+00
6.075549369849279901e+04 1.075358895462459108e+00
6.075549395855349576e+04 9.855573839513069867e-01
6.075549421861417795e+04 1.097449831394651909e+00
6.075549447867487470e+04 1.022008839139898484e+00
6.075549473873556417e+04 1.012271203314453638e+00
6.075549499879626092e+04 6.746081631871388984e-01
6.075549525885695766e+04 9.800650279408874566e-01
6.075549551891763986e+04 7.258894741012522633e-01
6.075549577897833660e+04 8.381070665536797248e-01
6.075549603903902607e+04 1.082582169531946636e+00
6.075549629909972282e+04 9.215522092159560419e-01
6.075549655916041229e+04 8.615906497156344823e-01
6.075549681922110176e+04 1.029061461602615912e+00
6.075549707928179851e+04 7.562637716984254022e-01
6.075549733934248798e+04 8.648117879842532885e-01
6.075549759940317745e+04 1.213625800443182801e+00
6.075549785946386692e+04 7.633718067556920506e-01
6.075549811952456366e+04 9.282573356399688169e-01
6.075549837958525313e+04 7.958115165843232530e-01
6.075549863964594988e+04 6.671635331733728469e-01
6.075549889970663935e+04 9.972944946186160786e-01
6.075549915976732882e+04 9.348619680398068121e-01
6.075549941982802557e+04 1.169237022627841682e+00
6.075549967988871504e+04 1.102896250359989283e+00
6.075549993994941178e+04 8.054432750372541028e-01
6.075550020001009398e+04 7.299183827619606379e-01
6.075550046007079072e+04 9.743938607136485297e-01
6.075550072013148747e+04 8.804157646145085447e-01
6.075550098019216966e+04 1.073094633488263838e+00
6.075550124025286641e+04 1.007752428095242125e+00
6.075550150031355588e+04 9.338497213782058770e-01
6.075550176037425263e+04 1.131108742220096719e+00
6.075550202043494210e+04 7.992120778240374701e-01
6.075550228049563157e+04 9.143176741315925948e-01
6.075550254055632831e+04 1.122572763772450521e+00
6.075550280061701778e+04 6.489856912743875439e-01
6.075550306067771453e+04 6.687031202499064131e-01
6.075550332073840400e+04 1.097904328051434453e+00
6.075550358079909347e+04 7.189301801837975070e-01
6.075550513883041276e+04 9.681242926110600333e-01
6.075550539889110951e+04 9.654628233211109967e-01
6.075550565895179898e+04 7.356639311853336860e-01
6.075550591901248845e+04 8.710825303467445435e-01
6.075550617907318519e+04 8.749723311645707380e-01
6.075550643913387466e+04 1.167166487996317059e+00
6.075550669919457141e+04 1.050823418409256638e+00
6.075550695925526088e+04 9.744889662904784311e-01
6.075550721931595035e+04 1.125282813720228203e+00
6.075550747937664710e+04 1.023085564121138935e+00
6.075550773943733657e+04 1.036694333771110754e+00
6.075550799949803331e+04 9.154034564898811954e-01
6.075550825955872278e+04 1.201495554167158142e+00
6.075550851961941225e+04 9.714234633366756189e-01
6.075550877968010900e+04 7.743852200236869265e-01
6.075550903974079847e+04 9.888193663099787978e-01
6.075550929980148794e+04 1.111395132458277812e+00
6.075550955986217741e+04 8.657144238592135999e-01
6.075550981992287416e+04 1.051014186253345528e+00
6.075551007998357090e+04 8.417540862806166535e-01
6.075551034004426037e+04 9.265997955104741113e-01
6.075551060010494984e+04 9.947285953963415084e-01
6.075551086016564659e+04 8.378879571169216556e-01
6.075551112022633606e+04 1.023719627159418222e+00
6.075551138028703281e+04 1.158217536928720870e+00
6.075551164034772228e+04 8.401007849602470934e-01
6.075551190040841175e+04 8.555733433593774029e-01
6.075551216046910849e+04 9.301861526313716100e-01
6.075551242052979796e+04 9.379287274242382733e-01
6.075551268059049471e+04 1.052681921609705196e+00
6.075551294065118418e+04 1.049643351341474018e+00
6.075551320071187365e+04 9.553577642155108851e-01
6.075551346077257040e+04 8.773197910214876050e-01
6.075551372083325987e+04 1.092060920586076955e+00
6.075551398089394934e+04 1.074902901290996082e+00
6.075551424095464608e+04 1.077598661896117749e+00
6.075551450101533555e+04 9.690530135294468383e-01
6.075551476107603230e+04 9.935327752654010691e-01
6.075551502113672177e+04 1.277372504725372337e+00
6.075551528119741124e+04 1.143905094963694191e+00
6.075551554125810799e+04 9.808401805333191170e-01
6.075551580131879746e+04 9.558870880814303028e-01
6.075551606137949420e+04 1.127023228194000026e+00
6.075551632144019095e+04 1.226509812432608815e+00
6.075551658150087314e+04 8.485649020955069455e-01
6.075551684156156989e+04 8.609084921946622559e-01
6.075551710162226664e+04 1.014021893654196038e+00
6.075551736168294883e+04 1.085776060939184440e+00
6.075551762174364558e+04 1.224074038054692837e+00
6.075551788180433505e+04 1.067584023944224025e+00
6.075551814186503179e+04 9.115928338113834517e-01
6.075551840192572854e+04 9.419346866955128350e-01
6.075551866198641073e+04 8.899152503445186824e-01
6.075551892204710748e+04 1.175745508234988579e+00
6.075551918210780423e+04 1.090806299955604297e+00
6.075551944216849370e+04 9.467423853382262999e-01
6.075551970222919044e+04 8.079268559175595277e-01
6.075551996228987991e+04 1.082431986153703729e+00
6.075552022235056938e+04 9.739883685495174248e-01
6.075552048241126613e+04 8.758656984875876628e-01
6.075552074247194832e+04 1.026960965786242852e+00
6.075552100253265235e+04 8.310742258232848290e-01
6.075552126259334182e+04 9.506402139149106034e-01
6.075552152265403129e+04 1.102880392999028514e+00
6.075552178271472803e+04 1.326970045964013245e+00
6.075552204277541750e+04 9.442344298758716947e-01
6.075552230283610697e+04 1.031852708697631904e+00
6.075552256289680372e+04 1.066592875348343572e+00
6.075552282295750047e+04 7.499824788320351709e-01
6.075552308301818994e+04 1.153475149718114379e+00
6.075552334307887941e+04 9.923182673577416457e-01
6.075552360313957615e+04 9.259334461495961621e-01
6.075552386320026562e+04 1.061051303670099255e+00
6.075552412326096237e+04 9.907655075861213634e-01
6.075552438332165912e+04 1.006927532950961490e+00
6.075552464338234131e+04 9.532651006672920868e-01
6.075552490344303806e+04 9.969408815963644033e-01
6.075552516350373480e+04 9.818290296529476047e-01
6.075552542356441700e+04 9.547764897566330955e-01
6.075552568362511374e+04 1.178408826063215065e+00
6.075552594368581049e+04 9.489926813738086553e-01
6.075552620374649996e+04 1.073746075581548887e+00
6.075552646380719671e+04 9.317904297929587853e-01
6.075552672386788618e+04 1.117319374125522957e+00
6.075552698392857565e+04 1.060613778314444700e+00
6.075552724398927239e+04 1.123543591487793147e+00
6.075552750404996914e+04 9.955501131009584226e-01
6.075552776411065861e+04 1.057694639613188325e+00
6.075552802417134808e+04 9.689663284620680939e-01
6.075552828423204483e+04 1.043603631338968718e+00
6.075552854429273430e+04 8.990969305386923294e-01
6.075552880435342377e+04 1.155621090255786187e+00
6.075552906441412051e+04 1.003406212161179090e+00
6.075552932447480998e+04 6.707513102041400277e-01
6.075552958453550673e+04 9.300840153629280627e-01
6.075552984459620347e+04 9.586931950283474890e-01
6.075553010465688567e+04 1.064424867781034623e+00
6.075553036471758242e+04 8.753474798829269377e-01
6.075553062477827916e+04 9.452377944669143606e-01
6.075553088483896863e+04 8.174165447919111704e-01
6.075553114489966538e+04 1.336802800830580340e+00
6.075553140496035485e+04 1.022077794636538028e+00
6.075553166502104432e+04 9.103277199487920246e-01
6.075553192508174106e+04 7.106842040449495856e-01
6.075553218514243054e+04 8.546616514911085094e-01
6.075553244520312728e+04 9.051894950988013111e-01
6.075553270526381675e+04 1.168762524721017826e+00
6.075553296532451350e+04 9.403511185807302830e-01
6.075553322538520297e+04 7.788034886017224379e-01
6.075553348544589244e+04 9.986151296266128075e-01
6.075553503087646095e+04 1.018669504738698883e+00
6.075553529093715770e+04 1.177805840694020389e+00
6.075553555099784717e+04 9.778725325220706255e-01
6.075553581105853664e+04 1.037801129829365454e+00
6.075553607111923338e+04 9.384185734799554979e-01
6.075553633117992285e+04 1.115973989622146334e+00
6.075553659124061960e+04 9.366841349932341076e-01
6.075553685130131635e+04 9.937560568965163599e-01
6.075553711136199854e+04 9.211895129112629421e-01
6.075553737142269529e+04 7.627287031152933938e-01
6.075553763148339203e+04 7.672124965048567891e-01
6.075553789154408878e+04 9.830665847628389242e-01
6.075553815160477825e+04 1.005914960448190509e+00
6.075553841166546772e+04 1.011237082732428849e+00
6.075553867172616447e+04 7.709015784005173177e-01
6.075553893178685394e+04 6.620573967942344762e-01
6.075553919184754341e+04 8.756970020100616203e-01
6.075553945190824015e+04 9.041750497991275504e-01
6.075553971196892962e+04 6.954751340874809618e-01
6.075553997202962637e+04 1.319470977553091506e+00
6.075554023209032312e+04 9.441664442173853811e-01
6.075554049215101259e+04 8.720421342671229592e-01
6.075554075221170206e+04 9.082799618086011550e-01
6.075554101227239880e+04 8.834435907245899999e-01
6.075554127233309555e+04 1.107711246686987172e+00
6.075554153239378502e+04 9.184546380063404181e-01
6.075554179245447449e+04 1.018341265536159446e+00
6.075554205251517124e+04 9.495147949194999715e-01
6.075554231257586798e+04 1.180940281254296398e+00
6.075554257263655018e+04 1.002111612343137281e+00
6.075554283269725420e+04 1.139604546915679917e+00
6.075554309275794367e+04 1.007324511474522177e+00
6.075554335281863314e+04 1.010718373957829153e+00
6.075554361287932988e+04 7.850529798209016086e-01
6.075554387294001936e+04 1.233931576811506003e+00
6.075554413300071610e+04 8.983742996838016692e-01
6.075554439306140557e+04 1.126505178155324804e+00
6.075554465312210232e+04 1.011207687941618971e+00
6.075554491318279906e+04 7.256237565098123676e-01
6.075554517324348853e+04 8.619587297286446237e-01
6.075554543330417800e+04 8.320434868665964601e-01
6.075554569336487475e+04 1.156467537676566737e+00
6.075554595342557150e+04 1.006272388655049754e+00
6.075554621348626097e+04 1.068754969662135457e+00
6.075554647354695044e+04 1.168870579284299716e+00
6.075554673360764718e+04 1.105128179540046940e+00
6.075554699366834393e+04 1.081383449208914493e+00
6.075554725372902612e+04 1.224879592205011303e+00
6.075554751378972287e+04 9.665399029127502706e-01
6.075554777385041962e+04 7.248826866950925929e-01
6.075554803391111636e+04 1.028473806640237465e+00
6.075554829397180583e+04 1.022005822202295189e+00
6.075554855403249530e+04 6.055961519667371062e-01
6.075554881409319205e+04 1.025129339168250331e+00
6.075554907415388152e+04 5.398657825522437115e-01
6.075554933421457827e+04 8.468350529617469924e-01
6.075554959427527501e+04 8.195255773908115549e-01
6.075554985433596448e+04 1.149215291544444462e+00
6.075555011439665395e+04 1.059998163941122895e+00
6.075555037445735070e+04 9.659944380255860441e-01
6.075555063451804017e+04 9.069865494127369310e-01
6.075555089457873692e+04 1.147722742305300248e+00
6.075555115463942639e+04 7.058465104179996175e-01
6.075555141470012313e+04 1.004213801157416208e+00
6.075555167476081988e+04 1.224851484263809187e+00
6.075555193482150935e+04 9.450686811037727342e-01
6.075555219488219882e+04 9.563953255599368930e-01
6.075555245494289557e+04 9.524762224299124780e-01
6.075555271500359231e+04 1.202462631761180845e+00
6.075555297506428906e+04 9.116787614930514927e-01
6.075555323512497125e+04 8.307198429398027217e-01
6.075555349518566800e+04 1.161141427871424714e+00
6.075555375524636474e+04 9.636661256286866983e-01
6.075555401530705421e+04 9.637756335124278984e-01
6.075555427536775096e+04 7.316707067291663424e-01
6.075555453542844043e+04 9.094710060076867109e-01
6.075555479548913718e+04 9.079745890465149571e-01
6.075555505554983392e+04 1.019245375477486615e+00
6.075555531561051612e+04 9.252435621123038523e-01
6.075555557567121286e+04 9.046478204976647897e-01
6.075555583573190961e+04 1.102956011480424658e+00
6.075555609579260636e+04 9.717323621346092288e-01
6.075555635585329583e+04 9.793608572832190884e-01
6.075555661591398530e+04 8.721928816920359040e-01
6.075555687597468204e+04 1.062866839945327824e+00
6.075555713603537879e+04 1.017690065946533773e+00
6.075555739609607554e+04 1.043740745840028072e+00
6.075555765615676501e+04 1.141757321815933146e+00
6.075555791621745448e+04 5.951105980821075336e-01
6.075555817627815122e+04 8.302892374522308216e-01
6.075555843633884797e+04 1.019184709045353188e+00
6.075555869639953016e+04 9.992734143006302139e-01
6.075555895646022691e+04 7.901335183311769539e-01
6.075555921652092366e+04 8.974185049147670457e-01
6.075555947658162040e+04 9.628165469957905565e-01
6.075555973664230987e+04 9.738192606999772627e-01
6.075555999670299934e+04 8.125412866182112337e-01
6.075556025676369609e+04 9.707966158741797580e-01
6.075556051682439283e+04 1.044246590128220076e+00
6.075556077688508958e+04 1.046345004192999362e+00
6.075556103694577905e+04 9.148743828477112761e-01
6.075556129700646852e+04 9.591781976220351558e-01
6.075556155706716527e+04 1.062273830579202327e+00
6.075556181712786201e+04 1.230312119046038433e+00
6.075556207718854421e+04 7.706892761607089248e-01
6.075556233724924095e+04 9.406392409439348068e-01
6.075556259730993770e+04 9.382283721042994351e-01
6.075556285737063445e+04 9.104080824463860466e-01
6.075556311743133119e+04 1.202892667913784797e+00
6.075556337749201339e+04 6.727567689368525450e-01
6.075556504896522529e+04 9.890670387085628290e-01
6.075556530902591476e+04 9.816667998147510232e-01
6.075556556908661150e+04 8.712570844525573399e-01
6.075556582914730097e+04 1.122669877696587326e+00
6.075556608920799772e+04 8.773313231736231677e-01
6.075556634926869447e+04 9.163628452316429085e-01
6.075556660932938394e+04 1.096067583506767917e+00
6.075556686939008068e+04 9.806755620321461198e-01
6.075556712945077015e+04 8.696247576678833857e-01
6.075556738951146690e+04 5.982312449632128937e-01
6.075556764957216365e+04 1.035695408930787265e+00
6.075556790963285312e+04 1.009387259420025273e+00
6.075556816969354986e+04 1.121926898079553370e+00
6.075556842975423933e+04 8.223010933155483482e-01
6.075556868981492880e+04 9.398548392503612847e-01
6.075556894987563282e+04 7.330852682403578013e-01
6.075556920993632230e+04 9.089552564029793613e-01
6.075556946999701904e+04 9.947936418037968132e-01
6.075556973005770851e+04 8.393485803711436821e-01
6.075556999011839798e+04 9.040795177985728737e-01
6.075557025017909473e+04 9.759206507422738541e-01
6.075557051023979147e+04 7.587171165704358344e-01
6.075557077030048822e+04 8.157610568830898634e-01
6.075557103036117769e+04 1.213906747907472106e+00
6.075557129042186716e+04 1.178184686307428342e+00
6.075557155048256391e+04 1.118619439308057739e+00
6.075557181054326065e+04 8.274659643212168847e-01
6.075557207060395740e+04 8.008291923831055703e-01
6.075557233066464687e+04 1.002336585857356299e+00
6.075557259072533634e+04 8.146476913665394726e-01
6.075557285078603309e+04 8.954274578948177021e-01
6.075557311084672983e+04 9.527467050947366900e-01
6.075557337090741930e+04 1.188721068713182616e+00
6.075557363096811605e+04 1.142597881782184910e+00
6.075557389102880552e+04 9.226813435079258552e-01
6.075557415108950227e+04 1.230574902599438580e+00
6.075557441115019901e+04 7.473731718318894490e-01
6.075557467121088848e+04 1.122176661016178967e+00
6.075557493127158523e+04 1.133517589389720692e+00
6.075557519133227470e+04 1.007358218761345459e+00
6.075557545139297144e+04 7.095775016231589127e-01
6.075557571145366819e+04 7.218680880115135867e-01
6.075557597151435766e+04 8.323827729024008137e-01
6.075557623157505441e+04 6.117955963321183299e-01
6.075557649163575115e+04 1.181961651211998143e+00
6.075557675169643335e+04 9.234110680231655266e-01
6.075557701175713009e+04 9.858461926009713938e-01
6.075557727181782684e+04 7.777080936702130964e-01
6.075557753187852359e+04 7.304914519703068487e-01
6.075557779193922033e+04 1.001553383697195487e+00
6.075557805199990980e+04 1.216662796785161760e+00
6.075557831206059927e+04 7.837238623786948466e-01
6.075557857212129602e+04 8.132837486522650483e-01
6.075557883218199277e+04 1.044633016308747164e+00
6.075557909224268951e+04 7.796155872296021139e-01
6.075557935230337898e+04 1.121296575320124056e+00
6.075557961236407573e+04 7.982029651095895462e-01
6.075557987242476520e+04 8.522249437047818565e-01
6.075558013248546195e+04 1.151766888648345644e+00
6.075558039254615869e+04 8.329269651756423531e-01
6.075558065260684816e+04 9.334809350060712108e-01
6.075558091266754491e+04 1.107471230564136544e+00
6.075558117272824165e+04 8.024273841982940692e-01
6.075558143278892385e+04 6.764531386477016239e-01
6.075558169284962059e+04 1.179563144882526782e+00
6.075558195291031734e+04 9.625295137085552177e-01
6.075558221297101409e+04 9.728543915090192007e-01
6.075558247303171083e+04 8.834527432203329589e-01
6.075558273309240030e+04 9.205700312275776342e-01
6.075558299315309705e+04 8.061178109136878378e-01
6.075558325321378652e+04 4.843338592538916632e-01
6.075558351327448327e+04 8.701477972328256483e-01
6.075558377333518001e+04 1.000634782487601182e+00
6.075558403339586948e+04 9.229096123919958705e-01
6.075558429345656623e+04 9.068568996437972318e-01
6.075558455351726298e+04 9.552286778290600688e-01
6.075558481357794517e+04 1.035823089331954883e+00
6.075558507363864192e+04 7.061757601671638795e-01
6.075558533369933866e+04 9.542574514666883889e-01
6.075558559376003541e+04 9.907003539274310544e-01
6.075558585382073215e+04 7.976040371636233806e-01
6.075558611388142162e+04 1.032013411780701828e+00
6.075558637394211837e+04 1.195474623844084316e+00
6.075558663400280784e+04 1.020124144077665163e+00
6.075558689406350459e+04 1.184144261114993935e+00
6.075558715412420133e+04 1.086232949371586987e+00
6.075558741418489080e+04 1.010417046455471590e+00
6.075558767424558755e+04 9.197528176585501036e-01
6.075558793430628430e+04 9.231396154214234206e-01
6.075558819436697377e+04 8.512786602803324998e-01
6.075558845442767051e+04 6.409279807588220690e-01
6.075558871448835998e+04 9.326409347912526515e-01
6.075558897454905673e+04 1.016434939265128179e+00
6.075558923460975348e+04 7.624488063400267635e-01
6.075558949467044295e+04 9.111887299433715226e-01
6.075558975473113969e+04 8.725577099690469129e-01
6.075559001479183644e+04 7.890431512575275530e-01
6.075559027485253318e+04 7.603269437681173804e-01
6.075559053491322265e+04 7.477475818146468445e-01
6.075559079497391212e+04 7.455793149016812782e-01
6.075559105503460887e+04 6.749407261681344972e-01
6.075559131509530562e+04 1.168914695436390261e+00
6.075559157515600236e+04 8.446003597281496189e-01
6.075559183521669911e+04 9.696096133564485742e-01
6.075559209527738858e+04 1.053885725042267740e+00
6.075559235533808533e+04 8.067494465889736288e-01
6.075559261539877480e+04 8.871198527431919389e-01
6.075559287545946427e+04 1.093620603810243175e+00
6.075559313552016101e+04 9.350856521789453479e-01
6.075559339558085776e+04 9.244636049893867336e-01
6.075559494101491873e+04 7.703310399029802413e-01
6.075559520107561548e+04 8.916075307430116892e-01
6.075559546113631222e+04 1.024189228828500609e+00
6.075559572119700897e+04 7.765770211963229919e-01
6.075559598125769844e+04 7.719966870206155241e-01
6.075559624131839519e+04 8.328737578784691786e-01
6.075559650137908466e+04 7.733308989964253755e-01
6.075559676143977413e+04 7.506382148210697380e-01
6.075559702150047087e+04 1.026127402174030534e+00
6.075559728156116762e+04 1.155674087805506511e+00
6.075559754162186437e+04 8.469229050038151740e-01
6.075559780168256111e+04 1.135052973275772592e+00
6.075559806174325058e+04 8.407449163591094177e-01
6.075559832180394733e+04 1.124554091908429587e+00
6.075559858186464407e+04 1.027372840421936884e+00
6.075559884192533355e+04 9.876148645370192991e-01
6.075559910198603029e+04 1.175443641558257646e+00
6.075559936204671976e+04 9.687007465328458800e-01
6.075559962210741651e+04 7.013814991629274687e-01
6.075559988216811325e+04 1.085311070814009682e+00
6.075560014222880272e+04 1.008836046701642619e+00
6.075560040228950675e+04 8.892495896073838724e-01
6.075560066235019622e+04 1.046937503575975370e+00
6.075560092241089296e+04 7.916749427469690348e-01
6.075560118247158971e+04 8.739637571171973152e-01
6.075560144253227918e+04 8.476248723116566186e-01
6.075560170259296865e+04 1.183603373080447163e+00
6.075560196265366540e+04 7.960024634515716624e-01
6.075560222271436214e+04 7.470224608069911953e-01
6.075560248277505889e+04 9.794576216041395167e-01
6.075560274283574836e+04 7.979342514469592862e-01
6.075560300289644510e+04 8.181339049277308595e-01
6.075560326295714185e+04 8.967670042620321524e-01
6.075560352301783860e+04 8.805174624316408627e-01
6.075560378307853534e+04 9.878094434915544175e-01
6.075560404313922481e+04 8.140537242617066349e-01
6.075560430319992156e+04 8.780077497241838280e-01
6.075560456326061831e+04 7.971665815204055372e-01
6.075560482332130050e+04 9.780085088992919173e-01
6.075560508338199725e+04 1.013446131727320010e+00
6.075560534344269399e+04 7.874019230796253099e-01
6.075560560350339074e+04 7.910400432903045287e-01
6.075560586356408749e+04 6.517402331788076930e-01
6.075560612362477696e+04 7.452147597665227385e-01
6.075560638368547370e+04 1.000996393765930526e+00
6.075560664374617045e+04 8.519836245043589384e-01
6.075560690380686719e+04 8.461228245447082186e-01
6.075560716386756394e+04 7.621463612321246472e-01
6.075560742392825341e+04 9.246519980418994589e-01
6.075560768398895016e+04 1.001978338432096383e+00
6.075560794404964690e+04 9.574020759330270636e-01
6.075560820411032910e+04 7.675955850838314110e-01
6.075560846417102584e+04 9.107371978211550312e-01
6.075560872423172259e+04 7.721047205462056029e-01
6.075560898429241934e+04 1.121734995255966094e+00
6.075560924435311608e+04 9.159930682599118912e-01
6.075560950441380555e+04 9.828682348628430265e-01
6.075560976447450230e+04 5.887982872295161041e-01
6.075561002453519905e+04 7.154005289210617624e-01
6.075561028459589579e+04 1.235265454608184266e+00
6.075561054465659254e+04 6.672719469188450603e-01
6.075561080471728201e+04 8.117154518628435511e-01
6.075561106477797875e+04 7.824762294314195898e-01
6.075561132483867550e+04 9.860033643096453027e-01
6.075561158489937225e+04 7.442886001524813278e-01
6.075561184496006899e+04 9.967503779080620907e-01
6.075561210502075846e+04 9.033908784143646065e-01
6.075561236508144793e+04 9.118683282839756821e-01
6.075561262514214468e+04 9.422142735384516632e-01
6.075561288520283415e+04 8.379783848611398467e-01
6.075561314526353090e+04 8.804951037022058502e-01
6.075561340532422764e+04 8.681681531053664358e-01
6.075561366538492439e+04 1.088508592259821661e+00
6.075561392544562113e+04 8.668676693369748998e-01
6.075561418550631060e+04 1.164491099712285038e+00
6.075561444556700735e+04 7.268835556093588002e-01
6.075561470562770410e+04 1.070417938177633976e+00
6.075561496568840084e+04 9.565189560602933572e-01
6.075561522574909759e+04 8.116848124715572155e-01
6.075561548580978706e+04 1.036191428383371749e+00
6.075561574587048381e+04 1.079203056653147419e+00
6.075561600593118055e+04 6.904103551093793145e-01
6.075561626599187002e+04 1.055983994852679020e+00
6.075561652605256677e+04 8.505232190623959188e-01
6.075561678611326352e+04 1.055847518221839421e+00
6.075561704617396026e+04 8.357406417425518041e-01
6.075561730623465701e+04 1.006730490939737432e+00
6.075561756629534648e+04 6.640810949405211439e-01
6.075561782635604322e+04 8.806163954872705535e-01
6.075561808641673269e+04 9.117266084410878824e-01
6.075561834647742944e+04 8.507129989577423279e-01
6.075561860653812619e+04 1.218781507726750757e+00
6.075561886659881566e+04 8.103829129790810493e-01
6.075561912665951240e+04 7.975223445959196411e-01
6.075561938672020915e+04 7.262299481992163797e-01
6.075561964678089862e+04 8.044195573727632720e-01
6.075561990684160264e+04 9.193563095773454874e-01
6.075562016690229211e+04 8.759737194043402120e-01
6.075562042696298886e+04 8.671414338882105222e-01
6.075562068702368560e+04 9.122067074225762573e-01
6.075562094708437508e+04 9.392380078268393051e-01
6.075562120714507182e+04 8.037521295115348519e-01
6.075562146720576857e+04 9.818119977201663628e-01
6.075562172726646531e+04 9.804411626335196583e-01
6.075562198732716206e+04 8.367760227147145180e-01
6.075562224738785153e+04 1.073043929680933539e+00
6.075562250744854828e+04 7.775449502262451462e-01
6.075562276750924502e+04 1.219824078474009532e+00
6.075562302756994177e+04 9.638705493165380389e-01
6.075562328763063852e+04 7.791134458891830761e-01
6.075562490904599690e+04 8.337261909535597093e-01
6.075562516909990518e+04 7.657927878812823552e-01
6.075562542915379890e+04 9.224025864762830373e-01
6.075562568920769263e+04 9.615797400949835927e-01
6.075562594926160091e+04 8.620664581022668971e-01
6.075562620931549463e+04 8.880464980353548476e-01
6.075562646936939564e+04 8.941502676664684346e-01
6.075562672942329664e+04 1.125901047661745924e+00
6.075562698947719036e+04 9.848964290132808941e-01
6.075562724953109864e+04 6.829749233339555969e-01
6.075562750958499237e+04 9.525550965034448314e-01
6.075562776963889337e+04 8.137801101209138910e-01
6.075562802969280165e+04 1.085736891149054806e+00
6.075562828974669537e+04 9.100463861631074014e-01
6.075562854980059637e+04 7.440809618479301557e-01
6.075562880985449738e+04 7.526587246728493330e-01
6.075562906990839110e+04 8.408593164824319510e-01
6.075562932996229938e+04 8.502252741032275685e-01
6.075562959001619311e+04 7.226966924299068618e-01
6.075562985007009411e+04 9.383238869107782820e-01
6.075563011012399511e+04 9.144586081619321405e-01
6.075563037017788884e+04 5.623701816669670617e-01
6.075563063023179711e+04 1.095693397789235801e+00
6.075563089028569084e+04 7.877600637866345457e-01
6.075563115033958456e+04 7.867032811893279742e-01
6.075563141039349284e+04 8.107888726642167310e-01
6.075563167044738657e+04 8.343892052519623626e-01
6.075563193050128757e+04 8.912627791872810290e-01
6.075563219055518857e+04 8.476407872282174516e-01
6.075563245060908230e+04 7.747116361923465089e-01
6.075563271066299058e+04 1.079375606236339769e+00
6.075563297071688430e+04 8.162027713613428936e-01
6.075563323077078530e+04 9.458635922545727270e-01
6.075563349082468631e+04 1.033026315059667244e+00
6.075563375087858003e+04 9.440478394895950309e-01
6.075563401093248831e+04 1.000820496704023510e+00
6.075563427098638203e+04 7.750350493582969236e-01
6.075563453104027576e+04 7.771763575064347673e-01
6.075563479109418404e+04 9.833758081312993227e-01
6.075563505114807776e+04 8.413169899449144395e-01
6.075563531120197877e+04 9.561813059086964328e-01
6.075563557125588704e+04 9.605154685164848383e-01
6.075563583130978077e+04 9.502687065001232947e-01
6.075563609136368905e+04 8.744612826664024396e-01
6.075563635141758277e+04 1.047004471468631737e+00
6.075563661147148377e+04 1.106317880034882295e+00
6.075563687152538478e+04 1.146782828086442718e+00
6.075563713157927850e+04 8.469680564550539081e-01
6.075563739163318678e+04 6.916752232180435334e-01
6.075563765168708051e+04 7.048115777778830582e-01
6.075563791174097423e+04 6.536931115051882735e-01
6.075563817179488251e+04 9.145867004291879931e-01
6.075563843184877624e+04 8.823471190541964937e-01
6.075563869190267724e+04 9.711610774960235393e-01
6.075563895195657824e+04 7.874894896525729271e-01
6.075563921201047197e+04 6.888773953703329900e-01
6.075563947206438024e+04 9.710775400400323276e-01
6.075563973211827397e+04 8.187383986246694612e-01
6.075563999217217497e+04 1.152063650286479835e+00
6.075564025222608325e+04 7.432841417879451074e-01
6.075564051227997697e+04 1.149265923905006925e+00
6.075564077233388525e+04 8.956419672495119499e-01
6.075564103238777898e+04 8.392680335726082630e-01
6.075564129244167270e+04 1.016905491108751614e+00
6.075564155249558098e+04 8.094882663804349177e-01
6.075564181254947471e+04 9.748333428938569245e-01
6.075564207260337571e+04 8.405615239754177237e-01
6.075564233265727671e+04 7.625092349547638593e-01
6.075564259271117044e+04 8.362149284029386509e-01
6.075564285276507871e+04 9.603930233610969980e-01
6.075564311281897244e+04 8.817698051141081850e-01
6.075564337287286617e+04 8.825098749258476483e-01
6.075564363292677444e+04 7.797475753216176475e-01
6.075564389298066817e+04 8.213464938588380670e-01
6.075564415303458372e+04 8.133571189889673425e-01
6.075564441308847745e+04 7.615529360664535785e-01
6.075564467314237118e+04 7.501696112165916475e-01
6.075564493319627945e+04 8.567669381242365434e-01
6.075564519325017318e+04 7.143916751870738047e-01
6.075564545330407418e+04 1.015709329238579262e+00
6.075564571335797518e+04 8.469448582581950991e-01
6.075564597341186891e+04 9.892581523944070643e-01
6.075564623346577719e+04 1.080732398992124921e+00
6.075564649351967091e+04 8.680084047777792966e-01
6.075564675357356464e+04 1.043815400160307272e+00
6.075564701362747292e+04 1.014083179772714116e+00
6.075564727368136664e+04 9.537930838969016500e-01
6.075564753373527492e+04 1.001113482877091787e+00
6.075564779378917592e+04 8.694797884952050193e-01
6.075564805384306965e+04 9.390961395345142071e-01
6.075564831389697792e+04 9.386625179049905565e-01
6.075564857395087165e+04 1.135867807469249646e+00
6.075564883400477265e+04 8.535745078448847556e-01
6.075564909405867365e+04 6.762631173349370473e-01
6.075564935411256738e+04 9.359475507612300405e-01
6.075564961416647566e+04 9.753751482518633331e-01
6.075564987422036938e+04 7.569670296690954592e-01
6.075565013427426311e+04 1.129737611192499713e+00
6.075565039432817866e+04 1.000056663599437901e+00
6.075565065438207239e+04 9.398181761183820315e-01
6.075565091443597339e+04 1.034165432448150401e+00
6.075565117448987439e+04 8.464820990253585364e-01
6.075565143454376812e+04 1.223233035194421392e+00
6.075565169459767640e+04 8.570287014575702633e-01
6.075565195465157012e+04 1.079679316910905351e+00
6.075565221470547112e+04 9.377568462402013916e-01
6.075565247475937213e+04 1.032799064483866935e+00
6.075565273481326585e+04 8.946538887301060949e-01
6.075565299486718141e+04 1.082106684903209048e+00
6.075565325492107513e+04 7.862587511451175626e-01
6.075565492676799477e+04 1.141923515759290186e+00
6.075565518682868424e+04 7.154820961174995775e-01
6.075565544688938098e+04 7.212721123064954609e-01
6.075565570695007773e+04 1.070332576734964736e+00
6.075565596701077448e+04 6.771012840396796184e-01
6.075565622707147122e+04 1.112793192926614827e+00
6.075565648713216069e+04 8.503793058698257967e-01
6.075565674719285744e+04 8.713905583500416441e-01
6.075565700725356146e+04 9.233861613287362990e-01
6.075565726731425821e+04 1.202425906053856464e+00
6.075565752737495495e+04 9.530236262997977548e-01
6.075565778743564442e+04 7.910973721948765247e-01
6.075565804749634117e+04 8.935409811983817674e-01
6.075565830755703792e+04 1.017143330450854588e+00
6.075565856761772739e+04 6.006296817452291270e-01
6.075565882767842413e+04 9.690891851298124582e-01
6.075565908773912088e+04 1.036122794229583421e+00
6.075565934779981762e+04 6.862806097101743497e-01
6.075565960786051437e+04 9.910645343189404821e-01
6.075565986792121112e+04 9.213545151723928628e-01
6.075566012798190786e+04 1.019899871634504462e+00
6.075566038804260461e+04 9.591040684612656131e-01
6.075566064810330136e+04 1.269875616464392509e+00
6.075566090816399810e+04 9.293052866536556378e-01
6.075566116822468757e+04 1.110183769771425188e+00
6.075566142828538432e+04 8.599168940212825740e-01
6.075566168834608106e+04 9.871982033438186921e-01
6.075566194840677781e+04 9.952820418863729257e-01
6.075566220846748183e+04 9.772512173152883008e-01
6.075566246852817130e+04 9.486941704809513931e-01
6.075566272858886805e+04 8.980369525749666293e-01
6.075566298864956480e+04 1.017330409289038284e+00
6.075566324871025427e+04 1.027430717140472627e+00
6.075566350877095101e+04 8.214641108635691857e-01
6.075566376883164776e+04 8.397193064121988293e-01
6.075566402889234450e+04 1.105599197973385683e+00
6.075566428895304125e+04 8.114207842742460208e-01
6.075566454901373800e+04 1.185231430487395210e+00
6.075566480907443474e+04 8.333935479768764809e-01
6.075566506913513149e+04 8.453481128568731684e-01
6.075566532919582824e+04 8.535783750939675008e-01
6.075566558925652498e+04 1.019388361085887373e+00
6.075566584931721445e+04 9.296254118049310788e-01
6.075566610937791120e+04 8.545151583246050064e-01
6.075566636943860794e+04 1.016112238118733302e+00
6.075566662949930469e+04 8.492538451058369020e-01
6.075566688956000144e+04 1.006330083479565873e+00
6.075566714962069818e+04 9.823148750894072911e-01
6.075566740968139493e+04 1.002642058093474065e+00
6.075566766974209168e+04 9.271700974773675608e-01
6.075566792980278115e+04 9.402649532949162170e-01
6.075566818986347789e+04 7.568652271217185534e-01
6.075566844992417464e+04 8.551982460104340378e-01
6.075566870998487866e+04 1.027757001894498812e+00
6.075566897004557541e+04 8.719959872164123604e-01
6.075566923010626488e+04 6.353412431548390860e-01
6.075566949016696162e+04 9.915623160824603710e-01
6.075566975022765837e+04 9.317448783432359383e-01
6.075567001028834784e+04 1.009648283466952901e+00
6.075567027034905186e+04 7.175038404783200541e-01
6.075567053040974133e+04 8.550283934555670262e-01
6.075567079047044535e+04 8.912537207809937412e-01
6.075567105053114210e+04 6.933965973443760866e-01
6.075567131059183157e+04 8.504143587391990167e-01
6.075567157065252832e+04 7.710186561566059193e-01
6.075567183071322506e+04 8.273981537166243960e-01
6.075567209077392181e+04 1.107824552469385271e+00
6.075567235083461856e+04 1.058126713817368225e+00
6.075567261089531530e+04 9.830042765628563828e-01
6.075567287095601205e+04 8.346056102055747772e-01
6.075567313101670879e+04 9.985898368439685147e-01
6.075567339107740554e+04 1.225386010185698593e+00
6.075567365113810229e+04 7.317116345121099652e-01
6.075567391119879176e+04 7.535158278315158276e-01
6.075567417125948850e+04 1.124945369470801149e+00
6.075567443132019253e+04 7.771929369315628833e-01
6.075567469138088200e+04 9.213949143654864837e-01
6.075567495144157874e+04 9.829864452653004347e-01
6.075567521150227549e+04 8.625146498959044283e-01
6.075567547156297223e+04 9.896439880678961076e-01
6.075567573162366898e+04 1.104709329557332698e+00
6.075567599168436573e+04 8.512767081159439142e-01
6.075567625174506247e+04 8.781731367319275394e-01
6.075567651180575922e+04 1.267907641669380858e+00
6.075567677186645597e+04 9.656428330984482278e-01
6.075567703192715271e+04 9.342574736699814641e-01
6.075567729198784218e+04 1.107782919264417965e+00
6.075567755204853893e+04 1.028440027125575806e+00
6.075567781210924295e+04 1.109593168002466879e+00
6.075567807216993242e+04 1.000905588376553412e+00
6.075567833223062917e+04 7.886702427598135667e-01
6.075567859229132591e+04 7.943260239386092936e-01
6.075567885235202266e+04 9.036157462817283603e-01
6.075567911241271941e+04 9.381225176398447774e-01
6.075567937247341615e+04 6.959023047111297933e-01
6.075567963253411290e+04 9.597085610988015381e-01
6.075567989259480964e+04 1.165842693045145317e+00
6.075568015265550639e+04 9.306396156529901376e-01
6.075568041271620314e+04 9.567293917581726204e-01
6.075568067277689261e+04 1.160416251892088635e+00
6.075568093283759663e+04 9.907185469936758970e-01
6.075568119289829338e+04 1.205606211264288241e+00
6.075568145295898285e+04 1.147618735235546694e+00
6.075568171301968687e+04 1.071809624019416152e+00
6.075568197308037634e+04 7.887961842870887530e-01
6.075568223314107308e+04 9.975993930201599857e-01
6.075568249320177711e+04 1.367106432479641365e+00
6.075568275326246658e+04 9.588937310397707137e-01
6.075568301332316332e+04 8.668096999419602211e-01
6.075568327338386007e+04 8.452371304530232887e-01
6.075568483179301256e+04 9.936343112133447786e-01
6.075568509184680443e+04 7.291863803408024092e-01
6.075568535190059629e+04 9.407947023593477009e-01
6.075568561195438815e+04 9.729137313600012549e-01
6.075568587200818729e+04 9.387534132443898782e-01
6.075568613206199370e+04 9.873242397890873434e-01
6.075568639211578557e+04 9.995796562503844740e-01
6.075568665216957743e+04 1.314247153570190063e+00
6.075568691222336929e+04 8.200931848757364584e-01
6.075568717227716115e+04 1.015773568728378207e+00
6.075568743233096029e+04 1.068316561708651191e+00
6.075568769238475215e+04 9.108787549846487641e-01
6.075568795243854402e+04 7.849242741283379843e-01
6.075568821249233588e+04 1.050959509631352429e+00
6.075568847254613502e+04 1.012951812526853068e+00
6.075568873259992688e+04 9.171280258058343016e-01
6.075568899265372602e+04 8.835245033496251787e-01
6.075568925270752516e+04 9.725114487482560133e-01
6.075568951276131702e+04 7.390868183974430572e-01
6.075568977281511616e+04 7.475469542250203769e-01
6.075569003286890802e+04 9.596837818212345939e-01
6.075569029292269988e+04 8.270148902021218218e-01
6.075569055297649174e+04 8.711940896044696458e-01
6.075569081303029088e+04 9.526099420627787140e-01
6.075569107308408275e+04 8.980229364387681823e-01
6.075569133313787461e+04 8.850707515450119134e-01
6.075569159319166647e+04 7.632041615155463754e-01
6.075569185324547288e+04 8.622465997441546293e-01
6.075569211329927202e+04 1.033994656667335699e+00
6.075569237335306389e+04 9.053982430204483567e-01
6.075569263340685575e+04 1.042412225036549733e+00
6.075569289346064761e+04 8.300851238410922317e-01
6.075569315351444675e+04 8.662749302084880032e-01
6.075569341356823861e+04 1.025337611684247197e+00
6.075569367362203047e+04 8.807234786879842847e-01
6.075569393367582234e+04 1.253369911464606856e+00
6.075569419372962147e+04 8.369247738534577596e-01
6.075569445378341334e+04 1.011266914600833511e+00
6.075569471383720520e+04 7.995876496247356080e-01
6.075569497389100434e+04 1.080951292627986726e+00
6.075569523394481075e+04 9.598292862813330162e-01
6.075569549399860261e+04 1.357973601188196433e+00
6.075569575405239448e+04 8.227252890787281059e-01
6.075569601410618634e+04 9.515149181591378014e-01
6.075569627415998548e+04 1.140907689236178024e+00
6.075569653421377734e+04 6.903840356909732856e-01
6.075569679426756920e+04 1.020021454618842860e+00
6.075569705432136107e+04 1.008466801182828831e+00
6.075569731437516020e+04 1.326946435644724476e+00
6.075569757442895207e+04 1.031888952237385526e+00
6.075569783448274393e+04 1.072038332422708962e+00
6.075569809453654307e+04 1.046959577737587077e+00
6.075569835459034948e+04 9.792235748179314303e-01
6.075569861464414134e+04 7.409492053648525367e-01
6.075569887469793321e+04 8.562824568418907489e-01
6.075569913475172507e+04 1.183879514825003865e+00
6.075569939480552421e+04 9.201769802340220572e-01
6.075569965485931607e+04 8.741069774266368997e-01
6.075569991491310793e+04 7.085527916270092375e-01
6.075570017496689979e+04 1.063567837852764209e+00
6.075570043502069893e+04 9.802685286725429936e-01
6.075570069507449080e+04 9.599226878311372113e-01
6.075570095512828993e+04 9.972575210375778099e-01
6.075570121518208907e+04 1.004323711547092213e+00
6.075570147523588821e+04 1.124504477464699059e+00
6.075570173528968007e+04 1.133167481728061476e+00
6.075570199534347194e+04 9.787975611765883377e-01
6.075570225539727107e+04 8.047867623102312740e-01
6.075570251545106294e+04 1.130718744725227598e+00
6.075570277550485480e+04 8.933714738383513598e-01
6.075570303555864666e+04 1.044205329943086458e+00
6.075570329561244580e+04 9.842879333578773426e-01
6.075570355566623766e+04 9.010180148649284959e-01
6.075570381572002952e+04 1.134513270704250010e+00
6.075570407577382866e+04 9.380058192925947447e-01
6.075570433582763508e+04 9.454009304911796807e-01
6.075570459588142694e+04 8.969068829942308252e-01
6.075570485593521880e+04 1.134249462500177108e+00
6.075570511598901066e+04 9.636519005247025094e-01
6.075570537604280980e+04 9.818497434267408064e-01
6.075570563609660167e+04 1.325497302078742612e+00
6.075570589615039353e+04 1.193854808200000894e+00
6.075570615620419267e+04 1.047892905988341505e+00
6.075570641625798453e+04 9.507165607640916116e-01
6.075570667631177639e+04 8.721759910614595990e-01
6.075570693636557553e+04 8.364405509097051494e-01
6.075570719641938194e+04 9.331808197220203827e-01
6.075570745647317381e+04 8.814690480749911572e-01
6.075570771652696567e+04 9.511302275686221996e-01
6.075570797658076481e+04 9.442875383421533986e-01
6.075570823663455667e+04 8.334426045803271510e-01
6.075570849668834853e+04 9.643455613775065993e-01
6.075570875674214039e+04 1.018534085873003203e+00
6.075570901679593953e+04 9.571669859544074122e-01
6.075570927684973140e+04 8.644424570401807451e-01
6.075570953690352326e+04 1.097752053199860134e+00
6.075570979695732240e+04 9.730669442189032736e-01
6.075571005701112153e+04 1.041825181499790087e+00
6.075571031706492067e+04 8.966829234376076929e-01
6.075571057711871254e+04 7.786522881447894839e-01
6.075571083717251167e+04 1.041768584119011631e+00
6.075571109722630354e+04 8.933689893970553353e-01
6.075571135728009540e+04 8.560178545415038087e-01
6.075571161733389454e+04 9.143174427369947788e-01
6.075571187738768640e+04 1.058023880483354162e+00
6.075571213744147826e+04 1.119847150957026249e+00
6.075571239749527740e+04 1.027334984480106295e+00
6.075571265754906926e+04 9.652859848347145055e-01
6.075571291760286840e+04 1.035636089776981184e+00
6.075571317765666754e+04 9.214123526026800626e-01
6.075571474868715450e+04 8.673157914100353416e-01
6.075571500874785124e+04 9.198954661603137017e-01
6.075571526880854799e+04 1.045074872113010755e+00
6.075571552886924474e+04 8.882224226315861282e-01
6.075571578892994148e+04 1.022785010917800053e+00
6.075571604899063823e+04 1.107882085925949944e+00
6.075571630905133497e+04 1.009498312960762867e+00
6.075571656911203172e+04 1.009360923862556048e+00
6.075571682917273574e+04 1.014227981899682440e+00
6.075571708923342521e+04 9.894619809138972544e-01
6.075571734929412196e+04 1.108131157563987612e+00
6.075571760935482598e+04 7.470960373267102606e-01
6.075571786941552273e+04 1.055921202662670533e+00
6.075571812947621947e+04 1.067172465784161250e+00
6.075571838953690894e+04 9.376325135533594146e-01
6.075571864959761297e+04 9.466654636128871703e-01
6.075571890965830971e+04 9.683576689651023361e-01
6.075571916971899918e+04 6.724045484325676947e-01
6.075571942977970320e+04 9.881469788712633484e-01
6.075571968984039995e+04 1.029029993982691682e+00
6.075571994990109670e+04 1.037352179944295294e+00
6.075572020996180072e+04 8.613262911070104222e-01
6.075572047002249019e+04 1.173093208593614101e+00
6.075572073008318694e+04 1.006078984355615491e+00
6.075572099014388368e+04 7.269677712334424724e-01
6.075572125020458770e+04 1.105112312637869687e+00
6.075572151026528445e+04 1.237027487971501305e+00
6.075572177032597392e+04 9.391411343432343184e-01
6.075572203038667794e+04 1.159452035096981026e+00
6.075572229044737469e+04 8.324007847579732999e-01
6.075572255050806416e+04 9.899193671618838897e-01
6.075572281056877546e+04 8.610196360768369583e-01
6.075572307062946493e+04 1.133869968647887916e+00
6.075572333069016167e+04 1.076581415925198959e+00
6.075572359075086570e+04 8.644344437810778103e-01
6.075572385081155517e+04 1.328222917712479800e+00
6.075572411087225191e+04 8.034074771775362445e-01
6.075572437093294866e+04 9.780198999013820504e-01
6.075572463099365268e+04 1.000160116690364198e+00
6.075572489105434943e+04 1.031741921143068286e+00
6.075572515111503890e+04 1.103707820287376684e+00
6.075572541117574292e+04 8.492440308472558597e-01
6.075572567123643967e+04 9.191255246177989502e-01
6.075572593129713641e+04 1.016188295696292210e+00
6.075572619135784043e+04 6.473654917135570619e-01
6.075572645141852990e+04 8.147538704014885003e-01
6.075572671147922665e+04 7.366545013967049638e-01
6.075572697153993067e+04 1.006950865291267316e+00
6.075572723160062014e+04 9.185946966030629213e-01
6.075572749166131689e+04 8.909270546208432062e-01
6.075572775172202091e+04 1.008416705462836571e+00
6.075572801178271766e+04 1.078845994308216261e+00
6.075572827184341440e+04 9.875995615642993997e-01
6.075572853190411115e+04 8.883621356208584174e-01
6.075572879196480790e+04 1.020153441704938713e+00
6.075572905202550464e+04 1.013789515151253040e+00
6.075572931208620867e+04 1.062469580895890608e+00
6.075572957214690541e+04 9.496084848504688924e-01
6.075572983220759488e+04 8.827922929673002184e-01
6.075573009226829890e+04 8.271324926226367724e-01
6.075573035232899565e+04 7.777205669683622258e-01
6.075573061238968512e+04 8.267622550276170212e-01
6.075573087245038914e+04 1.236846344750754501e+00
6.075573113251108589e+04 1.085479996908807587e+00
6.075573139257178264e+04 7.442272792236080958e-01
6.075573165263248666e+04 8.367972893269024492e-01
6.075573191269317613e+04 7.173001725285363950e-01
6.075573217275387287e+04 9.283251152111702265e-01
6.075573243281457690e+04 1.093608056364684611e+00
6.075573269287527364e+04 7.288454193301966422e-01
6.075573295293597039e+04 8.272735027606875624e-01
6.075573321299666713e+04 1.181855745771809740e+00
6.075573347305736388e+04 6.848752090567151729e-01
6.075573373311806063e+04 1.006817711145627570e+00
6.075573399317875737e+04 1.192780531978127279e+00
6.075573425323946140e+04 9.623174218704069194e-01
6.075573451330015087e+04 1.024229840889784748e+00
6.075573477336085489e+04 1.020041334896528484e+00
6.075573503342155163e+04 1.135649845459841822e+00
6.075573529348224110e+04 9.378659942852622944e-01
6.075573555354294513e+04 9.514597835652656155e-01
6.075573581360364187e+04 9.831596602340052504e-01
6.075573607366434589e+04 1.050328233123712485e+00
6.075573633372504264e+04 1.173034959361899610e+00
6.075573659378573211e+04 9.506841300708243070e-01
6.075573685384643613e+04 1.102427754996514686e+00
6.075573711390713288e+04 1.143129435045695086e+00
6.075573737396782963e+04 1.239120283712015658e+00
6.075573763402853365e+04 1.001153161745628406e+00
6.075573789408922312e+04 1.174081898459637063e+00
6.075573815414991986e+04 1.222346519288085132e+00
6.075573841421062389e+04 1.135534899632794081e+00
6.075573867427131336e+04 1.005064173806754280e+00
6.075573893433201010e+04 8.439045638212232525e-01
6.075573919439271413e+04 8.713030609765548551e-01
6.075573945445341087e+04 9.839573477063561224e-01
6.075573971451411489e+04 7.361540283949136176e-01
6.075573997457480436e+04 9.481551057796997473e-01
6.075574023463550111e+04 9.108873840445398384e-01
6.075574049469620513e+04 8.486705567953628515e-01
6.075574075475690188e+04 1.002811371431264975e+00
6.075574101481759863e+04 1.224543970470737042e+00
6.075574127487829537e+04 8.757396892077468076e-01
6.075574153493899212e+04 1.064886959741492722e+00
6.075574179499969614e+04 9.793238186260343481e-01
6.075574205506038561e+04 1.186012990021543034e+00
6.075574231512108236e+04 9.361501857785985425e-01
6.075574257518178638e+04 1.089711592706778198e+00
6.075574283524248312e+04 9.619434143477884058e-01
6.075574309530317987e+04 1.054724496254066501e+00
6.075574483016229351e+04 9.969180925806171434e-01
6.075574509021608537e+04 1.125687479467447627e+00
6.075574535026989179e+04 1.190637726473400271e+00
6.075574561032369093e+04 9.272379057442787786e-01
6.075574587037748279e+04 1.250399030033530368e+00
6.075574613043128193e+04 1.193909955072955942e+00
6.075574639048507379e+04 1.039604784969766493e+00
6.075574665053887293e+04 8.502676247699397782e-01
6.075574691059266479e+04 8.725231018397133775e-01
6.075574717064645665e+04 1.133359441063724216e+00
6.075574743070025579e+04 9.369360938480048029e-01
6.075574769075404765e+04 1.069639934061113351e+00
6.075574795080784679e+04 9.488113941098323956e-01
6.075574821086163865e+04 9.536038090441510962e-01
6.075574847091544507e+04 1.082955441911583883e+00
6.075574873096924421e+04 7.580990223947334794e-01
6.075574899102303607e+04 1.461142761708023263e+00
6.075574925107683521e+04 1.061421466019206727e+00
6.075574951113062707e+04 9.867801617204233766e-01
6.075574977118442621e+04 9.865583289275998702e-01
6.075575003123821807e+04 8.871856922697323178e-01
6.075575029129201721e+04 1.180930860978819164e+00
6.075575055134580907e+04 9.586773881228977112e-01
6.075575081139960093e+04 9.633911748971101252e-01
6.075575107145340007e+04 9.593641357312533424e-01
6.075575133150719921e+04 1.409806536672351562e+00
6.075575159156100563e+04 1.094019953664626232e+00
6.075575185161479749e+04 9.046855225928686073e-01
6.075575211166859663e+04 1.037776170674619358e+00
6.075575237172238849e+04 1.098577475901070466e+00
6.075575263177618035e+04 1.192860495932027698e+00
6.075575289182997949e+04 8.125790302197936077e-01
6.075575315188377135e+04 6.969749134345127883e-01
6.075575341193757049e+04 8.340452896034886709e-01
6.075575367199136235e+04 9.910808871062520842e-01
6.075575393204516149e+04 9.494869601358012501e-01
6.075575419209895335e+04 8.134307992229582451e-01
6.075575445215275249e+04 8.426010060647600719e-01
6.075575471220655891e+04 1.039458602427810296e+00
6.075575497226035077e+04 8.525804802815070138e-01
6.075575523231414991e+04 1.148549902126174471e+00
6.075575549236794177e+04 9.537098456341291941e-01
6.075575575242174091e+04 9.908521211457386180e-01
6.075575601247553277e+04 1.153142298541606214e+00
6.075575627252933191e+04 9.748212774183211415e-01
6.075575653258312377e+04 9.527561996149297441e-01
6.075575679263691563e+04 8.944883210407290619e-01
6.075575705269071477e+04 1.103425989500328219e+00
6.075575731274451391e+04 9.088920224521735980e-01
6.075575757279832033e+04 1.044262945733219317e+00
6.075575783285211219e+04 8.910652640836665972e-01
6.075575809290591133e+04 9.665657672832588254e-01
6.075575835295970319e+04 1.326251003564599573e+00
6.075575861301350233e+04 1.311505061663055693e+00
6.075575887306729419e+04 1.210443960849246547e+00
6.075575913312109333e+04 8.085424268712985141e-01
6.075575939317488519e+04 1.126126450877273033e+00
6.075575965322867705e+04 1.194454796323487500e+00
6.075575991328247619e+04 1.342322829214209090e+00
6.075576017333626805e+04 8.893494831758120833e-01
6.075576043339007447e+04 1.186395031130191846e+00
6.075576069344387361e+04 1.299044809726529026e+00
6.075576095349767274e+04 9.991483570609748233e-01
6.075576121355146461e+04 9.950496220359899002e-01
6.075576147360526375e+04 9.948730569997240591e-01
6.075576173365905561e+04 1.183205439754089205e+00
6.075576199371285475e+04 1.000046147705238697e+00
6.075576225376664661e+04 1.127191103838632413e+00
6.075576251382044575e+04 1.106013626976780628e+00
6.075576277387423761e+04 9.563748889232808192e-01
6.075576303392802947e+04 1.069697863797663295e+00
6.075576329398183589e+04 1.017056536138983613e+00
6.075576355403563502e+04 9.659327384518299198e-01
6.075576381408943416e+04 7.367295763285491850e-01
6.075576407414322603e+04 8.445636282777111425e-01
6.075576433419702516e+04 8.972080219885614216e-01
6.075576459425081703e+04 1.230476590159130579e+00
6.075576485430461616e+04 8.002465456122663801e-01
6.075576511435840803e+04 9.839494753229391932e-01
6.075576537441220717e+04 1.114606113260614650e+00
6.075576563446599903e+04 9.530403016509643166e-01
6.075576589451979817e+04 1.200139081524922657e+00
6.075576615457359003e+04 8.839148170802870741e-01
6.075576641462739644e+04 9.252751199889077682e-01
6.075576667468119558e+04 1.111017915666852263e+00
6.075576693473499472e+04 1.072164438689255039e+00
6.075576719478878658e+04 8.537641706125147500e-01
6.075576745484258572e+04 1.145149655251441079e+00
6.075576771489637758e+04 8.708367153395701887e-01
6.075576797495017672e+04 1.006800277960685275e+00
6.075576823500396858e+04 9.033868663628987772e-01
6.075576849505776045e+04 1.077058671088792607e+00
6.075576875511155959e+04 1.181663111092674079e+00
6.075576901516535145e+04 1.121461227634646063e+00
6.075576927521915786e+04 1.144060260523381611e+00
6.075576953527295700e+04 9.726261326016447661e-01
6.075576979532675614e+04 9.609104787735917030e-01
6.075577005538054800e+04 1.004249266571918264e+00
6.075577031543434714e+04 1.107090732259141452e+00
6.075577057548813900e+04 9.765842436754431644e-01
6.075577083554193814e+04 1.039341689853685802e+00
6.075577109559573000e+04 1.024474252956588893e+00
6.075577135564952914e+04 9.831325426719995653e-01
6.075577161570332100e+04 9.934491005351580029e-01
6.075577187575712014e+04 1.043952548897692401e+00
6.075577213581091200e+04 1.044831110199000657e+00
6.075577239586471842e+04 9.830109561483640901e-01
6.075577265591851756e+04 9.589266153376011514e-01
6.075577291597231670e+04 1.016075845593140681e+00
6.075577317602610856e+04 1.181517983884675882e+00
