6.075585120116569306e+04 1.029426973054203165e+00
6.075585146121949219e+04 9.750478087141856154e-01
6.075585172127328406e+04 9.895700755947606231e-01
6.075585198132708319e+04 1.002327006918485974e+00
6.075585224138088233e+04 1.038364813468636516e+00
6.075585250143468147e+04 9.894247238929012589e-01
6.075585276148847333e+04 1.004098602984701438e+00
6.075585302154227247e+04 1.000109632554839978e+00
6.075585328159607161e+04 9.976548042064480315e-01
6.075585354164987803e+04 1.010011304105236540e+00
6.075585380170368444e+04 9.928258412304279412e-01
6.075585406175747630e+04 9.408717158470539799e-01
6.075585432181127544e+04 1.015688545054781011e+00
6.075585458186507458e+04 1.006168221083032277e+00
6.075585484191887372e+04 1.002498157834578629e+00
6.075585510197266558e+04 9.951419371029264216e-01
6.075585536202646472e+04 1.036865363085854197e+00
6.075585562208026386e+04 1.002645281312261050e+00
6.075585588213406299e+04 1.017108811876731300e+00
6.075585614218786213e+04 9.712013168804223273e-01
6.075585640224165400e+04 1.000484601602503965e+00
6.075585666229546041e+04 1.015136608927114548e+00
6.075585692234926682e+04 1.024113225862263832e+00
6.075585718240306596e+04 1.003249587339385407e+00
6.075585744245685783e+04 9.658620425839248291e-01
6.075585770251065696e+04 9.882890287588634859e-01
6.075585796256445610e+04 1.051258824242491841e+00
6.075585822261825524e+04 9.686168488500687124e-01
6.075585848267205438e+04 1.015760939626454196e+00
6.075585874272584624e+04 9.888052310747881268e-01
6.075585900277964538e+04 1.000528224729592131e+00
6.075585926283344452e+04 1.009779574963507009e+00
6.075585952288725093e+04 1.002130879972892963e+00
6.075585978294105735e+04 1.012378550202617911e+00
6.075586004299484921e+04 1.010697014607442101e+00
6.075586030304864835e+04 1.020864920213111482e+00
6.075586056310244749e+04 9.600752235095028064e-01
6.075586082315624662e+04 9.915281690748171117e-01
6.075586108321004576e+04 9.922815815635355197e-01
6.075586134326383763e+04 9.846149840673394937e-01
6.075586160331763676e+04 1.000986552489206760e+00
6.075586186337143590e+04 1.006141121039868302e+00
6.075586212342523504e+04 9.902304319833402646e-01
6.075586238347903418e+04 1.000168829568975237e+00
6.075586264353283332e+04 1.018754009005130579e+00
6.075586290358663973e+04 9.805667482901642140e-01
6.075586316364043887e+04 1.007459278374257083e+00
6.075586342369423801e+04 9.840590124699287733e-01
6.075586368374803715e+04 1.005031699392416433e+00
6.075586394380182901e+04 9.575900038091393895e-01
6.075586420385562815e+04 1.017496168853978533e+00
6.075586446390942729e+04 9.529680852432140803e-01
6.075586472396322642e+04 9.432430083756563333e-01
6.075586498401702556e+04 9.876860211978318871e-01
6.075586524407081743e+04 1.005940334615840648e+00
6.075586550412462384e+04 1.000845960939928059e+00
6.075586576417843025e+04 9.774254993323612251e-01
6.075586602423222939e+04 1.033185596181331434e+00
6.075586628428602853e+04 9.779577481181145338e-01
6.075586654433982039e+04 9.573484204170721323e-01
6.075586680439361953e+04 9.536564426624646318e-01
6.075586706444741867e+04 1.001488508755570717e+00
6.075586732450121781e+04 9.841117822253113712e-01
6.075586758455501695e+04 9.833102822664212539e-01
6.075586784460881609e+04 9.999169853058377244e-01
6.075586810466260795e+04 1.041540480631249821e+00
6.075586836471640709e+04 9.741817225387980894e-01
6.075586862477021350e+04 9.913611429622533056e-01
6.075586888482401991e+04 9.837908075107660855e-01
6.075586914487781905e+04 1.008032852009288494e+00
6.075586940493161092e+04 1.001474455778961437e+00
6.075586966498541005e+04 9.487365804860916629e-01
6.075586992503920919e+04 9.476165857006790816e-01
6.075587018509300833e+04 1.007489462761718801e+00
6.075587044514680747e+04 1.011624498639418279e+00
6.075587070520060661e+04 9.928808055504637631e-01
6.075587096525439847e+04 1.035257463342972306e+00
6.075587122530819761e+04 9.717222756442295273e-01
6.075587148536199675e+04 9.918415594014149406e-01
6.075587174541581044e+04 9.649493732487890441e-01
6.075587200546960958e+04 9.682244381852470605e-01
6.075587226552340871e+04 9.827760844100319471e-01
6.075587252557720058e+04 9.915284110580674382e-01
6.075587278563099972e+04 9.930372045022940464e-01
6.075587304568479885e+04 9.742991566150662752e-01
6.075587330573859799e+04 9.803403009823667968e-01
6.075587356579239713e+04 9.649945949764527908e-01
6.075587382584619627e+04 9.861425587910742641e-01
6.075587408589998813e+04 1.009976470392150993e+00
6.075587434595378727e+04 1.028327789522648805e+00
6.075587460600759368e+04 1.014661442020835525e+00
6.075587486606140010e+04 1.014928861422886408e+00
6.075587512611519924e+04 1.044901995332262912e+00
6.075587538616899838e+04 1.039702429255032312e+00
6.075587564622279751e+04 1.024155636141297787e+00
6.075587590627658938e+04 1.003353223244769055e+00
6.075587616633038851e+04 1.009367173685323804e+00
6.075587642638418765e+04 9.627321149472793937e-01
6.075587668643798679e+04 9.478113492053169553e-01
6.075587694649178593e+04 9.642157397564047328e-01
6.075587720654558507e+04 9.770260157194844419e-01
6.075587746659937693e+04 1.027012710982557309e+00
6.075587772665318334e+04 9.802855933837023583e-01
6.075587798670698976e+04 1.000455718350270029e+00
6.075587824676078890e+04 9.915984444437268008e-01
6.075587850681458804e+04 9.383793714367314465e-01
6.075587876686838717e+04 9.834521464349100794e-01
6.075587902692218631e+04 1.015541541598386166e+00
6.075587928697597818e+04 9.708311443363224491e-01
6.075587954702977731e+04 1.033186889931002161e+00
6.075588115586427011e+04 1.006508572913866306e+00
6.075588141592496686e+04 9.796003636007998283e-01
6.075588167598567088e+04 1.004132746753148231e+00
6.075588193604636763e+04 9.916984518807770987e-01
6.075588219610707165e+04 1.010046931487932120e+00
6.075588245616777567e+04 1.015340687887057669e+00
6.075588271622847242e+04 1.007484689287583057e+00
6.075588297628917644e+04 9.845730311963477588e-01
6.075588323634988046e+04 9.944289919489214258e-01
6.075588349641056993e+04 9.659798288443257608e-01
6.075588375647127395e+04 9.681948217035892812e-01
6.075588401653197798e+04 9.839822620154259347e-01
6.075588427659268200e+04 9.734550641681219973e-01
6.075588453665338602e+04 1.019477262469146606e+00
6.075588479671408277e+04 9.945272939750802177e-01
6.075588505677478679e+04 9.833237324531194368e-01
6.075588531683548354e+04 9.937147752372542664e-01
6.075588557689618756e+04 9.832529840519856901e-01
6.075588583695689158e+04 9.912956486167970871e-01
6.075588609701758833e+04 9.986788048864099210e-01
6.075588635707829235e+04 1.006544820425115949e+00
6.075588661713899637e+04 1.007949662502171106e+00
6.075588687719969312e+04 1.004374136719810684e+00
6.075588713726038986e+04 9.753693803700824727e-01
6.075588739732109389e+04 9.851782687264345473e-01
6.075588765738179791e+04 9.997150643264167691e-01
6.075588791744250193e+04 9.462115307767368089e-01
6.075588817750319868e+04 9.798924188746488406e-01
6.075588843756390270e+04 1.020877657478197698e+00
6.075588869762460672e+04 9.776094102926332630e-01
6.075588895768530347e+04 9.857586945216424423e-01
6.075588921774600749e+04 9.563785086617340170e-01
6.075588947780670424e+04 9.824627478623073618e-01
6.075588973786740826e+04 9.582043991477424694e-01
6.075588999792811228e+04 9.852163799022239932e-01
6.075589025798880903e+04 9.847857402638824365e-01
6.075589051804952032e+04 1.024879530888650692e+00
6.075589077811021707e+04 9.649342760741629332e-01
6.075589103817091382e+04 9.804369671932444685e-01
6.075589129823161784e+04 9.686937499596317558e-01
6.075589155829231458e+04 9.911210663393701381e-01
6.075589181835301861e+04 9.724003718794170803e-01
6.075589207841372263e+04 9.962641793922637490e-01
6.075589233847442665e+04 9.638909410654963317e-01
6.075589259853513067e+04 9.857497012871794251e-01
6.075589285859582742e+04 9.929952924236437051e-01
6.075589311865652417e+04 9.801141887245968798e-01
6.075589337871722819e+04 9.717779660726774127e-01
6.075589363877793221e+04 9.728959154638301410e-01
6.075589389883863623e+04 9.197887872381139696e-01
6.075589415889933298e+04 9.614913719628206401e-01
6.075589441896003700e+04 1.008096341754846081e+00
6.075589467902074102e+04 9.934923425205335334e-01
6.075589493908143777e+04 1.018279854569184684e+00
6.075589519914213452e+04 1.015152264717103403e+00
6.075589545920283854e+04 9.189294186859889857e-01
6.075589571926354256e+04 1.012506839634490730e+00
6.075589597932424658e+04 9.816983280104681908e-01
6.075589623938494333e+04 1.001422979086358689e+00
6.075589649944564735e+04 1.007613961360506183e+00
6.075589675950635137e+04 9.879206546990881854e-01
6.075589701956705539e+04 9.568117038327136337e-01
6.075589727962775942e+04 9.561758117499614684e-01
6.075589753968844889e+04 9.886846897506500476e-01
6.075589779974915291e+04 1.020683186884575155e+00
6.075589805980985693e+04 9.619814441568971253e-01
6.075589831987055368e+04 9.583871842802760277e-01
6.075589857993125770e+04 9.996695508453944390e-01
6.075589883999196172e+04 1.019217195101750351e+00
6.075589910005266574e+04 1.022849447454158289e+00
6.075589936011336977e+04 9.996129299889121578e-01
6.075589962017406651e+04 1.008946212460007041e+00
6.075589988023477054e+04 1.052946674447901465e+00
6.075590014029546728e+04 1.003722463650833063e+00
6.075590040035617130e+04 9.766390688667444531e-01
6.075590066041687533e+04 9.835133237410839113e-01
6.075590092047757207e+04 9.055082547643271695e-01
6.075590118053827609e+04 9.738900946839904593e-01
6.075590144059898012e+04 9.757266607924631741e-01
6.075590170065967686e+04 1.002201348174386109e+00
6.075590196072038816e+04 9.363001248858574543e-01
6.075590222078108491e+04 1.026336253263995912e+00
6.075590248084178893e+04 9.972716270457124832e-01
6.075590274090249295e+04 9.800588268273477954e-01
6.075590300096318242e+04 1.057163217262350852e+00
6.075590326102388644e+04 1.021960373154782831e+00
6.075590352108459047e+04 1.015714072068296892e+00
6.075590378114529449e+04 9.452919815922916635e-01
6.075590404120599851e+04 9.982787213876839205e-01
6.075590430126669526e+04 9.684812325981498882e-01
6.075590456132739928e+04 9.971854825733940109e-01
6.075590482138810330e+04 9.463682231727155170e-01
6.075590508144880732e+04 9.543058393226797609e-01
6.075590534150951135e+04 9.694997321882841135e-01
6.075590560157020809e+04 9.999087937813663229e-01
6.075590586163091211e+04 1.034427290964872181e+00
6.075590612169160886e+04 9.753420009864330886e-01
6.075590638175230561e+04 9.810459887005060775e-01
6.075590664181300963e+04 9.802327617584510877e-01
6.075590690187371365e+04 9.223425978075178167e-01
6.075590716193441767e+04 1.030188116601550741e+00
6.075590742199512169e+04 1.032493855931791549e+00
6.075590768205581844e+04 9.646340042777129531e-01
6.075590794211652246e+04 9.667335855092082930e-01
6.075590820217722649e+04 9.775680903597464555e-01
6.075590846223793051e+04 9.920792950435604052e-01
6.075590872229863453e+04 9.822023321704463905e-01
6.075590898235933128e+04 1.003765557051424784e+00
6.075590924242003530e+04 1.022136486089608276e+00
6.075590950248073932e+04 9.857273605624081725e-01
6.075591106051386305e+04 1.031639683722559209e+00
6.075591132057445793e+04 9.402747442325357641e-01
6.075591158063505281e+04 9.620602499794215223e-01
6.075591184069564770e+04 9.753361267832192372e-01
6.075591210075624258e+04 9.470538213722993204e-01
6.075591236081683746e+04 1.000821807041016642e+00
6.075591262087743235e+04 1.051109580874929561e+00
6.075591288093802723e+04 1.000054346642587522e+00
6.075591314099862211e+04 1.007339665867441392e+00
6.075591340105922427e+04 9.856699504065477013e-01
6.075591366111981915e+04 9.912939372461802012e-01
6.075591392118041404e+04 9.751772939872003221e-01
6.075591418124100892e+04 9.848644657383487377e-01
6.075591444130160380e+04 9.803302637869037994e-01
6.075591470136219868e+04 9.696782921053472837e-01
6.075591496142279357e+04 9.822120489583171521e-01
6.075591522148338845e+04 9.504347855581681825e-01
6.075591548154399061e+04 1.006785104358877136e+00
6.075591574160458549e+04 9.770496576389006149e-01
6.075591600166518037e+04 9.493710657082621296e-01
6.075591626172577526e+04 1.005396619625984478e+00
6.075591652178637742e+04 9.697893240039885399e-01
6.075591678184697230e+04 9.662608833258129470e-01
6.075591704190756718e+04 9.760597895555241932e-01
6.075591730196816206e+04 1.003152815923855412e+00
6.075591756202875695e+04 9.865251047988680133e-01
6.075591782208935183e+04 1.013773204902958636e+00
6.075591808214994671e+04 9.489202669180734073e-01
6.075591834221054160e+04 9.737941315294416089e-01
6.075591860227113648e+04 1.003156001470813186e+00
6.075591886233173136e+04 9.642065908307392297e-01
6.075591912239232624e+04 9.471057051790724435e-01
6.075591938245292840e+04 9.970632779974936133e-01
6.075591964251352329e+04 9.824906080891270266e-01
6.075591990257411817e+04 9.291577788553787576e-01
6.075592016263471305e+04 1.012047291129680948e+00
6.075592042269530793e+04 1.004014294789392414e+00
6.075592068275590282e+04 9.692754993630456894e-01
6.075592094281649770e+04 9.686270550903279819e-01
6.075592120287709986e+04 9.829996924904337297e-01
6.075592146293769474e+04 1.005664450604497606e+00
6.075592172299828962e+04 9.649581294906725004e-01
6.075592198305888451e+04 9.822365596463086268e-01
6.075592224311948667e+04 1.009692570561141478e+00
6.075592250318008155e+04 9.992010651956405587e-01
6.075592276324067643e+04 9.677944936098421547e-01
6.075592302330127131e+04 9.639466968037599948e-01
6.075592328336186620e+04 9.932692648701407778e-01
6.075592354342246108e+04 9.308728146715845586e-01
6.075592380348305596e+04 9.593715561282341042e-01
6.075592406354365812e+04 9.939228300441508290e-01
6.075592432360425300e+04 9.880605440563920983e-01
6.075592458366484789e+04 9.644965207377855787e-01
6.075592484372544277e+04 9.513541521093822340e-01
6.075592510378604493e+04 1.001946670474266776e+00
6.075592536384663981e+04 9.363870888614036492e-01
6.075592562390723469e+04 1.006131938709217799e+00
6.075592588396782958e+04 9.690918506494333728e-01
6.075592614402842446e+04 9.835999938293789047e-01
6.075592640408901934e+04 9.582502028407400285e-01
6.075592666414961423e+04 9.311809364670818878e-01
6.075592692421020911e+04 9.641874417036825351e-01
6.075592718427081127e+04 9.503765522511303798e-01
6.075592744433140615e+04 9.561176260502350921e-01
6.075592770439200103e+04 9.855371361208293823e-01
6.075592796445260319e+04 9.401832307090584040e-01
6.075592822451319807e+04 9.638548303619588475e-01
6.075592848457379296e+04 1.050867889640243025e+00
6.075592874463438784e+04 1.014487875393806027e+00
6.075592900469498272e+04 1.006278451187265111e+00
6.075592926475557761e+04 1.018996359681620945e+00
6.075592952481617249e+04 9.402809787880362924e-01
6.075592978487676737e+04 9.126714639181311428e-01
6.075593004493736953e+04 9.647780209068498314e-01
6.075593030499796441e+04 9.442478185298006643e-01
6.075593056505855930e+04 9.528513357566439357e-01
6.075593082511916145e+04 9.711991701043486414e-01
6.075593108517975634e+04 9.805668344685998239e-01
6.075593134524035122e+04 9.483332964649696661e-01
6.075593160530094610e+04 1.008930897844679375e+00
6.075593186536154099e+04 9.866898602522322648e-01
6.075593212542213587e+04 9.371457752998724189e-01
6.075593238548273075e+04 9.832664359610218119e-01
6.075593264554332563e+04 9.541944699645522610e-01
6.075593290560392779e+04 9.643653078531787548e-01
6.075593316566452268e+04 9.620824644606026377e-01
6.075593342572511756e+04 9.826301422532964791e-01
6.075593368578571244e+04 1.005745692676990766e+00
6.075593394584631460e+04 1.000802124853426678e+00
6.075593420590690948e+04 9.503277443056045160e-01
6.075593446596750437e+04 9.804651120585905488e-01
6.075593472602809925e+04 9.546160705450866812e-01
6.075593498608869413e+04 1.006689626423955541e+00
6.075593524614928901e+04 9.684046503039137610e-01
6.075593550620988390e+04 9.658025947889467000e-01
6.075593576627048606e+04 9.585279925078444840e-01
6.075593602633108094e+04 1.000215958571081920e+00
6.075593628639167582e+04 9.861273475515995868e-01
6.075593654645227070e+04 1.021077524183935603e+00
6.075593680651287286e+04 9.395625789788940585e-01
6.075593706657346775e+04 1.008098677003310240e+00
6.075593732663406263e+04 9.581987072193842714e-01
6.075593758669465751e+04 9.750725916793488990e-01
6.075593784675525239e+04 9.876325301909311127e-01
6.075593810681584728e+04 9.338047914859676224e-01
6.075593836687644216e+04 9.919358619470631799e-01
6.075593862693704432e+04 9.362780877012421010e-01
6.075593888699763920e+04 9.571304427798320580e-01
6.075593914705823408e+04 9.484191018176901800e-01
6.075593940711883624e+04 9.916491755721505985e-01
6.075594106598430517e+04 9.556763861587918019e-01
6.075594132604500919e+04 9.816908128312287207e-01
6.075594158610571321e+04 1.000850080754525528e+00
6.075594184616640996e+04 9.555098440086646772e-01
6.075594210622711398e+04 9.889007669250247101e-01
6.075594236628781800e+04 9.614559434466509735e-01
6.075594262634852203e+04 9.630782173780682021e-01
6.075594288640922605e+04 9.503679484179581305e-01
6.075594314646992279e+04 9.434909121280985467e-01
6.075594340653063409e+04 9.742158273475906016e-01
6.075594366659133811e+04 9.056609555644468124e-01
6.075594392665203486e+04 1.012683990648866938e+00
6.075594418671273888e+04 9.444962352564718611e-01
6.075594444677344291e+04 1.011046304863164824e+00
6.075594470683414693e+04 1.002982791667453855e+00
6.075594496689485095e+04 9.749986186684568290e-01
6.075594522695554770e+04 9.327561866801876711e-01
6.075594548701625172e+04 9.694068771812084373e-01
6.075594574707695574e+04 1.007961689784509396e+00
6.075594600713765976e+04 9.774920900035778404e-01
6.075594626719836378e+04 9.659126297831411856e-01
6.075594652725906053e+04 9.316976090483114481e-01
6.075594678731976455e+04 9.715326133363639816e-01
6.075594704738046858e+04 9.902648128847638676e-01
6.075594730744116532e+04 9.511915150174341527e-01
6.075594756750187662e+04 9.702570846404700022e-01
6.075594782756257337e+04 1.027838509636811670e+00
6.075594808762328466e+04 9.738891829331985939e-01
6.075594834768398869e+04 9.373171550680983177e-01
6.075594860774468543e+04 9.826157071951887589e-01
6.075594886780538945e+04 9.945893377672407887e-01
6.075594912786609348e+04 9.746299250213412702e-01
6.075594938792679750e+04 9.444554983104281876e-01
6.075594964798750152e+04 9.757725013878982834e-01
6.075594990804819827e+04 1.001086812903237311e+00
6.075595016810890229e+04 9.874118644618119500e-01
6.075595042816960631e+04 9.784338572548018087e-01
6.075595068823031033e+04 9.600309829956462648e-01
6.075595094829101436e+04 9.738440480597029270e-01
6.075595120835171110e+04 9.646353286759957735e-01
6.075595146841241512e+04 1.009906873522350423e+00
6.075595172847312642e+04 1.014141490839634230e+00
6.075595198853382317e+04 9.627227627860389658e-01
6.075595224859452719e+04 9.496064822631453683e-01
6.075595250865523121e+04 9.301876185862453239e-01
6.075595276871593524e+04 9.928718037391098816e-01
6.075595302877663926e+04 9.966880137727907041e-01
6.075595328883733600e+04 1.002866657622154989e+00
6.075595354889804003e+04 1.012250090716524165e+00
6.075595380895874405e+04 9.736856885671123507e-01
6.075595406901944807e+04 9.664437667810289456e-01
6.075595432908015209e+04 9.576258978657479215e-01
6.075595458914084884e+04 9.803173873947116368e-01
6.075595484920156014e+04 9.826515182268952264e-01
6.075595510926226416e+04 9.524209490341765116e-01
6.075595536932296091e+04 9.818544668158309952e-01
6.075595562938366493e+04 9.880022479646335398e-01
6.075595588944436895e+04 1.009939612811407983e+00
6.075595614950507297e+04 9.760094101885060658e-01
6.075595640956577699e+04 9.903996340635740081e-01
6.075595666962647374e+04 9.595427480779695761e-01
6.075595692968717776e+04 9.951282918136438171e-01
6.075595718974788178e+04 9.770368081974452057e-01
6.075595744980858581e+04 9.683872723694340046e-01
6.075595770986929710e+04 1.004128677912068390e+00
6.075595796992999385e+04 9.772250316245428836e-01
6.075595822999069787e+04 9.482526399507279491e-01
6.075595849005140190e+04 9.805554006258883071e-01
6.075595875011209864e+04 9.917346121096330958e-01
6.075595901017280994e+04 1.013250477537469330e+00
6.075595927023350669e+04 9.509647521584361218e-01
6.075595953029421071e+04 9.684117237299181280e-01
6.075595979035491473e+04 9.848552198838051996e-01
6.075596005041561148e+04 9.712663582924335737e-01
6.075596031047632277e+04 1.005072379146211059e+00
6.075596057053702680e+04 9.139026489240765772e-01
6.075596083059773082e+04 1.001856561941331991e+00
6.075596109065843484e+04 1.019994231114341510e+00
6.075596135071913159e+04 9.601793418392485790e-01
6.075596161077983561e+04 9.837521509103788198e-01
6.075596187084053963e+04 9.880876150594255503e-01
6.075596213090124365e+04 9.899828419058691598e-01
6.075596239096194768e+04 1.006595924258753438e+00
6.075596265102265170e+04 1.001435875786583329e+00
6.075596291108335572e+04 1.003182970188366330e+00
6.075596317114405974e+04 9.934573547451366338e-01
6.075596343120475649e+04 1.013833480520322627e+00
6.075596369126546051e+04 9.835835234204557409e-01
6.075596395132616453e+04 9.314640389382741192e-01
6.075596421138686856e+04 9.926900808045328040e-01
6.075596447144757258e+04 1.002996700867521351e+00
6.075596473150827660e+04 1.004518029086058473e+00
6.075596499156898062e+04 9.633084451592330844e-01
6.075596525162968464e+04 1.003878939283959548e+00
6.075596551169038867e+04 1.019670928410705724e+00
6.075596577175109269e+04 9.698456163896415072e-01
6.075596603181178943e+04 9.796515707960383734e-01
6.075596629187249346e+04 9.959768790507893543e-01
6.075596655193319748e+04 9.822689693175161718e-01
6.075596681199390150e+04 9.898656735197461920e-01
6.075596707205460552e+04 1.033955407302488361e+00
6.075596733211530955e+04 9.855879766967846622e-01
6.075596759217601357e+04 9.657167827547484817e-01
6.075596785223671759e+04 9.910226031006533765e-01
6.075596811229741434e+04 9.423694557360562385e-01
6.075596837235811836e+04 9.796136277998340747e-01
6.075596863241882238e+04 1.030896000700685322e+00
6.075596889247953368e+04 9.826213138156889570e-01
6.075596915254023770e+04 9.618356496527438182e-01
6.075596941260093445e+04 9.990340352600176610e-01
6.075597102105359954e+04 9.804986433006712687e-01
6.075597128111420170e+04 9.753593173265138194e-01
6.075597154117479658e+04 9.762093160899261157e-01
6.075597180123539147e+04 9.733814246642747969e-01
6.075597206129598635e+04 9.888179211706716876e-01
6.075597232135658123e+04 9.910822493974145164e-01
6.075597258141718339e+04 9.969697000723355407e-01
6.075597284147777827e+04 1.017351688191346026e+00
6.075597310153837316e+04 1.030700990324075361e+00
6.075597336159897532e+04 9.709543074654964911e-01
6.075597362165957020e+04 9.621387812878952062e-01
6.075597388172016508e+04 9.976902797571712833e-01
6.075597414178077452e+04 9.496651181475398440e-01
6.075597440184136940e+04 9.345526979231347786e-01
6.075597466190196428e+04 9.675063412613374991e-01
6.075597492196255916e+04 9.922628504550597972e-01
6.075597518202315405e+04 9.159729709526073238e-01
6.075597544208374893e+04 1.004133264503280332e+00
6.075597570214434381e+04 9.879913050840499755e-01
6.075597596220494597e+04 9.907285726506347423e-01
6.075597622226554813e+04 1.002002819328890126e+00
6.075597648232614301e+04 1.018717303740841906e+00
6.075597674238673790e+04 9.615488822663531554e-01
6.075597700244734006e+04 1.042998362440339388e+00
6.075597726250793494e+04 9.715004786943987058e-01
6.075597752256853710e+04 9.922981217163412415e-01
6.075597778262913198e+04 9.590728772295148419e-01
6.075597804268972686e+04 9.608306924583409625e-01
6.075597830275032175e+04 9.735616140071375879e-01
6.075597856281091663e+04 9.580127144674105422e-01
6.075597882287151151e+04 9.582692157373032815e-01
6.075597908293212095e+04 9.911599145450158410e-01
6.075597934299271583e+04 1.014357201681873155e+00
6.075597960305331071e+04 1.028554816091352908e+00
6.075597986311390559e+04 9.895729678962297271e-01
6.075598012317450775e+04 1.001009453488850509e+00
6.075598038323510264e+04 9.982611744855836022e-01
6.075598064329570479e+04 1.005630535018990912e+00
6.075598090335629968e+04 9.676141364402126577e-01
6.075598116341689456e+04 1.034224737955802054e+00
6.075598142347748944e+04 9.750337860297302317e-01
6.075598168353808433e+04 9.856280190530429808e-01
6.075598194359869376e+04 1.006323956518473173e+00
6.075598220365928864e+04 9.924126904776131575e-01
6.075598246371988353e+04 1.029512268409226161e+00
6.075598272378047841e+04 1.014794640815353644e+00
6.075598298384108057e+04 9.565372295726937146e-01
6.075598324390167545e+04 1.028695596176963711e+00
6.075598350396227761e+04 1.000315658221096360e+00
6.075598376402287249e+04 9.707689747729241203e-01
6.075598402408346738e+04 9.973453850654315778e-01
6.075598428414406226e+04 9.683584423784563633e-01
6.075598454420465714e+04 9.652505231561274712e-01
6.075598480426526658e+04 1.006618517500085463e+00
6.075598506432586146e+04 9.824210693782213788e-01
6.075598532438645634e+04 1.035013988241087146e+00
6.075598558444705122e+04 1.006730798617270883e+00
6.075598584450765338e+04 9.615697544978202282e-01
6.075598610456825554e+04 1.027763163653841572e+00
6.075598636462885042e+04 1.048088558426145678e+00
6.075598662468944531e+04 1.051339864843170435e+00
6.075598688475004019e+04 9.770295193531085554e-01
6.075598714481063507e+04 9.683010662581482686e-01
6.075598740487123723e+04 9.868510466898609002e-01
6.075598766493183211e+04 9.644655155748366182e-01
6.075598792499243427e+04 9.643716163391197194e-01
6.075598818505302916e+04 1.009742395308355745e+00
6.075598844511362404e+04 1.020846661213753226e+00
6.075598870517423347e+04 9.871048810771652082e-01
6.075598896523482836e+04 9.692089846481778403e-01
6.075598922529542324e+04 9.904554325757453093e-01
6.075598948535601812e+04 9.737804579748222666e-01
6.075598974541661300e+04 1.010643190091899069e+00
6.075599000547721516e+04 1.027834162947480090e+00
6.075599026553781005e+04 1.012004220618327288e+00
6.075599052559840493e+04 1.008617884335240689e+00
6.075599078565900709e+04 9.978402366350426211e-01
6.075599104571960197e+04 1.004186769580696081e+00
6.075599130578020413e+04 9.964575920113607488e-01
6.075599156584080629e+04 9.842910442732161203e-01
6.075599182590140117e+04 1.004769926238301636e+00
6.075599208596199605e+04 1.002172354320902237e+00
6.075599234602259094e+04 9.857436143560197594e-01
6.075599260608319310e+04 9.804237474571293465e-01
6.075599286614378798e+04 9.393739060869789048e-01
6.075599312620438286e+04 1.027874824453027802e+00
6.075599338626497774e+04 9.629545894477311574e-01
6.075599364632558718e+04 9.656008716709427731e-01
6.075599390638618206e+04 1.011365241254400527e+00
6.075599416644677694e+04 9.708595954521206384e-01
6.075599442650737910e+04 9.995463156353088241e-01
6.075599468656797399e+04 9.753320231976756460e-01
6.075599494662857614e+04 9.863073020220660680e-01
6.075599520668917103e+04 9.652533885812357717e-01
6.075599546674976591e+04 1.011129932156199285e+00
6.075599572681036079e+04 9.703391535555172531e-01
6.075599598687096295e+04 9.875170909257591223e-01
6.075599624693155783e+04 9.954340339233103130e-01
6.075599650699215999e+04 9.915254677640698011e-01
6.075599676705275488e+04 9.932018633098794735e-01
6.075599702711334976e+04 1.001678916432712008e+00
6.075599728717395192e+04 9.399343231313689317e-01
6.075599754723455408e+04 1.005612025081827232e+00
6.075599780729514896e+04 9.987488900546732662e-01
6.075599806735574384e+04 9.856376424323013419e-01
6.075599832741634600e+04 9.803281192899238050e-01
6.075599858747694088e+04 9.898392025515675430e-01
6.075599884753753577e+04 1.026025615593559648e+00
6.075599910759813065e+04 9.596935413348965938e-01
6.075599936765874008e+04 9.880241121023658479e-01
6.075600091310295102e+04 9.569629484940996855e-01
6.075600117316365504e+04 1.009766296593684221e+00
6.075600143322435179e+04 9.931270205416714569e-01
6.075600169328505581e+04 9.815320193468276555e-01
6.075600195334576711e+04 1.006188329944741833e+00
6.075600221340647113e+04 1.002576635722568499e+00
6.075600247346717515e+04 9.680932992631386957e-01
6.075600273352787190e+04 9.986794368339263483e-01
6.075600299358858319e+04 9.672459685709055011e-01
6.075600325364928722e+04 1.010836355686476118e+00
6.075600351370998396e+04 9.883711841576353629e-01
6.075600377377069526e+04 1.007923391139234903e+00
6.075600403383139928e+04 1.001795900020315599e+00
6.075600429389210331e+04 1.023214805901068392e+00
6.075600455395280733e+04 9.887746910043385684e-01
6.075600481401350407e+04 9.688903508695773104e-01
6.075600507407421537e+04 1.024837494658530135e+00
6.075600533413491939e+04 9.879423075119247999e-01
6.075600559419562342e+04 1.029362510878120363e+00
6.075600585425632744e+04 9.733344732207867001e-01
6.075600611431703146e+04 9.910217924233654108e-01
6.075600637437773548e+04 9.684363643953370904e-01
6.075600663443843951e+04 1.009632478427823443e+00
6.075600689449914353e+04 9.428205792382239325e-01
6.075600715455985483e+04 1.028252329466905035e+00
6.075600741462055157e+04 1.082460350385218817e+00
6.075600767468125559e+04 1.018062939376084275e+00
6.075600793474195962e+04 9.661071608271060152e-01
6.075600819480266364e+04 1.007730473374174540e+00
6.075600845486336766e+04 1.014004712865789637e+00
6.075600871492407168e+04 1.033293533910268014e+00
6.075600897498478298e+04 9.522691373587774955e-01
6.075600923504548700e+04 1.003632398266427916e+00
6.075600949510618375e+04 1.008399235015290607e+00
6.075600975516688777e+04 9.901635743838169690e-01
6.075601001522759907e+04 9.234333484399172010e-01
6.075601027528830309e+04 1.000612865137049834e+00
6.075601053534900711e+04 9.726385088339944973e-01
6.075601079540970386e+04 1.052390121851884741e+00
6.075601105547041516e+04 9.813961661294972050e-01
6.075601131553111918e+04 9.945279715510156882e-01
6.075601157559181593e+04 9.664104598523475254e-01
6.075601183565252722e+04 9.787450441226254183e-01
6.075601209571323125e+04 9.837081076362191867e-01
6.075601235577393527e+04 1.023124938500484138e+00
6.075601261583463929e+04 1.015615420743837705e+00
6.075601287589534331e+04 1.000386172498634707e+00
6.075601313595604734e+04 9.682976459636201128e-01
6.075601339601675136e+04 1.010143267154310243e+00
6.075601365607746266e+04 1.012922378620891184e+00
6.075601391613816668e+04 1.008929854777358637e+00
6.075601417619886342e+04 1.032226323508485866e+00
6.075601443625956745e+04 9.639205843932524553e-01
6.075601469632027874e+04 1.019642722348074404e+00
6.075601495638097549e+04 1.039784106434984423e+00
6.075601521644168679e+04 9.691316079096850000e-01
6.075601547650239081e+04 9.920513128802533886e-01
6.075601573656309483e+04 9.885564677899983943e-01
6.075601599662379886e+04 9.936433976753863417e-01
6.075601625668450288e+04 1.029980188564352472e+00
6.075601651674520690e+04 9.646135171865404256e-01
6.075601677680591092e+04 1.029592374160659407e+00
6.075601703686661494e+04 9.919250997270624426e-01
6.075601729692732624e+04 9.870517609118649727e-01
6.075601755698802299e+04 9.643931197525945631e-01
6.075601781704872701e+04 1.029174065530829241e+00
6.075601807710943831e+04 1.047890265532579468e+00
6.075601833717014233e+04 9.476833042128544049e-01
6.075601859723084635e+04 1.029331080878289617e+00
6.075601885729155038e+04 1.021393292316397305e+00
6.075601911735225440e+04 9.880619891905269014e-01
6.075601937741295842e+04 1.046645540429133714e+00
6.075601963747365517e+04 1.022604910995323690e+00
6.075601989753436646e+04 1.013778447208882882e+00
6.075602015759507049e+04 1.014562174079984613e+00
6.075602041765577451e+04 1.006728694111317379e+00
6.075602067771648581e+04 1.041231544123133013e+00
6.075602093777718255e+04 9.806183486338282407e-01
6.075602119783788658e+04 1.030082490354730984e+00
6.075602145789859787e+04 1.026371505486731284e+00
6.075602171795930190e+04 1.041167277848079165e+00
6.075602197802000592e+04 1.007340682862654546e+00
6.075602223808070994e+04 1.017281825879172041e+00
6.075602249814141396e+04 1.048775261068572107e+00
6.075602275820211798e+04 1.020467539220998976e+00
6.075602301826282201e+04 1.058583734988429281e+00
6.075602327832352603e+04 1.000706301370815954e+00
6.075602353838423005e+04 1.036220045479543606e+00
6.075602379844494135e+04 9.954122931552588094e-01
6.075602405850564537e+04 9.992801141610992977e-01
6.075602431856634212e+04 1.034202085679168936e+00
6.075602457862704614e+04 1.055950419026196574e+00
6.075602483868775744e+04 1.004874295247190963e+00
6.075602509874846146e+04 1.019171383001385545e+00
6.075602535880916548e+04 9.573772407691700792e-01
6.075602561886986950e+04 1.008517158937832336e+00
6.075602587893057353e+04 1.000022585615551352e+00
6.075602613899127755e+04 9.730665356746641681e-01
6.075602639905198885e+04 1.056191094665831720e+00
6.075602665911269287e+04 1.048917436727624386e+00
6.075602691917338962e+04 1.028111682681174921e+00
6.075602717923410091e+04 9.845260669904835060e-01
6.075602743929480494e+04 1.037577057834776495e+00
6.075602769935550168e+04 1.004681337624981463e+00
6.075602795941621298e+04 1.025168203651751542e+00
6.075602821947691700e+04 9.978726568014040232e-01
6.075602847953762102e+04 9.810173612594419446e-01
6.075602873959833232e+04 1.000570991910132213e+00
6.075602899965902907e+04 1.060980217501024114e+00
6.075602925971973309e+04 9.823398517055107471e-01
6.075603093119423283e+04 1.048020661498142214e+00
6.075603119125482772e+04 9.295234490317439979e-01
6.075603145131542988e+04 1.000404416260977758e+00
6.075603171137602476e+04 9.592808332630623491e-01
6.075603197143662692e+04 9.756659729070050746e-01
6.075603223149722908e+04 1.010379964214457749e+00
6.075603249155782396e+04 9.998031713449496705e-01
6.075603275161842612e+04 9.681616887038095864e-01
6.075603301167902100e+04 1.040006991069153397e+00
6.075603327173962316e+04 9.584736129448934161e-01
6.075603353180022532e+04 1.003101227337933610e+00
6.075603379186082020e+04 9.699109831630907674e-01
6.075603405192141508e+04 1.022167208560829765e+00
6.075603431198201724e+04 9.467404343520496868e-01
6.075603457204261213e+04 9.749131785257640903e-01
6.075603483210320701e+04 9.926705320462076987e-01
6.075603509216381644e+04 1.010915623478140679e+00
6.075603535222441133e+04 1.017834675998902538e+00
6.075603561228501349e+04 1.031637645013221860e+00
6.075603587234560837e+04 1.009768267291141441e+00
6.075603613240621053e+04 1.012799027331965140e+00
6.075603639246681269e+04 1.001202994513165301e+00
6.075603665252740757e+04 1.001949368930632911e+00
6.075603691258800245e+04 1.012573995520614112e+00
6.075603717264860461e+04 1.050085273382965534e+00
6.075603743270919949e+04 1.042459940241217353e+00
6.075603769276979438e+04 9.915059917499313702e-01
6.075603795283040381e+04 1.015727528056050266e+00
6.075603821289099869e+04 1.006755713701936061e+00
6.075603847295160085e+04 1.047269803125456367e+00
6.075603873301219573e+04 1.026133902737786263e+00
6.075603899307279789e+04 1.020116251245664074e+00
6.075603925313340005e+04 1.054390946377938842e+00
6.075603951319399494e+04 1.019518985011243828e+00
6.075603977325458982e+04 1.014623640645436309e+00
6.075604003331519198e+04 9.624564972067427560e-01
6.075604029337578686e+04 1.022564805667139920e+00
6.075604055343638902e+04 1.020751673608462529e+00
6.075604081349698390e+04 9.896728504329905807e-01
6.075604107355758606e+04 1.029944807180738442e+00
6.075604133361818822e+04 1.030253298988043742e+00
6.075604159367878310e+04 1.054945686116276926e+00
6.075604185373938526e+04 1.002442559881287831e+00
6.075604211379998742e+04 1.019260842536173106e+00
6.075604237386058230e+04 1.007497948646927988e+00
6.075604263392118446e+04 1.017392953563168945e+00
6.075604289398177934e+04 9.612337970719239122e-01
6.075604315404237423e+04 9.671949327687379139e-01
6.075604341410297639e+04 1.028256411017591576e+00
6.075604367416357127e+04 9.845149747804124996e-01
6.075604393422418070e+04 9.402036228219945446e-01
6.075604419428477559e+04 1.043125719724440570e+00
6.075604445434537047e+04 1.003881797405702159e+00
6.075604471440597990e+04 1.044364566205809197e+00
6.075604497446657479e+04 1.019481805017094622e+00
6.075604523452717694e+04 9.766415126597103313e-01
6.075604549458777183e+04 1.026082730796057607e+00
6.075604575464836671e+04 1.019593553007284159e+00
6.075604601470896887e+04 9.951347401301315898e-01
6.075604627476956375e+04 9.572672836549119824e-01
6.075604653483016591e+04 9.893009719914647171e-01
6.075604679489076807e+04 1.004108837555769185e+00
6.075604705495136295e+04 1.005320780608730091e+00
6.075604731501196511e+04 1.002668240818809675e+00
6.075604757507256727e+04 9.929602233077001738e-01
6.075604783513316943e+04 1.021779591430757694e+00
6.075604809519376431e+04 1.019381421032119928e+00
6.075604835525435919e+04 1.028485087314375157e+00
6.075604861531496135e+04 1.016824455249544679e+00
6.075604887537555624e+04 1.056361818401433839e+00
6.075604913543615839e+04 1.008729813427068134e+00
6.075604939549675328e+04 1.042918908132557165e+00
6.075604965555735544e+04 9.964620326715484255e-01
6.075604991561795759e+04 9.755246919043364384e-01
6.075605017567855248e+04 1.022723958943779987e+00
6.075605043573915464e+04 1.042482206718289506e+00
6.075605069579975680e+04 9.862894946143772046e-01
6.075605095586035168e+04 9.879045570743305582e-01
6.075605121592095384e+04 9.956594288339709609e-01
6.075605147598154872e+04 1.000566747481933527e+00
6.075605173604215088e+04 1.022710560261732349e+00
6.075605199610274576e+04 9.792681377241317930e-01
6.075605225616334792e+04 1.028052526305064829e+00
6.075605251622395008e+04 1.019433314530402868e+00
6.075605277628454496e+04 1.043260512173159071e+00
6.075605303634514712e+04 1.022603738341006707e+00
6.075605329640574200e+04 9.652761060054378950e-01
6.075605355646635144e+04 9.924772778784016758e-01
6.075605381652694632e+04 1.004918646109602465e+00
6.075605407658754848e+04 1.063187458832708376e+00
6.075605433664814336e+04 1.007842597035534249e+00
6.075605459670873825e+04 9.852000660005376664e-01
6.075605485676934040e+04 1.070359331054366203e+00
6.075605511682993529e+04 1.001326365411422170e+00
6.075605537689054472e+04 1.027457631435725105e+00
6.075605563695113960e+04 1.005711427623362075e+00
6.075605589701174176e+04 9.823421119776364341e-01
6.075605615707233665e+04 1.018509973054513296e+00
6.075605641713293880e+04 9.919662713557310108e-01
6.075605667719354096e+04 1.038317609818239617e+00
6.075605693725413585e+04 1.036670464071006492e+00
6.075605719731473800e+04 1.048313430950193359e+00
6.075605745737533289e+04 9.779192530190786714e-01
6.075605771743593505e+04 1.018621261934516520e+00
6.075605797749652993e+04 1.056980620063310727e+00
6.075605823755713209e+04 1.028781255147178886e+00
6.075605849761773425e+04 1.002927820501770428e+00
6.075605875767832913e+04 1.028375515902493431e+00
6.075605901773893129e+04 1.032195294789076678e+00
6.075605927779953345e+04 1.067817284929606370e+00
6.075606082322710427e+04 1.041114117543021189e+00
6.075606108328780829e+04 1.003944068011970003e+00
6.075606134334851231e+04 1.008495765017813905e+00
6.075606160340922361e+04 9.677091967713357112e-01
6.075606186346992035e+04 1.045143854773108893e+00
6.075606212353063165e+04 1.066044468608053464e+00
6.075606238359133567e+04 1.019188828120207058e+00
6.075606264365204697e+04 1.075798918339549326e+00
6.075606290371275099e+04 1.007529078086587537e+00
6.075606316377345502e+04 1.007245346633085958e+00
6.075606342383415904e+04 1.001051807444542918e+00
6.075606368389486306e+04 1.019534608423408928e+00
6.075606394395557436e+04 1.025745390995056683e+00
6.075606420401627838e+04 1.016515777582902347e+00
6.075606446407698240e+04 9.773094287202335195e-01
6.075606472413768643e+04 1.023956833904982933e+00
6.075606498419839772e+04 1.022709742234813257e+00
6.075606524425910175e+04 1.022095632339755866e+00
6.075606550431981304e+04 1.014708266872599962e+00
6.075606576438050979e+04 1.023451273890391811e+00
6.075606602444122109e+04 1.039499241272344054e+00
6.075606628450192511e+04 9.841903359562612641e-01
6.075606654456262913e+04 1.009383952405826124e+00
6.075606680462333316e+04 9.900509853262748905e-01
6.075606706468404445e+04 1.025594540471558291e+00
6.075606732474474848e+04 1.011811012210423355e+00
6.075606758480545250e+04 9.975947648338689966e-01
6.075606784486615652e+04 1.014924953616477055e+00
6.075606810492686054e+04 1.062775044573441852e+00
6.075606836498757184e+04 1.020369610132820126e+00
6.075606862504827586e+04 1.028013926419834689e+00
6.075606888510898716e+04 9.996008766359109066e-01
6.075606914516968391e+04 1.020261268994161696e+00
6.075606940523039520e+04 9.963958770234270235e-01
6.075606966529109923e+04 9.877794571298574855e-01
6.075606992535180325e+04 1.053897835943841566e+00
6.075607018541250727e+04 1.049484880237599116e+00
6.075607044547321857e+04 1.003079327416487310e+00
6.075607070553392259e+04 9.769374261158534356e-01
6.075607096559463389e+04 9.953673547699398716e-01
6.075607122565533064e+04 9.855680465386787992e-01
6.075607148571604193e+04 1.009776659422598533e+00
6.075607174577674596e+04 1.006939952828380225e+00
6.075607200583745725e+04 1.003500632544823690e+00
6.075607226589816128e+04 1.015600618044001369e+00
6.075607252595886530e+04 1.037027717904634994e+00
6.075607278601956932e+04 1.002292344169765315e+00
6.075607304608028062e+04 1.030435226149100103e+00
6.075607330614097737e+04 1.055763603481632229e+00
6.075607356620169594e+04 1.010650568341490585e+00
6.075607382626239269e+04 1.003374672386918798e+00
6.075607408632310398e+04 9.938326059295919945e-01
6.075607434638380801e+04 1.014697792995918224e+00
6.075607460644451203e+04 9.909709163276747557e-01
6.075607486650521605e+04 9.732145984629024804e-01
6.075607512656592735e+04 9.814980545677005619e-01
6.075607538662663137e+04 1.000567388127648893e+00
6.075607564668734267e+04 1.035141174886199167e+00
6.075607590674803942e+04 1.015364350447105046e+00
6.075607616680875071e+04 1.034923098084821635e+00
6.075607642686945474e+04 1.037431069037416220e+00
6.075607668693016603e+04 1.021056459010961648e+00
6.075607694699087006e+04 1.004171976098414021e+00
6.075607720705157408e+04 1.009463672226002640e+00
6.075607746711227810e+04 1.018635847413269069e+00
6.075607772717298940e+04 1.022817563616049918e+00
6.075607798723368614e+04 1.034860821911107509e+00
6.075607824729439744e+04 1.012413805240470532e+00
6.075607850735510146e+04 1.005417149168291058e+00
6.075607876741581276e+04 1.014786998186783196e+00
6.075607902747651679e+04 9.948026689919353682e-01
6.075607928753722081e+04 9.975922517264121936e-01
6.075607954759792483e+04 9.872020004346190314e-01
6.075607980765863613e+04 1.009651343957633118e+00
6.075608006771934015e+04 1.003125540493099210e+00
6.075608032778005145e+04 1.030711800447559945e+00
6.075608058784074819e+04 1.032309240134175132e+00
6.075608084790145949e+04 1.038867232998234025e+00
6.075608110796216351e+04 1.023423784051381125e+00
6.075608136802286754e+04 1.067349961723153884e+00
6.075608162808357156e+04 1.055421674754818406e+00
6.075608188814428286e+04 1.034605092729434350e+00
6.075608214820498688e+04 1.017225616788626219e+00
6.075608240826569818e+04 1.062550931735806614e+00
6.075608266832639492e+04 1.003087357794348211e+00
6.075608292838710622e+04 9.775817289423769374e-01
6.075608318844781024e+04 1.054593349043385864e+00
6.075608344850852154e+04 1.022969684719368555e+00
6.075608370856922556e+04 1.020183017214178811e+00
6.075608396862992959e+04 1.033163268935378243e+00
6.075608422869064088e+04 1.047744056671318091e+00
6.075608448875134491e+04 9.993221287160549693e-01
6.075608474881204893e+04 1.008508917652549020e+00
6.075608500887276023e+04 9.963247323981103687e-01
6.075608526893346425e+04 9.844715494427491720e-01
6.075608552899416827e+04 9.713895526194394892e-01
6.075608578905487957e+04 1.024098909636971699e+00
6.075608604911557632e+04 1.027354375809149456e+00
6.075608630917628761e+04 1.045216431792303613e+00
6.075608656923699164e+04 1.015219043572600288e+00
6.075608682929770293e+04 9.927939236812858281e-01
6.075608708935840696e+04 9.804048526998643265e-01
6.075608734941911098e+04 1.055038023463843233e+00
6.075608760947981500e+04 1.044432236657437896e+00
6.075608786954052630e+04 1.038133951606240668e+00
6.075608812960123760e+04 9.629252902130500669e-01
6.075608838966194162e+04 9.544344794827794853e-01
6.075608864972264564e+04 9.965673956642068232e-01
6.075608890978334966e+04 1.046339854138720993e+00
6.075608916984406096e+04 1.016969376448620954e+00
6.075609076569380704e+04 1.006272835071893912e+00
6.075609102575441648e+04 9.708335996417463143e-01
6.075609128581501136e+04 9.932872352791645154e-01
6.075609154587561352e+04 1.007397152740339585e+00
6.075609180593621568e+04 1.008557192099332145e+00
6.075609206599681784e+04 1.020083974754918410e+00
6.075609232605741272e+04 1.021840493080018231e+00
6.075609258611801488e+04 1.007715301166108635e+00
6.075609284617860976e+04 1.013068264211847147e+00
6.075609310623921192e+04 1.072865092035283352e+00
6.075609336629981408e+04 1.024226160165592869e+00
6.075609362636040896e+04 1.012185257648231307e+00
6.075609388642101840e+04 1.052509616309658336e+00
6.075609414648161328e+04 1.039737270583547923e+00
6.075609440654221544e+04 1.016482533496914975e+00
6.075609466660281760e+04 1.041664034522715276e+00
6.075609492666341976e+04 9.941559893361541222e-01
6.075609518672402191e+04 1.033869582753324412e+00
6.075609544678461680e+04 1.011991148922274597e+00
6.075609570684521896e+04 9.753584250953428736e-01
6.075609596690581384e+04 1.019715619786445648e+00
6.075609622696641600e+04 9.906408095310668127e-01
6.075609648702701088e+04 1.048607196849415057e+00
6.075609674708762032e+04 1.014069468489147363e+00
6.075609700714822247e+04 1.003865356744182646e+00
6.075609726720881736e+04 1.022057418171921750e+00
6.075609752726942679e+04 1.105170054756527520e+00
6.075609778733002167e+04 1.050685765779739267e+00
6.075609804739062383e+04 1.015001026068934831e+00
6.075609830745121872e+04 1.030271994567478089e+00
6.075609856751182087e+04 9.801838365322055324e-01
6.075609882757242303e+04 9.904916311510966187e-01
6.075609908763301792e+04 9.958177694025120985e-01
6.075609934769362008e+04 9.763657349860989099e-01
6.075609960775422223e+04 1.031492373152862463e+00
6.075609986781482439e+04 9.911980536927643692e-01
6.075610012787541928e+04 1.013993595341420750e+00
6.075610038793602143e+04 1.045662343787235660e+00
6.075610064799663087e+04 1.064708968766608921e+00
6.075610090805722575e+04 1.020019044822681131e+00
6.075610116811782791e+04 9.879971553147995911e-01
6.075610142817842279e+04 1.008855653737430691e+00
6.075610168823902495e+04 1.071198026717957275e+00
6.075610194829962711e+04 1.039205075526194566e+00
6.075610220836022199e+04 1.083419500603415075e+00
6.075610246842083143e+04 9.931823707002360724e-01
6.075610272848142631e+04 1.032647902671431472e+00
6.075610298854202847e+04 9.987710286588502573e-01
6.075610324860263063e+04 1.021224191472879239e+00
6.075610350866323279e+04 1.040173083879323279e+00
6.075610376872383495e+04 1.021820999422675014e+00
6.075610402878442983e+04 1.037971569650631976e+00
6.075610428884503199e+04 9.673992305250579404e-01
6.075610454890563415e+04 1.013918300775555226e+00
6.075610480896622903e+04 1.021672451099201240e+00
6.075610506902683119e+04 9.975410952328004344e-01
6.075610532908743335e+04 9.556082557096531316e-01
6.075610558914803551e+04 9.883773788160574725e-01
6.075610584920863766e+04 1.040051788420928158e+00
6.075610610926923255e+04 1.010626928826639181e+00
6.075610636932984198e+04 1.065016857366613667e+00
6.075610662939043686e+04 1.029471600685873733e+00
6.075610688945103902e+04 9.892788443578900415e-01
6.075610714951164118e+04 1.065703469340468112e+00
6.075610740957223607e+04 1.015493427615240085e+00
6.075610766963283822e+04 9.832017168847886346e-01
6.075610792969343311e+04 1.016194398319380410e+00
6.075610818975403527e+04 9.733960940073782542e-01
6.075610844981464470e+04 1.034984742504853283e+00
6.075610870987523958e+04 1.013456353538055854e+00
6.075610896993584174e+04 1.006809536388707960e+00
6.075610922999644390e+04 1.049010396359004949e+00
6.075610949005704606e+04 9.880671913833801723e-01
6.075610975011764822e+04 9.839789328336572272e-01
6.075611001017824310e+04 1.006469333033454649e+00
6.075611027023884526e+04 1.002053563611228215e+00
6.075611053029944742e+04 1.058167265759652587e+00
6.075611079036004230e+04 9.585354428340058242e-01
6.075611105042064446e+04 9.945628913815972583e-01
6.075611131048124662e+04 9.787442466464886248e-01
6.075611157054184878e+04 1.028334443593229341e+00
6.075611183060245094e+04 9.487993942130261704e-01
6.075611209066305310e+04 9.950912508472157247e-01
6.075611235072365525e+04 1.010593360124337536e+00
6.075611261078425741e+04 9.956585636810507678e-01
6.075611287084485230e+04 1.042986257191320210e+00
6.075611313090545445e+04 9.998701534708113181e-01
6.075611339096604934e+04 1.057715084876146516e+00
6.075611365102665150e+04 9.984313441152246060e-01
6.075611391108725365e+04 1.015688770169899335e+00
6.075611417114785581e+04 1.017656449278805164e+00
6.075611443120845797e+04 1.035562026540015612e+00
6.075611469126906013e+04 9.682080789529163845e-01
6.075611495132966229e+04 1.024588733313905875e+00
6.075611521139026445e+04 1.018300170109935898e+00
6.075611547145085933e+04 1.034849618045595276e+00
6.075611573151146149e+04 1.009696818288155606e+00
6.075611599157206365e+04 1.023908846408267515e+00
6.075611625163265853e+04 9.803339837983119365e-01
6.075611651169326069e+04 1.021488273055993545e+00
6.075611677175386285e+04 1.024073609756715353e+00
6.075611703181446501e+04 1.033833705792796875e+00
6.075611729187506717e+04 1.032373278704051600e+00
6.075611755193566933e+04 1.023406097119958558e+00
6.075611781199626421e+04 9.984252885405008326e-01
6.075611807205687364e+04 9.598778865768342605e-01
6.075611833211747580e+04 1.049129993792944582e+00
6.075611859217807068e+04 1.032184586265499693e+00
6.075611885223867284e+04 1.014517831718033225e+00
6.075611911229926773e+04 9.826828161754790347e-01
6.075612077117233275e+04 9.913047294269036191e-01
6.075612103123303677e+04 9.925450106168108855e-01
6.075612129129374080e+04 1.025151007531311054e+00
6.075612155135445209e+04 1.012432185011670871e+00
6.075612181141516339e+04 9.775923846256796557e-01
6.075612207147586741e+04 1.027087475354293344e+00
6.075612233153657144e+04 1.019953092453192767e+00
6.075612259159728274e+04 1.023675189947080399e+00
6.075612285165798676e+04 1.019020155448852938e+00
6.075612311171869806e+04 9.892871215666269036e-01
6.075612337177940935e+04 9.990955139621457981e-01
6.075612363184010610e+04 1.023306217709527566e+00
6.075612389190081740e+04 1.029711846307803658e+00
6.075612415196152870e+04 9.870442083622559259e-01
6.075612441202222544e+04 1.027073858971758957e+00
6.075612467208293674e+04 1.040595878986398271e+00
6.075612493214364804e+04 9.866495844014342431e-01
6.075612519220435206e+04 1.028892044691133378e+00
6.075612545226506336e+04 1.022918760031321650e+00
6.075612571232576738e+04 1.033022663968567567e+00
6.075612597238647140e+04 1.050554743023838000e+00
6.075612623244718270e+04 1.022250735510803255e+00
6.075612649250789400e+04 9.724279031002127649e-01
6.075612675256859802e+04 1.001668310129581796e+00
6.075612701262930204e+04 1.010913258719156049e+00
6.075612727269001334e+04 1.009765404234207686e+00
6.075612753275071736e+04 9.961763519471550365e-01
6.075612779281142139e+04 1.057820536858712579e+00
6.075612805287213268e+04 1.035299700372137810e+00
6.075612831293283671e+04 9.993570560858947571e-01
6.075612857299354800e+04 1.031680170960282528e+00
6.075612883305425930e+04 9.951031663588378873e-01
6.075612909311495605e+04 9.661817031165642611e-01
6.075612935317566735e+04 1.062057519095021663e+00
6.075612961323637865e+04 1.040329113554797180e+00
6.075612987329708267e+04 1.025906182302053882e+00
6.075613013335779397e+04 1.015193148181944727e+00
6.075613039341849799e+04 9.800731627270919954e-01
6.075613065347920201e+04 1.006519029789068709e+00
6.075613091353991331e+04 1.021719907232921276e+00
6.075613117360061733e+04 1.027715391181703630e+00
6.075613143366133590e+04 1.008369475926161885e+00
6.075613169372203265e+04 1.031165988069332684e+00
6.075613195378274395e+04 1.028745680827492626e+00
6.075613221384345525e+04 1.047386907427053648e+00
6.075613247390415199e+04 1.061674243379974625e+00
6.075613273396486329e+04 9.917982226022142855e-01
6.075613299402557459e+04 1.036284514200519258e+00
6.075613325408627861e+04 1.065537852971377930e+00
6.075613351414698991e+04 9.757189403490134083e-01
6.075613377420769393e+04 1.005501586275187931e+00
6.075613403426840523e+04 1.038498067510529754e+00
6.075613429432910925e+04 1.031993973373772633e+00
6.075613455438982055e+04 1.036515897528145658e+00
6.075613481445053185e+04 1.017176841423863998e+00
6.075613507451122859e+04 1.026804465620436924e+00
6.075613533457193989e+04 9.917543800964158107e-01
6.075613559463265119e+04 1.024774661295331235e+00
6.075613585469334794e+04 9.983961844868716184e-01
6.075613611475405924e+04 1.018892910076184988e+00
6.075613637481477053e+04 1.036992732084703439e+00
6.075613663487548183e+04 1.039904314995408363e+00
6.075613689493618585e+04 1.021012711931313488e+00
6.075613715499688988e+04 1.030334872248999334e+00
6.075613741505760117e+04 1.059126996520220354e+00
6.075613767511830520e+04 1.019302252811997045e+00
6.075613793517901649e+04 1.003024381796635556e+00
6.075613819523972779e+04 1.000836006932632749e+00
6.075613845530043181e+04 1.001535279527012490e+00
6.075613871536113584e+04 9.760095542012503511e-01
6.075613897542184714e+04 9.954216262149471195e-01
6.075613923548255116e+04 1.024312758268485446e+00
6.075613949554325518e+04 1.044425765206758117e+00
6.075613975560396648e+04 1.004948156205825338e+00
6.075614001566467778e+04 1.027765324573177042e+00
6.075614027572538907e+04 1.027788088037909997e+00
6.075614053578608582e+04 1.024722383339547127e+00
6.075614079584679712e+04 1.036710225321429979e+00
6.075614105590750842e+04 1.027400374788822512e+00
6.075614131596821244e+04 1.013968782671313074e+00
6.075614157602892374e+04 9.871186452826019586e-01
6.075614183608962776e+04 1.045236015958091347e+00
6.075614209615033906e+04 1.048258428795311392e+00
6.075614235621104308e+04 1.017019095698422637e+00
6.075614261627174710e+04 1.041135861817155561e+00
6.075614287633246568e+04 1.040751292796737726e+00
6.075614313639316970e+04 1.065552436188766938e+00
6.075614339645387372e+04 1.050711013563078167e+00
6.075614365651458502e+04 1.039606776061483995e+00
6.075614391657528904e+04 1.028171607103407048e+00
6.075614417663600034e+04 9.970868415014143560e-01
6.075614443669670436e+04 1.002971898560471420e+00
6.075614469675741566e+04 9.964082273888038577e-01
6.075614495681812696e+04 1.020511698404820589e+00
6.075614521687882370e+04 1.060392662271750330e+00
6.075614547693953500e+04 9.958640867756771708e-01
6.075614573700024630e+04 1.015386007587386397e+00
6.075614599706095760e+04 1.020316872774770678e+00
6.075614625712166162e+04 9.937521227938861390e-01
6.075614651718236564e+04 1.022734266583072538e+00
6.075614677724307694e+04 1.040662249155976715e+00
6.075614703730378824e+04 1.003480036518415552e+00
6.075614729736448498e+04 1.052922196478876415e+00
6.075614755742519628e+04 1.010161762242814953e+00
6.075614781748590758e+04 1.047126061182518830e+00
6.075614807754661888e+04 9.862498943766022652e-01
6.075614833760732290e+04 1.031258741072945240e+00
6.075614859766802692e+04 1.016095659328617673e+00
6.075614885772873822e+04 1.034891009502514336e+00
6.075614911778944952e+04 1.044469334793381332e+00
