6.075547523418369383e+04 9.355909431836268997e-01
6.075547549424438330e+04 1.022926998403625776e+00
6.075547575430508005e+04 9.527743717698721193e-01
6.075547601436576224e+04 8.971655945422125633e-01
6.075547627442645899e+04 9.315940051022092439e-01
6.075547653448714846e+04 8.812712476754115398e-01
6.075547679454784520e+04 1.029050074242493729e+00
6.075547705460853467e+04 1.008872251894178174e+00
6.075547731466922414e+04 1.013540978030784467e+00
6.075547757472991361e+04 1.062552122618805495e+00
6.075547783479061036e+04 9.264967637765990638e-01
6.075547809485129255e+04 9.706646224309116722e-01
6.075547835491198930e+04 8.431789412330418232e-01
6.075547861497267877e+04 9.192544227479498842e-01
6.075547887503337552e+04 1.065126895663200957e+00
6.075547913509406499e+04 9.874114154523688791e-01
6.075547939515475446e+04 9.660169445125272869e-01
6.075547965521544393e+04 1.028983322711355619e+00
6.075547991527614067e+04 1.069093891258140694e+00
6.075548017533683014e+04 9.427641770408214938e-01
6.075548043539752689e+04 9.857044589800807444e-01
6.075548069545820908e+04 9.885249680023928676e-01
6.075548095551890583e+04 9.464246440451919984e-01
6.075548121557959530e+04 9.936648974410835500e-01
6.075548147564028477e+04 9.574045729842564079e-01
6.075548173570098152e+04 9.476784020107722473e-01
6.075548199576167099e+04 8.901380759970749512e-01
6.075548225582236773e+04 1.022283076420069881e+00
6.075548251588305720e+04 9.384818328335027271e-01
6.075548277594374667e+04 9.464901160860568208e-01
6.075548303600443614e+04 9.451074173218000363e-01
6.075548329606513289e+04 1.046847311473902753e+00
6.075548355612582236e+04 9.488949748861907896e-01
6.075548381618651911e+04 9.640391345744458995e-01
6.075548407624720130e+04 9.139407781561775801e-01
6.075548433630789805e+04 9.813085652455049157e-01
6.075548459636858752e+04 9.434958794179909569e-01
6.075548485642928426e+04 8.566289034423492099e-01
6.075548511648997373e+04 8.842957113383435042e-01
6.075548537655066320e+04 9.644554518078015670e-01
6.075548563661135267e+04 1.047276015448329156e+00
6.075548589667204942e+04 9.274940950319174870e-01
6.075548615673273162e+04 1.065144227743216154e+00
6.075548641679342836e+04 1.066613250791867529e+00
6.075548667685411783e+04 9.641066110446452342e-01
6.075548693691481458e+04 9.708651421500323897e-01
6.075548719697551132e+04 8.953579714045208915e-01
6.075548745703619352e+04 9.801092890135114644e-01
6.075548771709689026e+04 1.009006066558391757e+00
6.075548797715757973e+04 1.077584032238137146e+00
6.075548823721827648e+04 9.429699540062698171e-01
6.075548849727896595e+04 8.975491069695603619e-01
6.075548875733965542e+04 9.054739123149524449e-01
6.075548901740034489e+04 9.140899497593086842e-01
6.075548927746104164e+04 1.028182568765701577e+00
6.075548953752172383e+04 9.941762140623552346e-01
6.075548979758242058e+04 1.034052642084211771e+00
6.075549005764311732e+04 1.015589062377808327e+00
6.075549031770380680e+04 9.484333848611181672e-01
6.075549057776450354e+04 9.258442324448906691e-01
6.075549083782518574e+04 9.971863537734650951e-01
6.075549109788588248e+04 1.083006452095406802e+00
6.075549135794657195e+04 9.562977847887808025e-01
6.075549161800726870e+04 9.736695396809205150e-01
6.075549187806795817e+04 9.409907579387385423e-01
6.075549213812864764e+04 9.462626664508858587e-01
6.075549239818933711e+04 9.478794572328751444e-01
6.075549265825003386e+04 1.039540237568090664e+00
6.075549291831072333e+04 1.046231096323896548e+00
6.075549317837142007e+04 1.011074205105612300e+00
6.075549343843210954e+04 9.315682514331370401e-01
6.075549369849279901e+04 9.795566231787843359e-01
6.075549395855349576e+04 9.999391454311852279e-01
6.075549421861417795e+04 1.047434387976269976e+00
6.075549447867487470e+04 1.061780642482659021e+00
6.075549473873556417e+04 8.965664013968259738e-01
6.075549499879626092e+04 1.044412336218628612e+00
6.075549525885695766e+04 9.746549978484634336e-01
6.075549551891763986e+04 1.147331505251445227e+00
6.075549577897833660e+04 9.480664003415701924e-01
6.075549603903902607e+04 1.072384661494743430e+00
6.075549629909972282e+04 8.574471904339218131e-01
6.075549655916041229e+04 1.046205343227916140e+00
6.075549681922110176e+04 9.677860882846724966e-01
6.075549707928179851e+04 1.019693516102295527e+00
6.075549733934248798e+04 9.576081314248992005e-01
6.075549759940317745e+04 9.858768295481341593e-01
6.075549785946386692e+04 9.175604186558641295e-01
6.075549811952456366e+04 9.207441201161078448e-01
6.075549837958525313e+04 9.898380588156744375e-01
6.075549863964594988e+04 9.487764560885022513e-01
6.075549889970663935e+04 9.505306639248995992e-01
6.075549915976732882e+04 1.057701850829463774e+00
6.075549941982802557e+04 1.049479583750000833e+00
6.075549967988871504e+04 9.606169719725550227e-01
6.075549993994941178e+04 1.053033215629284536e+00
6.075550020001009398e+04 9.979407859486880694e-01
6.075550046007079072e+04 9.634268052040555474e-01
6.075550072013148747e+04 9.744706446154253188e-01
6.075550098019216966e+04 9.509474451327218913e-01
6.075550124025286641e+04 9.347339926136258859e-01
6.075550150031355588e+04 9.757631436172548023e-01
6.075550176037425263e+04 1.013731426108637201e+00
6.075550202043494210e+04 1.036998587350177248e+00
6.075550228049563157e+04 9.326332937509851373e-01
6.075550254055632831e+04 8.791310592167552729e-01
6.075550280061701778e+04 9.861733834115934405e-01
6.075550306067771453e+04 9.127742856367205837e-01
6.075550332073840400e+04 1.036719900300650421e+00
6.075550358079909347e+04 9.198373186110395672e-01
6.075550513883041276e+04 9.705819182122250588e-01
6.075550539889110951e+04 1.027262383947520563e+00
6.075550565895179898e+04 9.591132779346237536e-01
6.075550591901248845e+04 1.055924940373773158e+00
6.075550617907318519e+04 9.117244253115833752e-01
6.075550643913387466e+04 9.585729606450132945e-01
6.075550669919457141e+04 9.359267279094193315e-01
6.075550695925526088e+04 1.014072736818430798e+00
6.075550721931595035e+04 1.027061095263788415e+00
6.075550747937664710e+04 1.028443314981942081e+00
6.075550773943733657e+04 9.121843755135017329e-01
6.075550799949803331e+04 1.084784191363702188e+00
6.075550825955872278e+04 9.385857762324985032e-01
6.075550851961941225e+04 9.380504350473182207e-01
6.075550877968010900e+04 9.717254361572318366e-01
6.075550903974079847e+04 1.107940688943249041e+00
6.075550929980148794e+04 1.077217723916453762e+00
6.075550955986217741e+04 9.837649972399969966e-01
6.075550981992287416e+04 9.180274879487420048e-01
6.075551007998357090e+04 1.003308194874058756e+00
6.075551034004426037e+04 1.061192896049713230e+00
6.075551060010494984e+04 9.439080272113649084e-01
6.075551086016564659e+04 8.326482157034478249e-01
6.075551112022633606e+04 9.075437514242430392e-01
6.075551138028703281e+04 9.709563406270150798e-01
6.075551164034772228e+04 9.348762300504970257e-01
6.075551190040841175e+04 9.728215524933658820e-01
6.075551216046910849e+04 9.612012169777751636e-01
6.075551242052979796e+04 8.872905397272317085e-01
6.075551268059049471e+04 1.028101908379767115e+00
6.075551294065118418e+04 9.598953023836217513e-01
6.075551320071187365e+04 1.020136007611088580e+00
6.075551346077257040e+04 9.296074825043515455e-01
6.075551372083325987e+04 8.796162969752371330e-01
6.075551398089394934e+04 1.020094151512965563e+00
6.075551424095464608e+04 1.001053823816203892e+00
6.075551450101533555e+04 1.041025557187568840e+00
6.075551476107603230e+04 9.027499542358879969e-01
6.075551502113672177e+04 8.596882537870436103e-01
6.075551528119741124e+04 9.948370348898333271e-01
6.075551554125810799e+04 1.110570868058619709e+00
6.075551580131879746e+04 9.134438603402120771e-01
6.075551606137949420e+04 9.228870647126561355e-01
6.075551632144019095e+04 9.502475343743106428e-01
6.075551658150087314e+04 9.080784473384764244e-01
6.075551684156156989e+04 8.940380523730456774e-01
6.075551710162226664e+04 9.598147846987105103e-01
6.075551736168294883e+04 1.044751808442892171e+00
6.075551762174364558e+04 1.079030476910890268e+00
6.075551788180433505e+04 1.030034546688298303e+00
6.075551814186503179e+04 1.049220911948802071e+00
6.075551840192572854e+04 9.121701896929496067e-01
6.075551866198641073e+04 1.063030239879315442e+00
6.075551892204710748e+04 9.828626668593736238e-01
6.075551918210780423e+04 9.841556960498180073e-01
6.075551944216849370e+04 1.064478950994835360e+00
6.075551970222919044e+04 9.499701814494625474e-01
6.075551996228987991e+04 1.033036419276316842e+00
6.075552022235056938e+04 1.001982402174445674e+00
6.075552048241126613e+04 9.315212046831699011e-01
6.075552074247194832e+04 1.064001450679054717e+00
6.075552100253265235e+04 9.538845477872087697e-01
6.075552126259334182e+04 9.911459079342156420e-01
6.075552152265403129e+04 8.335179832531216526e-01
6.075552178271472803e+04 9.413581168127304055e-01
6.075552204277541750e+04 9.252990729605821141e-01
6.075552230283610697e+04 9.112184332668011866e-01
6.075552256289680372e+04 1.167788386014970925e+00
6.075552282295750047e+04 1.032611225591512305e+00
6.075552308301818994e+04 1.037776321551795666e+00
6.075552334307887941e+04 7.766815490620626594e-01
6.075552360313957615e+04 9.318181151584717936e-01
6.075552386320026562e+04 9.290038300930488768e-01
6.075552412326096237e+04 8.748484390942745659e-01
6.075552438332165912e+04 9.278623130534146002e-01
6.075552464338234131e+04 9.362144343897981225e-01
6.075552490344303806e+04 1.067877323615214147e+00
6.075552516350373480e+04 1.018602927867537034e+00
6.075552542356441700e+04 1.089156952430004210e+00
6.075552568362511374e+04 1.021377978517376439e+00
6.075552594368581049e+04 9.864217319199034550e-01
6.075552620374649996e+04 8.735140895108128856e-01
6.075552646380719671e+04 8.888049742405323972e-01
6.075552672386788618e+04 9.476843615941189514e-01
6.075552698392857565e+04 1.081571309851161455e+00
6.075552724398927239e+04 9.280666108330553055e-01
6.075552750404996914e+04 1.122017473382104447e+00
6.075552776411065861e+04 1.015063047745542235e+00
6.075552802417134808e+04 9.318765571946232562e-01
6.075552828423204483e+04 9.676036017948710377e-01
6.075552854429273430e+04 1.055207352768364970e+00
6.075552880435342377e+04 1.020666935343572224e+00
6.075552906441412051e+04 9.979958395377498404e-01
6.075552932447480998e+04 9.984043637587229902e-01
6.075552958453550673e+04 9.498377813610665577e-01
6.075552984459620347e+04 9.891198822767665044e-01
6.075553010465688567e+04 1.096258683907613829e+00
6.075553036471758242e+04 9.767590482109710370e-01
6.075553062477827916e+04 1.036139642027595453e+00
6.075553088483896863e+04 9.826783096286546559e-01
6.075553114489966538e+04 9.532475580183179531e-01
6.075553140496035485e+04 9.120223058893912604e-01
6.075553166502104432e+04 9.998079906096691838e-01
6.075553192508174106e+04 9.670166852800848867e-01
6.075553218514243054e+04 1.051083073144351676e+00
6.075553244520312728e+04 1.034958225685648658e+00
6.075553270526381675e+04 9.983986134342032193e-01
6.075553296532451350e+04 1.020499690134890169e+00
6.075553322538520297e+04 1.015914948339425194e+00
6.075553348544589244e+04 9.140641144959996689e-01
6.075553503087646095e+04 8.499968034396119254e-01
6.075553529093715770e+04 9.846299181040717441e-01
6.075553555099784717e+04 1.006875605783311478e+00
6.075553581105853664e+04 8.557636712403094981e-01
6.075553607111923338e+04 9.311246289288757083e-01
6.075553633117992285e+04 9.348971507997635433e-01
6.075553659124061960e+04 9.530247547362907801e-01
6.075553685130131635e+04 1.008524613873384101e+00
6.075553711136199854e+04 9.209112295612363885e-01
6.075553737142269529e+04 9.656281834427348221e-01
6.075553763148339203e+04 9.930520110949726531e-01
6.075553789154408878e+04 9.925608436419371960e-01
6.075553815160477825e+04 9.289077402767378366e-01
6.075553841166546772e+04 1.038598888684190591e+00
6.075553867172616447e+04 9.841827267998271012e-01
6.075553893178685394e+04 9.792038119225362491e-01
6.075553919184754341e+04 9.484035568443316411e-01
6.075553945190824015e+04 9.294255520728961217e-01
6.075553971196892962e+04 1.028629297840050416e+00
6.075553997202962637e+04 1.113578342752652439e+00
6.075554023209032312e+04 9.045495371245799721e-01
6.075554049215101259e+04 9.836958960496322568e-01
6.075554075221170206e+04 9.875537184156133463e-01
6.075554101227239880e+04 1.024913741993165761e+00
6.075554127233309555e+04 1.027777926062413583e+00
6.075554153239378502e+04 9.589052669265351048e-01
6.075554179245447449e+04 1.057333277371850233e+00
6.075554205251517124e+04 9.187763972474519703e-01
6.075554231257586798e+04 9.774835056499494579e-01
6.075554257263655018e+04 1.045523347958663640e+00
6.075554283269725420e+04 1.028608590237879872e+00
6.075554309275794367e+04 9.839834398228690659e-01
6.075554335281863314e+04 1.021100344397913195e+00
6.075554361287932988e+04 1.025073778419871129e+00
6.075554387294001936e+04 9.507688302079884135e-01
6.075554413300071610e+04 1.087853121178752325e+00
6.075554439306140557e+04 9.955561197412875485e-01
6.075554465312210232e+04 9.623994730140780218e-01
6.075554491318279906e+04 1.022448970930728063e+00
6.075554517324348853e+04 1.099249070712952081e+00
6.075554543330417800e+04 1.072466989199681642e+00
6.075554569336487475e+04 9.523984564558114485e-01
6.075554595342557150e+04 9.851817090174328495e-01
6.075554621348626097e+04 1.001462749022661525e+00
6.075554647354695044e+04 9.119852084742046117e-01
6.075554673360764718e+04 1.034371801908785748e+00
6.075554699366834393e+04 9.756611723586097185e-01
6.075554725372902612e+04 9.391474002345052696e-01
6.075554751378972287e+04 1.019263235679947144e+00
6.075554777385041962e+04 9.734841790673103290e-01
6.075554803391111636e+04 1.018120710330347123e+00
6.075554829397180583e+04 9.240307837437005123e-01
6.075554855403249530e+04 9.078162419300965791e-01
6.075554881409319205e+04 9.942870386364950352e-01
6.075554907415388152e+04 1.049880577664619619e+00
6.075554933421457827e+04 9.283834920278343228e-01
6.075554959427527501e+04 1.078137171100808089e+00
6.075554985433596448e+04 9.574168755837860756e-01
6.075555011439665395e+04 1.087443110593543372e+00
6.075555037445735070e+04 9.493866765817310371e-01
6.075555063451804017e+04 1.120064721817541686e+00
6.075555089457873692e+04 9.925284445752611262e-01
6.075555115463942639e+04 1.060723911532164276e+00
6.075555141470012313e+04 9.568461722270089620e-01
6.075555167476081988e+04 8.491041469470008707e-01
6.075555193482150935e+04 1.199077814038026490e+00
6.075555219488219882e+04 1.049749489851317996e+00
6.075555245494289557e+04 1.091154960280238617e+00
6.075555271500359231e+04 1.028155747212129212e+00
6.075555297506428906e+04 9.108660840643926226e-01
6.075555323512497125e+04 1.003865976363454315e+00
6.075555349518566800e+04 9.749124638710091606e-01
6.075555375524636474e+04 1.055606621108005072e+00
6.075555401530705421e+04 1.008812053320439439e+00
6.075555427536775096e+04 1.028826530750653889e+00
6.075555453542844043e+04 9.902872578732356823e-01
6.075555479548913718e+04 9.375941659918318738e-01
6.075555505554983392e+04 1.002445063977253081e+00
6.075555531561051612e+04 9.586734706535259276e-01
6.075555557567121286e+04 1.008451437439400245e+00
6.075555583573190961e+04 1.019851525403825399e+00
6.075555609579260636e+04 9.934436294219163299e-01
6.075555635585329583e+04 1.030396091979896678e+00
6.075555661591398530e+04 9.926363862016864825e-01
6.075555687597468204e+04 1.007145417305745250e+00
6.075555713603537879e+04 9.797756218964244201e-01
6.075555739609607554e+04 1.063182556510146926e+00
6.075555765615676501e+04 1.013950534031923478e+00
6.075555791621745448e+04 1.135141119168305845e+00
6.075555817627815122e+04 1.072731498268720163e+00
6.075555843633884797e+04 1.003437593017342255e+00
6.075555869639953016e+04 9.522890956090350745e-01
6.075555895646022691e+04 9.749264854347627907e-01
6.075555921652092366e+04 9.869885355352958634e-01
6.075555947658162040e+04 9.415775001881845352e-01
6.075555973664230987e+04 1.003547343824677585e+00
6.075555999670299934e+04 9.620388754801681985e-01
6.075556025676369609e+04 1.011795574182440483e+00
6.075556051682439283e+04 1.114312550458997908e+00
6.075556077688508958e+04 9.742623738940480171e-01
6.075556103694577905e+04 1.035529508879823091e+00
6.075556129700646852e+04 1.122141499304108780e+00
6.075556155706716527e+04 9.703474977079634689e-01
6.075556181712786201e+04 9.950130655109825639e-01
6.075556207718854421e+04 9.157010728698281588e-01
6.075556233724924095e+04 1.024520311003126238e+00
6.075556259730993770e+04 9.559389247717440252e-01
6.075556285737063445e+04 1.105286123669088516e+00
6.075556311743133119e+04 1.138399364788749590e+00
6.075556337749201339e+04 9.836411716602676547e-01
6.075556504896522529e+04 1.119537517976375796e+00
6.075556530902591476e+04 1.019230610540114546e+00
6.075556556908661150e+04 1.073362491520648776e+00
6.075556582914730097e+04 9.291697613054321625e-01
6.075556608920799772e+04 9.717399109023114878e-01
6.075556634926869447e+04 9.696675111431922733e-01
6.075556660932938394e+04 9.603535712060290441e-01
6.075556686939008068e+04 1.003529250118453620e+00
6.075556712945077015e+04 9.619933479227787965e-01
6.075556738951146690e+04 8.821006787902568869e-01
6.075556764957216365e+04 1.171522945262578608e+00
6.075556790963285312e+04 1.050408330661657619e+00
6.075556816969354986e+04 1.034158787799947188e+00
6.075556842975423933e+04 1.031988206498615890e+00
6.075556868981492880e+04 9.582819429449590531e-01
6.075556894987563282e+04 9.621440918897883332e-01
6.075556920993632230e+04 1.116237702984369529e+00
6.075556946999701904e+04 9.281640337856781331e-01
6.075556973005770851e+04 1.185306908493289457e+00
6.075556999011839798e+04 9.565624880804417529e-01
6.075557025017909473e+04 1.095714438178738037e+00
6.075557051023979147e+04 9.530591016492145906e-01
6.075557077030048822e+04 1.009986560139536138e+00
6.075557103036117769e+04 9.931227621567150221e-01
6.075557129042186716e+04 9.644411754266958292e-01
6.075557155048256391e+04 9.906863108165929743e-01
6.075557181054326065e+04 1.023884265517717385e+00
6.075557207060395740e+04 1.002304445948925204e+00
6.075557233066464687e+04 1.074748577385409298e+00
6.075557259072533634e+04 1.177999051663277674e+00
6.075557285078603309e+04 1.083636735026885400e+00
6.075557311084672983e+04 1.082761335946387238e+00
6.075557337090741930e+04 9.932834832379030532e-01
6.075557363096811605e+04 9.619136915379761232e-01
6.075557389102880552e+04 1.081888070598958640e+00
6.075557415108950227e+04 1.016184755109791338e+00
6.075557441115019901e+04 9.725496780130921115e-01
6.075557467121088848e+04 1.041155941008234942e+00
6.075557493127158523e+04 1.067678606451862189e+00
6.075557519133227470e+04 1.028449914286675426e+00
6.075557545139297144e+04 9.621958955612531783e-01
6.075557571145366819e+04 1.032039094232597431e+00
6.075557597151435766e+04 1.022854432790891499e+00
6.075557623157505441e+04 8.956899345439405247e-01
6.075557649163575115e+04 9.865920646072535716e-01
6.075557675169643335e+04 9.716159215127423421e-01
6.075557701175713009e+04 1.042994308474392451e+00
6.075557727181782684e+04 9.463145123732674691e-01
6.075557753187852359e+04 1.024825946034191970e+00
6.075557779193922033e+04 9.430161445809205345e-01
6.075557805199990980e+04 1.013538584119552111e+00
6.075557831206059927e+04 1.059451503136880079e+00
6.075557857212129602e+04 1.021137251348869679e+00
6.075557883218199277e+04 9.333060213298279839e-01
6.075557909224268951e+04 9.521513645344829024e-01
6.075557935230337898e+04 1.067710978506504871e+00
6.075557961236407573e+04 1.012213785814870537e+00
6.075557987242476520e+04 9.952912975302296017e-01
6.075558013248546195e+04 9.059855764289199698e-01
6.075558039254615869e+04 9.289145417778755798e-01
6.075558065260684816e+04 1.125214551390793849e+00
6.075558091266754491e+04 9.057601739423475351e-01
6.075558117272824165e+04 1.030261747082329871e+00
6.075558143278892385e+04 1.093156333914993672e+00
6.075558169284962059e+04 1.005456874894182118e+00
6.075558195291031734e+04 1.039268062464130615e+00
6.075558221297101409e+04 9.853501192925733232e-01
6.075558247303171083e+04 9.833070790388123150e-01
6.075558273309240030e+04 1.008148675615032186e+00
6.075558299315309705e+04 9.469343844915991681e-01
6.075558325321378652e+04 1.057848208344821961e+00
6.075558351327448327e+04 1.014556544004515004e+00
6.075558377333518001e+04 1.025399202167601942e+00
6.075558403339586948e+04 1.051424809402540461e+00
6.075558429345656623e+04 1.007283300970866602e+00
6.075558455351726298e+04 9.537504028730096062e-01
6.075558481357794517e+04 1.013972028591382912e+00
6.075558507363864192e+04 1.069854900498514283e+00
6.075558533369933866e+04 1.045833672881801624e+00
6.075558559376003541e+04 1.166042444529983069e+00
6.075558585382073215e+04 1.008974466133512937e+00
6.075558611388142162e+04 9.945259164712512145e-01
6.075558637394211837e+04 9.517752102638022960e-01
6.075558663400280784e+04 9.694716748271346995e-01
6.075558689406350459e+04 1.058652693330385475e+00
6.075558715412420133e+04 9.548776230246680541e-01
6.075558741418489080e+04 9.833648687932250443e-01
6.075558767424558755e+04 1.034894641283916616e+00
6.075558793430628430e+04 1.105873316495647574e+00
6.075558819436697377e+04 1.043747076194603940e+00
6.075558845442767051e+04 1.073036695691580222e+00
6.075558871448835998e+04 9.107130758119428293e-01
6.075558897454905673e+04 9.817226853751046534e-01
6.075558923460975348e+04 1.060853311103792329e+00
6.075558949467044295e+04 1.100907097840081228e+00
6.075558975473113969e+04 1.100629358355693865e+00
6.075559001479183644e+04 9.092148627998688504e-01
6.075559027485253318e+04 1.070962194657259392e+00
6.075559053491322265e+04 1.136982153873384638e+00
6.075559079497391212e+04 1.094364131644320448e+00
6.075559105503460887e+04 1.013351978694538635e+00
6.075559131509530562e+04 1.095075944409597657e+00
6.075559157515600236e+04 9.629167871379729071e-01
6.075559183521669911e+04 1.100840756866168446e+00
6.075559209527738858e+04 1.106605008537557833e+00
6.075559235533808533e+04 1.016533569723924613e+00
6.075559261539877480e+04 1.034787434895402480e+00
6.075559287545946427e+04 1.017534130739719878e+00
6.075559313552016101e+04 9.875599999362453252e-01
6.075559339558085776e+04 1.154958981325412637e+00
6.075559494101491873e+04 9.522944216266345796e-01
6.075559520107561548e+04 1.006658752907292120e+00
6.075559546113631222e+04 1.015036191342732153e+00
6.075559572119700897e+04 1.096113680522334599e+00
6.075559598125769844e+04 1.068901664922158101e+00
6.075559624131839519e+04 1.083129231204263743e+00
6.075559650137908466e+04 8.961453721532229855e-01
6.075559676143977413e+04 1.032819444903393835e+00
6.075559702150047087e+04 8.602800788370053020e-01
6.075559728156116762e+04 9.351621427580110169e-01
6.075559754162186437e+04 1.002039636662666044e+00
6.075559780168256111e+04 9.800209969568342006e-01
6.075559806174325058e+04 9.329357034609024879e-01
6.075559832180394733e+04 9.475279942689323054e-01
6.075559858186464407e+04 9.297719981424347191e-01
6.075559884192533355e+04 9.437265951912355844e-01
6.075559910198603029e+04 1.069182419373765569e+00
6.075559936204671976e+04 1.032192044527165953e+00
6.075559962210741651e+04 1.058505991134219393e+00
6.075559988216811325e+04 9.448988370212306753e-01
6.075560014222880272e+04 8.865310927512674022e-01
6.075560040228950675e+04 1.129379341277708226e+00
6.075560066235019622e+04 1.151321819588898121e+00
6.075560092241089296e+04 1.048424667313806458e+00
6.075560118247158971e+04 1.096227457171314867e+00
6.075560144253227918e+04 1.046953775686795707e+00
6.075560170259296865e+04 1.052445992016527887e+00
6.075560196265366540e+04 1.043960971932554882e+00
6.075560222271436214e+04 9.272401323278647300e-01
6.075560248277505889e+04 1.199557282829235350e+00
6.075560274283574836e+04 1.048030898595060156e+00
6.075560300289644510e+04 1.110354932061809130e+00
6.075560326295714185e+04 1.049636430029271539e+00
6.075560352301783860e+04 1.059807740521182984e+00
6.075560378307853534e+04 1.039555704948156079e+00
6.075560404313922481e+04 7.886217090823566256e-01
6.075560430319992156e+04 1.016148764768491697e+00
6.075560456326061831e+04 1.067951382747148514e+00
6.075560482332130050e+04 1.064063371979659056e+00
6.075560508338199725e+04 9.438315680472723068e-01
6.075560534344269399e+04 1.064821160481843831e+00
6.075560560350339074e+04 9.969503455490483779e-01
6.075560586356408749e+04 1.113741884635002011e+00
6.075560612362477696e+04 1.072492157764985965e+00
6.075560638368547370e+04 9.756334718022703356e-01
6.075560664374617045e+04 9.972540193058646585e-01
6.075560690380686719e+04 9.884397738154485635e-01
6.075560716386756394e+04 1.020859544297356258e+00
6.075560742392825341e+04 1.019836414389860391e+00
6.075560768398895016e+04 1.044920559420306816e+00
6.075560794404964690e+04 9.975213345495863582e-01
6.075560820411032910e+04 9.765888413940972956e-01
6.075560846417102584e+04 9.660576262165446737e-01
6.075560872423172259e+04 1.016393379501580485e+00
6.075560898429241934e+04 8.515998888676293843e-01
6.075560924435311608e+04 1.024571839108621818e+00
6.075560950441380555e+04 9.299493614711930034e-01
6.075560976447450230e+04 1.033466003108226339e+00
6.075561002453519905e+04 1.127766206265329751e+00
6.075561028459589579e+04 1.039152976906791537e+00
6.075561054465659254e+04 1.111333076084265903e+00
6.075561080471728201e+04 1.096433232189138129e+00
6.075561106477797875e+04 1.007436298469633451e+00
6.075561132483867550e+04 9.679197957395704321e-01
6.075561158489937225e+04 9.811203630566692757e-01
6.075561184496006899e+04 8.572834246754940102e-01
6.075561210502075846e+04 9.726955522734325177e-01
6.075561236508144793e+04 9.311882802810291793e-01
6.075561262514214468e+04 1.046069638681761838e+00
6.075561288520283415e+04 1.044035007931481074e+00
6.075561314526353090e+04 1.063278484909786048e+00
6.075561340532422764e+04 9.488289283409649943e-01
6.075561366538492439e+04 1.042178277143366749e+00
6.075561392544562113e+04 1.016828098405882175e+00
6.075561418550631060e+04 1.080651663805762164e+00
6.075561444556700735e+04 9.920393727446431553e-01
6.075561470562770410e+04 9.874595853130487821e-01
6.075561496568840084e+04 1.050040485686442926e+00
6.075561522574909759e+04 1.011050347850952269e+00
6.075561548580978706e+04 9.249813620797714409e-01
6.075561574587048381e+04 1.031005843551481282e+00
6.075561600593118055e+04 1.031858217184105087e+00
6.075561626599187002e+04 1.061263960345298241e+00
6.075561652605256677e+04 1.042750869998012808e+00
6.075561678611326352e+04 1.085807941108153818e+00
6.075561704617396026e+04 1.067900798028318166e+00
6.075561730623465701e+04 9.995196731301557724e-01
6.075561756629534648e+04 9.637794458079683713e-01
6.075561782635604322e+04 9.738114312708391340e-01
6.075561808641673269e+04 1.002909361104136421e+00
6.075561834647742944e+04 1.021315905938007695e+00
6.075561860653812619e+04 9.867095353325608942e-01
6.075561886659881566e+04 1.029978001068205584e+00
6.075561912665951240e+04 1.120866253360635723e+00
6.075561938672020915e+04 1.005643462842841007e+00
6.075561964678089862e+04 9.854611710846631345e-01
6.075561990684160264e+04 1.181448812035921669e+00
6.075562016690229211e+04 1.021894598712729030e+00
6.075562042696298886e+04 1.002304975455115654e+00
6.075562068702368560e+04 1.038414849737778978e+00
6.075562094708437508e+04 9.230442339967508403e-01
6.075562120714507182e+04 1.038408357382976321e+00
6.075562146720576857e+04 1.024789907261579591e+00
6.075562172726646531e+04 1.108888745864647474e+00
6.075562198732716206e+04 8.770169526115270120e-01
6.075562224738785153e+04 9.725397431912566892e-01
6.075562250744854828e+04 9.447759813502640824e-01
6.075562276750924502e+04 9.971843537979830918e-01
6.075562302756994177e+04 1.036936132947709810e+00
6.075562328763063852e+04 9.994546656842070442e-01
6.075562490904599690e+04 9.190282844117587668e-01
6.075562516909990518e+04 9.092448371063283075e-01
6.075562542915379890e+04 1.026142679980265759e+00
6.075562568920769263e+04 9.787560710561173938e-01
6.075562594926160091e+04 1.000018612182291378e+00
6.075562620931549463e+04 9.629732392686132236e-01
6.075562646936939564e+04 1.140326017744574427e+00
6.075562672942329664e+04 1.010469374425257749e+00
6.075562698947719036e+04 1.021028294072221732e+00
6.075562724953109864e+04 1.104727325632415935e+00
6.075562750958499237e+04 1.029475749582225319e+00
6.075562776963889337e+04 1.003036861563326720e+00
6.075562802969280165e+04 1.035698462633243500e+00
6.075562828974669537e+04 8.311930459190897125e-01
6.075562854980059637e+04 1.039280212194881425e+00
6.075562880985449738e+04 1.207617294567338240e+00
6.075562906990839110e+04 1.067650693190956401e+00
6.075562932996229938e+04 1.004273047117195450e+00
6.075562959001619311e+04 1.163661681353170385e+00
6.075562985007009411e+04 8.891103631340728786e-01
6.075563011012399511e+04 9.859143556790590512e-01
6.075563037017788884e+04 9.736812804787402520e-01
6.075563063023179711e+04 1.041032436892832536e+00
6.075563089028569084e+04 1.159989612755025101e+00
6.075563115033958456e+04 1.045521650646031198e+00
6.075563141039349284e+04 1.095245448965939561e+00
6.075563167044738657e+04 1.068609135150142775e+00
6.075563193050128757e+04 1.064748961651791337e+00
6.075563219055518857e+04 9.002235622224600275e-01
6.075563245060908230e+04 1.005445178396038308e+00
6.075563271066299058e+04 1.145210402202272437e+00
6.075563297071688430e+04 1.012940684181003803e+00
6.075563323077078530e+04 1.104072046900967274e+00
6.075563349082468631e+04 9.880143803767548194e-01
6.075563375087858003e+04 8.827477690156033674e-01
6.075563401093248831e+04 1.077522218466719917e+00
6.075563427098638203e+04 1.058260578838744026e+00
6.075563453104027576e+04 1.082868982010912751e+00
6.075563479109418404e+04 1.025830531399885226e+00
6.075563505114807776e+04 1.003169882030354509e+00
6.075563531120197877e+04 9.820366497362106317e-01
6.075563557125588704e+04 9.396898756093843286e-01
6.075563583130978077e+04 1.100171372621836507e+00
6.075563609136368905e+04 1.014515755031262012e+00
6.075563635141758277e+04 9.813391936892110756e-01
6.075563661147148377e+04 1.052259708900705748e+00
6.075563687152538478e+04 9.369909871832744486e-01
6.075563713157927850e+04 9.223013691724382124e-01
6.075563739163318678e+04 9.256490675797566237e-01
6.075563765168708051e+04 1.079085391261030313e+00
6.075563791174097423e+04 9.493340756935340075e-01
6.075563817179488251e+04 8.188682950139583028e-01
6.075563843184877624e+04 1.026886961012266175e+00
6.075563869190267724e+04 9.752545015883719026e-01
6.075563895195657824e+04 1.061314101173812086e+00
6.075563921201047197e+04 1.042421467656211576e+00
6.075563947206438024e+04 1.150747586269663447e+00
6.075563973211827397e+04 1.043543347960409706e+00
6.075563999217217497e+04 8.932435199891864963e-01
6.075564025222608325e+04 9.782363194841562359e-01
6.075564051227997697e+04 9.162686354301390335e-01
6.075564077233388525e+04 1.131766177826811770e+00
6.075564103238777898e+04 1.064533964783302089e+00
6.075564129244167270e+04 9.741606707490654271e-01
6.075564155249558098e+04 1.062066028100236759e+00
6.075564181254947471e+04 1.033877115740872377e+00
6.075564207260337571e+04 1.060488758156966194e+00
6.075564233265727671e+04 1.015749132790939369e+00
6.075564259271117044e+04 9.579162597282390168e-01
6.075564285276507871e+04 1.105385947195515639e+00
6.075564311281897244e+04 1.014253908886423750e+00
6.075564337287286617e+04 1.020174571393621887e+00
6.075564363292677444e+04 1.086424280878918625e+00
6.075564389298066817e+04 9.286143924065040078e-01
6.075564415303458372e+04 1.097434363020501014e+00
6.075564441308847745e+04 1.062372631382706434e+00
6.075564467314237118e+04 1.067856678038048956e+00
6.075564493319627945e+04 1.063230770376742518e+00
6.075564519325017318e+04 8.818833623953389322e-01
6.075564545330407418e+04 1.038143268750213899e+00
6.075564571335797518e+04 1.068009031157498567e+00
6.075564597341186891e+04 1.076822943088524775e+00
6.075564623346577719e+04 1.132949051730567147e+00
6.075564649351967091e+04 9.441311600255561931e-01
6.075564675357356464e+04 1.028808245580292047e+00
6.075564701362747292e+04 9.546809050774222039e-01
6.075564727368136664e+04 1.068738006747414815e+00
6.075564753373527492e+04 1.024309827777026838e+00
6.075564779378917592e+04 1.053014475047544751e+00
6.075564805384306965e+04 1.022904725763871703e+00
6.075564831389697792e+04 1.055152945914700435e+00
6.075564857395087165e+04 9.432509312921925071e-01
6.075564883400477265e+04 9.935885325725145600e-01
6.075564909405867365e+04 9.894549805818677601e-01
6.075564935411256738e+04 1.133622170818058050e+00
6.075564961416647566e+04 1.154272381108639944e+00
6.075564987422036938e+04 1.066954985518452803e+00
6.075565013427426311e+04 9.102823537085688033e-01
6.075565039432817866e+04 1.055598117416670867e+00
6.075565065438207239e+04 1.051339342513964104e+00
6.075565091443597339e+04 9.927247004439669897e-01
6.075565117448987439e+04 9.961979567000205371e-01
6.075565143454376812e+04 9.768784238198009451e-01
6.075565169459767640e+04 1.031811218401891939e+00
6.075565195465157012e+04 1.088913669026138287e+00
6.075565221470547112e+04 1.128447154443374512e+00
6.075565247475937213e+04 9.583877038892327782e-01
6.075565273481326585e+04 1.011714493641838963e+00
6.075565299486718141e+04 1.053718748990354115e+00
6.075565325492107513e+04 1.101604290555485477e+00
6.075565492676799477e+04 1.041968769199552503e+00
6.075565518682868424e+04 1.060433226508696425e+00
6.075565544688938098e+04 1.010087987378289975e+00
6.075565570695007773e+04 1.059563506689897405e+00
6.075565596701077448e+04 1.063964693273049100e+00
6.075565622707147122e+04 1.223393933433625014e+00
6.075565648713216069e+04 1.015445165903815505e+00
6.075565674719285744e+04 9.633556442439197287e-01
6.075565700725356146e+04 1.104967177226775288e+00
6.075565726731425821e+04 1.073797557743815245e+00
6.075565752737495495e+04 1.079720872831434253e+00
6.075565778743564442e+04 1.150475078693822706e+00
6.075565804749634117e+04 9.330458774201647598e-01
6.075565830755703792e+04 1.009658493295001458e+00
6.075565856761772739e+04 1.010410248504785002e+00
6.075565882767842413e+04 1.021151140955087744e+00
6.075565908773912088e+04 1.019841517938771647e+00
6.075565934779981762e+04 1.159335234647288937e+00
6.075565960786051437e+04 9.723347029061777391e-01
6.075565986792121112e+04 1.059873476578115259e+00
6.075566012798190786e+04 1.074036852609887127e+00
6.075566038804260461e+04 1.003856447007482666e+00
6.075566064810330136e+04 1.008883714164144685e+00
6.075566090816399810e+04 9.854785183906468182e-01
6.075566116822468757e+04 9.453111193147467617e-01
6.075566142828538432e+04 1.102807363746685088e+00
6.075566168834608106e+04 1.050129687271393886e+00
6.075566194840677781e+04 1.096728134938368626e+00
6.075566220846748183e+04 1.055961372630428441e+00
6.075566246852817130e+04 1.072057335140997436e+00
6.075566272858886805e+04 9.962463880566250207e-01
6.075566298864956480e+04 1.102258442009556250e+00
6.075566324871025427e+04 1.059795069315403682e+00
6.075566350877095101e+04 1.109903218719659135e+00
6.075566376883164776e+04 1.060432852625430966e+00
6.075566402889234450e+04 1.042322612629659639e+00
6.075566428895304125e+04 1.087638057911950895e+00
6.075566454901373800e+04 9.435797310300083618e-01
6.075566480907443474e+04 1.079877058700394965e+00
6.075566506913513149e+04 1.081633689523567421e+00
6.075566532919582824e+04 1.006184446871378535e+00
6.075566558925652498e+04 9.205738647075110137e-01
6.075566584931721445e+04 1.056755337528648697e+00
6.075566610937791120e+04 9.337649390022314533e-01
6.075566636943860794e+04 1.026205279926180491e+00
6.075566662949930469e+04 1.050392865670064735e+00
6.075566688956000144e+04 1.015978096429317912e+00
6.075566714962069818e+04 1.106056676293860841e+00
6.075566740968139493e+04 9.449164357056843988e-01
6.075566766974209168e+04 9.545275667754732352e-01
6.075566792980278115e+04 1.022645415525300194e+00
6.075566818986347789e+04 1.088719819600696415e+00
6.075566844992417464e+04 1.064483524512584767e+00
6.075566870998487866e+04 1.081965602030201978e+00
6.075566897004557541e+04 1.115141651749647300e+00
6.075566923010626488e+04 1.052535942844994521e+00
6.075566949016696162e+04 9.492898582410560504e-01
6.075566975022765837e+04 9.914026176687386060e-01
6.075567001028834784e+04 1.034985386312132549e+00
6.075567027034905186e+04 1.098796935366052496e+00
6.075567053040974133e+04 1.098357265154862095e+00
6.075567079047044535e+04 9.976364262147945361e-01
6.075567105053114210e+04 1.150950905318716355e+00
6.075567131059183157e+04 1.061936216805484001e+00
6.075567157065252832e+04 1.106511083488999292e+00
6.075567183071322506e+04 9.423365371343463970e-01
6.075567209077392181e+04 1.106730960361253624e+00
6.075567235083461856e+04 1.019420292802319272e+00
6.075567261089531530e+04 1.090220299157518058e+00
6.075567287095601205e+04 1.052827919213259689e+00
6.075567313101670879e+04 9.875002477557270897e-01
6.075567339107740554e+04 1.013926077239946544e+00
6.075567365113810229e+04 1.011845015973461770e+00
6.075567391119879176e+04 9.434343863051374290e-01
6.075567417125948850e+04 1.036630077883615719e+00
6.075567443132019253e+04 9.513859981085929229e-01
6.075567469138088200e+04 8.677377493880821246e-01
6.075567495144157874e+04 8.839962128344631687e-01
6.075567521150227549e+04 1.024210259843759685e+00
6.075567547156297223e+04 1.050832575537179014e+00
6.075567573162366898e+04 1.015256832169204371e+00
6.075567599168436573e+04 1.008886788926864453e+00
6.075567625174506247e+04 1.024191594748028677e+00
6.075567651180575922e+04 1.076106431741372882e+00
6.075567677186645597e+04 1.077291083129358507e+00
6.075567703192715271e+04 1.140860458367219499e+00
6.075567729198784218e+04 1.027612563469430196e+00
6.075567755204853893e+04 8.802034652256814917e-01
6.075567781210924295e+04 9.829823502448921113e-01
6.075567807216993242e+04 1.042176741859367928e+00
6.075567833223062917e+04 1.065223612087905503e+00
6.075567859229132591e+04 1.002588156439989220e+00
6.075567885235202266e+04 1.055797404189800170e+00
6.075567911241271941e+04 9.929044962795313678e-01
6.075567937247341615e+04 9.915373697899088068e-01
6.075567963253411290e+04 1.072926962570893705e+00
6.075567989259480964e+04 1.043573325916649530e+00
6.075568015265550639e+04 1.040033478010470303e+00
6.075568041271620314e+04 9.721256404751081881e-01
6.075568067277689261e+04 1.077637768290443221e+00
6.075568093283759663e+04 9.941529612309983888e-01
6.075568119289829338e+04 1.133798954597579067e+00
6.075568145295898285e+04 1.125434750012929808e+00
6.075568171301968687e+04 1.063388553202706754e+00
6.075568197308037634e+04 9.826185136414288257e-01
6.075568223314107308e+04 1.089868919269644021e+00
6.075568249320177711e+04 1.075571690399706348e+00
6.075568275326246658e+04 1.091195069684143037e+00
6.075568301332316332e+04 1.098903798725629155e+00
6.075568327338386007e+04 1.044171817219053500e+00
6.075568483179301256e+04 1.025418893672724208e+00
6.075568509184680443e+04 9.203800559251399394e-01
6.075568535190059629e+04 1.096317091794678289e+00
6.075568561195438815e+04 1.125260895440433506e+00
6.075568587200818729e+04 1.052982749220877201e+00
6.075568613206199370e+04 9.637984177618633685e-01
6.075568639211578557e+04 1.025476067648444678e+00
6.075568665216957743e+04 1.066231312251444185e+00
6.075568691222336929e+04 9.438491248978755355e-01
6.075568717227716115e+04 1.048115839424699214e+00
6.075568743233096029e+04 1.026288910461666815e+00
6.075568769238475215e+04 1.043069078751806211e+00
6.075568795243854402e+04 1.015428916849919094e+00
6.075568821249233588e+04 1.064510163152601496e+00
6.075568847254613502e+04 1.012437333980958920e+00
6.075568873259992688e+04 1.103920489427986373e+00
6.075568899265372602e+04 9.868883856044966540e-01
6.075568925270752516e+04 1.039630617294714510e+00
6.075568951276131702e+04 9.152397700744164810e-01
6.075568977281511616e+04 1.059931013891517448e+00
6.075569003286890802e+04 9.912079761894242447e-01
6.075569029292269988e+04 1.014458486226621714e+00
6.075569055297649174e+04 9.827105075351406649e-01
6.075569081303029088e+04 1.156415644318267599e+00
6.075569107308408275e+04 1.014820739572424024e+00
6.075569133313787461e+04 1.103306721262226953e+00
6.075569159319166647e+04 1.073308050284188075e+00
6.075569185324547288e+04 9.819846640355959222e-01
6.075569211329927202e+04 1.070814890197759217e+00
6.075569237335306389e+04 9.989471626334794907e-01
6.075569263340685575e+04 1.078478083550670208e+00
6.075569289346064761e+04 8.958476650390900797e-01
6.075569315351444675e+04 9.685016138240822858e-01
6.075569341356823861e+04 9.832463560785626999e-01
6.075569367362203047e+04 1.024073154625943172e+00
6.075569393367582234e+04 9.540546308280271059e-01
6.075569419372962147e+04 9.405152147334527868e-01
6.075569445378341334e+04 1.111280991026518672e+00
6.075569471383720520e+04 1.044587891224797005e+00
6.075569497389100434e+04 1.014417414611730850e+00
6.075569523394481075e+04 9.930872319817831695e-01
6.075569549399860261e+04 9.440142312373321909e-01
6.075569575405239448e+04 1.019696054455278000e+00
6.075569601410618634e+04 9.927340296478616155e-01
6.075569627415998548e+04 1.024215241675844767e+00
6.075569653421377734e+04 9.879093521160255964e-01
6.075569679426756920e+04 1.045628471204093302e+00
6.075569705432136107e+04 1.043569118659225303e+00
6.075569731437516020e+04 1.050345807469993398e+00
6.075569757442895207e+04 9.626703671921499339e-01
6.075569783448274393e+04 8.724173186501743560e-01
6.075569809453654307e+04 1.018105734384428640e+00
6.075569835459034948e+04 9.771248778586205663e-01
6.075569861464414134e+04 1.043788057181321616e+00
6.075569887469793321e+04 1.016709278728721522e+00
6.075569913475172507e+04 1.088355488019972617e+00
6.075569939480552421e+04 1.114419922525214712e+00
6.075569965485931607e+04 1.069808006405933209e+00
6.075569991491310793e+04 1.090210316045636008e+00
6.075570017496689979e+04 1.121260649007931987e+00
6.075570043502069893e+04 8.993038940606791209e-01
6.075570069507449080e+04 1.013658639971564801e+00
6.075570095512828993e+04 1.047148948098053811e+00
6.075570121518208907e+04 1.083604650519435886e+00
6.075570147523588821e+04 1.005753958466508280e+00
6.075570173528968007e+04 1.119161143672774195e+00
6.075570199534347194e+04 1.083671751002295069e+00
6.075570225539727107e+04 1.023989857909518353e+00
6.075570251545106294e+04 8.555447892610283933e-01
6.075570277550485480e+04 1.175092577974149455e+00
6.075570303555864666e+04 1.006415406730585715e+00
6.075570329561244580e+04 9.676283779135201879e-01
6.075570355566623766e+04 9.449298865007442760e-01
6.075570381572002952e+04 9.671841205255096163e-01
6.075570407577382866e+04 1.054478468404842939e+00
6.075570433582763508e+04 1.009377311640177632e+00
6.075570459588142694e+04 1.132653178048570020e+00
6.075570485593521880e+04 9.337038713330750861e-01
6.075570511598901066e+04 1.098575628037026242e+00
6.075570537604280980e+04 1.021874755514376787e+00
6.075570563609660167e+04 9.883933584931678951e-01
6.075570589615039353e+04 9.513217709649623988e-01
6.075570615620419267e+04 8.396648936011700259e-01
6.075570641625798453e+04 1.038345748028985049e+00
6.075570667631177639e+04 8.661383079613277358e-01
6.075570693636557553e+04 1.021595848480830737e+00
6.075570719641938194e+04 1.085362406913749522e+00
6.075570745647317381e+04 9.609629648180141315e-01
6.075570771652696567e+04 1.215020233828981500e+00
6.075570797658076481e+04 1.003320700342609451e+00
6.075570823663455667e+04 1.040517804840845661e+00
6.075570849668834853e+04 1.080475358154491250e+00
6.075570875674214039e+04 1.137321683598933264e+00
6.075570901679593953e+04 8.880037520783857774e-01
6.075570927684973140e+04 1.005328242551581930e+00
6.075570953690352326e+04 1.006683640491433884e+00
6.075570979695732240e+04 1.070081899482249410e+00
6.075571005701112153e+04 9.440769990035422499e-01
6.075571031706492067e+04 9.984159970027577380e-01
6.075571057711871254e+04 1.005116621283701717e+00
6.075571083717251167e+04 9.904161478715536315e-01
6.075571109722630354e+04 9.914113793791993201e-01
6.075571135728009540e+04 1.014135427287937041e+00
6.075571161733389454e+04 1.011701813931930038e+00
6.075571187738768640e+04 1.030813387155574912e+00
6.075571213744147826e+04 9.183014099801658503e-01
6.075571239749527740e+04 1.036606773674514370e+00
6.075571265754906926e+04 9.918291513185190089e-01
6.075571291760286840e+04 1.018263769589050183e+00
6.075571317765666754e+04 1.065527463785590045e+00
6.075571474868715450e+04 1.045989700589918803e+00
6.075571500874785124e+04 1.023157389445449539e+00
6.075571526880854799e+04 1.030319178871836883e+00
6.075571552886924474e+04 1.083944514204786991e+00
6.075571578892994148e+04 1.065586036032898809e+00
6.075571604899063823e+04 9.860761996955192954e-01
6.075571630905133497e+04 1.039283333824936095e+00
6.075571656911203172e+04 9.791999551047874117e-01
6.075571682917273574e+04 1.009227616540762984e+00
6.075571708923342521e+04 1.041594746214516753e+00
6.075571734929412196e+04 1.080287267430198872e+00
6.075571760935482598e+04 9.564529357527619124e-01
6.075571786941552273e+04 1.028435619717985361e+00
6.075571812947621947e+04 9.586458381423849096e-01
6.075571838953690894e+04 9.551141455214650078e-01
6.075571864959761297e+04 1.098042170165519416e+00
6.075571890965830971e+04 1.054187593159747749e+00
6.075571916971899918e+04 1.060380948125252853e+00
6.075571942977970320e+04 1.048487200671439634e+00
6.075571968984039995e+04 1.007136052488455391e+00
6.075571994990109670e+04 1.004549985936759926e+00
6.075572020996180072e+04 1.141161882211769729e+00
6.075572047002249019e+04 9.727174179347751748e-01
6.075572073008318694e+04 9.860697441418383447e-01
6.075572099014388368e+04 9.938124378727394292e-01
6.075572125020458770e+04 9.376831460260452999e-01
6.075572151026528445e+04 9.273529685571133552e-01
6.075572177032597392e+04 1.034863778254849542e+00
6.075572203038667794e+04 9.525960410735792028e-01
6.075572229044737469e+04 1.027557497349778082e+00
6.075572255050806416e+04 1.096788218749714661e+00
6.075572281056877546e+04 1.052067418109214669e+00
6.075572307062946493e+04 9.763775804835934657e-01
6.075572333069016167e+04 9.032369641671876836e-01
6.075572359075086570e+04 9.946821271397942033e-01
6.075572385081155517e+04 9.324059360725271972e-01
6.075572411087225191e+04 1.001199165865543250e+00
6.075572437093294866e+04 1.031768732677690315e+00
6.075572463099365268e+04 1.022702108793164699e+00
6.075572489105434943e+04 1.123086531020131229e+00
6.075572515111503890e+04 9.374927964545879400e-01
6.075572541117574292e+04 9.208575315444224030e-01
6.075572567123643967e+04 9.039562241800547238e-01
6.075572593129713641e+04 9.228947006683764220e-01
6.075572619135784043e+04 1.051727344943905740e+00
6.075572645141852990e+04 9.719568345174777191e-01
6.075572671147922665e+04 8.478602065771815299e-01
6.075572697153993067e+04 9.883249253353022512e-01
6.075572723160062014e+04 9.265934228577002996e-01
6.075572749166131689e+04 9.981978149353618601e-01
6.075572775172202091e+04 9.943789573000727522e-01
6.075572801178271766e+04 1.034270808975070288e+00
6.075572827184341440e+04 1.074272410911180753e+00
6.075572853190411115e+04 9.657870389616229900e-01
6.075572879196480790e+04 1.084005304281991267e+00
6.075572905202550464e+04 9.453452961299823043e-01
6.075572931208620867e+04 1.091450178786169456e+00
6.075572957214690541e+04 9.586020916315955986e-01
6.075572983220759488e+04 1.002814305847782750e+00
6.075573009226829890e+04 9.760152546051857891e-01
6.075573035232899565e+04 9.138193507145645489e-01
6.075573061238968512e+04 9.172885807193960073e-01
6.075573087245038914e+04 9.576147058054519379e-01
6.075573113251108589e+04 9.310276509790890165e-01
6.075573139257178264e+04 9.633201542479892243e-01
6.075573165263248666e+04 1.160802523701905287e+00
6.075573191269317613e+04 9.603707729839222607e-01
6.075573217275387287e+04 1.053122584610693302e+00
6.075573243281457690e+04 1.082608226589446998e+00
6.075573269287527364e+04 9.919599621602247508e-01
6.075573295293597039e+04 9.769391480494516999e-01
6.075573321299666713e+04 9.861681219678147814e-01
6.075573347305736388e+04 9.914267831776428785e-01
6.075573373311806063e+04 9.352419799256488364e-01
6.075573399317875737e+04 1.079019612688371099e+00
6.075573425323946140e+04 9.714960228673088505e-01
6.075573451330015087e+04 1.011073367368000575e+00
6.075573477336085489e+04 1.044068565610131394e+00
6.075573503342155163e+04 1.080972798911479682e+00
6.075573529348224110e+04 1.014115080352574472e+00
6.075573555354294513e+04 1.051581397219805591e+00
6.075573581360364187e+04 8.290459760879401729e-01
6.075573607366434589e+04 9.525998685279376543e-01
6.075573633372504264e+04 9.532713772226774074e-01
6.075573659378573211e+04 1.066542246152713425e+00
6.075573685384643613e+04 9.483259561439618679e-01
6.075573711390713288e+04 1.024448158044914070e+00
6.075573737396782963e+04 9.556917640739166497e-01
6.075573763402853365e+04 1.062447458638551501e+00
6.075573789408922312e+04 9.334470432719234045e-01
6.075573815414991986e+04 1.104679249597893209e+00
6.075573841421062389e+04 9.510836089442757935e-01
6.075573867427131336e+04 9.668617527046761140e-01
6.075573893433201010e+04 8.915383166938446458e-01
6.075573919439271413e+04 9.474914394062170508e-01
6.075573945445341087e+04 9.690565078383434061e-01
6.075573971451411489e+04 9.493745816160530371e-01
6.075573997457480436e+04 8.753596233156679673e-01
6.075574023463550111e+04 9.033426832813591378e-01
6.075574049469620513e+04 1.018272424493749995e+00
6.075574075475690188e+04 1.141622811396864057e+00
6.075574101481759863e+04 1.019669543464807315e+00
6.075574127487829537e+04 9.596962407731595146e-01
6.075574153493899212e+04 9.022622140350800013e-01
6.075574179499969614e+04 1.042596194832080103e+00
6.075574205506038561e+04 1.090029531539548069e+00
6.075574231512108236e+04 1.082662150288383307e+00
6.075574257518178638e+04 1.082155604518024949e+00
6.075574283524248312e+04 1.078248608313560952e+00
6.075574309530317987e+04 9.073831616907045428e-01
6.075574483016229351e+04 9.829813821834039178e-01
6.075574509021608537e+04 1.079030827884906563e+00
6.075574535026989179e+04 9.538349021582335219e-01
6.075574561032369093e+04 9.490028074563969795e-01
6.075574587037748279e+04 9.987402313693155564e-01
6.075574613043128193e+04 9.651051329744988472e-01
6.075574639048507379e+04 9.672113911784028240e-01
6.075574665053887293e+04 1.088728315562083271e+00
6.075574691059266479e+04 1.039948469246371854e+00
6.075574717064645665e+04 1.086132298173474009e+00
6.075574743070025579e+04 9.130760160934102698e-01
6.075574769075404765e+04 9.935280609581765843e-01
6.075574795080784679e+04 9.704449672513209002e-01
6.075574821086163865e+04 9.615246631247009734e-01
6.075574847091544507e+04 9.115795826930004342e-01
6.075574873096924421e+04 9.661818483364262855e-01
6.075574899102303607e+04 9.351984583607576562e-01
6.075574925107683521e+04 9.335802919825144652e-01
6.075574951113062707e+04 9.146995365057797311e-01
6.075574977118442621e+04 8.952262504025302325e-01
6.075575003123821807e+04 1.009481176474764208e+00
6.075575029129201721e+04 9.595025764474077734e-01
6.075575055134580907e+04 1.084875391989262639e+00
6.075575081139960093e+04 8.590405801507410288e-01
6.075575107145340007e+04 8.900620829359584540e-01
6.075575133150719921e+04 9.553531997027177036e-01
6.075575159156100563e+04 8.917687706530378344e-01
6.075575185161479749e+04 8.895722746330261277e-01
6.075575211166859663e+04 9.221831591685918372e-01
6.075575237172238849e+04 9.194012393504517044e-01
6.075575263177618035e+04 1.040175262977047321e+00
6.075575289182997949e+04 8.988223317103593013e-01
6.075575315188377135e+04 9.370016247821907340e-01
6.075575341193757049e+04 1.008088557893696668e+00
6.075575367199136235e+04 1.116320958406243458e+00
6.075575393204516149e+04 9.978601348799561732e-01
6.075575419209895335e+04 1.044104608042721427e+00
6.075575445215275249e+04 1.050972082022415321e+00
6.075575471220655891e+04 1.017565936247477376e+00
6.075575497226035077e+04 9.358359756755535441e-01
6.075575523231414991e+04 9.157627601338245160e-01
6.075575549236794177e+04 9.844326485884479228e-01
6.075575575242174091e+04 9.292160182869690921e-01
6.075575601247553277e+04 8.970350983998566230e-01
6.075575627252933191e+04 1.015403409994954043e+00
6.075575653258312377e+04 1.124856340976981173e+00
6.075575679263691563e+04 1.044862928067987751e+00
6.075575705269071477e+04 9.602890292392061156e-01
6.075575731274451391e+04 8.581201944493224154e-01
6.075575757279832033e+04 8.815140179850166069e-01
6.075575783285211219e+04 9.794533337250204141e-01
6.075575809290591133e+04 9.841244792661220098e-01
6.075575835295970319e+04 9.394907582120821665e-01
6.075575861301350233e+04 1.044579651422377742e+00
6.075575887306729419e+04 1.008180268530242785e+00
6.075575913312109333e+04 8.607932445341777150e-01
6.075575939317488519e+04 1.009517087169102156e+00
6.075575965322867705e+04 1.017360573808521407e+00
6.075575991328247619e+04 1.156162764980378510e+00
6.075576017333626805e+04 9.516305907957954835e-01
6.075576043339007447e+04 1.031332499836505878e+00
6.075576069344387361e+04 8.916470393442768039e-01
6.075576095349767274e+04 9.101825324106912474e-01
6.075576121355146461e+04 9.903239621769244216e-01
6.075576147360526375e+04 1.026659216989559420e+00
6.075576173365905561e+04 8.283723090808650102e-01
6.075576199371285475e+04 9.453331878521846754e-01
6.075576225376664661e+04 1.007796525989964387e+00
6.075576251382044575e+04 1.121240611417615662e+00
6.075576277387423761e+04 9.365930987863254620e-01
6.075576303392802947e+04 8.795187047508996603e-01
6.075576329398183589e+04 9.994658693822801032e-01
6.075576355403563502e+04 9.385868562299791718e-01
6.075576381408943416e+04 1.025528016278026699e+00
6.075576407414322603e+04 9.536578894446451349e-01
6.075576433419702516e+04 9.493259991284878074e-01
6.075576459425081703e+04 8.795487601095232089e-01
6.075576485430461616e+04 1.044918747054269126e+00
6.075576511435840803e+04 9.154538126440341372e-01
6.075576537441220717e+04 9.986461990244746012e-01
6.075576563446599903e+04 8.910786302039150897e-01
6.075576589451979817e+04 9.834285553268287128e-01
6.075576615457359003e+04 1.099166300871537327e+00
6.075576641462739644e+04 9.440934072064716132e-01
6.075576667468119558e+04 1.000403343203711604e+00
6.075576693473499472e+04 9.265748555585551216e-01
6.075576719478878658e+04 9.851490064556405191e-01
6.075576745484258572e+04 9.490240466827575272e-01
6.075576771489637758e+04 9.658340508755656195e-01
6.075576797495017672e+04 9.087038645285061556e-01
6.075576823500396858e+04 1.014943531982811287e+00
6.075576849505776045e+04 1.023878206163922222e+00
6.075576875511155959e+04 1.039111832545779990e+00
6.075576901516535145e+04 1.022902386226190563e+00
6.075576927521915786e+04 9.489640482866104065e-01
6.075576953527295700e+04 9.632938643348802898e-01
6.075576979532675614e+04 1.048181706218639597e+00
6.075577005538054800e+04 1.011586048071788868e+00
6.075577031543434714e+04 1.020961321325730919e+00
6.075577057548813900e+04 1.037650313607048513e+00
6.075577083554193814e+04 1.063113182142343849e+00
6.075577109559573000e+04 9.602130823911502189e-01
6.075577135564952914e+04 9.703552172843139534e-01
6.075577161570332100e+04 1.001963443726618497e+00
6.075577187575712014e+04 8.404995337078563500e-01
6.075577213581091200e+04 8.930931833011054310e-01
6.075577239586471842e+04 1.038265525985598181e+00
6.075577265591851756e+04 7.751370551535970987e-01
6.075577291597231670e+04 9.163251589772660743e-01
6.075577317602610856e+04 1.051319719674958630e+00
