6.075585120116569306e+04 7.674037912703102204e-01
6.075585146121949219e+04 1.081357079568542989e+00
6.075585172127328406e+04 9.543884026042638302e-01
6.075585198132708319e+04 1.062283074557833329e+00
6.075585224138088233e+04 1.001162831904950812e+00
6.075585250143468147e+04 6.614672161948146334e-01
6.075585276148847333e+04 9.027932510131432275e-01
6.075585302154227247e+04 8.768905321413471565e-01
6.075585328159607161e+04 1.320652835038860440e+00
6.075585354164987803e+04 1.057096110947929768e+00
6.075585380170368444e+04 1.338717874888632142e+00
6.075585406175747630e+04 7.946228604414634633e-01
6.075585432181127544e+04 8.462222788034039489e-01
6.075585458186507458e+04 9.839392962438900936e-01
6.075585484191887372e+04 9.459918571240861773e-01
6.075585510197266558e+04 1.234821089618172829e+00
6.075585536202646472e+04 1.028765797485436062e+00
6.075585562208026386e+04 9.144276048911699206e-01
6.075585588213406299e+04 1.324787839440535464e+00
6.075585614218786213e+04 8.677376887332082234e-01
6.075585640224165400e+04 6.567900286170555990e-01
6.075585666229546041e+04 9.686784593291083434e-01
6.075585692234926682e+04 1.201215417143330688e+00
6.075585718240306596e+04 1.341499325475132620e+00
6.075585744245685783e+04 1.137065209157370527e+00
6.075585770251065696e+04 1.165259962720478715e+00
6.075585796256445610e+04 9.141731773468718680e-01
6.075585822261825524e+04 8.963305557643700405e-01
6.075585848267205438e+04 9.866278861393091848e-01
6.075585874272584624e+04 1.075878283557906823e+00
6.075585900277964538e+04 1.028760287597386913e+00
6.075585926283344452e+04 1.218059239926295501e+00
6.075585952288725093e+04 9.951481112143664154e-01
6.075585978294105735e+04 1.712595985812610966e+00
6.075586004299484921e+04 1.091062691277611352e+00
6.075586030304864835e+04 1.088276346175131470e+00
6.075586056310244749e+04 1.078353861055221241e+00
6.075586082315624662e+04 1.275700958276402952e+00
6.075586108321004576e+04 9.101875700711498096e-01
6.075586134326383763e+04 1.151998693355006154e+00
6.075586160331763676e+04 9.997830281187395363e-01
6.075586186337143590e+04 7.117505556686745116e-01
6.075586212342523504e+04 8.587725742222706016e-01
6.075586238347903418e+04 1.232555822079498764e+00
6.075586264353283332e+04 8.981176571333701064e-01
6.075586290358663973e+04 1.140040723004774437e+00
6.075586316364043887e+04 8.848841187262205255e-01
6.075586342369423801e+04 8.483210713068767284e-01
6.075586368374803715e+04 8.551228713871448228e-01
6.075586394380182901e+04 1.037225201561781995e+00
6.075586420385562815e+04 1.357445633724950307e+00
6.075586446390942729e+04 1.169775473474824690e+00
6.075586472396322642e+04 1.117058857498699487e+00
6.075586498401702556e+04 1.193769485370254735e+00
6.075586524407081743e+04 9.428808693300564370e-01
6.075586550412462384e+04 9.002773778519856940e-01
6.075586576417843025e+04 9.899521247451341655e-01
6.075586602423222939e+04 1.152149456233421798e+00
6.075586628428602853e+04 9.478399092526037517e-01
6.075586654433982039e+04 1.182154074673934296e+00
6.075586680439361953e+04 1.082255594662301146e+00
6.075586706444741867e+04 9.249384549723148607e-01
6.075586732450121781e+04 1.114842920087474099e+00
6.075586758455501695e+04 9.931604535747821094e-01
6.075586784460881609e+04 1.021493883150166759e+00
6.075586810466260795e+04 9.327055102815319243e-01
6.075586836471640709e+04 1.239138343463288994e+00
6.075586862477021350e+04 1.141375270727288616e+00
6.075586888482401991e+04 6.041118053581502334e-01
6.075586914487781905e+04 1.032944978336983288e+00
6.075586940493161092e+04 1.258150035273635003e+00
6.075586966498541005e+04 9.799344158957760120e-01
6.075586992503920919e+04 9.830231795614058354e-01
6.075587018509300833e+04 9.421025896698184132e-01
6.075587044514680747e+04 7.221263714455978810e-01
6.075587070520060661e+04 9.169892248754253350e-01
6.075587096525439847e+04 1.183683878600903183e+00
6.075587122530819761e+04 7.994566323433274224e-01
6.075587148536199675e+04 9.386392169995130264e-01
6.075587174541581044e+04 1.022360123867440240e+00
6.075587200546960958e+04 8.181814950025936284e-01
6.075587226552340871e+04 1.224053268763136249e+00
6.075587252557720058e+04 9.212250862509985261e-01
6.075587278563099972e+04 1.021300024214695679e+00
6.075587304568479885e+04 1.029049640869046378e+00
6.075587330573859799e+04 9.867299507695348471e-01
6.075587356579239713e+04 9.462759625390619878e-01
6.075587382584619627e+04 1.028926325467510505e+00
6.075587408589998813e+04 8.430892926216906336e-01
6.075587434595378727e+04 7.133402622773173940e-01
6.075587460600759368e+04 8.317501660355955950e-01
6.075587486606140010e+04 1.002777872431825701e+00
6.075587512611519924e+04 1.035070214098901431e+00
6.075587538616899838e+04 1.070251493518143082e+00
6.075587564622279751e+04 1.044738032726536980e+00
6.075587590627658938e+04 1.164300549125354856e+00
6.075587616633038851e+04 1.023358156296718002e+00
6.075587642638418765e+04 8.562334387704334526e-01
6.075587668643798679e+04 1.054028923053579092e+00
6.075587694649178593e+04 8.389318993038624717e-01
6.075587720654558507e+04 6.773915749697506650e-01
6.075587746659937693e+04 1.186851183439823876e+00
6.075587772665318334e+04 1.284968589164740438e+00
6.075587798670698976e+04 8.791895526526615212e-01
6.075587824676078890e+04 1.140345108100002003e+00
6.075587850681458804e+04 8.816904228351077899e-01
6.075587876686838717e+04 1.177764267259869158e+00
6.075587902692218631e+04 1.021854656726629118e+00
6.075587928697597818e+04 1.022870117812338053e+00
6.075587954702977731e+04 1.413732455733144766e+00
6.075588115586427011e+04 9.439893125884890601e-01
6.075588141592496686e+04 1.038519238922652743e+00
6.075588167598567088e+04 9.275589486709620024e-01
6.075588193604636763e+04 1.183895276419701048e+00
6.075588219610707165e+04 1.237292454357677096e+00
6.075588245616777567e+04 1.230762627620098693e+00
6.075588271622847242e+04 9.326846816488635339e-01
6.075588297628917644e+04 1.040645626964068926e+00
6.075588323634988046e+04 1.326091240425461226e+00
6.075588349641056993e+04 1.169582089359469501e+00
6.075588375647127395e+04 9.149769623859523859e-01
6.075588401653197798e+04 1.126926511503363537e+00
6.075588427659268200e+04 9.241782992368885452e-01
6.075588453665338602e+04 8.623694421087525486e-01
6.075588479671408277e+04 1.209852854374425801e+00
6.075588505677478679e+04 1.258113656384853174e+00
6.075588531683548354e+04 1.244413003703341847e+00
6.075588557689618756e+04 1.220606650430893891e+00
6.075588583695689158e+04 1.309884607192907779e+00
6.075588609701758833e+04 8.634354450335711695e-01
6.075588635707829235e+04 1.204470334060206538e+00
6.075588661713899637e+04 1.138231894048113979e+00
6.075588687719969312e+04 9.365201427080875884e-01
6.075588713726038986e+04 1.053794837431070608e+00
6.075588739732109389e+04 9.653578912166327353e-01
6.075588765738179791e+04 1.046341130991126356e+00
6.075588791744250193e+04 8.828117878679901942e-01
6.075588817750319868e+04 9.639358571860532354e-01
6.075588843756390270e+04 1.019031806854902023e+00
6.075588869762460672e+04 1.143047286836828880e+00
6.075588895768530347e+04 1.378470498534403177e+00
6.075588921774600749e+04 1.111042655771094845e+00
6.075588947780670424e+04 9.694030125650612284e-01
6.075588973786740826e+04 1.071066133130260001e+00
6.075588999792811228e+04 9.531356883804489311e-01
6.075589025798880903e+04 1.179676629326258386e+00
6.075589051804952032e+04 9.667750072190385291e-01
6.075589077811021707e+04 1.387459610517685737e+00
6.075589103817091382e+04 7.529170977670439635e-01
6.075589129823161784e+04 9.304822131471546243e-01
6.075589155829231458e+04 8.144653393346463766e-01
6.075589181835301861e+04 9.857681858528595242e-01
6.075589207841372263e+04 1.042721854816196503e+00
6.075589233847442665e+04 8.593683626513335394e-01
6.075589259853513067e+04 1.009044434099358067e+00
6.075589285859582742e+04 1.006317487005275346e+00
6.075589311865652417e+04 1.067215300827970337e+00
6.075589337871722819e+04 1.128116567415316851e+00
6.075589363877793221e+04 9.551606003189017091e-01
6.075589389883863623e+04 1.059195957359476692e+00
6.075589415889933298e+04 1.023373661925997435e+00
6.075589441896003700e+04 1.150345062976752875e+00
6.075589467902074102e+04 9.522366597539256849e-01
6.075589493908143777e+04 4.592486084977916994e-01
6.075589519914213452e+04 8.327322725995351949e-01
6.075589545920283854e+04 9.275149910045401569e-01
6.075589571926354256e+04 1.071588245589313759e+00
6.075589597932424658e+04 8.991267526778251584e-01
6.075589623938494333e+04 9.085747141080725564e-01
6.075589649944564735e+04 9.993823326731735568e-01
6.075589675950635137e+04 1.289394804826816010e+00
6.075589701956705539e+04 9.906091951408699803e-01
6.075589727962775942e+04 7.552547997441307892e-01
6.075589753968844889e+04 8.316393833460393736e-01
6.075589779974915291e+04 9.224860921972323213e-01
6.075589805980985693e+04 9.731008941124389411e-01
6.075589831987055368e+04 8.103201450252767168e-01
6.075589857993125770e+04 9.108995206981983506e-01
6.075589883999196172e+04 1.289472395461446874e+00
6.075589910005266574e+04 1.064611038905312057e+00
6.075589936011336977e+04 1.026073799480121895e+00
6.075589962017406651e+04 1.099559651038979569e+00
6.075589988023477054e+04 8.266028454121987501e-01
6.075590014029546728e+04 5.661176394835172321e-01
6.075590040035617130e+04 1.051012253146218045e+00
6.075590066041687533e+04 8.747813651793078238e-01
6.075590092047757207e+04 1.183035682569434144e+00
6.075590118053827609e+04 9.790469273364412750e-01
6.075590144059898012e+04 7.352300025494545865e-01
6.075590170065967686e+04 1.011981931837690585e+00
6.075590196072038816e+04 1.062826053535977477e+00
6.075590222078108491e+04 1.124077428748567309e+00
6.075590248084178893e+04 1.134586444065881272e+00
6.075590274090249295e+04 1.161919135612908160e+00
6.075590300096318242e+04 1.135038832313546742e+00
6.075590326102388644e+04 9.726245077197376299e-01
6.075590352108459047e+04 8.839883613674153207e-01
6.075590378114529449e+04 8.477791743029179372e-01
6.075590404120599851e+04 9.705478188518769089e-01
6.075590430126669526e+04 9.762477574017635051e-01
6.075590456132739928e+04 1.148755186456599908e+00
6.075590482138810330e+04 7.551703943583437662e-01
6.075590508144880732e+04 7.232783687175831089e-01
6.075590534150951135e+04 1.030634775920482582e+00
6.075590560157020809e+04 1.118318026158934941e+00
6.075590586163091211e+04 8.594187698851392110e-01
6.075590612169160886e+04 8.720952853657714110e-01
6.075590638175230561e+04 1.126640735472854926e+00
6.075590664181300963e+04 7.512805359753289558e-01
6.075590690187371365e+04 1.180924898343900686e+00
6.075590716193441767e+04 7.426177527965219793e-01
6.075590742199512169e+04 9.173428859738498309e-01
6.075590768205581844e+04 6.807539092679870674e-01
6.075590794211652246e+04 8.560674485366565056e-01
6.075590820217722649e+04 7.238086913255983301e-01
6.075590846223793051e+04 7.810414671683590937e-01
6.075590872229863453e+04 1.095898279610501458e+00
6.075590898235933128e+04 7.997741896373982140e-01
6.075590924242003530e+04 9.419656289103111035e-01
6.075590950248073932e+04 8.875839992359986219e-01
6.075591106051386305e+04 8.039950232151025222e-01
6.075591132057445793e+04 1.076669696084043615e+00
6.075591158063505281e+04 5.533435077478231490e-01
6.075591184069564770e+04 1.078458638303520400e+00
6.075591210075624258e+04 1.022711086024691074e+00
6.075591236081683746e+04 6.056999280409036679e-01
6.075591262087743235e+04 8.460240881554965675e-01
6.075591288093802723e+04 9.335366282320300968e-01
6.075591314099862211e+04 1.027426106496454050e+00
6.075591340105922427e+04 8.295722644765207709e-01
6.075591366111981915e+04 8.525910109725726160e-01
6.075591392118041404e+04 8.875488389747134832e-01
6.075591418124100892e+04 9.082560639234269484e-01
6.075591444130160380e+04 9.610006180057693026e-01
6.075591470136219868e+04 8.957902872032860175e-01
6.075591496142279357e+04 9.617894358762808515e-01
6.075591522148338845e+04 1.300508826139978646e+00
6.075591548154399061e+04 1.056166107169102197e+00
6.075591574160458549e+04 1.059826703045273488e+00
6.075591600166518037e+04 8.930846075343404911e-01
6.075591626172577526e+04 9.334357887115319885e-01
6.075591652178637742e+04 9.050639279398761117e-01
6.075591678184697230e+04 1.003441234762103340e+00
6.075591704190756718e+04 8.932063369789859930e-01
6.075591730196816206e+04 9.723977714573007747e-01
6.075591756202875695e+04 6.718332449379428306e-01
6.075591782208935183e+04 1.101017437580915193e+00
6.075591808214994671e+04 7.696346508155824662e-01
6.075591834221054160e+04 6.230175167177068873e-01
6.075591860227113648e+04 1.154712275993711623e+00
6.075591886233173136e+04 4.563995861670575027e-01
6.075591912239232624e+04 1.162871672996953487e+00
6.075591938245292840e+04 1.133546610896093654e+00
6.075591964251352329e+04 9.965111706137741443e-01
6.075591990257411817e+04 8.318095137898213753e-01
6.075592016263471305e+04 1.150087992889676558e+00
6.075592042269530793e+04 1.118732324309936077e+00
6.075592068275590282e+04 8.326029074627389059e-01
6.075592094281649770e+04 1.101775759339395755e+00
6.075592120287709986e+04 7.514572823222002151e-01
6.075592146293769474e+04 1.086204927512214535e+00
6.075592172299828962e+04 9.202852816770357158e-01
6.075592198305888451e+04 1.103117364645133325e+00
6.075592224311948667e+04 8.581690126254106765e-01
6.075592250318008155e+04 1.069409138601649989e+00
6.075592276324067643e+04 1.022867888206928644e+00
6.075592302330127131e+04 1.030162716710817161e+00
6.075592328336186620e+04 9.965844516832873534e-01
6.075592354342246108e+04 7.438021996222885512e-01
6.075592380348305596e+04 7.895518476103333683e-01
6.075592406354365812e+04 8.411925257521978283e-01
6.075592432360425300e+04 8.652845918608081943e-01
6.075592458366484789e+04 8.639634123441621849e-01
6.075592484372544277e+04 6.798680966314838425e-01
6.075592510378604493e+04 7.687556202275483974e-01
6.075592536384663981e+04 8.481919177931148690e-01
6.075592562390723469e+04 1.087015004031268273e+00
6.075592588396782958e+04 9.695595795057041499e-01
6.075592614402842446e+04 1.009027793122365901e+00
6.075592640408901934e+04 9.533760306879528468e-01
6.075592666414961423e+04 9.436376736294814771e-01
6.075592692421020911e+04 9.599084595719376001e-01
6.075592718427081127e+04 8.820994404218840401e-01
6.075592744433140615e+04 8.970434010049742612e-01
6.075592770439200103e+04 1.017728320947069109e+00
6.075592796445260319e+04 9.239397247986644857e-01
6.075592822451319807e+04 9.525325655541044823e-01
6.075592848457379296e+04 5.589890572368040322e-01
6.075592874463438784e+04 1.181773735454180185e+00
6.075592900469498272e+04 9.716667154914474525e-01
6.075592926475557761e+04 9.315830233890636247e-01
6.075592952481617249e+04 9.308763742046195500e-01
6.075592978487676737e+04 1.015353773942197391e+00
6.075593004493736953e+04 1.008482281033346917e+00
6.075593030499796441e+04 1.209321845423793729e+00
6.075593056505855930e+04 8.739516569936601753e-01
6.075593082511916145e+04 1.014193081010881681e+00
6.075593108517975634e+04 1.233201144055875664e+00
6.075593134524035122e+04 1.194405825684679678e+00
6.075593160530094610e+04 8.153090118640137218e-01
6.075593186536154099e+04 6.820674281142290463e-01
6.075593212542213587e+04 1.008164913508245331e+00
6.075593238548273075e+04 9.943641536530251068e-01
6.075593264554332563e+04 9.483336063778214919e-01
6.075593290560392779e+04 9.599796737644059608e-01
6.075593316566452268e+04 7.970250287891529339e-01
6.075593342572511756e+04 9.554471307457724771e-01
6.075593368578571244e+04 7.860583609951743433e-01
6.075593394584631460e+04 7.524618480491143124e-01
6.075593420590690948e+04 9.767248063328970442e-01
6.075593446596750437e+04 8.734814100252568103e-01
6.075593472602809925e+04 1.106729217331107185e+00
6.075593498608869413e+04 9.267086968054126794e-01
6.075593524614928901e+04 1.013495715810815323e+00
6.075593550620988390e+04 1.123091684853005479e+00
6.075593576627048606e+04 9.672773444960649503e-01
6.075593602633108094e+04 1.073938368553244205e+00
6.075593628639167582e+04 9.589915508693376278e-01
6.075593654645227070e+04 8.797509409504836730e-01
6.075593680651287286e+04 7.818496887095132131e-01
6.075593706657346775e+04 9.523026529498453963e-01
6.075593732663406263e+04 9.146912830448012954e-01
6.075593758669465751e+04 9.903612619009112272e-01
6.075593784675525239e+04 1.087810474141999384e+00
6.075593810681584728e+04 9.650016026463793528e-01
6.075593836687644216e+04 1.005125388340440740e+00
6.075593862693704432e+04 1.141891440692194504e+00
6.075593888699763920e+04 8.067569900072451006e-01
6.075593914705823408e+04 1.035444017233105640e+00
6.075593940711883624e+04 7.635121735558630940e-01
6.075594106598430517e+04 1.231159818845588338e+00
6.075594132604500919e+04 1.261414063347052306e+00
6.075594158610571321e+04 8.802288293659897844e-01
6.075594184616640996e+04 1.041498734586639330e+00
6.075594210622711398e+04 1.119928018706444428e+00
6.075594236628781800e+04 5.161631797441079694e-01
6.075594262634852203e+04 6.803361476886428116e-01
6.075594288640922605e+04 9.635570073797645740e-01
6.075594314646992279e+04 9.201602194421426573e-01
6.075594340653063409e+04 1.074623035845424956e+00
6.075594366659133811e+04 7.059953942795313964e-01
6.075594392665203486e+04 1.013516945476417908e+00
6.075594418671273888e+04 8.728898031608295360e-01
6.075594444677344291e+04 7.330466039936244238e-01
6.075594470683414693e+04 8.423256094051775333e-01
6.075594496689485095e+04 1.138284338522996597e+00
6.075594522695554770e+04 1.028604023183484317e+00
6.075594548701625172e+04 1.016366156443450075e+00
6.075594574707695574e+04 8.858986756757827319e-01
6.075594600713765976e+04 8.244130710505014337e-01
6.075594626719836378e+04 9.113782051409226037e-01
6.075594652725906053e+04 1.122888395961524788e+00
6.075594678731976455e+04 8.753391842025548542e-01
6.075594704738046858e+04 8.049157345337762948e-01
6.075594730744116532e+04 9.925516354227263971e-01
6.075594756750187662e+04 6.375995871190393016e-01
6.075594782756257337e+04 1.050595682500387706e+00
6.075594808762328466e+04 7.956622207528107893e-01
6.075594834768398869e+04 1.162857928870179913e+00
6.075594860774468543e+04 9.457932335415134562e-01
6.075594886780538945e+04 9.994787738425034984e-01
6.075594912786609348e+04 1.143871393031304917e+00
6.075594938792679750e+04 7.447095374958585534e-01
6.075594964798750152e+04 1.127966308969730491e+00
6.075594990804819827e+04 9.703335329584988900e-01
6.075595016810890229e+04 9.602928956475084155e-01
6.075595042816960631e+04 9.993654729805862003e-01
6.075595068823031033e+04 6.878484821045832698e-01
6.075595094829101436e+04 1.165853137309328380e+00
6.075595120835171110e+04 1.004815165402505484e+00
6.075595146841241512e+04 8.609226704696746335e-01
6.075595172847312642e+04 1.101333525633628740e+00
6.075595198853382317e+04 9.250157890389681947e-01
6.075595224859452719e+04 6.947291919990424836e-01
6.075595250865523121e+04 9.423220585460642118e-01
6.075595276871593524e+04 8.024342235254973144e-01
6.075595302877663926e+04 7.384803154753809551e-01
6.075595328883733600e+04 8.563458180312971679e-01
6.075595354889804003e+04 1.066675894955407378e+00
6.075595380895874405e+04 8.544279214217496143e-01
6.075595406901944807e+04 9.752222243384028877e-01
6.075595432908015209e+04 8.842041864929615080e-01
6.075595458914084884e+04 9.970323440677857363e-01
6.075595484920156014e+04 1.015083693223939099e+00
6.075595510926226416e+04 1.060258123781522066e+00
6.075595536932296091e+04 7.829570653761666055e-01
6.075595562938366493e+04 1.007576832846448722e+00
6.075595588944436895e+04 9.106904609489213653e-01
6.075595614950507297e+04 9.111889415214383670e-01
6.075595640956577699e+04 6.829477627394218153e-01
6.075595666962647374e+04 6.461905830494170111e-01
6.075595692968717776e+04 1.042371446813316949e+00
6.075595718974788178e+04 8.486511055774815793e-01
6.075595744980858581e+04 1.072576034522406907e+00
6.075595770986929710e+04 7.295560112215817572e-01
6.075595796992999385e+04 7.875969576468357936e-01
6.075595822999069787e+04 9.635693144124216625e-01
6.075595849005140190e+04 1.009856699523558277e+00
6.075595875011209864e+04 8.544703393910485500e-01
6.075595901017280994e+04 9.773726157003628234e-01
6.075595927023350669e+04 7.948410885823236072e-01
6.075595953029421071e+04 9.724665000581877994e-01
6.075595979035491473e+04 1.109349170968618736e+00
6.075596005041561148e+04 9.236902194407681232e-01
6.075596031047632277e+04 8.512883187869506596e-01
6.075596057053702680e+04 9.668313594861873694e-01
6.075596083059773082e+04 7.554500353310870109e-01
6.075596109065843484e+04 9.267120513233300105e-01
6.075596135071913159e+04 7.178221353023583884e-01
6.075596161077983561e+04 1.074954369292110856e+00
6.075596187084053963e+04 9.281812246256441190e-01
6.075596213090124365e+04 1.139840572769389437e+00
6.075596239096194768e+04 8.717395927934832311e-01
6.075596265102265170e+04 9.304535030853721134e-01
6.075596291108335572e+04 7.664522691144008970e-01
6.075596317114405974e+04 1.202306786845283026e+00
6.075596343120475649e+04 9.704353610509570682e-01
6.075596369126546051e+04 1.037535933794033971e+00
6.075596395132616453e+04 6.653286838259724334e-01
6.075596421138686856e+04 1.048034394568002625e+00
6.075596447144757258e+04 8.299038413764875388e-01
6.075596473150827660e+04 1.007471879425428041e+00
6.075596499156898062e+04 1.047215345370426265e+00
6.075596525162968464e+04 8.772416840426402462e-01
6.075596551169038867e+04 7.691927011251947777e-01
6.075596577175109269e+04 8.249465193003179264e-01
6.075596603181178943e+04 8.639011194126411386e-01
6.075596629187249346e+04 7.924463398967932504e-01
6.075596655193319748e+04 8.997570966416195137e-01
6.075596681199390150e+04 1.191862786411747921e+00
6.075596707205460552e+04 1.163057134015063276e+00
6.075596733211530955e+04 9.859940525673096534e-01
6.075596759217601357e+04 8.867589890839757683e-01
6.075596785223671759e+04 1.018830283677333082e+00
6.075596811229741434e+04 1.047267460359266877e+00
6.075596837235811836e+04 1.154292510534154825e+00
6.075596863241882238e+04 9.700293108464821401e-01
6.075596889247953368e+04 8.197470610302334260e-01
6.075596915254023770e+04 8.837313724173927465e-01
6.075596941260093445e+04 7.885905463435878282e-01
6.075597102105359954e+04 8.070322167104827527e-01
6.075597128111420170e+04 8.472577292302871932e-01
6.075597154117479658e+04 9.912177622291649115e-01
6.075597180123539147e+04 9.348856560408048688e-01
6.075597206129598635e+04 8.621179083903351970e-01
6.075597232135658123e+04 7.234781641127827623e-01
6.075597258141718339e+04 7.909873567695870911e-01
6.075597284147777827e+04 1.093152192646403398e+00
6.075597310153837316e+04 9.121542770226863661e-01
6.075597336159897532e+04 1.005107612082978719e+00
6.075597362165957020e+04 5.711297161632867825e-01
6.075597388172016508e+04 9.596359213920958586e-01
6.075597414178077452e+04 7.939501642311702634e-01
6.075597440184136940e+04 1.035417053617332828e+00
6.075597466190196428e+04 6.780131286545222347e-01
6.075597492196255916e+04 1.086318934504581390e+00
6.075597518202315405e+04 8.237556559320529104e-01
6.075597544208374893e+04 1.099095091055478202e+00
6.075597570214434381e+04 9.552501680016397545e-01
6.075597596220494597e+04 8.137071766443237930e-01
6.075597622226554813e+04 8.237509049414502016e-01
6.075597648232614301e+04 9.847921314552109395e-01
6.075597674238673790e+04 1.109556384262996742e+00
6.075597700244734006e+04 9.967959404436463888e-01
6.075597726250793494e+04 8.921891744503844812e-01
6.075597752256853710e+04 8.751661293625379034e-01
6.075597778262913198e+04 6.856961606709335300e-01
6.075597804268972686e+04 6.924751870429618483e-01
6.075597830275032175e+04 1.107497079178409782e+00
6.075597856281091663e+04 6.328263824288639094e-01
6.075597882287151151e+04 9.577555537800441776e-01
6.075597908293212095e+04 9.467342453905733812e-01
6.075597934299271583e+04 1.381410498277368726e+00
6.075597960305331071e+04 1.159541982696521867e+00
6.075597986311390559e+04 1.059879658396098767e+00
6.075598012317450775e+04 1.118821401353250922e+00
6.075598038323510264e+04 8.385522952936526053e-01
6.075598064329570479e+04 1.011364643465053836e+00
6.075598090335629968e+04 8.872792686562696041e-01
6.075598116341689456e+04 1.181987487518738611e+00
6.075598142347748944e+04 8.657778525475873233e-01
6.075598168353808433e+04 1.384154545865575292e+00
6.075598194359869376e+04 9.560092627504581664e-01
6.075598220365928864e+04 9.028552533541515102e-01
6.075598246371988353e+04 1.295116412734503175e+00
6.075598272378047841e+04 7.413334211720832290e-01
6.075598298384108057e+04 1.015208271185664035e+00
6.075598324390167545e+04 9.488856999987221874e-01
6.075598350396227761e+04 8.622197974218444028e-01
6.075598376402287249e+04 1.019531771675199705e+00
6.075598402408346738e+04 8.386887910235515387e-01
6.075598428414406226e+04 7.313156932367576024e-01
6.075598454420465714e+04 7.292851380994356258e-01
6.075598480426526658e+04 8.393185138267056367e-01
6.075598506432586146e+04 1.051184987814260507e+00
6.075598532438645634e+04 9.432310261621803527e-01
6.075598558444705122e+04 9.723212271939080109e-01
6.075598584450765338e+04 8.271428763340902268e-01
6.075598610456825554e+04 1.194040563270914790e+00
6.075598636462885042e+04 4.179544594478467046e-01
6.075598662468944531e+04 9.447685576710884714e-01
6.075598688475004019e+04 1.196994034863895662e+00
6.075598714481063507e+04 8.615986577477089403e-01
6.075598740487123723e+04 1.094140755108739427e+00
6.075598766493183211e+04 1.108978226594235839e+00
6.075598792499243427e+04 9.082394799108923777e-01
6.075598818505302916e+04 1.238427495274327939e+00
6.075598844511362404e+04 7.138423948106565886e-01
6.075598870517423347e+04 1.085359729452380018e+00
6.075598896523482836e+04 1.252694274855534529e+00
6.075598922529542324e+04 1.017605703167424380e+00
6.075598948535601812e+04 9.434063212355915384e-01
6.075598974541661300e+04 1.089924823697257628e+00
6.075599000547721516e+04 7.837713966305528412e-01
6.075599026553781005e+04 8.676566789563383564e-01
6.075599052559840493e+04 1.011223010671046474e+00
6.075599078565900709e+04 1.079104126074128533e+00
6.075599104571960197e+04 1.141464405730283849e+00
6.075599130578020413e+04 1.085234811763527540e+00
6.075599156584080629e+04 7.302823635770809840e-01
6.075599182590140117e+04 6.873422852187965892e-01
6.075599208596199605e+04 9.747170671394300712e-01
6.075599234602259094e+04 6.214003837417895193e-01
6.075599260608319310e+04 8.144510852069838380e-01
6.075599286614378798e+04 1.000043572459920149e+00
6.075599312620438286e+04 9.194311279951101756e-01
6.075599338626497774e+04 7.471131465481265499e-01
6.075599364632558718e+04 9.169834100691496293e-01
6.075599390638618206e+04 9.798174953086641326e-01
6.075599416644677694e+04 1.078256453301219553e+00
6.075599442650737910e+04 1.019329510055968502e+00
6.075599468656797399e+04 1.106342897397892822e+00
6.075599494662857614e+04 1.169115446315566853e+00
6.075599520668917103e+04 1.043238167464066057e+00
6.075599546674976591e+04 7.658638173311088648e-01
6.075599572681036079e+04 1.284174741992891500e+00
6.075599598687096295e+04 9.480610793429271599e-01
6.075599624693155783e+04 1.026224251879581884e+00
6.075599650699215999e+04 6.863638151944502219e-01
6.075599676705275488e+04 9.507325264480332994e-01
6.075599702711334976e+04 1.008934912231466807e+00
6.075599728717395192e+04 1.284300101563453866e+00
6.075599754723455408e+04 8.497765262022879407e-01
6.075599780729514896e+04 7.338653639681325114e-01
6.075599806735574384e+04 1.012470716530378123e+00
6.075599832741634600e+04 1.101971032645675530e+00
6.075599858747694088e+04 8.571736630411017632e-01
6.075599884753753577e+04 1.046706011081477206e+00
6.075599910759813065e+04 1.139763274278056127e+00
6.075599936765874008e+04 1.061252471434457556e+00
6.075600091310295102e+04 9.224239575742726460e-01
6.075600117316365504e+04 7.733971936027670413e-01
6.075600143322435179e+04 8.558885539006091392e-01
6.075600169328505581e+04 7.310769892993846941e-01
6.075600195334576711e+04 5.678316456535713597e-01
6.075600221340647113e+04 1.167296529578920827e+00
6.075600247346717515e+04 9.626630698743467995e-01
6.075600273352787190e+04 1.106219162907171150e+00
6.075600299358858319e+04 1.162271292826254410e+00
6.075600325364928722e+04 9.755411105966976804e-01
6.075600351370998396e+04 9.609352353308395767e-01
6.075600377377069526e+04 1.122224855363616269e+00
6.075600403383139928e+04 8.022185432582682463e-01
6.075600429389210331e+04 1.187486333594937715e+00
6.075600455395280733e+04 1.016670220828186366e+00
6.075600481401350407e+04 1.115737313976460587e+00
6.075600507407421537e+04 1.156486678366050569e+00
6.075600533413491939e+04 1.040892573349343264e+00
6.075600559419562342e+04 5.623364562901067565e-01
6.075600585425632744e+04 9.417186779891694171e-01
6.075600611431703146e+04 9.709649611465915875e-01
6.075600637437773548e+04 8.189487087266139609e-01
6.075600663443843951e+04 9.579523678965427003e-01
6.075600689449914353e+04 1.034161982034250693e+00
6.075600715455985483e+04 1.010936741152539842e+00
6.075600741462055157e+04 1.096612643687166821e+00
6.075600767468125559e+04 1.245365468430728484e+00
6.075600793474195962e+04 8.517295263541561079e-01
6.075600819480266364e+04 5.353226837944987659e-01
6.075600845486336766e+04 7.519925356926095983e-01
6.075600871492407168e+04 9.789490948896186762e-01
6.075600897498478298e+04 7.555359895832255424e-01
6.075600923504548700e+04 6.967205474342325067e-01
6.075600949510618375e+04 9.230771586508952353e-01
6.075600975516688777e+04 8.533430589737462935e-01
6.075601001522759907e+04 1.036096728949357226e+00
6.075601027528830309e+04 1.012313724075278865e+00
6.075601053534900711e+04 9.816340709446236268e-01
6.075601079540970386e+04 1.030070213783681687e+00
6.075601105547041516e+04 1.286960688297774436e+00
6.075601131553111918e+04 9.132278541525870041e-01
6.075601157559181593e+04 1.228331341278261934e+00
6.075601183565252722e+04 1.068127421583476844e+00
6.075601209571323125e+04 8.640693105446431987e-01
6.075601235577393527e+04 1.159133522510611414e+00
6.075601261583463929e+04 7.991907657050675295e-01
6.075601287589534331e+04 6.602037458404345083e-01
6.075601313595604734e+04 9.483438893577205153e-01
6.075601339601675136e+04 1.044837522411488751e+00
6.075601365607746266e+04 8.641840222503360813e-01
6.075601391613816668e+04 8.181171118793258978e-01
6.075601417619886342e+04 9.952252672545578438e-01
6.075601443625956745e+04 7.320502599281344391e-01
6.075601469632027874e+04 8.343260739486190181e-01
6.075601495638097549e+04 8.854467628507184385e-01
6.075601521644168679e+04 8.827311458485377349e-01
6.075601547650239081e+04 1.242102576581853857e+00
6.075601573656309483e+04 9.778602289042944706e-01
6.075601599662379886e+04 9.235459358255889706e-01
6.075601625668450288e+04 6.966628019409968342e-01
6.075601651674520690e+04 9.406560491215251174e-01
6.075601677680591092e+04 1.037529864027213478e+00
6.075601703686661494e+04 1.087787047302860799e+00
6.075601729692732624e+04 1.093975057264638506e+00
6.075601755698802299e+04 8.911839428313684808e-01
6.075601781704872701e+04 1.411161607965474962e+00
6.075601807710943831e+04 7.634215780239786975e-01
6.075601833717014233e+04 1.024389949459634686e+00
6.075601859723084635e+04 1.056933688710583352e+00
6.075601885729155038e+04 1.203153924873610059e+00
6.075601911735225440e+04 1.258588360279961238e+00
6.075601937741295842e+04 9.176432179003781719e-01
6.075601963747365517e+04 9.806924304178978868e-01
6.075601989753436646e+04 1.010540063831905977e+00
6.075602015759507049e+04 1.189591381536239778e+00
6.075602041765577451e+04 1.036899346501547470e+00
6.075602067771648581e+04 6.300237220607541877e-01
6.075602093777718255e+04 6.503074369331163229e-01
6.075602119783788658e+04 8.526045024705450892e-01
6.075602145789859787e+04 9.964102266252301554e-01
6.075602171795930190e+04 1.384184736148498907e+00
6.075602197802000592e+04 1.131582678420357535e+00
6.075602223808070994e+04 8.254559834001241603e-01
6.075602249814141396e+04 8.793362686204569956e-01
6.075602275820211798e+04 1.036107638257385277e+00
6.075602301826282201e+04 9.166932053347982556e-01
6.075602327832352603e+04 1.220740731270639534e+00
6.075602353838423005e+04 9.755881300477778906e-01
6.075602379844494135e+04 8.081711769397942335e-01
6.075602405850564537e+04 1.213016485163904257e+00
6.075602431856634212e+04 8.876833327499531467e-01
6.075602457862704614e+04 9.399004510400287282e-01
6.075602483868775744e+04 1.275815254119550657e+00
6.075602509874846146e+04 7.593225450848810620e-01
6.075602535880916548e+04 9.782104983223239847e-01
6.075602561886986950e+04 7.989541972327489638e-01
6.075602587893057353e+04 7.045883840099151918e-01
6.075602613899127755e+04 5.623674507672352663e-01
6.075602639905198885e+04 9.316183097159137505e-01
6.075602665911269287e+04 1.208709043694350393e+00
6.075602691917338962e+04 8.493013426145725742e-01
6.075602717923410091e+04 9.823002293120711714e-01
6.075602743929480494e+04 1.053197004341399401e+00
6.075602769935550168e+04 1.003249662313928425e+00
6.075602795941621298e+04 6.750968526798846181e-01
6.075602821947691700e+04 9.587326405382659011e-01
6.075602847953762102e+04 6.759789254747873288e-01
6.075602873959833232e+04 8.246563012991329211e-01
6.075602899965902907e+04 6.251948400786255799e-01
6.075602925971973309e+04 1.187682331269005687e+00
6.075603093119423283e+04 8.706285652240181028e-01
6.075603119125482772e+04 9.323369454031954495e-01
6.075603145131542988e+04 9.511284644224984319e-01
6.075603171137602476e+04 1.254133495758943839e+00
6.075603197143662692e+04 7.540680862848425647e-01
6.075603223149722908e+04 7.761403881490119838e-01
6.075603249155782396e+04 6.572566067491066866e-01
6.075603275161842612e+04 8.142845004304830603e-01
6.075603301167902100e+04 8.359197571831944451e-01
6.075603327173962316e+04 8.759221678256888799e-01
6.075603353180022532e+04 8.715425837574455326e-01
6.075603379186082020e+04 1.030147117787520772e+00
6.075603405192141508e+04 9.960753714246071144e-01
6.075603431198201724e+04 9.653493219686367643e-01
6.075603457204261213e+04 1.186139767946131407e+00
6.075603483210320701e+04 9.888578778120084012e-01
6.075603509216381644e+04 7.861559298465202739e-01
6.075603535222441133e+04 9.253177891404923416e-01
6.075603561228501349e+04 1.063352107927858725e+00
6.075603587234560837e+04 8.548343830107704155e-01
6.075603613240621053e+04 9.975212223648370902e-01
6.075603639246681269e+04 9.562253096720779721e-01
6.075603665252740757e+04 9.518687429114407461e-01
6.075603691258800245e+04 1.215217136560988731e+00
6.075603717264860461e+04 8.111561204315980156e-01
6.075603743270919949e+04 1.089723587094538093e+00
6.075603769276979438e+04 9.988904299615900539e-01
6.075603795283040381e+04 9.369390894015935389e-01
6.075603821289099869e+04 1.396910442165246069e+00
6.075603847295160085e+04 1.231164444438380912e+00
6.075603873301219573e+04 1.037958374148055141e+00
6.075603899307279789e+04 6.818824589432899153e-01
6.075603925313340005e+04 9.661478459387495832e-01
6.075603951319399494e+04 8.712438132682391867e-01
6.075603977325458982e+04 9.022896205721516738e-01
6.075604003331519198e+04 8.476859338859559223e-01
6.075604029337578686e+04 1.063714940198241754e+00
6.075604055343638902e+04 1.022730204298061940e+00
6.075604081349698390e+04 6.054065590064054980e-01
6.075604107355758606e+04 8.267428243646094410e-01
6.075604133361818822e+04 6.941727063734943748e-01
6.075604159367878310e+04 1.074145816629411554e+00
6.075604185373938526e+04 6.421914803762053259e-01
6.075604211379998742e+04 9.051935196793994276e-01
6.075604237386058230e+04 1.037627294511749954e+00
6.075604263392118446e+04 1.207241676244489081e+00
6.075604289398177934e+04 1.225303535750627670e+00
6.075604315404237423e+04 1.139910280614054416e+00
6.075604341410297639e+04 8.797638120502714321e-01
6.075604367416357127e+04 7.653090570173443075e-01
6.075604393422418070e+04 1.035538473015544803e+00
6.075604419428477559e+04 9.116277581437971511e-01
6.075604445434537047e+04 8.224623420295655851e-01
6.075604471440597990e+04 9.941417089270164764e-01
6.075604497446657479e+04 1.102250131421228074e+00
6.075604523452717694e+04 1.244052118361351988e+00
6.075604549458777183e+04 1.036811527369994490e+00
6.075604575464836671e+04 1.198038849854752508e+00
6.075604601470896887e+04 9.546937156683795722e-01
6.075604627476956375e+04 8.768063347377281769e-01
6.075604653483016591e+04 9.244626435139136067e-01
6.075604679489076807e+04 9.354769604937357430e-01
6.075604705495136295e+04 1.002038502802210740e+00
6.075604731501196511e+04 1.007329216037293973e+00
6.075604757507256727e+04 1.108744748190301221e+00
6.075604783513316943e+04 9.749907526959613602e-01
6.075604809519376431e+04 8.406100318786847714e-01
6.075604835525435919e+04 9.796944800408351472e-01
6.075604861531496135e+04 1.038235367170089463e+00
6.075604887537555624e+04 1.085514823597021783e+00
6.075604913543615839e+04 1.073644464482802041e+00
6.075604939549675328e+04 1.128575819171862449e+00
6.075604965555735544e+04 9.106509160223491550e-01
6.075604991561795759e+04 1.113846593412334052e+00
6.075605017567855248e+04 1.118937695897741280e+00
6.075605043573915464e+04 8.798524280358218652e-01
6.075605069579975680e+04 9.683949894687019500e-01
6.075605095586035168e+04 5.652250353133443372e-01
6.075605121592095384e+04 9.813372482574210798e-01
6.075605147598154872e+04 1.076430806084149205e+00
6.075605173604215088e+04 7.498645370719596581e-01
6.075605199610274576e+04 1.078115821265561047e+00
6.075605225616334792e+04 8.729071393802527723e-01
6.075605251622395008e+04 9.968627576305416627e-01
6.075605277628454496e+04 1.014245568097296601e+00
6.075605303634514712e+04 9.514238550989443377e-01
6.075605329640574200e+04 1.210567648843554389e+00
6.075605355646635144e+04 1.094289070573199130e+00
6.075605381652694632e+04 8.542468858724131531e-01
6.075605407658754848e+04 8.612733492537016922e-01
6.075605433664814336e+04 9.143984854893447700e-01
6.075605459670873825e+04 1.489716671300436168e+00
6.075605485676934040e+04 8.700778384972490676e-01
6.075605511682993529e+04 1.139391124718406978e+00
6.075605537689054472e+04 1.131846769690012522e+00
6.075605563695113960e+04 1.188605015245132845e+00
6.075605589701174176e+04 9.813647044109963247e-01
6.075605615707233665e+04 1.023392226449410858e+00
6.075605641713293880e+04 1.126253443191701953e+00
6.075605667719354096e+04 7.254907648500023010e-01
6.075605693725413585e+04 1.011436527158960264e+00
6.075605719731473800e+04 9.329958003619760465e-01
6.075605745737533289e+04 9.334491337188874915e-01
6.075605771743593505e+04 1.075975253374354956e+00
6.075605797749652993e+04 1.085314919825813407e+00
6.075605823755713209e+04 1.008282378405370938e+00
6.075605849761773425e+04 1.050002934566488078e+00
6.075605875767832913e+04 1.054010841723823866e+00
6.075605901773893129e+04 1.055311562617502030e+00
6.075605927779953345e+04 7.682960498003735816e-01
6.075606082322710427e+04 8.077110789719060824e-01
6.075606108328780829e+04 7.926429081042772884e-01
6.075606134334851231e+04 9.405891362348316465e-01
6.075606160340922361e+04 8.873552767913949202e-01
6.075606186346992035e+04 9.375757091473492233e-01
6.075606212353063165e+04 7.740069138801068949e-01
6.075606238359133567e+04 9.989148540727097458e-01
6.075606264365204697e+04 1.024440102189464907e+00
6.075606290371275099e+04 1.223057273476757967e+00
6.075606316377345502e+04 9.926097274657114111e-01
6.075606342383415904e+04 9.398688224990875417e-01
6.075606368389486306e+04 1.252066227478803251e+00
6.075606394395557436e+04 1.155884548416969304e+00
6.075606420401627838e+04 7.824481505650132673e-01
6.075606446407698240e+04 1.094433577540521618e+00
6.075606472413768643e+04 6.756916714212592989e-01
6.075606498419839772e+04 9.857829835306329835e-01
6.075606524425910175e+04 1.058374090559277558e+00
6.075606550431981304e+04 8.194236451350968009e-01
6.075606576438050979e+04 1.101123848700240160e+00
6.075606602444122109e+04 1.007205479989720764e+00
6.075606628450192511e+04 8.265917066121929446e-01
6.075606654456262913e+04 1.037252583960219798e+00
6.075606680462333316e+04 1.344654984459085600e+00
6.075606706468404445e+04 1.139146057415456381e+00
6.075606732474474848e+04 7.408050697160815101e-01
6.075606758480545250e+04 9.725357816221034124e-01
6.075606784486615652e+04 8.850909571102487661e-01
6.075606810492686054e+04 1.037629963200028316e+00
6.075606836498757184e+04 1.073406570553771644e+00
6.075606862504827586e+04 1.181648180627940858e+00
6.075606888510898716e+04 8.915707377886029628e-01
6.075606914516968391e+04 8.854239743051052214e-01
6.075606940523039520e+04 9.911050864219713707e-01
6.075606966529109923e+04 9.039097294674691696e-01
6.075606992535180325e+04 9.864305827470002397e-01
6.075607018541250727e+04 8.161588399669141847e-01
6.075607044547321857e+04 8.909175390110946058e-01
6.075607070553392259e+04 9.393065030903740009e-01
6.075607096559463389e+04 1.072971290225555929e+00
6.075607122565533064e+04 1.010589354526418182e+00
6.075607148571604193e+04 1.145873638913243342e+00
6.075607174577674596e+04 1.002898637611751687e+00
6.075607200583745725e+04 1.151992849255624174e+00
6.075607226589816128e+04 1.124002546115277390e+00
6.075607252595886530e+04 1.014055271277170878e+00
6.075607278601956932e+04 9.856806434076024193e-01
6.075607304608028062e+04 1.034018561144617099e+00
6.075607330614097737e+04 1.155311770917521130e+00
6.075607356620169594e+04 9.902661188099819434e-01
6.075607382626239269e+04 7.842471064983131956e-01
6.075607408632310398e+04 1.124677220038488468e+00
6.075607434638380801e+04 8.154406708730185249e-01
6.075607460644451203e+04 8.661328474316707382e-01
6.075607486650521605e+04 7.451326016645108963e-01
6.075607512656592735e+04 1.078948224694161961e+00
6.075607538662663137e+04 8.931094809935106182e-01
6.075607564668734267e+04 8.190121536794797708e-01
6.075607590674803942e+04 1.185721210554209426e+00
6.075607616680875071e+04 9.510400114881778499e-01
6.075607642686945474e+04 9.048914011274422631e-01
6.075607668693016603e+04 1.051274544670433908e+00
6.075607694699087006e+04 8.430982537347970762e-01
6.075607720705157408e+04 7.989671146533700030e-01
6.075607746711227810e+04 9.182870837561405430e-01
6.075607772717298940e+04 1.011564757759090716e+00
6.075607798723368614e+04 1.180189599094773056e+00
6.075607824729439744e+04 1.047428935547322304e+00
6.075607850735510146e+04 8.462921136259795585e-01
6.075607876741581276e+04 9.545388901120717140e-01
6.075607902747651679e+04 8.463789305071695024e-01
6.075607928753722081e+04 9.395192978169378817e-01
6.075607954759792483e+04 8.773310770557403160e-01
6.075607980765863613e+04 9.508228957870819009e-01
6.075608006771934015e+04 8.921448701282023164e-01
6.075608032778005145e+04 1.104738076366777566e+00
6.075608058784074819e+04 1.128478511930161243e+00
6.075608084790145949e+04 1.082524016297064406e+00
6.075608110796216351e+04 1.005950357077035173e+00
6.075608136802286754e+04 7.513029351282927149e-01
6.075608162808357156e+04 1.234981447229303475e+00
6.075608188814428286e+04 1.065829431224708967e+00
6.075608214820498688e+04 1.136571036191351469e+00
6.075608240826569818e+04 8.210832760535643482e-01
6.075608266832639492e+04 1.001356753611003070e+00
6.075608292838710622e+04 1.139846535370660163e+00
6.075608318844781024e+04 1.264497848573424177e+00
6.075608344850852154e+04 8.884119990283100288e-01
6.075608370856922556e+04 1.153996713782872385e+00
6.075608396862992959e+04 8.966242903583117041e-01
6.075608422869064088e+04 1.050080490735861183e+00
6.075608448875134491e+04 1.487141526762164156e+00
6.075608474881204893e+04 9.933872858195998967e-01
6.075608500887276023e+04 1.087526397714320137e+00
6.075608526893346425e+04 1.369910755166192873e+00
6.075608552899416827e+04 8.428935477648417107e-01
6.075608578905487957e+04 9.837438565523352052e-01
6.075608604911557632e+04 1.227855974962387187e+00
6.075608630917628761e+04 9.409561443189981000e-01
6.075608656923699164e+04 9.863124933454314736e-01
6.075608682929770293e+04 1.074476751183258472e+00
6.075608708935840696e+04 8.098217595879825259e-01
6.075608734941911098e+04 1.106360587926030759e+00
6.075608760947981500e+04 1.284993523984135466e+00
6.075608786954052630e+04 9.102890064127409087e-01
6.075608812960123760e+04 1.025505411627715802e+00
6.075608838966194162e+04 5.543035408633009142e-01
6.075608864972264564e+04 1.186594751700696948e+00
6.075608890978334966e+04 1.246231445586985842e+00
6.075608916984406096e+04 1.052350573585048910e+00
6.075609076569380704e+04 1.135024086405557631e+00
6.075609102575441648e+04 1.202521977267862363e+00
6.075609128581501136e+04 9.489127803899789493e-01
6.075609154587561352e+04 1.136347475354837933e+00
6.075609180593621568e+04 8.917138557024382184e-01
6.075609206599681784e+04 7.587142941197217993e-01
6.075609232605741272e+04 8.209714253071151990e-01
6.075609258611801488e+04 1.190832963863508454e+00
6.075609284617860976e+04 1.044674616142465595e+00
6.075609310623921192e+04 8.031671884189091060e-01
6.075609336629981408e+04 1.202814445455855141e+00
6.075609362636040896e+04 1.056252731862012295e+00
6.075609388642101840e+04 9.599139962520477631e-01
6.075609414648161328e+04 9.616077018099921103e-01
6.075609440654221544e+04 7.950658936680925493e-01
6.075609466660281760e+04 1.508184990393921954e+00
6.075609492666341976e+04 1.015465619977781619e+00
6.075609518672402191e+04 1.268208449881714106e+00
6.075609544678461680e+04 9.066013591242181313e-01
6.075609570684521896e+04 7.319967256889258200e-01
6.075609596690581384e+04 1.067197812348278818e+00
6.075609622696641600e+04 8.806304873405665923e-01
6.075609648702701088e+04 8.488353094262667264e-01
6.075609674708762032e+04 1.038038107475475424e+00
6.075609700714822247e+04 6.548522458551693237e-01
6.075609726720881736e+04 1.213422668423959516e+00
6.075609752726942679e+04 9.023992692892076617e-01
6.075609778733002167e+04 9.540389902460837401e-01
6.075609804739062383e+04 8.229724445264537946e-01
6.075609830745121872e+04 1.230927281373795923e+00
6.075609856751182087e+04 1.067744709035892470e+00
6.075609882757242303e+04 1.218053752307926230e+00
6.075609908763301792e+04 1.386148475734461316e+00
6.075609934769362008e+04 8.783027912907978019e-01
6.075609960775422223e+04 8.875562365374235485e-01
6.075609986781482439e+04 8.826116530469519939e-01
6.075610012787541928e+04 1.139233730525671229e+00
6.075610038793602143e+04 1.139469536714036613e+00
6.075610064799663087e+04 1.028809905034732353e+00
6.075610090805722575e+04 9.589068600745480619e-01
6.075610116811782791e+04 1.245894005015089512e+00
6.075610142817842279e+04 1.074969885492398358e+00
6.075610168823902495e+04 7.780065973072116670e-01
6.075610194829962711e+04 9.956738984877011589e-01
6.075610220836022199e+04 1.237594344622927611e+00
6.075610246842083143e+04 8.873074469229721428e-01
6.075610272848142631e+04 1.217091883898415050e+00
6.075610298854202847e+04 1.069419004516345639e+00
6.075610324860263063e+04 1.118901995342023392e+00
6.075610350866323279e+04 8.554202541898218159e-01
6.075610376872383495e+04 1.077448011216301849e+00
6.075610402878442983e+04 7.525920829418137892e-01
6.075610428884503199e+04 9.091642517454864292e-01
6.075610454890563415e+04 1.132503358546725680e+00
6.075610480896622903e+04 1.126936962875765280e+00
6.075610506902683119e+04 8.505421861156088337e-01
6.075610532908743335e+04 9.876157681789035081e-01
6.075610558914803551e+04 8.709438852439268519e-01
6.075610584920863766e+04 1.169965075010017674e+00
6.075610610926923255e+04 9.299414883140887378e-01
6.075610636932984198e+04 1.082468300263670136e+00
6.075610662939043686e+04 9.610999443536992759e-01
6.075610688945103902e+04 1.156739204312152269e+00
6.075610714951164118e+04 8.886779264054339711e-01
6.075610740957223607e+04 1.080766394446968981e+00
6.075610766963283822e+04 1.334966501720826759e+00
6.075610792969343311e+04 1.080486512356892081e+00
6.075610818975403527e+04 1.033424119223653292e+00
6.075610844981464470e+04 1.174464814968882109e+00
6.075610870987523958e+04 1.146502209279973927e+00
6.075610896993584174e+04 1.262733161323720266e+00
6.075610922999644390e+04 9.562594930087613410e-01
6.075610949005704606e+04 1.004864161281717294e+00
6.075610975011764822e+04 7.121186455603433219e-01
6.075611001017824310e+04 1.191676563676671075e+00
6.075611027023884526e+04 1.249292438151373030e+00
6.075611053029944742e+04 9.252510593776913650e-01
6.075611079036004230e+04 8.856183513101161253e-01
6.075611105042064446e+04 1.014091050683439743e+00
6.075611131048124662e+04 1.222092234622613738e+00
6.075611157054184878e+04 1.215177913372623042e+00
6.075611183060245094e+04 9.672757699650758045e-01
6.075611209066305310e+04 6.355896250229106093e-01
6.075611235072365525e+04 1.231432299710244704e+00
6.075611261078425741e+04 7.425272690444817414e-01
6.075611287084485230e+04 1.077628224479229235e+00
6.075611313090545445e+04 1.191916715184380138e+00
6.075611339096604934e+04 8.137601424650328097e-01
6.075611365102665150e+04 1.067243572483723923e+00
6.075611391108725365e+04 8.965195489630609638e-01
6.075611417114785581e+04 1.094104130970962929e+00
6.075611443120845797e+04 1.023297938843839017e+00
6.075611469126906013e+04 1.095894212232152665e+00
6.075611495132966229e+04 8.399109219842741947e-01
6.075611521139026445e+04 1.007781925090605268e+00
6.075611547145085933e+04 1.165551448794356570e+00
6.075611573151146149e+04 1.226874488454628986e+00
6.075611599157206365e+04 8.862362799829920368e-01
6.075611625163265853e+04 8.563940802809123509e-01
6.075611651169326069e+04 1.067125736459691332e+00
6.075611677175386285e+04 9.675833248157913458e-01
6.075611703181446501e+04 9.930683599569622988e-01
6.075611729187506717e+04 9.697288919660238538e-01
6.075611755193566933e+04 9.701175331793150391e-01
6.075611781199626421e+04 8.092150829348754293e-01
6.075611807205687364e+04 1.261520059648127301e+00
6.075611833211747580e+04 1.117291967161577526e+00
6.075611859217807068e+04 9.668331074558563776e-01
6.075611885223867284e+04 7.357905764801420112e-01
6.075611911229926773e+04 7.854160786679229567e-01
6.075612077117233275e+04 8.450447258382300930e-01
6.075612103123303677e+04 8.829524292284197662e-01
6.075612129129374080e+04 1.063958552119363743e+00
6.075612155135445209e+04 1.034855418057903931e+00
6.075612181141516339e+04 1.266136109005484345e+00
6.075612207147586741e+04 9.167517368578281811e-01
6.075612233153657144e+04 9.804179448328732560e-01
6.075612259159728274e+04 1.027671250540751258e+00
6.075612285165798676e+04 1.144136031324882508e+00
6.075612311171869806e+04 1.080549725948383610e+00
6.075612337177940935e+04 1.015689868995455436e+00
6.075612363184010610e+04 7.556369672910148161e-01
6.075612389190081740e+04 7.715938137277588149e-01
6.075612415196152870e+04 1.043629146001877173e+00
6.075612441202222544e+04 9.389469011266412535e-01
6.075612467208293674e+04 1.027102934422884140e+00
6.075612493214364804e+04 1.045412871716476122e+00
6.075612519220435206e+04 1.141373106844340235e+00
6.075612545226506336e+04 1.104414238270648774e+00
6.075612571232576738e+04 1.426432490439402789e+00
6.075612597238647140e+04 1.281959000500128898e+00
6.075612623244718270e+04 9.806258254310868949e-01
6.075612649250789400e+04 8.703310577376740520e-01
6.075612675256859802e+04 9.045894307354150898e-01
6.075612701262930204e+04 9.924562515647866734e-01
6.075612727269001334e+04 1.113037754056720452e+00
6.075612753275071736e+04 9.900585830666270848e-01
6.075612779281142139e+04 1.155902424176487253e+00
6.075612805287213268e+04 1.010911752254729290e+00
6.075612831293283671e+04 9.514134050351134020e-01
6.075612857299354800e+04 8.079183325059873244e-01
6.075612883305425930e+04 1.174973346614448300e+00
6.075612909311495605e+04 8.506554447875667169e-01
6.075612935317566735e+04 1.265308600428208141e+00
6.075612961323637865e+04 9.336505085428173922e-01
6.075612987329708267e+04 5.113600896896458581e-01
6.075613013335779397e+04 1.102656697146398912e+00
6.075613039341849799e+04 5.937825948976644952e-01
6.075613065347920201e+04 1.074218389262074247e+00
6.075613091353991331e+04 1.230712451549808906e+00
6.075613117360061733e+04 1.154083524471569921e+00
6.075613143366133590e+04 1.057350835261069655e+00
6.075613169372203265e+04 8.665745650372210784e-01
6.075613195378274395e+04 1.203939533149271490e+00
6.075613221384345525e+04 9.009506428013421830e-01
6.075613247390415199e+04 1.170142452261560884e+00
6.075613273396486329e+04 1.047378449099801934e+00
6.075613299402557459e+04 9.996388604517293386e-01
6.075613325408627861e+04 1.185405016337460538e+00
6.075613351414698991e+04 8.552346804917505541e-01
6.075613377420769393e+04 1.273142701102845997e+00
6.075613403426840523e+04 8.228467545419404505e-01
6.075613429432910925e+04 7.968233768516854720e-01
6.075613455438982055e+04 1.165327067326211496e+00
6.075613481445053185e+04 1.359616037734225902e+00
6.075613507451122859e+04 1.207769296087408906e+00
6.075613533457193989e+04 9.745202486079659332e-01
6.075613559463265119e+04 1.276743478361667350e+00
6.075613585469334794e+04 1.237682238336238694e+00
6.075613611475405924e+04 1.315933690833472669e+00
6.075613637481477053e+04 9.908702879151103371e-01
6.075613663487548183e+04 1.126492295909272467e+00
6.075613689493618585e+04 1.246776325310286149e+00
6.075613715499688988e+04 7.865850999808385868e-01
6.075613741505760117e+04 8.990897979229151016e-01
6.075613767511830520e+04 8.983370795335079428e-01
6.075613793517901649e+04 1.169751579637465344e+00
6.075613819523972779e+04 9.032708970385885383e-01
6.075613845530043181e+04 1.037228086417030459e+00
6.075613871536113584e+04 1.124782619729125743e+00
6.075613897542184714e+04 1.126522490060625437e+00
6.075613923548255116e+04 1.054727690716690036e+00
6.075613949554325518e+04 1.220751593631050680e+00
6.075613975560396648e+04 1.152169902284708725e+00
6.075614001566467778e+04 9.704776678866395834e-01
6.075614027572538907e+04 1.505433760819827826e+00
6.075614053578608582e+04 1.095342606568520782e+00
6.075614079584679712e+04 1.238607297413120367e+00
6.075614105590750842e+04 1.005201677410319405e+00
6.075614131596821244e+04 1.094559101578967519e+00
6.075614157602892374e+04 9.632121769828205782e-01
6.075614183608962776e+04 8.873000429963413538e-01
6.075614209615033906e+04 1.142634152174799134e+00
6.075614235621104308e+04 9.188049789783240273e-01
6.075614261627174710e+04 9.526041546106654989e-01
6.075614287633246568e+04 1.010440347957578755e+00
6.075614313639316970e+04 1.279253111245020946e+00
6.075614339645387372e+04 1.287779477555707652e+00
6.075614365651458502e+04 1.189004714184535239e+00
6.075614391657528904e+04 7.973291564978122192e-01
6.075614417663600034e+04 1.015720958525312412e+00
6.075614443669670436e+04 1.098786586945783350e+00
6.075614469675741566e+04 1.071802134936601814e+00
6.075614495681812696e+04 1.140027318395079980e+00
6.075614521687882370e+04 1.132499119827853562e+00
6.075614547693953500e+04 1.010982142391898320e+00
6.075614573700024630e+04 1.018458701534007416e+00
6.075614599706095760e+04 1.333127612322454913e+00
6.075614625712166162e+04 1.121250044170047921e+00
6.075614651718236564e+04 8.560784266806250598e-01
6.075614677724307694e+04 1.203945597205062779e+00
6.075614703730378824e+04 8.753301176879836332e-01
6.075614729736448498e+04 1.227213763674970259e+00
6.075614755742519628e+04 1.643873898019461821e+00
6.075614781748590758e+04 9.704023953929903357e-01
6.075614807754661888e+04 7.156171966682014496e-01
6.075614833760732290e+04 1.300765617027813681e+00
6.075614859766802692e+04 8.266108692486083820e-01
6.075614885772873822e+04 1.013287618022721270e+00
6.075614911778944952e+04 1.144081473885599332e+00
