6.075547523418369383e+04 1.136091640265124214e+00
6.075547549424438330e+04 1.136531863593744029e+00
6.075547575430508005e+04 1.000387960326339254e+00
6.075547601436576224e+04 9.983100478838594638e-01
6.075547627442645899e+04 1.066444610487133016e+00
6.075547653448714846e+04 1.037786342077737567e+00
6.075547679454784520e+04 1.024996021958373360e+00
6.075547705460853467e+04 1.044001953671959582e+00
6.075547731466922414e+04 9.970162437465248662e-01
6.075547757472991361e+04 1.067384482274623236e+00
6.075547783479061036e+04 1.039472574044843833e+00
6.075547809485129255e+04 1.024011139152437799e+00
6.075547835491198930e+04 1.193911893568960991e+00
6.075547861497267877e+04 1.086013937596072676e+00
6.075547887503337552e+04 1.097504902676603722e+00
6.075547913509406499e+04 1.042916418803351952e+00
6.075547939515475446e+04 8.368951814334566475e-01
6.075547965521544393e+04 9.127579152946195817e-01
6.075547991527614067e+04 1.007843873943644164e+00
6.075548017533683014e+04 1.004376327885599940e+00
6.075548043539752689e+04 9.368909657980900585e-01
6.075548069545820908e+04 1.085455362611324359e+00
6.075548095551890583e+04 1.035850559957139039e+00
6.075548121557959530e+04 9.581264992924244384e-01
6.075548147564028477e+04 1.070511776224275291e+00
6.075548173570098152e+04 1.000872444289763852e+00
6.075548199576167099e+04 1.132187019392272731e+00
6.075548225582236773e+04 9.618829208818111542e-01
6.075548251588305720e+04 1.013382482865781808e+00
6.075548277594374667e+04 1.049138043722058544e+00
6.075548303600443614e+04 1.036213614069027233e+00
6.075548329606513289e+04 9.902574937029101632e-01
6.075548355612582236e+04 1.053177290099146957e+00
6.075548381618651911e+04 9.075480064720784501e-01
6.075548407624720130e+04 9.840118874580932040e-01
6.075548433630789805e+04 1.010550371890687416e+00
6.075548459636858752e+04 1.065263683288802055e+00
6.075548485642928426e+04 9.420680136121869497e-01
6.075548511648997373e+04 1.029443326020817118e+00
6.075548537655066320e+04 9.888336286004978382e-01
6.075548563661135267e+04 1.034608993746986672e+00
6.075548589667204942e+04 9.076716598647505130e-01
6.075548615673273162e+04 9.958282049083134746e-01
6.075548641679342836e+04 1.017235719676946148e+00
6.075548667685411783e+04 9.604869737596060109e-01
6.075548693691481458e+04 9.405503954547648204e-01
6.075548719697551132e+04 1.041738231110902246e+00
6.075548745703619352e+04 8.735451792762045642e-01
6.075548771709689026e+04 9.638729126393582591e-01
6.075548797715757973e+04 1.130812633322741956e+00
6.075548823721827648e+04 1.084808761712798164e+00
6.075548849727896595e+04 9.764330404838659216e-01
6.075548875733965542e+04 9.832904423574131414e-01
6.075548901740034489e+04 1.014639372166709297e+00
6.075548927746104164e+04 1.007323794704686248e+00
6.075548953752172383e+04 1.047236511029804973e+00
6.075548979758242058e+04 9.374274830968727379e-01
6.075549005764311732e+04 1.006581795184160910e+00
6.075549031770380680e+04 9.610874349187775723e-01
6.075549057776450354e+04 9.242768058255620423e-01
6.075549083782518574e+04 1.031793758012698348e+00
6.075549109788588248e+04 8.899304996772254839e-01
6.075549135794657195e+04 1.064917688785335992e+00
6.075549161800726870e+04 1.035675469031434037e+00
6.075549187806795817e+04 1.025977837267544768e+00
6.075549213812864764e+04 9.817471694799934090e-01
6.075549239818933711e+04 1.053639955911960469e+00
6.075549265825003386e+04 9.363688435164395640e-01
6.075549291831072333e+04 1.032184781947783403e+00
6.075549317837142007e+04 1.057172623756837515e+00
6.075549343843210954e+04 9.292962302811789144e-01
6.075549369849279901e+04 1.064824923409685153e+00
6.075549395855349576e+04 1.070882458355200573e+00
6.075549421861417795e+04 9.940474917138116817e-01
6.075549447867487470e+04 9.898476212953517539e-01
6.075549473873556417e+04 9.744537309132629277e-01
6.075549499879626092e+04 9.496463277986690876e-01
6.075549525885695766e+04 1.097484383910517280e+00
6.075549551891763986e+04 9.107963055369728833e-01
6.075549577897833660e+04 1.011408198338761943e+00
6.075549603903902607e+04 9.792171107289248111e-01
6.075549629909972282e+04 9.111575232316282413e-01
6.075549655916041229e+04 9.570269699946354347e-01
6.075549681922110176e+04 9.604388855701755379e-01
6.075549707928179851e+04 1.075933123583252549e+00
6.075549733934248798e+04 9.263078217339536513e-01
6.075549759940317745e+04 1.044818995437557074e+00
6.075549785946386692e+04 9.703697710895590189e-01
6.075549811952456366e+04 1.002899075418940855e+00
6.075549837958525313e+04 1.004545893383467892e+00
6.075549863964594988e+04 9.769274785751834722e-01
6.075549889970663935e+04 9.786794056059614499e-01
6.075549915976732882e+04 1.003564632839096582e+00
6.075549941982802557e+04 9.022211558689565702e-01
6.075549967988871504e+04 9.499365872203716643e-01
6.075549993994941178e+04 9.536144831110150433e-01
6.075550020001009398e+04 1.005416459891313341e+00
6.075550046007079072e+04 9.613562701632288876e-01
6.075550072013148747e+04 1.035475887877756795e+00
6.075550098019216966e+04 1.025281696686431321e+00
6.075550124025286641e+04 9.154922723724951972e-01
6.075550150031355588e+04 1.189712687274386393e+00
6.075550176037425263e+04 9.389435398244395659e-01
6.075550202043494210e+04 1.047241734269964697e+00
6.075550228049563157e+04 1.021779139335045272e+00
6.075550254055632831e+04 9.323052407964755872e-01
6.075550280061701778e+04 9.454296828752946080e-01
6.075550306067771453e+04 9.775694451442432653e-01
6.075550332073840400e+04 9.596206846644392829e-01
6.075550358079909347e+04 9.785443748808904108e-01
6.075550513883041276e+04 1.000905951001994199e+00
6.075550539889110951e+04 1.042799512462376788e+00
6.075550565895179898e+04 9.622906343075270374e-01
6.075550591901248845e+04 1.106792457111686723e+00
6.075550617907318519e+04 9.173329278968761491e-01
6.075550643913387466e+04 1.023955687197551034e+00
6.075550669919457141e+04 9.772649731765534753e-01
6.075550695925526088e+04 9.859109910308901936e-01
6.075550721931595035e+04 9.907962087721048361e-01
6.075550747937664710e+04 1.179924525550376302e+00
6.075550773943733657e+04 1.025784478082807594e+00
6.075550799949803331e+04 1.017552482642910761e+00
6.075550825955872278e+04 9.502356174167471137e-01
6.075550851961941225e+04 1.055997613137253710e+00
6.075550877968010900e+04 9.908864175309083366e-01
6.075550903974079847e+04 1.009358396874347363e+00
6.075550929980148794e+04 9.366424346211035257e-01
6.075550955986217741e+04 9.239110991677688123e-01
6.075550981992287416e+04 1.003983817706437076e+00
6.075551007998357090e+04 9.693810142842829158e-01
6.075551034004426037e+04 1.034430807260393159e+00
6.075551060010494984e+04 1.110316944651430937e+00
6.075551086016564659e+04 8.868640390822947195e-01
6.075551112022633606e+04 9.649229583067094884e-01
6.075551138028703281e+04 9.675350579711810006e-01
6.075551164034772228e+04 9.898949466635824646e-01
6.075551190040841175e+04 1.034631336662320100e+00
6.075551216046910849e+04 1.049742232298132016e+00
6.075551242052979796e+04 9.654401497559511602e-01
6.075551268059049471e+04 1.044949399407188340e+00
6.075551294065118418e+04 1.042073434430009993e+00
6.075551320071187365e+04 1.015183131969841446e+00
6.075551346077257040e+04 1.033718896628968098e+00
6.075551372083325987e+04 1.007110035455564212e+00
6.075551398089394934e+04 9.986621897307014217e-01
6.075551424095464608e+04 9.518452052677830455e-01
6.075551450101533555e+04 1.062684131756750805e+00
6.075551476107603230e+04 9.413011661884187475e-01
6.075551502113672177e+04 9.456920178763107421e-01
6.075551528119741124e+04 1.074801057075984279e+00
6.075551554125810799e+04 1.078266092384679187e+00
6.075551580131879746e+04 1.032529969443390261e+00
6.075551606137949420e+04 9.236407509725355069e-01
6.075551632144019095e+04 1.046264451244068194e+00
6.075551658150087314e+04 1.106631769342319993e+00
6.075551684156156989e+04 1.164211372743710227e+00
6.075551710162226664e+04 9.862191410512994860e-01
6.075551736168294883e+04 9.872800772621318499e-01
6.075551762174364558e+04 1.026654295571395759e+00
6.075551788180433505e+04 8.857204063565580210e-01
6.075551814186503179e+04 1.010569203776050085e+00
6.075551840192572854e+04 1.035720254965662335e+00
6.075551866198641073e+04 1.011253892926348597e+00
6.075551892204710748e+04 1.038866716328743722e+00
6.075551918210780423e+04 8.978934816048868006e-01
6.075551944216849370e+04 1.023041389036395854e+00
6.075551970222919044e+04 9.984814211645959281e-01
6.075551996228987991e+04 9.692005492940712896e-01
6.075552022235056938e+04 9.545412566007049904e-01
6.075552048241126613e+04 9.961589129966847977e-01
6.075552074247194832e+04 1.019583994016550088e+00
6.075552100253265235e+04 1.041153864912966354e+00
6.075552126259334182e+04 1.078952725407439139e+00
6.075552152265403129e+04 1.075991946131996002e+00
6.075552178271472803e+04 9.936039776961135273e-01
6.075552204277541750e+04 1.010718018028035292e+00
6.075552230283610697e+04 1.020925601605652933e+00
6.075552256289680372e+04 1.000687199476918421e+00
6.075552282295750047e+04 1.041904444627812065e+00
6.075552308301818994e+04 8.895401353107953435e-01
6.075552334307887941e+04 1.017620277654426530e+00
6.075552360313957615e+04 1.024212828285800736e+00
6.075552386320026562e+04 1.034029843319738351e+00
6.075552412326096237e+04 9.179732491704012398e-01
6.075552438332165912e+04 9.362264866362585147e-01
6.075552464338234131e+04 1.049683640226825032e+00
6.075552490344303806e+04 9.724287799779193220e-01
6.075552516350373480e+04 1.058812302079579215e+00
6.075552542356441700e+04 9.245789666963044606e-01
6.075552568362511374e+04 9.995680979803283073e-01
6.075552594368581049e+04 9.794867812241501159e-01
6.075552620374649996e+04 1.029493006673866118e+00
6.075552646380719671e+04 9.858568309654868189e-01
6.075552672386788618e+04 9.427420817276047638e-01
6.075552698392857565e+04 9.144796096454463896e-01
6.075552724398927239e+04 1.049797603884306429e+00
6.075552750404996914e+04 1.031559516997002213e+00
6.075552776411065861e+04 1.029153834405385881e+00
6.075552802417134808e+04 9.767861118690749356e-01
6.075552828423204483e+04 1.055247674504857569e+00
6.075552854429273430e+04 9.388929934479722794e-01
6.075552880435342377e+04 9.369304328588845543e-01
6.075552906441412051e+04 1.053391933148913218e+00
6.075552932447480998e+04 1.097678126036765178e+00
6.075552958453550673e+04 9.943373229443946970e-01
6.075552984459620347e+04 1.027980691985930006e+00
6.075553010465688567e+04 1.117137744977514391e+00
6.075553036471758242e+04 1.013039546338510233e+00
6.075553062477827916e+04 9.783386350784275542e-01
6.075553088483896863e+04 9.671738141905649178e-01
6.075553114489966538e+04 1.058487520649432412e+00
6.075553140496035485e+04 1.056619708159105775e+00
6.075553166502104432e+04 9.511886041153549964e-01
6.075553192508174106e+04 9.280867608067676633e-01
6.075553218514243054e+04 1.069909541642485973e+00
6.075553244520312728e+04 9.647106403284010367e-01
6.075553270526381675e+04 9.718101282038222877e-01
6.075553296532451350e+04 8.920668332604293482e-01
6.075553322538520297e+04 1.024858885423987953e+00
6.075553348544589244e+04 9.715644307777353550e-01
6.075553503087646095e+04 9.369220501729748074e-01
6.075553529093715770e+04 1.048161469739779417e+00
6.075553555099784717e+04 9.582388800189033384e-01
6.075553581105853664e+04 1.136975192833443504e+00
6.075553607111923338e+04 1.073894764565429094e+00
6.075553633117992285e+04 9.925292399828961054e-01
6.075553659124061960e+04 1.032964570599751664e+00
6.075553685130131635e+04 1.031720985347230890e+00
6.075553711136199854e+04 9.536245643355591994e-01
6.075553737142269529e+04 1.066295902951703178e+00
6.075553763148339203e+04 9.573354018794250075e-01
6.075553789154408878e+04 9.640307853467503518e-01
6.075553815160477825e+04 1.087874252318608015e+00
6.075553841166546772e+04 9.531958816772106990e-01
6.075553867172616447e+04 9.232464699360416471e-01
6.075553893178685394e+04 1.032669436620442305e+00
6.075553919184754341e+04 9.427886196273966846e-01
6.075553945190824015e+04 1.000632774923748691e+00
6.075553971196892962e+04 9.989603690157939919e-01
6.075553997202962637e+04 1.121695960839778738e+00
6.075554023209032312e+04 9.963319821237577312e-01
6.075554049215101259e+04 8.480383677114844421e-01
6.075554075221170206e+04 1.010870396533430027e+00
6.075554101227239880e+04 9.734440145715348436e-01
6.075554127233309555e+04 9.682082334005797097e-01
6.075554153239378502e+04 9.611703182259622169e-01
6.075554179245447449e+04 1.034743203821371083e+00
6.075554205251517124e+04 9.418742744171937353e-01
6.075554231257586798e+04 1.073084738035847918e+00
6.075554257263655018e+04 1.012010889815231796e+00
6.075554283269725420e+04 1.029653616971259344e+00
6.075554309275794367e+04 9.734984054076166737e-01
6.075554335281863314e+04 1.062891002108637073e+00
6.075554361287932988e+04 9.392914165614650868e-01
6.075554387294001936e+04 9.131175178835674311e-01
6.075554413300071610e+04 9.812477450228344056e-01
6.075554439306140557e+04 9.913327017840054545e-01
6.075554465312210232e+04 8.756435005175603470e-01
6.075554491318279906e+04 1.012504992595555597e+00
6.075554517324348853e+04 1.012198857536392715e+00
6.075554543330417800e+04 1.073939118135424753e+00
6.075554569336487475e+04 1.027484176638316482e+00
6.075554595342557150e+04 9.883667986768797098e-01
6.075554621348626097e+04 9.345462017704629920e-01
6.075554647354695044e+04 1.019207421252384504e+00
6.075554673360764718e+04 9.751665524653267969e-01
6.075554699366834393e+04 8.808053781427069850e-01
6.075554725372902612e+04 1.098940911545884358e+00
6.075554751378972287e+04 1.013906959913981609e+00
6.075554777385041962e+04 1.052399841679881876e+00
6.075554803391111636e+04 9.226758441431689439e-01
6.075554829397180583e+04 1.056655300052850022e+00
6.075554855403249530e+04 9.896967655511723638e-01
6.075554881409319205e+04 9.613228644068265716e-01
6.075554907415388152e+04 9.144230197818719041e-01
6.075554933421457827e+04 9.753527155888590539e-01
6.075554959427527501e+04 9.442263522199817460e-01
6.075554985433596448e+04 1.052111530853707455e+00
6.075555011439665395e+04 9.690358253918877063e-01
6.075555037445735070e+04 9.231374487344934376e-01
6.075555063451804017e+04 9.844767326157042309e-01
6.075555089457873692e+04 1.014832443189548572e+00
6.075555115463942639e+04 1.011547987066818255e+00
6.075555141470012313e+04 1.046092208524564082e+00
6.075555167476081988e+04 1.007177030989541144e+00
6.075555193482150935e+04 1.017422826729282193e+00
6.075555219488219882e+04 9.524804768217485229e-01
6.075555245494289557e+04 1.013344289884885896e+00
6.075555271500359231e+04 9.197285787984659233e-01
6.075555297506428906e+04 1.113766829750070020e+00
6.075555323512497125e+04 1.011102385075870913e+00
6.075555349518566800e+04 1.020119971903291400e+00
6.075555375524636474e+04 1.061635892410302651e+00
6.075555401530705421e+04 9.656335315897451865e-01
6.075555427536775096e+04 1.055426234350307579e+00
6.075555453542844043e+04 1.037259578675910898e+00
6.075555479548913718e+04 1.097064655493568353e+00
6.075555505554983392e+04 1.010685760414433254e+00
6.075555531561051612e+04 1.067565057728248501e+00
6.075555557567121286e+04 1.046726188184131212e+00
6.075555583573190961e+04 9.534534343291808378e-01
6.075555609579260636e+04 1.097903222824893055e+00
6.075555635585329583e+04 8.765328640317685549e-01
6.075555661591398530e+04 1.100371088922033058e+00
6.075555687597468204e+04 9.834900112825241125e-01
6.075555713603537879e+04 1.029605676273435799e+00
6.075555739609607554e+04 1.086216893853791499e+00
6.075555765615676501e+04 8.988359355480982638e-01
6.075555791621745448e+04 9.899647806837746922e-01
6.075555817627815122e+04 8.841899232691003974e-01
6.075555843633884797e+04 1.087772452135910672e+00
6.075555869639953016e+04 9.335794725312858144e-01
6.075555895646022691e+04 1.006179304528379115e+00
6.075555921652092366e+04 9.432259770409625599e-01
6.075555947658162040e+04 1.119713358294277539e+00
6.075555973664230987e+04 1.022999047664604699e+00
6.075555999670299934e+04 9.339509410138612244e-01
6.075556025676369609e+04 1.023240693611142893e+00
6.075556051682439283e+04 1.082530479550391389e+00
6.075556077688508958e+04 1.152427592844716298e+00
6.075556103694577905e+04 9.653559244715221865e-01
6.075556129700646852e+04 1.063454110477791259e+00
6.075556155706716527e+04 9.743131460313385617e-01
6.075556181712786201e+04 1.042514691483321654e+00
6.075556207718854421e+04 1.041664886944578372e+00
6.075556233724924095e+04 1.071233241083010546e+00
6.075556259730993770e+04 1.040407399737996119e+00
6.075556285737063445e+04 1.066976301436524333e+00
6.075556311743133119e+04 9.661200901000893682e-01
6.075556337749201339e+04 9.006772828533727848e-01
6.075556504896522529e+04 9.875787130022928295e-01
6.075556530902591476e+04 1.036613746932848912e+00
6.075556556908661150e+04 9.890561907419771481e-01
6.075556582914730097e+04 8.198191577764136762e-01
6.075556608920799772e+04 1.006075249477471623e+00
6.075556634926869447e+04 8.458178953177882820e-01
6.075556660932938394e+04 1.009648345771280153e+00
6.075556686939008068e+04 1.019503646982155010e+00
6.075556712945077015e+04 1.062607905860122326e+00
6.075556738951146690e+04 9.646048006813298104e-01
6.075556764957216365e+04 1.014839656253610833e+00
6.075556790963285312e+04 1.003849899298812742e+00
6.075556816969354986e+04 1.020343320227398154e+00
6.075556842975423933e+04 1.076453990039553776e+00
6.075556868981492880e+04 1.006079501744753024e+00
6.075556894987563282e+04 9.978971391274426006e-01
6.075556920993632230e+04 9.885732441595409536e-01
6.075556946999701904e+04 1.074103838630168894e+00
6.075556973005770851e+04 9.946907599758785246e-01
6.075556999011839798e+04 9.309799848928843602e-01
6.075557025017909473e+04 9.523616464941494497e-01
6.075557051023979147e+04 9.189842720975791579e-01
6.075557077030048822e+04 9.206845924884491383e-01
6.075557103036117769e+04 1.018080706213634334e+00
6.075557129042186716e+04 9.454131562345499118e-01
6.075557155048256391e+04 1.055438667735582481e+00
6.075557181054326065e+04 9.397660527234668049e-01
6.075557207060395740e+04 9.207794248269179915e-01
6.075557233066464687e+04 8.839536847924439611e-01
6.075557259072533634e+04 1.048675471143548199e+00
6.075557285078603309e+04 1.016897872282801263e+00
6.075557311084672983e+04 1.101801354238725494e+00
6.075557337090741930e+04 9.136232209373564839e-01
6.075557363096811605e+04 9.819189133916482737e-01
6.075557389102880552e+04 1.028118375386753991e+00
6.075557415108950227e+04 9.926460339604535887e-01
6.075557441115019901e+04 9.411760725304938457e-01
6.075557467121088848e+04 1.126233781488265029e+00
6.075557493127158523e+04 1.002227246174811182e+00
6.075557519133227470e+04 1.033761818115955355e+00
6.075557545139297144e+04 9.280460176820193308e-01
6.075557571145366819e+04 1.035100506244397867e+00
6.075557597151435766e+04 1.049915245006139086e+00
6.075557623157505441e+04 9.075589026202734999e-01
6.075557649163575115e+04 9.935440010440816927e-01
6.075557675169643335e+04 9.804094636285730635e-01
6.075557701175713009e+04 1.046378129747767671e+00
6.075557727181782684e+04 9.719014812316402185e-01
6.075557753187852359e+04 9.574502341482890033e-01
6.075557779193922033e+04 9.208252165558138413e-01
6.075557805199990980e+04 9.215228254422862531e-01
6.075557831206059927e+04 9.664874571747364973e-01
6.075557857212129602e+04 1.003230907558084750e+00
6.075557883218199277e+04 1.078435972237082430e+00
6.075557909224268951e+04 9.417269985744526339e-01
6.075557935230337898e+04 1.029201746551583918e+00
6.075557961236407573e+04 9.291923454939288174e-01
6.075557987242476520e+04 9.717404178274217097e-01
6.075558013248546195e+04 1.057202789027677614e+00
6.075558039254615869e+04 9.300537984311042505e-01
6.075558065260684816e+04 1.023637333114640002e+00
6.075558091266754491e+04 8.931462535431268224e-01
6.075558117272824165e+04 9.285725338381407568e-01
6.075558143278892385e+04 1.012196158483382735e+00
6.075558169284962059e+04 1.011803250205513649e+00
6.075558195291031734e+04 9.109256970260779518e-01
6.075558221297101409e+04 1.006029542484669692e+00
6.075558247303171083e+04 9.335030338531713490e-01
6.075558273309240030e+04 1.006618828220709361e+00
6.075558299315309705e+04 9.382379923436923175e-01
6.075558325321378652e+04 9.372248253271587837e-01
6.075558351327448327e+04 1.009561421385142044e+00
6.075558377333518001e+04 9.482476742417561555e-01
6.075558403339586948e+04 1.074610012196012487e+00
6.075558429345656623e+04 9.942138342796655870e-01
6.075558455351726298e+04 1.071481720420416117e+00
6.075558481357794517e+04 9.702902930206989129e-01
6.075558507363864192e+04 1.008968779909692914e+00
6.075558533369933866e+04 1.118879340849018522e+00
6.075558559376003541e+04 1.017949080852167176e+00
6.075558585382073215e+04 1.092662243307710890e+00
6.075558611388142162e+04 9.119109809576564363e-01
6.075558637394211837e+04 9.421629018535361277e-01
6.075558663400280784e+04 9.547605765470408290e-01
6.075558689406350459e+04 9.689299607186077079e-01
6.075558715412420133e+04 9.465845216891326519e-01
6.075558741418489080e+04 9.096518680714340555e-01
6.075558767424558755e+04 1.011436140559223373e+00
6.075558793430628430e+04 9.691188005809643347e-01
6.075558819436697377e+04 9.641396698744069127e-01
6.075558845442767051e+04 9.354053277475957717e-01
6.075558871448835998e+04 9.801434418402187321e-01
6.075558897454905673e+04 1.044545732755509215e+00
6.075558923460975348e+04 9.453481574870939985e-01
6.075558949467044295e+04 1.019838284814413853e+00
6.075558975473113969e+04 9.721995176210480594e-01
6.075559001479183644e+04 1.031096309199405647e+00
6.075559027485253318e+04 1.065123577265486787e+00
6.075559053491322265e+04 8.880816353167971799e-01
6.075559079497391212e+04 1.000369387410632749e+00
6.075559105503460887e+04 9.950094252148254936e-01
6.075559131509530562e+04 9.869571017395889490e-01
6.075559157515600236e+04 1.038471658257462238e+00
6.075559183521669911e+04 9.873567977125147221e-01
6.075559209527738858e+04 1.008587183314720193e+00
6.075559235533808533e+04 1.068037028812892419e+00
6.075559261539877480e+04 9.376949118701765062e-01
6.075559287545946427e+04 1.003249702622410755e+00
6.075559313552016101e+04 9.562527977329314810e-01
6.075559339558085776e+04 9.728460547422246307e-01
6.075559494101491873e+04 9.122606360828343641e-01
6.075559520107561548e+04 9.965398935033751293e-01
6.075559546113631222e+04 9.596633943559556013e-01
6.075559572119700897e+04 9.445562003654850436e-01
6.075559598125769844e+04 9.959034030643230118e-01
6.075559624131839519e+04 1.017659367281804172e+00
6.075559650137908466e+04 1.073162456521306929e+00
6.075559676143977413e+04 1.058909048128872987e+00
6.075559702150047087e+04 9.653917491170019849e-01
6.075559728156116762e+04 1.030381084224344823e+00
6.075559754162186437e+04 1.050219556800134013e+00
6.075559780168256111e+04 1.013528660828748151e+00
6.075559806174325058e+04 1.081382098705281791e+00
6.075559832180394733e+04 1.011820388140259430e+00
6.075559858186464407e+04 1.021733385970639896e+00
6.075559884192533355e+04 9.463172145417190206e-01
6.075559910198603029e+04 1.024974111082577188e+00
6.075559936204671976e+04 1.064770820046317512e+00
6.075559962210741651e+04 9.551682882919522166e-01
6.075559988216811325e+04 1.041610072194507852e+00
6.075560014222880272e+04 9.989323936501561807e-01
6.075560040228950675e+04 1.049315868364169013e+00
6.075560066235019622e+04 8.855049600094555551e-01
6.075560092241089296e+04 9.744298306107584962e-01
6.075560118247158971e+04 1.023800050508956172e+00
6.075560144253227918e+04 9.831776761690540489e-01
6.075560170259296865e+04 9.574410204328452911e-01
6.075560196265366540e+04 1.011788577287936031e+00
6.075560222271436214e+04 9.024041084442696592e-01
6.075560248277505889e+04 9.976814508516613778e-01
6.075560274283574836e+04 9.754829602447869785e-01
6.075560300289644510e+04 9.864014392886554239e-01
6.075560326295714185e+04 9.426950080167830759e-01
6.075560352301783860e+04 9.969288942186360636e-01
6.075560378307853534e+04 1.168767245618022033e+00
6.075560404313922481e+04 1.043352694660323321e+00
6.075560430319992156e+04 1.029272026933540918e+00
6.075560456326061831e+04 9.618994118112489389e-01
6.075560482332130050e+04 9.499168317967826569e-01
6.075560508338199725e+04 9.808387249600902802e-01
6.075560534344269399e+04 9.845429437103676573e-01
6.075560560350339074e+04 9.511033042946742677e-01
6.075560586356408749e+04 1.039605879384110088e+00
6.075560612362477696e+04 1.066732177543066262e+00
6.075560638368547370e+04 1.059946939231445784e+00
6.075560664374617045e+04 9.791857130275419818e-01
6.075560690380686719e+04 9.190747495996292038e-01
6.075560716386756394e+04 1.045198631482946894e+00
6.075560742392825341e+04 9.822890516115941884e-01
6.075560768398895016e+04 9.527142588996755368e-01
6.075560794404964690e+04 9.138998057749914139e-01
6.075560820411032910e+04 8.965367485635660216e-01
6.075560846417102584e+04 1.011043987193499527e+00
6.075560872423172259e+04 9.526466517522116373e-01
6.075560898429241934e+04 9.488089449783166929e-01
6.075560924435311608e+04 1.047550945061964667e+00
6.075560950441380555e+04 9.513113675645343825e-01
6.075560976447450230e+04 9.108964035941790049e-01
6.075561002453519905e+04 9.927949469765787738e-01
6.075561028459589579e+04 9.574657812890926545e-01
6.075561054465659254e+04 1.039330442035800939e+00
6.075561080471728201e+04 9.361011432256625131e-01
6.075561106477797875e+04 8.959747147443282156e-01
6.075561132483867550e+04 9.425884163281376127e-01
6.075561158489937225e+04 1.014153159204972399e+00
6.075561184496006899e+04 9.508637027380656415e-01
6.075561210502075846e+04 1.085379589940118406e+00
6.075561236508144793e+04 9.550581105260957937e-01
6.075561262514214468e+04 9.837691825907703969e-01
6.075561288520283415e+04 1.043959454253030827e+00
6.075561314526353090e+04 9.404446010911003961e-01
6.075561340532422764e+04 9.386378864256478272e-01
6.075561366538492439e+04 8.715970702994230157e-01
6.075561392544562113e+04 9.393115260496437413e-01
6.075561418550631060e+04 1.034789387411584771e+00
6.075561444556700735e+04 9.412672441570254511e-01
6.075561470562770410e+04 9.111885122521004021e-01
6.075561496568840084e+04 9.157908752553840515e-01
6.075561522574909759e+04 9.530264959244750811e-01
6.075561548580978706e+04 1.100736240084820627e+00
6.075561574587048381e+04 9.536896258527184367e-01
6.075561600593118055e+04 1.052595592486278209e+00
6.075561626599187002e+04 9.393558183058819955e-01
6.075561652605256677e+04 9.720812208576066205e-01
6.075561678611326352e+04 9.238814021128243237e-01
6.075561704617396026e+04 9.118228821949536655e-01
6.075561730623465701e+04 9.564376984218007083e-01
6.075561756629534648e+04 1.133848266669689631e+00
6.075561782635604322e+04 9.788673182270940520e-01
6.075561808641673269e+04 9.564378161647876242e-01
6.075561834647742944e+04 8.573460821500710205e-01
6.075561860653812619e+04 9.132029542773706376e-01
6.075561886659881566e+04 1.016024190298069119e+00
6.075561912665951240e+04 1.040688930377393406e+00
6.075561938672020915e+04 1.055135742848484437e+00
6.075561964678089862e+04 9.635361807961105862e-01
6.075561990684160264e+04 9.935795194590241186e-01
6.075562016690229211e+04 9.874361900199649655e-01
6.075562042696298886e+04 9.372610346883111232e-01
6.075562068702368560e+04 9.976629972279552616e-01
6.075562094708437508e+04 1.013528884086766890e+00
6.075562120714507182e+04 1.025010711581776146e+00
6.075562146720576857e+04 1.018240467063634025e+00
6.075562172726646531e+04 1.014792150179064434e+00
6.075562198732716206e+04 1.013550356064586655e+00
6.075562224738785153e+04 9.868893817911927879e-01
6.075562250744854828e+04 1.028553909138169242e+00
6.075562276750924502e+04 9.241950734430954828e-01
6.075562302756994177e+04 9.882491753467508300e-01
6.075562328763063852e+04 1.019033951804653615e+00
6.075562490904599690e+04 1.001648113152948438e+00
6.075562516909990518e+04 1.077120156286333508e+00
6.075562542915379890e+04 9.645898656984353003e-01
6.075562568920769263e+04 1.043244860135561058e+00
6.075562594926160091e+04 1.008144430111038048e+00
6.075562620931549463e+04 1.032692969497117641e+00
6.075562646936939564e+04 9.834774987427977733e-01
6.075562672942329664e+04 9.638944540768289437e-01
6.075562698947719036e+04 1.011577648061463552e+00
6.075562724953109864e+04 9.076188601626973274e-01
6.075562750958499237e+04 1.015033821875773512e+00
6.075562776963889337e+04 9.341398473733312224e-01
6.075562802969280165e+04 9.737422876840839958e-01
6.075562828974669537e+04 9.578917181291738414e-01
6.075562854980059637e+04 9.567169532505066520e-01
6.075562880985449738e+04 9.230678213427839784e-01
6.075562906990839110e+04 9.288678264014949004e-01
6.075562932996229938e+04 1.022703948781794825e+00
6.075562959001619311e+04 9.894816199135095802e-01
6.075562985007009411e+04 9.928661270633879488e-01
6.075563011012399511e+04 9.365024578414251621e-01
6.075563037017788884e+04 1.116547170360323582e+00
6.075563063023179711e+04 8.643446089570455682e-01
6.075563089028569084e+04 9.782162231168526345e-01
6.075563115033958456e+04 9.812643445692688093e-01
6.075563141039349284e+04 9.856135956205303028e-01
6.075563167044738657e+04 9.038987578423313130e-01
6.075563193050128757e+04 9.719553000642323637e-01
6.075563219055518857e+04 9.912329010145488617e-01
6.075563245060908230e+04 9.048466964998147510e-01
6.075563271066299058e+04 9.524729545787785634e-01
6.075563297071688430e+04 1.076819478687537801e+00
6.075563323077078530e+04 1.004829283746133894e+00
6.075563349082468631e+04 9.254140324377023719e-01
6.075563375087858003e+04 9.050426746909263631e-01
6.075563401093248831e+04 9.116919382761198287e-01
6.075563427098638203e+04 9.449752983236994197e-01
6.075563453104027576e+04 9.880674657150949614e-01
6.075563479109418404e+04 9.985162487498582262e-01
6.075563505114807776e+04 9.600628266545268019e-01
6.075563531120197877e+04 9.852997679183290725e-01
6.075563557125588704e+04 9.600367669074516552e-01
6.075563583130978077e+04 1.035383772954731940e+00
6.075563609136368905e+04 9.404414262994268414e-01
6.075563635141758277e+04 9.029810576391290589e-01
6.075563661147148377e+04 9.170865605622684491e-01
6.075563687152538478e+04 9.893600151179641200e-01
6.075563713157927850e+04 9.949145347516330506e-01
6.075563739163318678e+04 9.242408914226123429e-01
6.075563765168708051e+04 1.059968646080266863e+00
6.075563791174097423e+04 9.401363040565090534e-01
6.075563817179488251e+04 9.085073183964929022e-01
6.075563843184877624e+04 1.074023523767814403e+00
6.075563869190267724e+04 9.822732007715105906e-01
6.075563895195657824e+04 1.007528819120231844e+00
6.075563921201047197e+04 9.083198691368066235e-01
6.075563947206438024e+04 1.001598233806735960e+00
6.075563973211827397e+04 9.241815277669231943e-01
6.075563999217217497e+04 1.132679584933534489e+00
6.075564025222608325e+04 1.043506283222521480e+00
6.075564051227997697e+04 9.913398653900379331e-01
6.075564077233388525e+04 1.118224094370162902e+00
6.075564103238777898e+04 1.009486857771235924e+00
6.075564129244167270e+04 9.321021179746774576e-01
6.075564155249558098e+04 9.740424792323043590e-01
6.075564181254947471e+04 1.016849905488123484e+00
6.075564207260337571e+04 9.339712027756149615e-01
6.075564233265727671e+04 9.426651587575524127e-01
6.075564259271117044e+04 1.000073428483180260e+00
6.075564285276507871e+04 9.815982879714914011e-01
6.075564311281897244e+04 1.002215708311358977e+00
6.075564337287286617e+04 1.020563162394551915e+00
6.075564363292677444e+04 1.061010640944214156e+00
6.075564389298066817e+04 1.021799600902930205e+00
6.075564415303458372e+04 9.603698568603397101e-01
6.075564441308847745e+04 9.344908669639088172e-01
6.075564467314237118e+04 9.209435980877849204e-01
6.075564493319627945e+04 1.043312455364381330e+00
6.075564519325017318e+04 9.854804281911651032e-01
6.075564545330407418e+04 1.010654892647576020e+00
6.075564571335797518e+04 1.075301080637339535e+00
6.075564597341186891e+04 1.066395743769779969e+00
6.075564623346577719e+04 9.652146582202109082e-01
6.075564649351967091e+04 8.990673610550137251e-01
6.075564675357356464e+04 1.009062329851018402e+00
6.075564701362747292e+04 9.788313121436522657e-01
6.075564727368136664e+04 1.046774714788518246e+00
6.075564753373527492e+04 1.132020353767785537e+00
6.075564779378917592e+04 1.041354446666844735e+00
6.075564805384306965e+04 1.045820715529309775e+00
6.075564831389697792e+04 1.079120632396940671e+00
6.075564857395087165e+04 1.118923332844473872e+00
6.075564883400477265e+04 1.021384839595556704e+00
6.075564909405867365e+04 8.968292416378876863e-01
6.075564935411256738e+04 1.006410220423938240e+00
6.075564961416647566e+04 9.765993780895795284e-01
6.075564987422036938e+04 8.935879487363150853e-01
6.075565013427426311e+04 9.723243010185916857e-01
6.075565039432817866e+04 1.080089486875252192e+00
6.075565065438207239e+04 9.347917217634650333e-01
6.075565091443597339e+04 1.021366467508516118e+00
6.075565117448987439e+04 1.028532454438152000e+00
6.075565143454376812e+04 1.027318365546548540e+00
6.075565169459767640e+04 1.004803663148427173e+00
6.075565195465157012e+04 9.781754930295012418e-01
6.075565221470547112e+04 1.051366995959216011e+00
6.075565247475937213e+04 9.290849095771542832e-01
6.075565273481326585e+04 9.632766315084515529e-01
6.075565299486718141e+04 9.491984838619701437e-01
6.075565325492107513e+04 9.778679342235058192e-01
6.075565492676799477e+04 1.116713834769965219e+00
6.075565518682868424e+04 1.053888348829998600e+00
6.075565544688938098e+04 1.023179127092319618e+00
6.075565570695007773e+04 9.651428546485419924e-01
6.075565596701077448e+04 9.425054267303539790e-01
6.075565622707147122e+04 9.909151212616387205e-01
6.075565648713216069e+04 9.704862003208143406e-01
6.075565674719285744e+04 9.331755359160401886e-01
6.075565700725356146e+04 9.332317033077333068e-01
6.075565726731425821e+04 9.062997502689325025e-01
6.075565752737495495e+04 9.825568826299990732e-01
6.075565778743564442e+04 9.764164584104825240e-01
6.075565804749634117e+04 1.007010613428156676e+00
6.075565830755703792e+04 9.444243389328729199e-01
6.075565856761772739e+04 1.059980973168237472e+00
6.075565882767842413e+04 1.078498330951703776e+00
6.075565908773912088e+04 1.003119939934270066e+00
6.075565934779981762e+04 1.086789025223899419e+00
6.075565960786051437e+04 9.805339197041805788e-01
6.075565986792121112e+04 9.228829401977529656e-01
6.075566012798190786e+04 9.064236898215531912e-01
6.075566038804260461e+04 1.136105697577330931e+00
6.075566064810330136e+04 9.870323907985997236e-01
6.075566090816399810e+04 9.871708912904160194e-01
6.075566116822468757e+04 9.553619123926464507e-01
6.075566142828538432e+04 9.482955222583687727e-01
6.075566168834608106e+04 9.196108534873296270e-01
6.075566194840677781e+04 1.098156961982348134e+00
6.075566220846748183e+04 1.010985263720186156e+00
6.075566246852817130e+04 1.020010303244378580e+00
6.075566272858886805e+04 1.031032595422037179e+00
6.075566298864956480e+04 1.000997535263856264e+00
6.075566324871025427e+04 1.128562103753535162e+00
6.075566350877095101e+04 1.025862977793551289e+00
6.075566376883164776e+04 9.525206558788558153e-01
6.075566402889234450e+04 1.039788546984699469e+00
6.075566428895304125e+04 9.386271199930009690e-01
6.075566454901373800e+04 9.982523460516635749e-01
6.075566480907443474e+04 1.023167432721224124e+00
6.075566506913513149e+04 1.108314909103439660e+00
6.075566532919582824e+04 9.708627430550901272e-01
6.075566558925652498e+04 1.031227178845983916e+00
6.075566584931721445e+04 9.080495866510589487e-01
6.075566610937791120e+04 9.274029118296561736e-01
6.075566636943860794e+04 9.528536972192471755e-01
6.075566662949930469e+04 9.792492910412295970e-01
6.075566688956000144e+04 1.041666909323757828e+00
6.075566714962069818e+04 9.027711943012395324e-01
6.075566740968139493e+04 1.133467697318598422e+00
6.075566766974209168e+04 1.015943470799415493e+00
6.075566792980278115e+04 1.034445490798948430e+00
6.075566818986347789e+04 1.048466046326841150e+00
6.075566844992417464e+04 9.328632716287799109e-01
6.075566870998487866e+04 1.065794192290360654e+00
6.075566897004557541e+04 1.064087660235806698e+00
6.075566923010626488e+04 9.584861748290610661e-01
6.075566949016696162e+04 1.032461404862212495e+00
6.075566975022765837e+04 1.048002625049075931e+00
6.075567001028834784e+04 1.006681129917951667e+00
6.075567027034905186e+04 1.079157009795560507e+00
6.075567053040974133e+04 9.367927482547570017e-01
6.075567079047044535e+04 1.008822865139930025e+00
6.075567105053114210e+04 9.870700871205806415e-01
6.075567131059183157e+04 9.959900790623646971e-01
6.075567157065252832e+04 9.518184353224540262e-01
6.075567183071322506e+04 1.166550904104305841e+00
6.075567209077392181e+04 1.017708850786203989e+00
6.075567235083461856e+04 9.250363019382790153e-01
6.075567261089531530e+04 1.132009810242740722e+00
6.075567287095601205e+04 1.014136668224864035e+00
6.075567313101670879e+04 9.913034503825688404e-01
6.075567339107740554e+04 9.450696186448904745e-01
6.075567365113810229e+04 1.097500894543151695e+00
6.075567391119879176e+04 9.721398513494211580e-01
6.075567417125948850e+04 9.967262990599119465e-01
6.075567443132019253e+04 1.044867270986239438e+00
6.075567469138088200e+04 1.008426061831711573e+00
6.075567495144157874e+04 9.952084838292505342e-01
6.075567521150227549e+04 9.980311992766356388e-01
6.075567547156297223e+04 1.014064698187107094e+00
6.075567573162366898e+04 1.001037924085340869e+00
6.075567599168436573e+04 1.002311617393499610e+00
6.075567625174506247e+04 1.096407248009070079e+00
6.075567651180575922e+04 9.835551498331477349e-01
6.075567677186645597e+04 9.066009980401954493e-01
6.075567703192715271e+04 9.416415998372507090e-01
6.075567729198784218e+04 1.000326031605036636e+00
6.075567755204853893e+04 9.931022669983314843e-01
6.075567781210924295e+04 1.001506531274781064e+00
6.075567807216993242e+04 9.865643341595226046e-01
6.075567833223062917e+04 9.719141275230908095e-01
6.075567859229132591e+04 1.037661251140972629e+00
6.075567885235202266e+04 9.935400396411384616e-01
6.075567911241271941e+04 1.021141179781150043e+00
6.075567937247341615e+04 1.054902425391563980e+00
6.075567963253411290e+04 1.012826652877832467e+00
6.075567989259480964e+04 1.067992813497974813e+00
6.075568015265550639e+04 9.985059624344181373e-01
6.075568041271620314e+04 9.038210922773175504e-01
6.075568067277689261e+04 9.933206147915532025e-01
6.075568093283759663e+04 9.909360947264548303e-01
6.075568119289829338e+04 9.975622681270301939e-01
6.075568145295898285e+04 1.036028847761805594e+00
6.075568171301968687e+04 1.025386015861124767e+00
6.075568197308037634e+04 9.149093793603588765e-01
6.075568223314107308e+04 9.741055795466890821e-01
6.075568249320177711e+04 1.014500032617798198e+00
6.075568275326246658e+04 9.860033837498203280e-01
6.075568301332316332e+04 1.004859901392076704e+00
6.075568327338386007e+04 9.316275702499908773e-01
6.075568483179301256e+04 9.674511372012354338e-01
6.075568509184680443e+04 1.051740813476155445e+00
6.075568535190059629e+04 9.588494763340836835e-01
6.075568561195438815e+04 1.046551662200197352e+00
6.075568587200818729e+04 1.004097617950089116e+00
6.075568613206199370e+04 8.915775400071577206e-01
6.075568639211578557e+04 9.840526494937723578e-01
6.075568665216957743e+04 1.051006888409213191e+00
6.075568691222336929e+04 9.791964657894675073e-01
6.075568717227716115e+04 1.106701416958788320e+00
6.075568743233096029e+04 9.941934591124921283e-01
6.075568769238475215e+04 9.446949994597311218e-01
6.075568795243854402e+04 1.124339516137864425e+00
6.075568821249233588e+04 1.088844909505338299e+00
6.075568847254613502e+04 9.807710455773507308e-01
6.075568873259992688e+04 9.718943720922671448e-01
6.075568899265372602e+04 1.058142186327144296e+00
6.075568925270752516e+04 9.679719515789456663e-01
6.075568951276131702e+04 1.103334476427147104e+00
6.075568977281511616e+04 1.067587789257859576e+00
6.075569003286890802e+04 1.013461766526625674e+00
6.075569029292269988e+04 9.666128241363213247e-01
6.075569055297649174e+04 9.900340421861034690e-01
6.075569081303029088e+04 9.862465186523634575e-01
6.075569107308408275e+04 9.441189203401576524e-01
6.075569133313787461e+04 9.522555671911210329e-01
6.075569159319166647e+04 1.009093539419768648e+00
6.075569185324547288e+04 9.901847564186919692e-01
6.075569211329927202e+04 9.631325716537897375e-01
6.075569237335306389e+04 9.887489354076729464e-01
6.075569263340685575e+04 1.070805729285229324e+00
6.075569289346064761e+04 9.516001238373461568e-01
6.075569315351444675e+04 9.754072378969149693e-01
6.075569341356823861e+04 1.031485194731259325e+00
6.075569367362203047e+04 9.748889555067263846e-01
6.075569393367582234e+04 1.058069762454065144e+00
6.075569419372962147e+04 1.014630522200326901e+00
6.075569445378341334e+04 9.542829334856599566e-01
6.075569471383720520e+04 8.608506317215897097e-01
6.075569497389100434e+04 9.577031956055158668e-01
6.075569523394481075e+04 1.002284520120133138e+00
6.075569549399860261e+04 9.912589804026150642e-01
6.075569575405239448e+04 9.744095475817519114e-01
6.075569601410618634e+04 1.040491374013389203e+00
6.075569627415998548e+04 9.549272073640180380e-01
6.075569653421377734e+04 9.630851422434291154e-01
6.075569679426756920e+04 9.292278564775134919e-01
6.075569705432136107e+04 9.140490173348277958e-01
6.075569731437516020e+04 9.466347488781575725e-01
6.075569757442895207e+04 9.516352322307306544e-01
6.075569783448274393e+04 9.803808948370921206e-01
6.075569809453654307e+04 1.001812106094048804e+00
6.075569835459034948e+04 9.601879158621771104e-01
6.075569861464414134e+04 1.056115320602731611e+00
6.075569887469793321e+04 9.596556158793886349e-01
6.075569913475172507e+04 9.430571388297903646e-01
6.075569939480552421e+04 9.882579833591590424e-01
6.075569965485931607e+04 1.053469019141528129e+00
6.075569991491310793e+04 9.587697212843302452e-01
6.075570017496689979e+04 1.079850568036849978e+00
6.075570043502069893e+04 9.841253288250358944e-01
6.075570069507449080e+04 9.087413284570240446e-01
6.075570095512828993e+04 1.058695257316380811e+00
6.075570121518208907e+04 1.054514698423449026e+00
6.075570147523588821e+04 9.599863909354524605e-01
6.075570173528968007e+04 1.069189722529071629e+00
6.075570199534347194e+04 9.746276019587576389e-01
6.075570225539727107e+04 9.712355905570750902e-01
6.075570251545106294e+04 1.057602340902437543e+00
6.075570277550485480e+04 1.039371387915033251e+00
6.075570303555864666e+04 9.432056040095134763e-01
6.075570329561244580e+04 1.023710883319785436e+00
6.075570355566623766e+04 9.841883011620883304e-01
6.075570381572002952e+04 1.092983083345374196e+00
6.075570407577382866e+04 1.027720226753078503e+00
6.075570433582763508e+04 1.069644910859816722e+00
6.075570459588142694e+04 1.068857953514735559e+00
6.075570485593521880e+04 9.223918835356523793e-01
6.075570511598901066e+04 1.003994841293602391e+00
6.075570537604280980e+04 9.013784255242071053e-01
6.075570563609660167e+04 9.701724262564574985e-01
6.075570589615039353e+04 9.689105998908164041e-01
6.075570615620419267e+04 1.012274129838232950e+00
6.075570641625798453e+04 1.057338119769891005e+00
6.075570667631177639e+04 9.862664040962099143e-01
6.075570693636557553e+04 1.109132216939888504e+00
6.075570719641938194e+04 9.713942510560789056e-01
6.075570745647317381e+04 9.683086078426234034e-01
6.075570771652696567e+04 1.069428430469954394e+00
6.075570797658076481e+04 1.020954058211321680e+00
6.075570823663455667e+04 9.841420578146315989e-01
6.075570849668834853e+04 1.007018512000749988e+00
6.075570875674214039e+04 1.127996095284207412e+00
6.075570901679593953e+04 9.936092110810982314e-01
6.075570927684973140e+04 1.090805739484441927e+00
6.075570953690352326e+04 9.810004172327573269e-01
6.075570979695732240e+04 1.059385675878670163e+00
6.075571005701112153e+04 1.089424107987904122e+00
6.075571031706492067e+04 1.034142884157919662e+00
6.075571057711871254e+04 9.379690620404218526e-01
6.075571083717251167e+04 9.255323743081317334e-01
6.075571109722630354e+04 9.713156963866487192e-01
6.075571135728009540e+04 9.587030333918783453e-01
6.075571161733389454e+04 1.072022208247887187e+00
6.075571187738768640e+04 9.474332566892501584e-01
6.075571213744147826e+04 8.869287642364545032e-01
6.075571239749527740e+04 1.065494046110367687e+00
6.075571265754906926e+04 1.141930969514861838e+00
6.075571291760286840e+04 1.037919854491885729e+00
6.075571317765666754e+04 9.812992876697493871e-01
6.075571474868715450e+04 9.646685575089738451e-01
6.075571500874785124e+04 9.307173883891196597e-01
6.075571526880854799e+04 9.856701878729192678e-01
6.075571552886924474e+04 9.604281266769399972e-01
6.075571578892994148e+04 1.124830086578127109e+00
6.075571604899063823e+04 1.012665306683280031e+00
6.075571630905133497e+04 1.012712829173777473e+00
6.075571656911203172e+04 1.020951788329259813e+00
6.075571682917273574e+04 9.689754471985229101e-01
6.075571708923342521e+04 1.007689550563816816e+00
6.075571734929412196e+04 9.897037372147734491e-01
6.075571760935482598e+04 1.059282904890861410e+00
6.075571786941552273e+04 1.073980549503246174e+00
6.075571812947621947e+04 1.023875403121750960e+00
6.075571838953690894e+04 9.806455255068959875e-01
6.075571864959761297e+04 9.984695921640489580e-01
6.075571890965830971e+04 1.072862055590976027e+00
6.075571916971899918e+04 9.196285704449969067e-01
6.075571942977970320e+04 1.042077864641462126e+00
6.075571968984039995e+04 1.032373443290958370e+00
6.075571994990109670e+04 1.042389092668979167e+00
6.075572020996180072e+04 1.065727951193589318e+00
6.075572047002249019e+04 1.040387020636506454e+00
6.075572073008318694e+04 1.112622710379565616e+00
6.075572099014388368e+04 1.042080325715644573e+00
6.075572125020458770e+04 9.829152711798297970e-01
6.075572151026528445e+04 9.918561731462501863e-01
6.075572177032597392e+04 9.354200256866999075e-01
6.075572203038667794e+04 9.924895787787297863e-01
6.075572229044737469e+04 9.915834200397996012e-01
6.075572255050806416e+04 9.688805003300072771e-01
6.075572281056877546e+04 1.015983152342536444e+00
6.075572307062946493e+04 1.051474493167772639e+00
6.075572333069016167e+04 1.004668379593701033e+00
6.075572359075086570e+04 9.238292587265649614e-01
6.075572385081155517e+04 1.045958197926629696e+00
6.075572411087225191e+04 9.543937640864396110e-01
6.075572437093294866e+04 1.028210592772962562e+00
6.075572463099365268e+04 1.075525178591924869e+00
6.075572489105434943e+04 9.774715138610027276e-01
6.075572515111503890e+04 1.026817720592732242e+00
6.075572541117574292e+04 1.045732545677768632e+00
6.075572567123643967e+04 1.047541301456408336e+00
6.075572593129713641e+04 9.745012340907951431e-01
6.075572619135784043e+04 9.970473203515018978e-01
6.075572645141852990e+04 1.134862514428217839e+00
6.075572671147922665e+04 9.111346799031077026e-01
6.075572697153993067e+04 9.599085251299492860e-01
6.075572723160062014e+04 1.012552989827345984e+00
6.075572749166131689e+04 1.113516434482511697e+00
6.075572775172202091e+04 1.063928809750273707e+00
6.075572801178271766e+04 1.060077095889083054e+00
6.075572827184341440e+04 1.027521330174048009e+00
6.075572853190411115e+04 9.979692940168904958e-01
6.075572879196480790e+04 9.615675468325204367e-01
6.075572905202550464e+04 1.045557283852768915e+00
6.075572931208620867e+04 1.032374357646205887e+00
6.075572957214690541e+04 1.038603458716968131e+00
6.075572983220759488e+04 1.063332596897442972e+00
6.075573009226829890e+04 9.697519692747958997e-01
6.075573035232899565e+04 9.343083941045001728e-01
6.075573061238968512e+04 9.786107484957515812e-01
6.075573087245038914e+04 9.607213181662048740e-01
6.075573113251108589e+04 1.062799672066625067e+00
6.075573139257178264e+04 1.035838587557892376e+00
6.075573165263248666e+04 8.719529171403573864e-01
6.075573191269317613e+04 1.043568942503212416e+00
6.075573217275387287e+04 1.029121007181467595e+00
6.075573243281457690e+04 9.976105245897870510e-01
6.075573269287527364e+04 1.042716339182032659e+00
6.075573295293597039e+04 8.425850703905227723e-01
6.075573321299666713e+04 1.014787764898783307e+00
6.075573347305736388e+04 1.025909830791809307e+00
6.075573373311806063e+04 1.022782997440947472e+00
6.075573399317875737e+04 1.140599802931635320e+00
6.075573425323946140e+04 9.365124362740531172e-01
6.075573451330015087e+04 8.577089622666680402e-01
6.075573477336085489e+04 1.023838183282144154e+00
6.075573503342155163e+04 1.063665920286747557e+00
6.075573529348224110e+04 9.972897946642854672e-01
6.075573555354294513e+04 1.027635617621815989e+00
6.075573581360364187e+04 1.080529228218526594e+00
6.075573607366434589e+04 9.358529399338483268e-01
6.075573633372504264e+04 9.995636087197141695e-01
6.075573659378573211e+04 9.808345870892208884e-01
6.075573685384643613e+04 1.138486473058693660e+00
6.075573711390713288e+04 1.065122901431087898e+00
6.075573737396782963e+04 9.659351297962658345e-01
6.075573763402853365e+04 9.295671294183883715e-01
6.075573789408922312e+04 1.036501441088454323e+00
6.075573815414991986e+04 1.011366102960709057e+00
6.075573841421062389e+04 9.144630330788851014e-01
6.075573867427131336e+04 1.007028699295569263e+00
6.075573893433201010e+04 9.653973411293486073e-01
6.075573919439271413e+04 9.685496924608549829e-01
6.075573945445341087e+04 9.340996069176478178e-01
6.075573971451411489e+04 1.016529322214978270e+00
6.075573997457480436e+04 9.627483577394994052e-01
6.075574023463550111e+04 9.028728782666574082e-01
6.075574049469620513e+04 1.060445094664857590e+00
6.075574075475690188e+04 1.048647921064523647e+00
6.075574101481759863e+04 9.412304127190775915e-01
6.075574127487829537e+04 1.052141596029989801e+00
6.075574153493899212e+04 1.047788766914985681e+00
6.075574179499969614e+04 1.034910668572097014e+00
6.075574205506038561e+04 1.011309372567098741e+00
6.075574231512108236e+04 1.023667941912333124e+00
6.075574257518178638e+04 1.026484110323124588e+00
6.075574283524248312e+04 1.019642244836917566e+00
6.075574309530317987e+04 9.896138437837209700e-01
6.075574483016229351e+04 1.035778392657460856e+00
6.075574509021608537e+04 1.026204327390838777e+00
6.075574535026989179e+04 9.971719775686975762e-01
6.075574561032369093e+04 9.904237574152384704e-01
6.075574587037748279e+04 1.069274053543115777e+00
6.075574613043128193e+04 1.070882485183551891e+00
6.075574639048507379e+04 1.025315677719042418e+00
6.075574665053887293e+04 9.260178776684910851e-01
6.075574691059266479e+04 9.784279102860488075e-01
6.075574717064645665e+04 9.643781204232992899e-01
6.075574743070025579e+04 1.013110685053166149e+00
6.075574769075404765e+04 9.458168842643679408e-01
6.075574795080784679e+04 1.021066455010084306e+00
6.075574821086163865e+04 1.068103651996968440e+00
6.075574847091544507e+04 1.005448010098419553e+00
6.075574873096924421e+04 9.412712413926490607e-01
6.075574899102303607e+04 8.802832833390507039e-01
6.075574925107683521e+04 1.044438670046170747e+00
6.075574951113062707e+04 9.866610849530733640e-01
6.075574977118442621e+04 1.008952315227531260e+00
6.075575003123821807e+04 9.444564877938114167e-01
6.075575029129201721e+04 9.629849507849912449e-01
6.075575055134580907e+04 1.071454123617072707e+00
6.075575081139960093e+04 1.003894594923306682e+00
6.075575107145340007e+04 9.142246499990233088e-01
6.075575133150719921e+04 1.000571183296532274e+00
6.075575159156100563e+04 1.077603923734218982e+00
6.075575185161479749e+04 1.100884998807710513e+00
6.075575211166859663e+04 1.017460519732086510e+00
6.075575237172238849e+04 1.002336407970901178e+00
6.075575263177618035e+04 1.085797199593052431e+00
6.075575289182997949e+04 9.830301359852191556e-01
6.075575315188377135e+04 1.040267478559846026e+00
6.075575341193757049e+04 1.086562121048096907e+00
6.075575367199136235e+04 1.074813952584127819e+00
6.075575393204516149e+04 1.009752204514575702e+00
6.075575419209895335e+04 1.001456074917507655e+00
6.075575445215275249e+04 1.098837307867166935e+00
6.075575471220655891e+04 9.973685426135595611e-01
6.075575497226035077e+04 9.485507752505784040e-01
6.075575523231414991e+04 9.671227590472634139e-01
6.075575549236794177e+04 9.967666664423375789e-01
6.075575575242174091e+04 9.903904315187610496e-01
6.075575601247553277e+04 9.289775504929841388e-01
6.075575627252933191e+04 1.000749225571604395e+00
6.075575653258312377e+04 8.165150985252878080e-01
6.075575679263691563e+04 9.765079387352858520e-01
6.075575705269071477e+04 9.652141199880995837e-01
6.075575731274451391e+04 1.028343381362058162e+00
6.075575757279832033e+04 9.729202015933756664e-01
6.075575783285211219e+04 1.104198196573521917e+00
6.075575809290591133e+04 1.033419631951741025e+00
6.075575835295970319e+04 9.843387986099797482e-01
6.075575861301350233e+04 1.009739866224431459e+00
6.075575887306729419e+04 1.008350669769944030e+00
6.075575913312109333e+04 9.455075632866080104e-01
6.075575939317488519e+04 1.026660610855535616e+00
6.075575965322867705e+04 1.079456419019971136e+00
6.075575991328247619e+04 1.008100784414614592e+00
6.075576017333626805e+04 1.021763375442934052e+00
6.075576043339007447e+04 9.087674971426614734e-01
6.075576069344387361e+04 1.026880736743296829e+00
6.075576095349767274e+04 1.031368443391397660e+00
6.075576121355146461e+04 9.976887386461282814e-01
6.075576147360526375e+04 9.811064395093797019e-01
6.075576173365905561e+04 1.018065547618650424e+00
6.075576199371285475e+04 9.532561070018645832e-01
6.075576225376664661e+04 1.000521720448865670e+00
6.075576251382044575e+04 9.042692612894625004e-01
6.075576277387423761e+04 9.889209266396329356e-01
6.075576303392802947e+04 9.752482012379481979e-01
6.075576329398183589e+04 1.066885200434598335e+00
6.075576355403563502e+04 1.034427306006194147e+00
6.075576381408943416e+04 9.589818656522179907e-01
6.075576407414322603e+04 9.201042840344294538e-01
6.075576433419702516e+04 9.452081030990007182e-01
6.075576459425081703e+04 1.001490304791445851e+00
6.075576485430461616e+04 1.083945304778824337e+00
6.075576511435840803e+04 1.044180735473709154e+00
6.075576537441220717e+04 9.005241506673958840e-01
6.075576563446599903e+04 1.050128857755474154e+00
6.075576589451979817e+04 9.344101571385826643e-01
6.075576615457359003e+04 1.045455058094568290e+00
6.075576641462739644e+04 1.056348535634424879e+00
6.075576667468119558e+04 9.989730358463042581e-01
6.075576693473499472e+04 9.345741001464755726e-01
6.075576719478878658e+04 1.108238548781841581e+00
6.075576745484258572e+04 1.012752113537022991e+00
6.075576771489637758e+04 1.071874856122136510e+00
6.075576797495017672e+04 1.078202751264624393e+00
6.075576823500396858e+04 9.883904320115337594e-01
6.075576849505776045e+04 1.020363162912834021e+00
6.075576875511155959e+04 1.004677966755651131e+00
6.075576901516535145e+04 1.070530288054351242e+00
6.075576927521915786e+04 9.213913270516330689e-01
6.075576953527295700e+04 1.077998897690787938e+00
6.075576979532675614e+04 9.379966832566141166e-01
6.075577005538054800e+04 1.033773048976511122e+00
6.075577031543434714e+04 9.810154067067078376e-01
6.075577057548813900e+04 1.070599355574755052e+00
6.075577083554193814e+04 9.825433433333777833e-01
6.075577109559573000e+04 1.105777026109965311e+00
6.075577135564952914e+04 9.448341846440079239e-01
6.075577161570332100e+04 1.046383848812125095e+00
6.075577187575712014e+04 9.993630348062439994e-01
6.075577213581091200e+04 1.107282851940105450e+00
6.075577239586471842e+04 1.058495967775023860e+00
6.075577265591851756e+04 1.037338458769108129e+00
6.075577291597231670e+04 1.108432784625406953e+00
6.075577317602610856e+04 1.016187301913861640e+00
