6.075585120116569306e+04 9.775320397988436216e-01
6.075585146121949219e+04 9.996567514993919268e-01
6.075585172127328406e+04 1.002974937552193246e+00
6.075585198132708319e+04 9.924245333503318722e-01
6.075585224138088233e+04 1.009347915290814468e+00
6.075585250143468147e+04 9.977609151766329010e-01
6.075585276148847333e+04 9.827914326534544776e-01
6.075585302154227247e+04 1.009101164568094511e+00
6.075585328159607161e+04 1.019695213757447094e+00
6.075585354164987803e+04 1.000642224169308703e+00
6.075585380170368444e+04 1.011846574959693656e+00
6.075585406175747630e+04 1.003885467763069972e+00
6.075585432181127544e+04 9.987424011771348642e-01
6.075585458186507458e+04 9.834123368197014159e-01
6.075585484191887372e+04 9.913712188937970904e-01
6.075585510197266558e+04 9.964086469374187072e-01
6.075585536202646472e+04 9.780958487848915306e-01
6.075585562208026386e+04 9.989559287734863791e-01
6.075585588213406299e+04 9.913351976512140284e-01
6.075585614218786213e+04 9.919674316470796782e-01
6.075585640224165400e+04 1.009166934458741283e+00
6.075585666229546041e+04 1.012387030712893710e+00
6.075585692234926682e+04 9.780369465356544278e-01
6.075585718240306596e+04 1.000118384051360110e+00
6.075585744245685783e+04 1.050471035911207496e+00
6.075585770251065696e+04 9.907678929163326043e-01
6.075585796256445610e+04 1.010487268794683313e+00
6.075585822261825524e+04 1.009483466687264297e+00
6.075585848267205438e+04 9.987167577601302471e-01
6.075585874272584624e+04 9.827854076342819045e-01
6.075585900277964538e+04 1.015528858532575018e+00
6.075585926283344452e+04 1.021344521947321393e+00
6.075585952288725093e+04 1.013783381713958986e+00
6.075585978294105735e+04 1.022795577408623258e+00
6.075586004299484921e+04 9.631698438503886184e-01
6.075586030304864835e+04 9.793772018832710424e-01
6.075586056310244749e+04 9.972731252597063500e-01
6.075586082315624662e+04 9.826752570340173687e-01
6.075586108321004576e+04 9.952982055416469409e-01
6.075586134326383763e+04 9.944282841618999891e-01
6.075586160331763676e+04 9.919961988167831368e-01
6.075586186337143590e+04 1.012074355995503439e+00
6.075586212342523504e+04 1.003854016496829260e+00
6.075586238347903418e+04 1.000338492511946953e+00
6.075586264353283332e+04 9.982208807573429432e-01
6.075586290358663973e+04 9.816996502711514694e-01
6.075586316364043887e+04 9.757785536138280369e-01
6.075586342369423801e+04 9.988688320296686962e-01
6.075586368374803715e+04 9.848427500723547778e-01
6.075586394380182901e+04 1.001643276139319694e+00
6.075586420385562815e+04 1.000898651470569112e+00
6.075586446390942729e+04 9.724440394498502505e-01
6.075586472396322642e+04 9.643314968572975765e-01
6.075586498401702556e+04 9.786551068437441270e-01
6.075586524407081743e+04 9.516807601415815387e-01
6.075586550412462384e+04 9.892054379931516372e-01
6.075586576417843025e+04 1.026461006844116008e+00
6.075586602423222939e+04 1.022784084368090429e+00
6.075586628428602853e+04 9.785826732568211339e-01
6.075586654433982039e+04 1.016231203555464591e+00
6.075586680439361953e+04 1.000828668323197279e+00
6.075586706444741867e+04 1.003388916165559364e+00
6.075586732450121781e+04 9.979247821986515499e-01
6.075586758455501695e+04 1.010188112026467078e+00
6.075586784460881609e+04 9.954040066063930547e-01
6.075586810466260795e+04 1.021171029809010422e+00
6.075586836471640709e+04 9.884504629667958397e-01
6.075586862477021350e+04 9.761596867495986318e-01
6.075586888482401991e+04 9.769801545464624759e-01
6.075586914487781905e+04 9.679242638941462085e-01
6.075586940493161092e+04 9.950169806357298530e-01
6.075586966498541005e+04 1.027330823633438861e+00
6.075586992503920919e+04 9.972424911533104286e-01
6.075587018509300833e+04 1.033598648178845947e+00
6.075587044514680747e+04 1.017118027197507546e+00
6.075587070520060661e+04 1.005471445249747520e+00
6.075587096525439847e+04 1.013113269092614788e+00
6.075587122530819761e+04 9.787516513214975511e-01
6.075587148536199675e+04 9.977720998197461277e-01
6.075587174541581044e+04 1.009034876766019329e+00
6.075587200546960958e+04 9.742669775190272441e-01
6.075587226552340871e+04 1.002675073128312944e+00
6.075587252557720058e+04 9.914243278465698639e-01
6.075587278563099972e+04 9.929906488555660937e-01
6.075587304568479885e+04 1.008491388703626868e+00
6.075587330573859799e+04 9.814611709714966548e-01
6.075587356579239713e+04 1.012981337837359552e+00
6.075587382584619627e+04 9.763619570266039993e-01
6.075587408589998813e+04 9.825700274544547641e-01
6.075587434595378727e+04 9.804774946139203085e-01
6.075587460600759368e+04 9.770026414419654692e-01
6.075587486606140010e+04 1.001404783303549095e+00
6.075587512611519924e+04 9.561470148206354658e-01
6.075587538616899838e+04 1.024170282339579519e+00
6.075587564622279751e+04 1.010066457692442743e+00
6.075587590627658938e+04 9.826760430745348218e-01
6.075587616633038851e+04 1.007911049451413854e+00
6.075587642638418765e+04 9.960075744338471315e-01
6.075587668643798679e+04 9.392135252812812141e-01
6.075587694649178593e+04 1.002539489728151434e+00
6.075587720654558507e+04 1.045783853066305058e+00
6.075587746659937693e+04 9.692553464795128360e-01
6.075587772665318334e+04 1.010741981064459116e+00
6.075587798670698976e+04 9.957619279867301332e-01
6.075587824676078890e+04 9.875806717020997327e-01
6.075587850681458804e+04 9.948958023457912248e-01
6.075587876686838717e+04 9.859963069411977754e-01
6.075587902692218631e+04 9.987033833260925419e-01
6.075587928697597818e+04 9.827254621223754372e-01
6.075587954702977731e+04 9.813496952507803073e-01
6.075588115586427011e+04 1.006061491363611227e+00
6.075588141592496686e+04 9.958352793780000933e-01
6.075588167598567088e+04 9.969754700214539245e-01
6.075588193604636763e+04 9.902379805156430459e-01
6.075588219610707165e+04 9.816963889061844917e-01
6.075588245616777567e+04 1.017857782855487780e+00
6.075588271622847242e+04 1.004999816865916218e+00
6.075588297628917644e+04 1.027583057630182539e+00
6.075588323634988046e+04 9.901456626644437042e-01
6.075588349641056993e+04 9.967801014965654849e-01
6.075588375647127395e+04 9.979330782025755964e-01
6.075588401653197798e+04 9.993321415220907111e-01
6.075588427659268200e+04 1.016871543164479030e+00
6.075588453665338602e+04 1.013343075286085027e+00
6.075588479671408277e+04 9.975191951482075270e-01
6.075588505677478679e+04 9.931768834947788394e-01
6.075588531683548354e+04 9.917860870759663827e-01
6.075588557689618756e+04 9.894815371462313269e-01
6.075588583695689158e+04 9.847848671564192191e-01
6.075588609701758833e+04 9.891633264366196387e-01
6.075588635707829235e+04 1.024941035458848848e+00
6.075588661713899637e+04 9.718634654997554412e-01
6.075588687719969312e+04 9.657436785292011772e-01
6.075588713726038986e+04 9.884191399506105924e-01
6.075588739732109389e+04 1.000327610748785290e+00
6.075588765738179791e+04 1.014993583315354275e+00
6.075588791744250193e+04 1.021135210368011137e+00
6.075588817750319868e+04 1.029486160993223098e+00
6.075588843756390270e+04 1.006283699451272273e+00
6.075588869762460672e+04 9.849276973854348416e-01
6.075588895768530347e+04 9.832071466046423680e-01
6.075588921774600749e+04 1.011926981981842610e+00
6.075588947780670424e+04 9.980380873038939837e-01
6.075588973786740826e+04 9.914125661858400607e-01
6.075588999792811228e+04 1.008158870836018739e+00
6.075589025798880903e+04 9.672800718640067741e-01
6.075589051804952032e+04 9.966881524485790012e-01
6.075589077811021707e+04 9.992350095124952203e-01
6.075589103817091382e+04 1.003283017090288887e+00
6.075589129823161784e+04 1.011151160609677468e+00
6.075589155829231458e+04 9.834870855447971350e-01
6.075589181835301861e+04 1.027649800929194779e+00
6.075589207841372263e+04 9.723149182781312128e-01
6.075589233847442665e+04 1.017993523610902118e+00
6.075589259853513067e+04 9.987210821720496901e-01
6.075589285859582742e+04 1.006879943600087035e+00
6.075589311865652417e+04 1.033722599580355395e+00
6.075589337871722819e+04 1.001527827579550722e+00
6.075589363877793221e+04 9.689553875675407379e-01
6.075589389883863623e+04 9.870889978126200504e-01
6.075589415889933298e+04 9.803528704465980237e-01
6.075589441896003700e+04 1.008864100424289312e+00
6.075589467902074102e+04 9.886064636718180365e-01
6.075589493908143777e+04 9.927043136134673373e-01
6.075589519914213452e+04 1.012899525580256421e+00
6.075589545920283854e+04 1.005168521810553717e+00
6.075589571926354256e+04 1.008624935746979201e+00
6.075589597932424658e+04 1.015945093935661792e+00
6.075589623938494333e+04 1.013828953148589562e+00
6.075589649944564735e+04 9.955006157357270125e-01
6.075589675950635137e+04 1.013506335043176776e+00
6.075589701956705539e+04 1.000747952755709491e+00
6.075589727962775942e+04 9.966428714831506719e-01
6.075589753968844889e+04 1.003487682194537989e+00
6.075589779974915291e+04 1.010610879305950061e+00
6.075589805980985693e+04 9.773624425504923163e-01
6.075589831987055368e+04 9.907009204793715273e-01
6.075589857993125770e+04 9.896729239914845433e-01
6.075589883999196172e+04 9.954243352897983454e-01
6.075589910005266574e+04 1.000839871335923892e+00
6.075589936011336977e+04 1.007461672333689773e+00
6.075589962017406651e+04 9.931629882787442742e-01
6.075589988023477054e+04 9.813834866219387498e-01
6.075590014029546728e+04 9.627516035386169957e-01
6.075590040035617130e+04 1.009970415160047486e+00
6.075590066041687533e+04 9.996745607515425958e-01
6.075590092047757207e+04 1.000874440404311505e+00
6.075590118053827609e+04 9.677095754151177065e-01
6.075590144059898012e+04 1.009343616040888181e+00
6.075590170065967686e+04 9.791742373370979635e-01
6.075590196072038816e+04 9.843166285645627012e-01
6.075590222078108491e+04 9.936557439452528007e-01
6.075590248084178893e+04 9.728751523635543741e-01
6.075590274090249295e+04 9.703112487058015434e-01
6.075590300096318242e+04 9.902366512289597633e-01
6.075590326102388644e+04 9.833642482687346975e-01
6.075590352108459047e+04 1.011976477271405717e+00
6.075590378114529449e+04 9.811756176927750595e-01
6.075590404120599851e+04 9.462543786555871472e-01
6.075590430126669526e+04 9.676888097708162828e-01
6.075590456132739928e+04 1.022432985012633688e+00
6.075590482138810330e+04 9.932810092663658663e-01
6.075590508144880732e+04 9.892821049712458015e-01
6.075590534150951135e+04 9.840315316124171874e-01
6.075590560157020809e+04 9.718174761614130075e-01
6.075590586163091211e+04 9.882311712415742244e-01
6.075590612169160886e+04 9.945499289917031360e-01
6.075590638175230561e+04 9.676285095933493396e-01
6.075590664181300963e+04 1.015427761440961252e+00
6.075590690187371365e+04 1.013257480153955115e+00
6.075590716193441767e+04 9.980783869954578114e-01
6.075590742199512169e+04 9.718858494801810854e-01
6.075590768205581844e+04 1.002079961093520932e+00
6.075590794211652246e+04 1.004088411970178507e+00
6.075590820217722649e+04 1.011874331684483597e+00
6.075590846223793051e+04 9.907668523119123050e-01
6.075590872229863453e+04 1.000260297517112207e+00
6.075590898235933128e+04 9.979254669628181418e-01
6.075590924242003530e+04 9.620545518691315801e-01
6.075590950248073932e+04 9.773210571219244081e-01
6.075591106051386305e+04 9.717222047230580362e-01
6.075591132057445793e+04 1.022954989685628036e+00
6.075591158063505281e+04 9.934839308354211918e-01
6.075591184069564770e+04 1.023355439401096634e+00
6.075591210075624258e+04 1.020661801428709659e+00
6.075591236081683746e+04 9.780556888402399673e-01
6.075591262087743235e+04 9.716378489326920054e-01
6.075591288093802723e+04 9.928403834896818436e-01
6.075591314099862211e+04 1.010848258454148940e+00
6.075591340105922427e+04 1.018598825242593264e+00
6.075591366111981915e+04 9.687427614485638605e-01
6.075591392118041404e+04 1.002790072714862868e+00
6.075591418124100892e+04 1.004205715114440789e+00
6.075591444130160380e+04 1.001010848844575918e+00
6.075591470136219868e+04 9.992828369492207097e-01
6.075591496142279357e+04 1.008829599770253438e+00
6.075591522148338845e+04 9.721205746510984680e-01
6.075591548154399061e+04 9.601949039982378142e-01
6.075591574160458549e+04 1.012622316032012915e+00
6.075591600166518037e+04 9.982843411269564093e-01
6.075591626172577526e+04 1.009791829709347111e+00
6.075591652178637742e+04 1.010265800553534321e+00
6.075591678184697230e+04 1.015868704794626209e+00
6.075591704190756718e+04 9.740824944607180402e-01
6.075591730196816206e+04 1.030148020369016981e+00
6.075591756202875695e+04 1.010364970226289349e+00
6.075591782208935183e+04 9.907220774675358221e-01
6.075591808214994671e+04 1.017425803272387963e+00
6.075591834221054160e+04 9.777268910652737732e-01
6.075591860227113648e+04 1.031072382880500404e+00
6.075591886233173136e+04 9.929638444169139877e-01
6.075591912239232624e+04 1.009872244140425313e+00
6.075591938245292840e+04 1.020342956723167216e+00
6.075591964251352329e+04 9.970342039758699482e-01
6.075591990257411817e+04 9.976878964081572487e-01
6.075592016263471305e+04 9.992877752597802976e-01
6.075592042269530793e+04 9.917805064253928382e-01
6.075592068275590282e+04 1.005348441975600693e+00
6.075592094281649770e+04 9.800987742647795375e-01
6.075592120287709986e+04 1.033812504552508393e+00
6.075592146293769474e+04 1.003249676298082038e+00
6.075592172299828962e+04 1.019767256090652996e+00
6.075592198305888451e+04 1.013188555732992047e+00
6.075592224311948667e+04 9.729834810846422766e-01
6.075592250318008155e+04 9.924891972867301293e-01
6.075592276324067643e+04 9.800389232887484203e-01
6.075592302330127131e+04 9.702063384716120842e-01
6.075592328336186620e+04 1.013674520590845063e+00
6.075592354342246108e+04 1.009737767077992343e+00
6.075592380348305596e+04 9.512661456439386320e-01
6.075592406354365812e+04 9.815649365243966917e-01
6.075592432360425300e+04 9.766043791484869674e-01
6.075592458366484789e+04 1.012652228997851678e+00
6.075592484372544277e+04 9.750832729982750191e-01
6.075592510378604493e+04 1.025807143263813614e+00
6.075592536384663981e+04 9.681804164410116043e-01
6.075592562390723469e+04 9.719841468942722607e-01
6.075592588396782958e+04 1.030311176232398207e+00
6.075592614402842446e+04 9.847705414868077600e-01
6.075592640408901934e+04 9.612381030189600661e-01
6.075592666414961423e+04 9.981369034787541672e-01
6.075592692421020911e+04 9.763279043466841500e-01
6.075592718427081127e+04 1.035871193969055692e+00
6.075592744433140615e+04 1.018830905803375098e+00
6.075592770439200103e+04 1.001803691006202035e+00
6.075592796445260319e+04 1.004618785284568050e+00
6.075592822451319807e+04 1.008440617399172901e+00
6.075592848457379296e+04 9.921565246426751195e-01
6.075592874463438784e+04 9.947145422847906149e-01
6.075592900469498272e+04 1.003032087067680989e+00
6.075592926475557761e+04 9.825901538432478821e-01
6.075592952481617249e+04 9.792000695908366081e-01
6.075592978487676737e+04 1.023099379899351513e+00
6.075593004493736953e+04 1.010266502383842635e+00
6.075593030499796441e+04 1.003674671919985606e+00
6.075593056505855930e+04 1.000336069181049448e+00
6.075593082511916145e+04 1.020270145711619225e+00
6.075593108517975634e+04 9.781738269908009098e-01
6.075593134524035122e+04 1.016459384366330099e+00
6.075593160530094610e+04 1.006229099790269643e+00
6.075593186536154099e+04 1.027338251438369765e+00
6.075593212542213587e+04 9.958132533964278998e-01
6.075593238548273075e+04 1.009959734660829778e+00
6.075593264554332563e+04 9.834370110088364036e-01
6.075593290560392779e+04 9.501618003252275679e-01
6.075593316566452268e+04 1.034284244269781050e+00
6.075593342572511756e+04 9.922762844389810821e-01
6.075593368578571244e+04 9.697944295447693541e-01
6.075593394584631460e+04 1.024278997424308946e+00
6.075593420590690948e+04 9.969091205489274410e-01
6.075593446596750437e+04 9.945980492804097350e-01
6.075593472602809925e+04 9.825278725408269631e-01
6.075593498608869413e+04 9.734744672793947950e-01
6.075593524614928901e+04 9.872904673665799935e-01
6.075593550620988390e+04 9.769091670885134970e-01
6.075593576627048606e+04 1.031079936994110158e+00
6.075593602633108094e+04 1.014166111202879250e+00
6.075593628639167582e+04 1.017956100962831956e+00
6.075593654645227070e+04 9.862540048336977394e-01
6.075593680651287286e+04 1.020133132628046280e+00
6.075593706657346775e+04 9.800657672283707988e-01
6.075593732663406263e+04 1.011265940923910200e+00
6.075593758669465751e+04 9.546933254119758239e-01
6.075593784675525239e+04 1.012612592533148836e+00
6.075593810681584728e+04 1.011828993567427837e+00
6.075593836687644216e+04 9.848034258884915682e-01
6.075593862693704432e+04 1.032362551353407376e+00
6.075593888699763920e+04 9.883298241149840457e-01
6.075593914705823408e+04 9.909984185704696635e-01
6.075593940711883624e+04 1.019027784134814096e+00
6.075594106598430517e+04 9.920929735657619819e-01
6.075594132604500919e+04 1.015870533958339372e+00
6.075594158610571321e+04 9.963013103913691548e-01
6.075594184616640996e+04 9.849535358053772560e-01
6.075594210622711398e+04 9.897523710204946257e-01
6.075594236628781800e+04 9.717561296576494589e-01
6.075594262634852203e+04 1.013505340843291025e+00
6.075594288640922605e+04 1.025442119662332008e+00
6.075594314646992279e+04 1.007226993101348889e+00
6.075594340653063409e+04 9.982939407515262209e-01
6.075594366659133811e+04 9.857774578075659822e-01
6.075594392665203486e+04 9.988279355859671638e-01
6.075594418671273888e+04 9.928267195240019216e-01
6.075594444677344291e+04 9.855297141592266330e-01
6.075594470683414693e+04 1.015477483810148795e+00
6.075594496689485095e+04 9.745334731697620212e-01
6.075594522695554770e+04 1.000553799165686097e+00
6.075594548701625172e+04 9.757545066008699308e-01
6.075594574707695574e+04 9.738190485708700939e-01
6.075594600713765976e+04 9.998219259465271902e-01
6.075594626719836378e+04 9.741173041097785923e-01
6.075594652725906053e+04 9.989348309924250824e-01
6.075594678731976455e+04 9.790243973749835904e-01
6.075594704738046858e+04 9.851824120754063552e-01
6.075594730744116532e+04 9.614033160420555335e-01
6.075594756750187662e+04 1.012784450809976811e+00
6.075594782756257337e+04 1.001957675070468845e+00
6.075594808762328466e+04 9.877930070564434617e-01
6.075594834768398869e+04 9.885748244457347456e-01
6.075594860774468543e+04 9.810346082202120455e-01
6.075594886780538945e+04 9.974562881613555643e-01
6.075594912786609348e+04 9.891487422792302198e-01
6.075594938792679750e+04 9.854337093783317458e-01
6.075594964798750152e+04 9.855626618931717653e-01
6.075594990804819827e+04 1.035320942707744774e+00
6.075595016810890229e+04 1.004873354431966348e+00
6.075595042816960631e+04 1.043619244412145930e+00
6.075595068823031033e+04 9.954107902223003901e-01
6.075595094829101436e+04 1.015727904243317381e+00
6.075595120835171110e+04 9.922488811147893717e-01
6.075595146841241512e+04 1.004175102586957413e+00
6.075595172847312642e+04 1.003936236759159772e+00
6.075595198853382317e+04 9.771848544913905865e-01
6.075595224859452719e+04 9.803655703706599667e-01
6.075595250865523121e+04 9.860350045066306190e-01
6.075595276871593524e+04 9.975601147433411642e-01
6.075595302877663926e+04 9.924333918531084153e-01
6.075595328883733600e+04 1.001513787106631748e+00
6.075595354889804003e+04 1.003764294877531160e+00
6.075595380895874405e+04 1.012960693861103989e+00
6.075595406901944807e+04 9.849564606152042545e-01
6.075595432908015209e+04 9.818363060462488301e-01
6.075595458914084884e+04 9.848542936512545420e-01
6.075595484920156014e+04 1.015236732780634199e+00
6.075595510926226416e+04 9.825211197095039539e-01
6.075595536932296091e+04 9.856665799707232667e-01
6.075595562938366493e+04 1.033174534278288093e+00
6.075595588944436895e+04 9.845027537062556178e-01
6.075595614950507297e+04 9.899425140547352120e-01
6.075595640956577699e+04 9.877194746914144119e-01
6.075595666962647374e+04 1.005745797035272115e+00
6.075595692968717776e+04 9.883300545145931038e-01
6.075595718974788178e+04 1.010784367533953398e+00
6.075595744980858581e+04 1.036110612077746129e+00
6.075595770986929710e+04 1.012725876168411920e+00
6.075595796992999385e+04 1.000286640534454152e+00
6.075595822999069787e+04 1.012991270927142917e+00
6.075595849005140190e+04 1.003564534272576969e+00
6.075595875011209864e+04 9.767923717377561266e-01
6.075595901017280994e+04 9.929318396116421086e-01
6.075595927023350669e+04 1.016502730839218271e+00
6.075595953029421071e+04 9.650151489145079031e-01
6.075595979035491473e+04 9.827778839145215883e-01
6.075596005041561148e+04 9.661580420693001159e-01
6.075596031047632277e+04 1.025021243946051763e+00
6.075596057053702680e+04 9.889896933434643156e-01
6.075596083059773082e+04 1.037725113051600756e+00
6.075596109065843484e+04 9.872967859383442457e-01
6.075596135071913159e+04 1.015453675049416082e+00
6.075596161077983561e+04 1.013946303557145212e+00
6.075596187084053963e+04 9.864240349835785571e-01
6.075596213090124365e+04 1.014730921444403799e+00
6.075596239096194768e+04 1.019873330445459692e+00
6.075596265102265170e+04 9.952109662180341765e-01
6.075596291108335572e+04 1.001378200800020934e+00
6.075596317114405974e+04 9.865599000600189239e-01
6.075596343120475649e+04 1.014094743720834746e+00
6.075596369126546051e+04 9.979124983869508414e-01
6.075596395132616453e+04 9.839035509375753108e-01
6.075596421138686856e+04 1.014497893558113928e+00
6.075596447144757258e+04 1.013683975226022271e+00
6.075596473150827660e+04 9.900739693780926665e-01
6.075596499156898062e+04 9.975021356773829950e-01
6.075596525162968464e+04 9.810134443778331104e-01
6.075596551169038867e+04 9.980981040439232954e-01
6.075596577175109269e+04 1.033755493068876374e+00
6.075596603181178943e+04 1.006657784276477674e+00
6.075596629187249346e+04 9.667436865187627459e-01
6.075596655193319748e+04 1.033307038125547139e+00
6.075596681199390150e+04 1.000285048060783222e+00
6.075596707205460552e+04 1.008638320581987546e+00
6.075596733211530955e+04 9.829643867719849437e-01
6.075596759217601357e+04 9.900685547731737923e-01
6.075596785223671759e+04 9.977963047003755026e-01
6.075596811229741434e+04 9.948777812075944027e-01
6.075596837235811836e+04 1.009936612779255283e+00
6.075596863241882238e+04 9.769540892823466161e-01
6.075596889247953368e+04 9.783414494319100374e-01
6.075596915254023770e+04 9.891075349532524319e-01
6.075596941260093445e+04 9.885507854830936081e-01
6.075597102105359954e+04 9.848571029279589162e-01
6.075597128111420170e+04 1.027284792839996852e+00
6.075597154117479658e+04 9.410039349463062974e-01
6.075597180123539147e+04 9.982607958282276872e-01
6.075597206129598635e+04 9.912264115094063799e-01
6.075597232135658123e+04 1.003628348486351740e+00
6.075597258141718339e+04 9.983961435940589269e-01
6.075597284147777827e+04 1.016947482072615871e+00
6.075597310153837316e+04 1.030491129706148534e+00
6.075597336159897532e+04 9.779064782477736584e-01
6.075597362165957020e+04 9.954483823711127721e-01
6.075597388172016508e+04 9.882290332798080446e-01
6.075597414178077452e+04 1.007805653466098850e+00
6.075597440184136940e+04 1.015099136595770668e+00
6.075597466190196428e+04 1.019128199769617327e+00
6.075597492196255916e+04 1.011779299476812666e+00
6.075597518202315405e+04 1.003468834788948882e+00
6.075597544208374893e+04 9.872693271615397004e-01
6.075597570214434381e+04 1.001497280850426552e+00
6.075597596220494597e+04 9.942928368451250387e-01
6.075597622226554813e+04 1.015327589904998051e+00
6.075597648232614301e+04 9.886235610867951662e-01
6.075597674238673790e+04 1.002923808743274803e+00
6.075597700244734006e+04 1.014745363929112854e+00
6.075597726250793494e+04 9.820312424662605011e-01
6.075597752256853710e+04 9.963534691773627827e-01
6.075597778262913198e+04 1.006127105654704756e+00
6.075597804268972686e+04 9.702333070629562961e-01
6.075597830275032175e+04 9.956391209849438928e-01
6.075597856281091663e+04 9.503938611809320536e-01
6.075597882287151151e+04 1.001997382812074511e+00
6.075597908293212095e+04 1.012543356666409933e+00
6.075597934299271583e+04 1.005952815604110873e+00
6.075597960305331071e+04 9.815579576147627217e-01
6.075597986311390559e+04 9.925839559277830348e-01
6.075598012317450775e+04 1.009524970927762944e+00
6.075598038323510264e+04 1.028189259424360014e+00
6.075598064329570479e+04 9.806415759914055563e-01
6.075598090335629968e+04 1.029509643315912548e+00
6.075598116341689456e+04 9.743635423141580043e-01
6.075598142347748944e+04 1.008751538514168322e+00
6.075598168353808433e+04 9.810306359170968271e-01
6.075598194359869376e+04 1.032721825705730678e+00
6.075598220365928864e+04 9.881370192577567657e-01
6.075598246371988353e+04 9.914799476085328633e-01
6.075598272378047841e+04 1.001424517656867463e+00
6.075598298384108057e+04 1.041587237852800163e+00
6.075598324390167545e+04 1.009236165628065729e+00
6.075598350396227761e+04 9.839205305376010902e-01
6.075598376402287249e+04 1.003401690483668451e+00
6.075598402408346738e+04 1.014867864927680330e+00
6.075598428414406226e+04 1.014075925072931428e+00
6.075598454420465714e+04 1.008246145712649700e+00
6.075598480426526658e+04 9.910216410796061082e-01
6.075598506432586146e+04 9.660784971423501677e-01
6.075598532438645634e+04 1.003759679553274387e+00
6.075598558444705122e+04 1.027562154919719584e+00
6.075598584450765338e+04 1.014323449286789192e+00
6.075598610456825554e+04 9.482059659595307721e-01
6.075598636462885042e+04 9.914260740227067714e-01
6.075598662468944531e+04 1.018298461706080404e+00
6.075598688475004019e+04 1.002460766704118766e+00
6.075598714481063507e+04 1.012927508708012514e+00
6.075598740487123723e+04 9.982415077410139448e-01
6.075598766493183211e+04 1.028872372916013855e+00
6.075598792499243427e+04 9.637960908423464090e-01
6.075598818505302916e+04 9.732487080297872462e-01
6.075598844511362404e+04 1.017255704375302994e+00
6.075598870517423347e+04 1.005326040001605081e+00
6.075598896523482836e+04 1.005864935291248985e+00
6.075598922529542324e+04 9.866904490275784090e-01
6.075598948535601812e+04 9.825640978990278773e-01
6.075598974541661300e+04 9.810624230478854901e-01
6.075599000547721516e+04 9.760709375632162788e-01
6.075599026553781005e+04 1.034012381830706095e+00
6.075599052559840493e+04 1.001423204234862308e+00
6.075599078565900709e+04 9.906256998550526660e-01
6.075599104571960197e+04 1.009708810225351749e+00
6.075599130578020413e+04 9.777848077342509159e-01
6.075599156584080629e+04 1.000449876140383054e+00
6.075599182590140117e+04 9.690284864578602164e-01
6.075599208596199605e+04 9.928534882830395425e-01
6.075599234602259094e+04 9.977508002434359868e-01
6.075599260608319310e+04 9.960533558935349419e-01
6.075599286614378798e+04 9.874201513516279727e-01
6.075599312620438286e+04 9.858393474872986229e-01
6.075599338626497774e+04 9.595459167459162719e-01
6.075599364632558718e+04 9.839584513507163566e-01
6.075599390638618206e+04 9.870256180772062349e-01
6.075599416644677694e+04 1.021874558150096757e+00
6.075599442650737910e+04 9.982820131246564754e-01
6.075599468656797399e+04 9.878105288646520377e-01
6.075599494662857614e+04 1.005925318909987487e+00
6.075599520668917103e+04 1.015807246743313019e+00
6.075599546674976591e+04 1.028324188385656424e+00
6.075599572681036079e+04 1.008611181099927423e+00
6.075599598687096295e+04 9.817804706647463853e-01
6.075599624693155783e+04 1.001078512836345524e+00
6.075599650699215999e+04 9.994892787402592793e-01
6.075599676705275488e+04 9.968246749295892606e-01
6.075599702711334976e+04 1.032080388981410968e+00
6.075599728717395192e+04 9.863563500145493546e-01
6.075599754723455408e+04 9.846960458194315979e-01
6.075599780729514896e+04 9.870865803663654292e-01
6.075599806735574384e+04 9.971400764535247596e-01
6.075599832741634600e+04 1.001170584785777473e+00
6.075599858747694088e+04 1.016029610771112424e+00
6.075599884753753577e+04 9.866929093315045529e-01
6.075599910759813065e+04 9.966782523981712050e-01
6.075599936765874008e+04 1.019292089707912963e+00
6.075600091310295102e+04 9.906615404528579250e-01
6.075600117316365504e+04 1.011080455070481277e+00
6.075600143322435179e+04 9.964627789977139605e-01
6.075600169328505581e+04 1.006941369935566488e+00
6.075600195334576711e+04 1.027412405089187963e+00
6.075600221340647113e+04 1.028607963163988614e+00
6.075600247346717515e+04 1.019019925382222080e+00
6.075600273352787190e+04 1.004607248594101776e+00
6.075600299358858319e+04 9.929192049527297836e-01
6.075600325364928722e+04 9.896288909835069258e-01
6.075600351370998396e+04 1.005282922651029365e+00
6.075600377377069526e+04 9.939894117466853141e-01
6.075600403383139928e+04 9.852238199769459692e-01
6.075600429389210331e+04 1.027751460360779134e+00
6.075600455395280733e+04 9.945078973515840692e-01
6.075600481401350407e+04 9.745074182388014927e-01
6.075600507407421537e+04 1.042279062188071315e+00
6.075600533413491939e+04 1.014225223619519278e+00
6.075600559419562342e+04 1.008356722302140351e+00
6.075600585425632744e+04 9.895597384394931861e-01
6.075600611431703146e+04 9.940276206888520871e-01
6.075600637437773548e+04 9.908525672944248353e-01
6.075600663443843951e+04 9.941090445637074113e-01
6.075600689449914353e+04 9.979456000167906682e-01
6.075600715455985483e+04 1.018052717333478352e+00
6.075600741462055157e+04 1.032602192329332480e+00
6.075600767468125559e+04 9.713722029550230230e-01
6.075600793474195962e+04 1.039923194298417508e+00
6.075600819480266364e+04 9.873271747468768123e-01
6.075600845486336766e+04 1.022913311951674897e+00
6.075600871492407168e+04 9.981943780588586890e-01
6.075600897498478298e+04 1.004415806366695474e+00
6.075600923504548700e+04 9.891574369209128470e-01
6.075600949510618375e+04 1.020078763736423921e+00
6.075600975516688777e+04 9.946902748862165300e-01
6.075601001522759907e+04 1.003032949839511634e+00
6.075601027528830309e+04 1.032813864717921915e+00
6.075601053534900711e+04 1.007452453191415964e+00
6.075601079540970386e+04 1.006675529796625446e+00
6.075601105547041516e+04 1.036374797345558374e+00
6.075601131553111918e+04 1.000002081409570476e+00
6.075601157559181593e+04 1.005816986688420789e+00
6.075601183565252722e+04 9.799329956426391375e-01
6.075601209571323125e+04 1.039874709156805022e+00
6.075601235577393527e+04 9.873205120651568079e-01
6.075601261583463929e+04 1.008302162128311474e+00
6.075601287589534331e+04 1.022753651297584554e+00
6.075601313595604734e+04 1.058337453697377084e+00
6.075601339601675136e+04 1.012745337856800987e+00
6.075601365607746266e+04 9.857144219586830847e-01
6.075601391613816668e+04 1.013188237978787987e+00
6.075601417619886342e+04 1.015101428616332901e+00
6.075601443625956745e+04 1.021772771165331717e+00
6.075601469632027874e+04 1.020580446744965730e+00
6.075601495638097549e+04 9.749003459046783338e-01
6.075601521644168679e+04 1.006438946650224597e+00
6.075601547650239081e+04 9.942069847810203198e-01
6.075601573656309483e+04 9.846906252962257522e-01
6.075601599662379886e+04 1.016655489746001839e+00
6.075601625668450288e+04 1.028217783815463138e+00
6.075601651674520690e+04 1.001758871788806182e+00
6.075601677680591092e+04 1.021843770150861364e+00
6.075601703686661494e+04 9.882784654152625414e-01
6.075601729692732624e+04 1.005379978186111911e+00
6.075601755698802299e+04 1.011599884398032057e+00
6.075601781704872701e+04 1.016644560941383890e+00
6.075601807710943831e+04 1.018534020725905265e+00
6.075601833717014233e+04 1.005637768874821036e+00
6.075601859723084635e+04 1.019339083420905512e+00
6.075601885729155038e+04 1.046497851537554702e+00
6.075601911735225440e+04 1.029481998548813504e+00
6.075601937741295842e+04 1.020676306620722285e+00
6.075601963747365517e+04 1.018543907430993212e+00
6.075601989753436646e+04 1.033628428303235980e+00
6.075602015759507049e+04 1.025720798753773977e+00
6.075602041765577451e+04 9.931511585077823501e-01
6.075602067771648581e+04 9.954016349161386445e-01
6.075602093777718255e+04 1.000152995817993773e+00
6.075602119783788658e+04 9.829742074867808821e-01
6.075602145789859787e+04 9.942623000559497326e-01
6.075602171795930190e+04 1.048293272720284941e+00
6.075602197802000592e+04 1.025279568901368288e+00
6.075602223808070994e+04 1.014988756148767601e+00
6.075602249814141396e+04 1.032754246384925301e+00
6.075602275820211798e+04 9.884214519375539298e-01
6.075602301826282201e+04 9.796641309928614261e-01
6.075602327832352603e+04 1.040030211099481239e+00
6.075602353838423005e+04 9.826422367439252570e-01
6.075602379844494135e+04 9.906819600053229369e-01
6.075602405850564537e+04 1.030148597655510034e+00
6.075602431856634212e+04 1.023723746004154389e+00
6.075602457862704614e+04 1.009068515342915973e+00
6.075602483868775744e+04 9.910957849965562616e-01
6.075602509874846146e+04 9.991379309169232670e-01
6.075602535880916548e+04 9.923879199742281498e-01
6.075602561886986950e+04 1.022474546659116301e+00
6.075602587893057353e+04 9.957408717889202343e-01
6.075602613899127755e+04 1.006598371440529771e+00
6.075602639905198885e+04 1.014748247582476504e+00
6.075602665911269287e+04 1.037576785567587700e+00
6.075602691917338962e+04 9.722073204893351139e-01
6.075602717923410091e+04 9.902882203646731218e-01
6.075602743929480494e+04 9.900146211700702192e-01
6.075602769935550168e+04 9.871911851736276944e-01
6.075602795941621298e+04 9.787968716025089444e-01
6.075602821947691700e+04 1.027210824580612858e+00
6.075602847953762102e+04 1.028153254846171372e+00
6.075602873959833232e+04 9.864999721661502630e-01
6.075602899965902907e+04 1.018158538661440682e+00
6.075602925971973309e+04 9.837358825415319918e-01
6.075603093119423283e+04 9.816973900528375152e-01
6.075603119125482772e+04 9.751874675824330208e-01
6.075603145131542988e+04 9.849923064589340971e-01
6.075603171137602476e+04 9.924206567726787664e-01
6.075603197143662692e+04 1.038859329334971271e+00
6.075603223149722908e+04 1.016923238845504951e+00
6.075603249155782396e+04 1.014053842774233605e+00
6.075603275161842612e+04 9.986620066748684854e-01
6.075603301167902100e+04 9.986048840378943803e-01
6.075603327173962316e+04 9.620795887068012142e-01
6.075603353180022532e+04 1.006853907727083941e+00
6.075603379186082020e+04 1.019473177841820455e+00
6.075603405192141508e+04 1.037300019748226276e+00
6.075603431198201724e+04 1.035504309398725065e+00
6.075603457204261213e+04 1.007311486923619714e+00
6.075603483210320701e+04 1.052573091612338141e+00
6.075603509216381644e+04 9.847862736308630183e-01
6.075603535222441133e+04 1.018022676700640172e+00
6.075603561228501349e+04 1.033582923447415203e+00
6.075603587234560837e+04 1.011831682533679055e+00
6.075603613240621053e+04 1.056593545509477483e+00
6.075603639246681269e+04 1.015546725455290789e+00
6.075603665252740757e+04 9.707503458455176704e-01
6.075603691258800245e+04 9.896204035757697470e-01
6.075603717264860461e+04 1.007655864169929139e+00
6.075603743270919949e+04 1.005126982452721363e+00
6.075603769276979438e+04 1.004314158607287677e+00
6.075603795283040381e+04 1.005521617638854170e+00
6.075603821289099869e+04 1.021457171603712633e+00
6.075603847295160085e+04 1.031203445954643971e+00
6.075603873301219573e+04 9.754551954685255488e-01
6.075603899307279789e+04 1.031865378186586302e+00
6.075603925313340005e+04 1.010209052072562841e+00
6.075603951319399494e+04 1.039158035174407857e+00
6.075603977325458982e+04 1.004250172929609164e+00
6.075604003331519198e+04 1.005542320538577394e+00
6.075604029337578686e+04 9.926156411823802150e-01
6.075604055343638902e+04 9.787398350608736974e-01
6.075604081349698390e+04 1.010608090621054833e+00
6.075604107355758606e+04 1.008243445163618635e+00
6.075604133361818822e+04 1.011412794421687522e+00
6.075604159367878310e+04 1.032941338189161007e+00
6.075604185373938526e+04 1.007340839615806560e+00
6.075604211379998742e+04 9.924303819151554240e-01
6.075604237386058230e+04 9.948508803616610274e-01
6.075604263392118446e+04 1.014342761611448429e+00
6.075604289398177934e+04 9.874882975019162457e-01
6.075604315404237423e+04 9.994621915901518161e-01
6.075604341410297639e+04 9.895960575447134699e-01
6.075604367416357127e+04 1.008640981726361741e+00
6.075604393422418070e+04 1.014316165707565220e+00
6.075604419428477559e+04 1.039912727085011479e+00
6.075604445434537047e+04 9.864065733839663119e-01
6.075604471440597990e+04 9.650800286674339201e-01
6.075604497446657479e+04 1.020189000560955073e+00
6.075604523452717694e+04 9.898262864291500485e-01
6.075604549458777183e+04 1.003004411461345002e+00
6.075604575464836671e+04 9.830188679678526498e-01
6.075604601470896887e+04 9.558679542589891831e-01
6.075604627476956375e+04 9.983955631309114898e-01
6.075604653483016591e+04 1.012633620665132073e+00
6.075604679489076807e+04 1.014017409676419401e+00
6.075604705495136295e+04 1.018678427416853438e+00
6.075604731501196511e+04 9.963694650710868128e-01
6.075604757507256727e+04 1.013214372601796143e+00
6.075604783513316943e+04 9.769845801303295163e-01
6.075604809519376431e+04 1.026769683048461834e+00
6.075604835525435919e+04 1.000972148894966551e+00
6.075604861531496135e+04 9.878313053999288051e-01
6.075604887537555624e+04 9.926142629462407774e-01
6.075604913543615839e+04 9.760044551683045855e-01
6.075604939549675328e+04 9.876281465652787528e-01
6.075604965555735544e+04 1.013387636066131803e+00
6.075604991561795759e+04 1.023757981682986040e+00
6.075605017567855248e+04 9.933066614107878278e-01
6.075605043573915464e+04 1.030313447615016420e+00
6.075605069579975680e+04 1.012659871097895348e+00
6.075605095586035168e+04 9.808450645757161857e-01
6.075605121592095384e+04 1.018511862816224856e+00
6.075605147598154872e+04 9.818136269021661144e-01
6.075605173604215088e+04 1.002063233183390967e+00
6.075605199610274576e+04 9.943511623560502555e-01
6.075605225616334792e+04 1.024824323091123590e+00
6.075605251622395008e+04 9.991329895148540752e-01
6.075605277628454496e+04 9.926939726767797234e-01
6.075605303634514712e+04 9.854472889239985767e-01
6.075605329640574200e+04 9.766181387864691921e-01
6.075605355646635144e+04 1.006196880031999807e+00
6.075605381652694632e+04 9.733055821641686256e-01
6.075605407658754848e+04 1.006968739626483700e+00
6.075605433664814336e+04 1.000052480769233476e+00
6.075605459670873825e+04 1.024794550012600336e+00
6.075605485676934040e+04 1.004878010967962698e+00
6.075605511682993529e+04 1.012643420627967528e+00
6.075605537689054472e+04 9.909348254285882396e-01
6.075605563695113960e+04 9.950295078247380909e-01
6.075605589701174176e+04 9.986477677779012074e-01
6.075605615707233665e+04 9.767199600278950733e-01
6.075605641713293880e+04 9.749186522862931525e-01
6.075605667719354096e+04 1.007894043349084168e+00
6.075605693725413585e+04 1.013666311422357635e+00
6.075605719731473800e+04 1.012473084118487243e+00
6.075605745737533289e+04 9.998171127880909337e-01
6.075605771743593505e+04 9.826978822542875580e-01
6.075605797749652993e+04 1.031431942907826249e+00
6.075605823755713209e+04 1.010448009623819532e+00
6.075605849761773425e+04 1.012377231054559790e+00
6.075605875767832913e+04 1.050665279805639951e+00
6.075605901773893129e+04 1.025161086691717349e+00
6.075605927779953345e+04 1.010495327627662254e+00
6.075606082322710427e+04 9.647443499943610945e-01
6.075606108328780829e+04 1.015399396377036245e+00
6.075606134334851231e+04 9.749520130213611413e-01
6.075606160340922361e+04 1.017940289720317137e+00
6.075606186346992035e+04 9.833763634026113643e-01
6.075606212353063165e+04 9.792287671716290998e-01
6.075606238359133567e+04 9.846308410604215355e-01
6.075606264365204697e+04 9.882628835265573342e-01
6.075606290371275099e+04 9.854198570521511824e-01
6.075606316377345502e+04 1.006163846774115855e+00
6.075606342383415904e+04 9.797374155352861491e-01
6.075606368389486306e+04 1.019353516263223902e+00
6.075606394395557436e+04 1.020493975467178460e+00
6.075606420401627838e+04 1.021067851069816790e+00
6.075606446407698240e+04 1.009615166351394810e+00
6.075606472413768643e+04 1.002495006030842406e+00
6.075606498419839772e+04 1.006277856667276316e+00
6.075606524425910175e+04 9.962928062243689986e-01
6.075606550431981304e+04 9.989270132598535579e-01
6.075606576438050979e+04 1.021187146501628229e+00
6.075606602444122109e+04 1.021480117179372593e+00
6.075606628450192511e+04 9.969341315803571524e-01
6.075606654456262913e+04 1.022442382899113600e+00
6.075606680462333316e+04 1.007791767443137809e+00
6.075606706468404445e+04 1.009530549858654203e+00
6.075606732474474848e+04 1.012529444397844314e+00
6.075606758480545250e+04 9.736479349169178121e-01
6.075606784486615652e+04 9.823688866064671510e-01
6.075606810492686054e+04 9.931135339964451969e-01
6.075606836498757184e+04 9.732844157820327302e-01
6.075606862504827586e+04 1.018904477197573044e+00
6.075606888510898716e+04 1.008149900761780238e+00
6.075606914516968391e+04 9.949556169300460828e-01
6.075606940523039520e+04 1.021066179868403756e+00
6.075606966529109923e+04 1.010768195236164679e+00
6.075606992535180325e+04 1.011743283082315426e+00
6.075607018541250727e+04 9.742068741516929364e-01
6.075607044547321857e+04 9.882051036586447790e-01
6.075607070553392259e+04 1.001830707188058778e+00
6.075607096559463389e+04 1.006175002632370585e+00
6.075607122565533064e+04 1.013090301554517403e+00
6.075607148571604193e+04 1.011879755298091377e+00
6.075607174577674596e+04 1.006373004510733526e+00
6.075607200583745725e+04 1.003601457939140351e+00
6.075607226589816128e+04 9.748363420036275651e-01
6.075607252595886530e+04 1.005081434434939247e+00
6.075607278601956932e+04 9.995053254210065630e-01
6.075607304608028062e+04 1.013611229502021649e+00
6.075607330614097737e+04 9.789764052904825764e-01
6.075607356620169594e+04 1.007406133490740263e+00
6.075607382626239269e+04 1.004956921681081861e+00
6.075607408632310398e+04 9.955080897369876780e-01
6.075607434638380801e+04 9.708509699025966722e-01
6.075607460644451203e+04 1.022095751165077893e+00
6.075607486650521605e+04 1.020329918009901693e+00
6.075607512656592735e+04 9.996484196835687674e-01
6.075607538662663137e+04 1.026432966695805860e+00
6.075607564668734267e+04 1.018894482588127648e+00
6.075607590674803942e+04 1.021850168769924183e+00
6.075607616680875071e+04 9.818743215505094657e-01
6.075607642686945474e+04 9.834867466070120745e-01
6.075607668693016603e+04 9.740683228141895356e-01
6.075607694699087006e+04 9.771813535531244099e-01
6.075607720705157408e+04 1.010295911560370685e+00
6.075607746711227810e+04 1.026955135337344283e+00
6.075607772717298940e+04 1.026608543092587089e+00
6.075607798723368614e+04 1.040177389781435924e+00
6.075607824729439744e+04 9.933276663014242169e-01
6.075607850735510146e+04 9.822119123206022318e-01
6.075607876741581276e+04 9.720398045559129896e-01
6.075607902747651679e+04 9.767933126867155424e-01
6.075607928753722081e+04 1.001951164142530271e+00
6.075607954759792483e+04 9.919300566769363448e-01
6.075607980765863613e+04 1.008482133118330459e+00
6.075608006771934015e+04 1.017903177965519657e+00
6.075608032778005145e+04 9.881725543405345258e-01
6.075608058784074819e+04 1.004861100581951217e+00
6.075608084790145949e+04 1.011732156750594802e+00
6.075608110796216351e+04 1.007656835412847673e+00
6.075608136802286754e+04 9.885736687513999588e-01
6.075608162808357156e+04 9.925195846521502885e-01
6.075608188814428286e+04 1.010513873498488202e+00
6.075608214820498688e+04 9.985195905617085810e-01
6.075608240826569818e+04 1.015291943348082260e+00
6.075608266832639492e+04 9.877529586182667298e-01
6.075608292838710622e+04 9.925196405032929992e-01
6.075608318844781024e+04 1.005550578042124110e+00
6.075608344850852154e+04 9.713449106001363909e-01
6.075608370856922556e+04 9.880908263359892141e-01
6.075608396862992959e+04 1.030437400018064276e+00
6.075608422869064088e+04 9.850473013084537488e-01
6.075608448875134491e+04 1.002938379770376143e+00
6.075608474881204893e+04 1.010235619943624652e+00
6.075608500887276023e+04 9.711513345492978067e-01
6.075608526893346425e+04 9.876689267105902559e-01
6.075608552899416827e+04 9.634867491329935918e-01
6.075608578905487957e+04 9.734640074110858521e-01
6.075608604911557632e+04 1.025927117727449600e+00
6.075608630917628761e+04 9.839472465600743734e-01
6.075608656923699164e+04 9.841482826896781333e-01
6.075608682929770293e+04 1.021253912573112599e+00
6.075608708935840696e+04 9.899947228734857774e-01
6.075608734941911098e+04 9.553033381076216912e-01
6.075608760947981500e+04 9.754308814577566933e-01
6.075608786954052630e+04 1.003087314977328504e+00
6.075608812960123760e+04 1.016661411543243521e+00
6.075608838966194162e+04 1.009918075209187638e+00
6.075608864972264564e+04 9.904671457606319951e-01
6.075608890978334966e+04 1.032796326976491930e+00
6.075608916984406096e+04 1.016910200492887384e+00
6.075609076569380704e+04 1.001190440788648051e+00
6.075609102575441648e+04 1.020356280944856975e+00
6.075609128581501136e+04 9.860111135649599623e-01
6.075609154587561352e+04 1.017774887609081080e+00
6.075609180593621568e+04 9.998128581285352645e-01
6.075609206599681784e+04 1.001305574279427679e+00
6.075609232605741272e+04 1.009631275516984283e+00
6.075609258611801488e+04 9.951028099577348129e-01
6.075609284617860976e+04 9.930543518041351492e-01
6.075609310623921192e+04 9.969231661199269290e-01
6.075609336629981408e+04 1.025624396809982519e+00
6.075609362636040896e+04 9.739115464178259574e-01
6.075609388642101840e+04 1.007901737847742174e+00
6.075609414648161328e+04 9.961534905354992864e-01
6.075609440654221544e+04 1.022358644698967645e+00
6.075609466660281760e+04 1.022680475444925907e+00
6.075609492666341976e+04 9.987118613650881604e-01
6.075609518672402191e+04 1.020557797813712142e+00
6.075609544678461680e+04 1.020346425337425256e+00
6.075609570684521896e+04 9.875746439769451657e-01
6.075609596690581384e+04 1.026550547777457023e+00
6.075609622696641600e+04 1.006831343471264573e+00
6.075609648702701088e+04 9.973447190720833300e-01
6.075609674708762032e+04 1.041366002325324169e+00
6.075609700714822247e+04 1.008434501705177011e+00
6.075609726720881736e+04 1.025011019490009279e+00
6.075609752726942679e+04 9.929885576563642902e-01
6.075609778733002167e+04 9.885707357443949128e-01
6.075609804739062383e+04 1.022932001863009699e+00
6.075609830745121872e+04 9.849245957946565211e-01
6.075609856751182087e+04 9.902151106845011874e-01
6.075609882757242303e+04 1.003753545492746424e+00
6.075609908763301792e+04 9.627522557056986674e-01
6.075609934769362008e+04 9.904937348549093246e-01
6.075609960775422223e+04 1.030063755004987147e+00
6.075609986781482439e+04 1.028334250517521919e+00
6.075610012787541928e+04 1.014688799262648100e+00
6.075610038793602143e+04 1.017472772087747668e+00
6.075610064799663087e+04 9.887297744051172232e-01
6.075610090805722575e+04 9.901372192129909156e-01
6.075610116811782791e+04 1.003215734526403669e+00
6.075610142817842279e+04 1.032732122540635178e+00
6.075610168823902495e+04 9.984867097654659407e-01
6.075610194829962711e+04 1.014717744324916904e+00
6.075610220836022199e+04 1.015143515331651924e+00
6.075610246842083143e+04 1.008818142315273780e+00
6.075610272848142631e+04 9.714934498064898838e-01
6.075610298854202847e+04 9.890214972440084518e-01
6.075610324860263063e+04 1.003082412669799917e+00
6.075610350866323279e+04 1.026613428185744414e+00
6.075610376872383495e+04 1.008341227779170790e+00
6.075610402878442983e+04 9.873433666873128178e-01
6.075610428884503199e+04 1.007851444767314142e+00
6.075610454890563415e+04 9.627769669536105912e-01
6.075610480896622903e+04 1.001755795712066854e+00
6.075610506902683119e+04 1.024354981732172876e+00
6.075610532908743335e+04 1.025358946622780598e+00
6.075610558914803551e+04 9.874947583677213814e-01
6.075610584920863766e+04 9.863313715957091610e-01
6.075610610926923255e+04 9.863384578263822977e-01
6.075610636932984198e+04 1.000908123897890745e+00
6.075610662939043686e+04 1.007093624351979022e+00
6.075610688945103902e+04 1.002663270963805919e+00
6.075610714951164118e+04 1.002716513452051927e+00
6.075610740957223607e+04 1.023054387361586492e+00
6.075610766963283822e+04 1.004032150848496618e+00
6.075610792969343311e+04 9.873298981752890446e-01
6.075610818975403527e+04 1.007197160619363041e+00
6.075610844981464470e+04 1.005933273300319231e+00
6.075610870987523958e+04 1.009239210979242962e+00
6.075610896993584174e+04 1.031541045002843049e+00
6.075610922999644390e+04 1.008635928552185979e+00
6.075610949005704606e+04 1.031864761932037577e+00
6.075610975011764822e+04 9.917257571299724628e-01
6.075611001017824310e+04 1.006317362381179858e+00
6.075611027023884526e+04 9.916968943834515438e-01
6.075611053029944742e+04 9.814709069357980820e-01
6.075611079036004230e+04 1.002364836560248662e+00
6.075611105042064446e+04 9.857818435832066406e-01
6.075611131048124662e+04 9.810060143526998511e-01
6.075611157054184878e+04 9.817087116381156831e-01
6.075611183060245094e+04 1.048015606680848144e+00
6.075611209066305310e+04 1.009473935899180885e+00
6.075611235072365525e+04 1.013694406793888891e+00
6.075611261078425741e+04 1.016682939188483736e+00
6.075611287084485230e+04 9.786314888470024620e-01
6.075611313090545445e+04 9.900705324948712027e-01
6.075611339096604934e+04 1.011104879975422977e+00
6.075611365102665150e+04 9.910642511981279101e-01
6.075611391108725365e+04 1.012407749882573205e+00
6.075611417114785581e+04 1.024212351794500986e+00
6.075611443120845797e+04 1.001871950015223556e+00
6.075611469126906013e+04 1.009760314192222896e+00
6.075611495132966229e+04 9.944852950443239248e-01
6.075611521139026445e+04 9.926014000174255836e-01
6.075611547145085933e+04 9.936245274111183967e-01
6.075611573151146149e+04 1.023858655734090295e+00
6.075611599157206365e+04 1.012810361049524710e+00
6.075611625163265853e+04 9.903586728679295570e-01
6.075611651169326069e+04 1.009417105311818608e+00
6.075611677175386285e+04 9.757136687965757282e-01
6.075611703181446501e+04 1.023725938469650432e+00
6.075611729187506717e+04 1.000325235417522496e+00
6.075611755193566933e+04 9.711309017949447675e-01
6.075611781199626421e+04 1.006449004712408835e+00
6.075611807205687364e+04 9.667271078305024190e-01
6.075611833211747580e+04 1.006261362061067643e+00
6.075611859217807068e+04 9.511589783029302803e-01
6.075611885223867284e+04 9.975555224751575523e-01
6.075611911229926773e+04 1.011130431524694728e+00
6.075612077117233275e+04 1.006158730181176297e+00
6.075612103123303677e+04 9.734065628231054479e-01
6.075612129129374080e+04 1.012945304811960545e+00
6.075612155135445209e+04 1.030373182116172348e+00
6.075612181141516339e+04 9.773991420085791360e-01
6.075612207147586741e+04 1.014248222880253403e+00
6.075612233153657144e+04 9.910287608205601284e-01
6.075612259159728274e+04 1.023048339885420432e+00
6.075612285165798676e+04 9.701535922980552007e-01
6.075612311171869806e+04 9.940052773454270962e-01
6.075612337177940935e+04 9.489356630752932009e-01
6.075612363184010610e+04 1.017002217756093563e+00
6.075612389190081740e+04 9.728998780652767797e-01
6.075612415196152870e+04 1.014017096698493825e+00
6.075612441202222544e+04 1.005408422830280424e+00
6.075612467208293674e+04 1.017157778578491101e+00
6.075612493214364804e+04 9.989124679491786507e-01
6.075612519220435206e+04 9.798914508286568070e-01
6.075612545226506336e+04 1.016607329572335683e+00
6.075612571232576738e+04 1.024906760038414077e+00
6.075612597238647140e+04 9.868225905286446276e-01
6.075612623244718270e+04 9.716928892688987407e-01
6.075612649250789400e+04 1.020155484346162655e+00
6.075612675256859802e+04 9.902947218110832450e-01
6.075612701262930204e+04 1.008796070990158444e+00
6.075612727269001334e+04 1.002145047725622407e+00
6.075612753275071736e+04 9.815949963704577730e-01
6.075612779281142139e+04 9.582103021296517475e-01
6.075612805287213268e+04 1.022844095945028675e+00
6.075612831293283671e+04 9.482768513232632257e-01
6.075612857299354800e+04 1.016877555801195765e+00
6.075612883305425930e+04 1.019045585185653469e+00
6.075612909311495605e+04 1.011546756067791986e+00
6.075612935317566735e+04 9.964510848931596998e-01
6.075612961323637865e+04 1.005864186717860376e+00
6.075612987329708267e+04 9.801010928209518136e-01
6.075613013335779397e+04 9.911214150270852841e-01
6.075613039341849799e+04 9.615691228228205878e-01
6.075613065347920201e+04 9.946220963766561063e-01
6.075613091353991331e+04 1.011704852520462605e+00
6.075613117360061733e+04 1.035479683088296188e+00
6.075613143366133590e+04 9.871837128817532170e-01
6.075613169372203265e+04 9.835221690973940945e-01
6.075613195378274395e+04 1.005499589092503365e+00
6.075613221384345525e+04 1.014875918406552557e+00
6.075613247390415199e+04 9.899367179055870158e-01
6.075613273396486329e+04 9.908452001591203651e-01
6.075613299402557459e+04 1.006017986825471500e+00
6.075613325408627861e+04 1.006144840643290239e+00
6.075613351414698991e+04 9.948079685271064010e-01
6.075613377420769393e+04 1.034509970338797880e+00
6.075613403426840523e+04 9.759152919613574007e-01
6.075613429432910925e+04 9.899798022794463748e-01
6.075613455438982055e+04 9.774720855374501305e-01
6.075613481445053185e+04 9.951018328592106110e-01
6.075613507451122859e+04 1.011505346233915636e+00
6.075613533457193989e+04 1.003764676141966072e+00
6.075613559463265119e+04 9.868530493193685693e-01
6.075613585469334794e+04 1.014791181030104905e+00
6.075613611475405924e+04 9.888039487220646739e-01
6.075613637481477053e+04 1.013228542420267830e+00
6.075613663487548183e+04 1.004064625748578576e+00
6.075613689493618585e+04 1.001474664633916101e+00
6.075613715499688988e+04 9.806741322923185900e-01
6.075613741505760117e+04 1.005265064166092071e+00
6.075613767511830520e+04 9.966552635117025272e-01
6.075613793517901649e+04 1.009376383520320664e+00
6.075613819523972779e+04 9.668701749457075945e-01
6.075613845530043181e+04 1.021658998133967211e+00
6.075613871536113584e+04 9.984362798162269570e-01
6.075613897542184714e+04 1.020950733368727770e+00
6.075613923548255116e+04 9.833115716684223129e-01
6.075613949554325518e+04 1.025723680167959007e+00
6.075613975560396648e+04 9.802118847637892873e-01
6.075614001566467778e+04 1.022344696962897315e+00
6.075614027572538907e+04 9.958559477287306505e-01
6.075614053578608582e+04 1.033298869209854143e+00
6.075614079584679712e+04 9.840049383910212111e-01
6.075614105590750842e+04 9.949924962418681407e-01
6.075614131596821244e+04 9.978017163963402991e-01
6.075614157602892374e+04 9.717698521613542528e-01
6.075614183608962776e+04 1.001729858702775200e+00
6.075614209615033906e+04 1.022245539782194790e+00
6.075614235621104308e+04 9.806872604853699160e-01
6.075614261627174710e+04 1.010463630055253859e+00
6.075614287633246568e+04 9.843618891078531608e-01
6.075614313639316970e+04 9.490142200454700916e-01
6.075614339645387372e+04 9.733259196308075012e-01
6.075614365651458502e+04 1.023659017252185999e+00
6.075614391657528904e+04 1.011098458951925405e+00
6.075614417663600034e+04 9.809429441662501636e-01
6.075614443669670436e+04 1.002713285265578014e+00
6.075614469675741566e+04 1.016860942637196397e+00
6.075614495681812696e+04 9.718308585637979169e-01
6.075614521687882370e+04 9.767738119573928790e-01
6.075614547693953500e+04 9.908205621334434943e-01
6.075614573700024630e+04 9.767088868475428676e-01
6.075614599706095760e+04 9.846374194594262885e-01
6.075614625712166162e+04 9.719082449009928126e-01
6.075614651718236564e+04 9.973061896425223782e-01
6.075614677724307694e+04 9.679297225609545530e-01
6.075614703730378824e+04 1.031775153507404896e+00
6.075614729736448498e+04 9.959112419453162168e-01
6.075614755742519628e+04 9.930866990002362726e-01
6.075614781748590758e+04 9.881861686026403024e-01
6.075614807754661888e+04 9.945727979128118346e-01
6.075614833760732290e+04 1.014100778092941635e+00
6.075614859766802692e+04 9.962797567013861322e-01
6.075614885772873822e+04 9.868392385318268678e-01
6.075614911778944952e+04 1.016084482580220438e+00
