6.075547523418369383e+04 1.009230668737744363e+00
6.075547549424438330e+04 9.275511679094761153e-01
6.075547575430508005e+04 9.841086753150832811e-01
6.075547601436576224e+04 9.519596096301942145e-01
6.075547627442645899e+04 1.003379121469510027e+00
6.075547653448714846e+04 1.007887403948257932e+00
6.075547679454784520e+04 9.314379683936456766e-01
6.075547705460853467e+04 9.788436317937874165e-01
6.075547731466922414e+04 9.802965833466629197e-01
6.075547757472991361e+04 9.351128365843025536e-01
6.075547783479061036e+04 9.961258998606589143e-01
6.075547809485129255e+04 1.011635615152486789e+00
6.075547835491198930e+04 9.520392383456813823e-01
6.075547861497267877e+04 9.930080407139010301e-01
6.075547887503337552e+04 1.007698879719583607e+00
6.075547913509406499e+04 9.094292481141641460e-01
6.075547939515475446e+04 1.056455480384525414e+00
6.075547965521544393e+04 1.058465768210896663e+00
6.075547991527614067e+04 9.745698849200252756e-01
6.075548017533683014e+04 9.698202941242818342e-01
6.075548043539752689e+04 1.002181606664879432e+00
6.075548069545820908e+04 9.357210061539269486e-01
6.075548095551890583e+04 9.628725288340894695e-01
6.075548121557959530e+04 9.639773453489787203e-01
6.075548147564028477e+04 9.937500606843545636e-01
6.075548173570098152e+04 1.004598679469699052e+00
6.075548199576167099e+04 1.019095871810193898e+00
6.075548225582236773e+04 9.455352417195656001e-01
6.075548251588305720e+04 9.988977417800799508e-01
6.075548277594374667e+04 9.951504408509939115e-01
6.075548303600443614e+04 9.685242860037810431e-01
6.075548329606513289e+04 1.009652132931393220e+00
6.075548355612582236e+04 9.978582051016916532e-01
6.075548381618651911e+04 9.356248971735816600e-01
6.075548407624720130e+04 9.725079354236146889e-01
6.075548433630789805e+04 1.003972134886567780e+00
6.075548459636858752e+04 1.021323597437030717e+00
6.075548485642928426e+04 9.553210298981352766e-01
6.075548511648997373e+04 9.821261764444272346e-01
6.075548537655066320e+04 1.024162524069845537e+00
6.075548563661135267e+04 1.008419354114080679e+00
6.075548589667204942e+04 1.054176097714851323e+00
6.075548615673273162e+04 9.706057107828207631e-01
6.075548641679342836e+04 1.029083161607123653e+00
6.075548667685411783e+04 9.936396202149346824e-01
6.075548693691481458e+04 9.460275296079821983e-01
6.075548719697551132e+04 9.881847219900039558e-01
6.075548745703619352e+04 1.046880864679033740e+00
6.075548771709689026e+04 9.682490732427823099e-01
6.075548797715757973e+04 1.007208209248044772e+00
6.075548823721827648e+04 1.007683262419182491e+00
6.075548849727896595e+04 9.908409731021005085e-01
6.075548875733965542e+04 1.014846648997184575e+00
6.075548901740034489e+04 9.920604109269680615e-01
6.075548927746104164e+04 9.433794920482283519e-01
6.075548953752172383e+04 9.369067084485500629e-01
6.075548979758242058e+04 9.485966904241045494e-01
6.075549005764311732e+04 9.441887625794275207e-01
6.075549031770380680e+04 1.014307874764276418e+00
6.075549057776450354e+04 9.484036527932540039e-01
6.075549083782518574e+04 1.024195862141063396e+00
6.075549109788588248e+04 1.014868896770202644e+00
6.075549135794657195e+04 9.584678412281716353e-01
6.075549161800726870e+04 9.977223057297371911e-01
6.075549187806795817e+04 9.831097740199852275e-01
6.075549213812864764e+04 1.061365656972339089e+00
6.075549239818933711e+04 9.773662789021174691e-01
6.075549265825003386e+04 9.563674303702497381e-01
6.075549291831072333e+04 1.055296166046146622e+00
6.075549317837142007e+04 1.044010807991851086e+00
6.075549343843210954e+04 1.003979277829281092e+00
6.075549369849279901e+04 1.015231362391008085e+00
6.075549395855349576e+04 1.032106741061425526e+00
6.075549421861417795e+04 9.569299053864309679e-01
6.075549447867487470e+04 9.546804563362137896e-01
6.075549473873556417e+04 9.852663099188986306e-01
6.075549499879626092e+04 9.656675309841492583e-01
6.075549525885695766e+04 1.013725491144444657e+00
6.075549551891763986e+04 1.039422070436255341e+00
6.075549577897833660e+04 1.026761269374758534e+00
6.075549603903902607e+04 9.321105791353638814e-01
6.075549629909972282e+04 9.630454927264289200e-01
6.075549655916041229e+04 9.970622908351192137e-01
6.075549681922110176e+04 9.725656696062005002e-01
6.075549707928179851e+04 9.477468736267368188e-01
6.075549733934248798e+04 1.031112558454894801e+00
6.075549759940317745e+04 9.829192724868693887e-01
6.075549785946386692e+04 9.223574882607109560e-01
6.075549811952456366e+04 9.945101858136611295e-01
6.075549837958525313e+04 1.021262614345611830e+00
6.075549863964594988e+04 9.717768539148546880e-01
6.075549889970663935e+04 1.016068920078332827e+00
6.075549915976732882e+04 9.605302408092747379e-01
6.075549941982802557e+04 9.904959494314707902e-01
6.075549967988871504e+04 9.625946924639628977e-01
6.075549993994941178e+04 9.674126987244389131e-01
6.075550020001009398e+04 1.032796057504736131e+00
6.075550046007079072e+04 1.040204519940046923e+00
6.075550072013148747e+04 9.585895293516275562e-01
6.075550098019216966e+04 1.003981840329841502e+00
6.075550124025286641e+04 9.482856096295491088e-01
6.075550150031355588e+04 9.264033591947887780e-01
6.075550176037425263e+04 9.699638165942453538e-01
6.075550202043494210e+04 1.029671918019636756e+00
6.075550228049563157e+04 1.001138870650031265e+00
6.075550254055632831e+04 1.006308754985270504e+00
6.075550280061701778e+04 9.974859346444407970e-01
6.075550306067771453e+04 9.653167078268677370e-01
6.075550332073840400e+04 1.024492839405733990e+00
6.075550358079909347e+04 9.308039772862659600e-01
6.075550513883041276e+04 1.013837112314162736e+00
6.075550539889110951e+04 9.669502839361033830e-01
6.075550565895179898e+04 1.016068870043327355e+00
6.075550591901248845e+04 9.934883502779411346e-01
6.075550617907318519e+04 9.652680917502700630e-01
6.075550643913387466e+04 9.320806755230469642e-01
6.075550669919457141e+04 9.385528344700537762e-01
6.075550695925526088e+04 8.904833596098946646e-01
6.075550721931595035e+04 9.894178442889206559e-01
6.075550747937664710e+04 9.334115733263780301e-01
6.075550773943733657e+04 9.849102440675572279e-01
6.075550799949803331e+04 9.492298152720330950e-01
6.075550825955872278e+04 9.513755267487790102e-01
6.075550851961941225e+04 9.261860220588545856e-01
6.075550877968010900e+04 1.051279866968570564e+00
6.075550903974079847e+04 9.313655324666840762e-01
6.075550929980148794e+04 9.892455972252368612e-01
6.075550955986217741e+04 9.807484585131774901e-01
6.075550981992287416e+04 1.045488316775278648e+00
6.075551007998357090e+04 9.790189439699447105e-01
6.075551034004426037e+04 1.005057454604749934e+00
6.075551060010494984e+04 1.015760204359831720e+00
6.075551086016564659e+04 9.940017994009688884e-01
6.075551112022633606e+04 1.009886351436378504e+00
6.075551138028703281e+04 1.015243380666791762e+00
6.075551164034772228e+04 1.016908012216465762e+00
6.075551190040841175e+04 1.025634867415004869e+00
6.075551216046910849e+04 1.009720114639478972e+00
6.075551242052979796e+04 1.013157060364763051e+00
6.075551268059049471e+04 9.401204139509853341e-01
6.075551294065118418e+04 9.733098247426454908e-01
6.075551320071187365e+04 1.029694183179295619e+00
6.075551346077257040e+04 1.032457854333599601e+00
6.075551372083325987e+04 1.017758120712384473e+00
6.075551398089394934e+04 1.078295072331193261e+00
6.075551424095464608e+04 9.846346231419829120e-01
6.075551450101533555e+04 9.619705597684227172e-01
6.075551476107603230e+04 1.029062315034291020e+00
6.075551502113672177e+04 9.651485399963837253e-01
6.075551528119741124e+04 1.002271884504139399e+00
6.075551554125810799e+04 9.708004566139772917e-01
6.075551580131879746e+04 9.969006648428350159e-01
6.075551606137949420e+04 1.003491422793551635e+00
6.075551632144019095e+04 1.034295275396703406e+00
6.075551658150087314e+04 1.002185866738861675e+00
6.075551684156156989e+04 1.046705080221643769e+00
6.075551710162226664e+04 9.895293163667124858e-01
6.075551736168294883e+04 9.586352889683698031e-01
6.075551762174364558e+04 9.909114654037078918e-01
6.075551788180433505e+04 9.373952178705824423e-01
6.075551814186503179e+04 9.828812057574723982e-01
6.075551840192572854e+04 9.869163100459766857e-01
6.075551866198641073e+04 1.014634463411927312e+00
6.075551892204710748e+04 1.014796748889614575e+00
6.075551918210780423e+04 9.608698918354612317e-01
6.075551944216849370e+04 1.010189170651208945e+00
6.075551970222919044e+04 9.796311829510216951e-01
6.075551996228987991e+04 9.811249336733416371e-01
6.075552022235056938e+04 9.719249473586553112e-01
6.075552048241126613e+04 9.740353877805499883e-01
6.075552074247194832e+04 9.936698615966077508e-01
6.075552100253265235e+04 9.793532587802424860e-01
6.075552126259334182e+04 9.695787360224721319e-01
6.075552152265403129e+04 9.425032193366275068e-01
6.075552178271472803e+04 9.372591380786111648e-01
6.075552204277541750e+04 9.961774737709923055e-01
6.075552230283610697e+04 9.836202861616901716e-01
6.075552256289680372e+04 9.825118737176901096e-01
6.075552282295750047e+04 9.919729018188931935e-01
6.075552308301818994e+04 9.984349754051666803e-01
6.075552334307887941e+04 9.635008896671409806e-01
6.075552360313957615e+04 1.001696414019089598e+00
6.075552386320026562e+04 9.427015117447927750e-01
6.075552412326096237e+04 9.322435532773671873e-01
6.075552438332165912e+04 9.789952411739154536e-01
6.075552464338234131e+04 8.986598092940097926e-01
6.075552490344303806e+04 1.008396283209799238e+00
6.075552516350373480e+04 9.783869304246638476e-01
6.075552542356441700e+04 9.758631678911708907e-01
6.075552568362511374e+04 1.015999036123469201e+00
6.075552594368581049e+04 9.238697846022430049e-01
6.075552620374649996e+04 9.624071492367334280e-01
6.075552646380719671e+04 9.503994053378094220e-01
6.075552672386788618e+04 1.017624880351372108e+00
6.075552698392857565e+04 9.739192604260169528e-01
6.075552724398927239e+04 1.060357799027221271e+00
6.075552750404996914e+04 9.265878719741387215e-01
6.075552776411065861e+04 1.008861491057159609e+00
6.075552802417134808e+04 9.882862702349708428e-01
6.075552828423204483e+04 1.014658887222891659e+00
6.075552854429273430e+04 9.074088986921259314e-01
6.075552880435342377e+04 9.716616050009385663e-01
6.075552906441412051e+04 9.965421706341394126e-01
6.075552932447480998e+04 1.014967798471492655e+00
6.075552958453550673e+04 9.777013221808897869e-01
6.075552984459620347e+04 9.991633245773725580e-01
6.075553010465688567e+04 9.929402541961853679e-01
6.075553036471758242e+04 1.001383624266340755e+00
6.075553062477827916e+04 9.706322325309083565e-01
6.075553088483896863e+04 1.018709745638869402e+00
6.075553114489966538e+04 9.868795693108352030e-01
6.075553140496035485e+04 9.583275113246884080e-01
6.075553166502104432e+04 9.634067236902407183e-01
6.075553192508174106e+04 9.641390580596569393e-01
6.075553218514243054e+04 9.748088957402349930e-01
6.075553244520312728e+04 9.735341893291383775e-01
6.075553270526381675e+04 1.047739161266466823e+00
6.075553296532451350e+04 9.455530224845645204e-01
6.075553322538520297e+04 9.579855099370939708e-01
6.075553348544589244e+04 9.735626568852154827e-01
6.075553503087646095e+04 9.753905159049587326e-01
6.075553529093715770e+04 1.001293640051116984e+00
6.075553555099784717e+04 9.673725955968941470e-01
6.075553581105853664e+04 9.692499035387115436e-01
6.075553607111923338e+04 1.049258901514112052e+00
6.075553633117992285e+04 9.800519403079145375e-01
6.075553659124061960e+04 1.008294743043430142e+00
6.075553685130131635e+04 9.645518858668783446e-01
6.075553711136199854e+04 9.765704546906383010e-01
6.075553737142269529e+04 1.004788654606411535e+00
6.075553763148339203e+04 9.953163901072955566e-01
6.075553789154408878e+04 9.767495042098423008e-01
6.075553815160477825e+04 9.515514969950510382e-01
6.075553841166546772e+04 9.610689109825742982e-01
6.075553867172616447e+04 9.461715344448099474e-01
6.075553893178685394e+04 9.959208754245855166e-01
6.075553919184754341e+04 9.708838305419030812e-01
6.075553945190824015e+04 9.660135913780056871e-01
6.075553971196892962e+04 9.654335624681645855e-01
6.075553997202962637e+04 1.071844730823299452e+00
6.075554023209032312e+04 9.745581884051909283e-01
6.075554049215101259e+04 1.001026679966477539e+00
6.075554075221170206e+04 1.038583561758939622e+00
6.075554101227239880e+04 9.837096596696414119e-01
6.075554127233309555e+04 9.960541543645318185e-01
6.075554153239378502e+04 9.845881187662565148e-01
6.075554179245447449e+04 1.054686925983348678e+00
6.075554205251517124e+04 9.814853837007095905e-01
6.075554231257586798e+04 1.058389644757464776e+00
6.075554257263655018e+04 1.057332069769679972e+00
6.075554283269725420e+04 1.039562161478587710e+00
6.075554309275794367e+04 1.009683608549218459e+00
6.075554335281863314e+04 1.048793465691955751e+00
6.075554361287932988e+04 9.832872607500450224e-01
6.075554387294001936e+04 1.035489448623864606e+00
6.075554413300071610e+04 1.044885067979286930e+00
6.075554439306140557e+04 9.641403920460676069e-01
6.075554465312210232e+04 1.062736050249770470e+00
6.075554491318279906e+04 9.839867161547986019e-01
6.075554517324348853e+04 9.906375624343783937e-01
6.075554543330417800e+04 1.003039963356387121e+00
6.075554569336487475e+04 1.016555974931572903e+00
6.075554595342557150e+04 1.055529368295132331e+00
6.075554621348626097e+04 1.021602649755531056e+00
6.075554647354695044e+04 1.023118090525478419e+00
6.075554673360764718e+04 1.002478231227088568e+00
6.075554699366834393e+04 1.010042930052382548e+00
6.075554725372902612e+04 1.017979336483053610e+00
6.075554751378972287e+04 1.033830231841208702e+00
6.075554777385041962e+04 1.019119642385866831e+00
6.075554803391111636e+04 1.040860330995390770e+00
6.075554829397180583e+04 9.722593621472676029e-01
6.075554855403249530e+04 1.044684406594941661e+00
6.075554881409319205e+04 1.026771196541311104e+00
6.075554907415388152e+04 9.725793584233586309e-01
6.075554933421457827e+04 1.007301891656020798e+00
6.075554959427527501e+04 1.010493194639282111e+00
6.075554985433596448e+04 1.042630051758248522e+00
6.075555011439665395e+04 1.044149814511827312e+00
6.075555037445735070e+04 9.945813299125464413e-01
6.075555063451804017e+04 9.810899287543839442e-01
6.075555089457873692e+04 1.028468709339060982e+00
6.075555115463942639e+04 1.030571540574269696e+00
6.075555141470012313e+04 1.007424829425361379e+00
6.075555167476081988e+04 1.032580008276008821e+00
6.075555193482150935e+04 1.015238045588164217e+00
6.075555219488219882e+04 1.002999666173827631e+00
6.075555245494289557e+04 9.960674312515801487e-01
6.075555271500359231e+04 1.028717558562411760e+00
6.075555297506428906e+04 1.007399790370674397e+00
6.075555323512497125e+04 1.008982792459005573e+00
6.075555349518566800e+04 1.036403646082370900e+00
6.075555375524636474e+04 1.066624019318139549e+00
6.075555401530705421e+04 1.055932858844609745e+00
6.075555427536775096e+04 1.038561894368815075e+00
6.075555453542844043e+04 9.517672285003180299e-01
6.075555479548913718e+04 1.005080728574024862e+00
6.075555505554983392e+04 1.005365673496543488e+00
6.075555531561051612e+04 9.761788803811246584e-01
6.075555557567121286e+04 1.017155330267280000e+00
6.075555583573190961e+04 9.805978295884918428e-01
6.075555609579260636e+04 1.029608065793770955e+00
6.075555635585329583e+04 1.095063919935556518e+00
6.075555661591398530e+04 1.059917745721822069e+00
6.075555687597468204e+04 1.075151237311607888e+00
6.075555713603537879e+04 1.016610311679461809e+00
6.075555739609607554e+04 1.071208644400001297e+00
6.075555765615676501e+04 1.017900586852761746e+00
6.075555791621745448e+04 1.082009116505044943e+00
6.075555817627815122e+04 9.775567262248496814e-01
6.075555843633884797e+04 1.000626760234316404e+00
6.075555869639953016e+04 1.021579268691950704e+00
6.075555895646022691e+04 1.015189158483024823e+00
6.075555921652092366e+04 1.059984459794717004e+00
6.075555947658162040e+04 1.064030022724737012e+00
6.075555973664230987e+04 9.878476804638042230e-01
6.075555999670299934e+04 1.006273960059426820e+00
6.075556025676369609e+04 1.009881619170744038e+00
6.075556051682439283e+04 9.833152939693372563e-01
6.075556077688508958e+04 1.034062325747900690e+00
6.075556103694577905e+04 9.985115775203893262e-01
6.075556129700646852e+04 1.009076827611518734e+00
6.075556155706716527e+04 1.043994401700696351e+00
6.075556181712786201e+04 9.798041563018478062e-01
6.075556207718854421e+04 1.036574048119581759e+00
6.075556233724924095e+04 1.014124048818122237e+00
6.075556259730993770e+04 1.015987072151429249e+00
6.075556285737063445e+04 1.002935385069782193e+00
6.075556311743133119e+04 1.039558634436857032e+00
6.075556337749201339e+04 9.952881944301481543e-01
6.075556504896522529e+04 9.864035256171063137e-01
6.075556530902591476e+04 1.041833588377293340e+00
6.075556556908661150e+04 1.023744719181412188e+00
6.075556582914730097e+04 1.023199769199110598e+00
6.075556608920799772e+04 1.021207718757280114e+00
6.075556634926869447e+04 9.465548679076786209e-01
6.075556660932938394e+04 9.868575827622863006e-01
6.075556686939008068e+04 9.768062562016154304e-01
6.075556712945077015e+04 1.034835939206529387e+00
6.075556738951146690e+04 1.063353980487284911e+00
6.075556764957216365e+04 1.001179920190919059e+00
6.075556790963285312e+04 1.008685873035850999e+00
6.075556816969354986e+04 9.986797192224682318e-01
6.075556842975423933e+04 9.767550377555235253e-01
6.075556868981492880e+04 1.020705970821100150e+00
6.075556894987563282e+04 9.427201463775644052e-01
6.075556920993632230e+04 1.023013092388521450e+00
6.075556946999701904e+04 1.020587446580514257e+00
6.075556973005770851e+04 9.913708825955966919e-01
6.075556999011839798e+04 1.052294605110510428e+00
6.075557025017909473e+04 1.061267684516151277e+00
6.075557051023979147e+04 1.043213090252546271e+00
6.075557077030048822e+04 1.007203618753923724e+00
6.075557103036117769e+04 9.940126876340991124e-01
6.075557129042186716e+04 9.964156992532701151e-01
6.075557155048256391e+04 1.010305079603923684e+00
6.075557181054326065e+04 1.000708393504705862e+00
6.075557207060395740e+04 1.053303364144893672e+00
6.075557233066464687e+04 1.008476442123592998e+00
6.075557259072533634e+04 1.008538278556569079e+00
6.075557285078603309e+04 1.031146879209634104e+00
6.075557311084672983e+04 9.637983650899453192e-01
6.075557337090741930e+04 1.000404688284612487e+00
6.075557363096811605e+04 1.003942856153784202e+00
6.075557389102880552e+04 1.014373661442034225e+00
6.075557415108950227e+04 1.060555705891455203e+00
6.075557441115019901e+04 1.035747763101805496e+00
6.075557467121088848e+04 1.041945452676527717e+00
6.075557493127158523e+04 1.019952801628905448e+00
6.075557519133227470e+04 1.010732172888018976e+00
6.075557545139297144e+04 9.474778949079308843e-01
6.075557571145366819e+04 1.038216592083051282e+00
6.075557597151435766e+04 1.071684967496097318e+00
6.075557623157505441e+04 1.041657888721941871e+00
6.075557649163575115e+04 1.030721155115985388e+00
6.075557675169643335e+04 1.016050620821166373e+00
6.075557701175713009e+04 1.068453210594176417e+00
6.075557727181782684e+04 9.459918921680124937e-01
6.075557753187852359e+04 9.897556302967259745e-01
6.075557779193922033e+04 9.591958344050854901e-01
6.075557805199990980e+04 1.035943572359781184e+00
6.075557831206059927e+04 1.086004261155147477e+00
6.075557857212129602e+04 1.033592548096971431e+00
6.075557883218199277e+04 1.003271642252190565e+00
6.075557909224268951e+04 1.036260547253690767e+00
6.075557935230337898e+04 1.018718914011484289e+00
6.075557961236407573e+04 1.018358481301861351e+00
6.075557987242476520e+04 1.030897769970159583e+00
6.075558013248546195e+04 1.013451841511101792e+00
6.075558039254615869e+04 9.955397340023204311e-01
6.075558065260684816e+04 1.023159817267018212e+00
6.075558091266754491e+04 1.016510287409571722e+00
6.075558117272824165e+04 1.053711320873315760e+00
6.075558143278892385e+04 1.019066110304628570e+00
6.075558169284962059e+04 1.001856534377705721e+00
6.075558195291031734e+04 1.010583698822922871e+00
6.075558221297101409e+04 9.600125357856323927e-01
6.075558247303171083e+04 9.748508517748079027e-01
6.075558273309240030e+04 1.005963132467049492e+00
6.075558299315309705e+04 1.033972521706522762e+00
6.075558325321378652e+04 1.074973839203838599e+00
6.075558351327448327e+04 1.001317867879709445e+00
6.075558377333518001e+04 1.064736314742483536e+00
6.075558403339586948e+04 9.983451940947374315e-01
6.075558429345656623e+04 1.014381871921533840e+00
6.075558455351726298e+04 1.001769683604764039e+00
6.075558481357794517e+04 9.773078715179085441e-01
6.075558507363864192e+04 1.022802655247575299e+00
6.075558533369933866e+04 9.499965490413782021e-01
6.075558559376003541e+04 9.900112085309721310e-01
6.075558585382073215e+04 1.003319509222885708e+00
6.075558611388142162e+04 9.877187304360997011e-01
6.075558637394211837e+04 1.046662960113913909e+00
6.075558663400280784e+04 9.717607527359901631e-01
6.075558689406350459e+04 1.040107124744024558e+00
6.075558715412420133e+04 1.046372743159410756e+00
6.075558741418489080e+04 1.055767778565939397e+00
6.075558767424558755e+04 1.029714083028403060e+00
6.075558793430628430e+04 9.903921756411508959e-01
6.075558819436697377e+04 1.042480563119440928e+00
6.075558845442767051e+04 1.039426718056825960e+00
6.075558871448835998e+04 9.950175277299398990e-01
6.075558897454905673e+04 1.023199274208176135e+00
6.075558923460975348e+04 9.852623390194987785e-01
6.075558949467044295e+04 1.016725424129649946e+00
6.075558975473113969e+04 9.979941890146187822e-01
6.075559001479183644e+04 9.867667288231565248e-01
6.075559027485253318e+04 1.017244949261595144e+00
6.075559053491322265e+04 9.733538840907232093e-01
6.075559079497391212e+04 9.573665431517294211e-01
6.075559105503460887e+04 9.916274128117227304e-01
6.075559131509530562e+04 9.849566695741125422e-01
6.075559157515600236e+04 9.613549796147063953e-01
6.075559183521669911e+04 9.997740705148889795e-01
6.075559209527738858e+04 1.036730622099377497e+00
6.075559235533808533e+04 1.007995036747881379e+00
6.075559261539877480e+04 1.018000265511567193e+00
6.075559287545946427e+04 1.072773156484617463e+00
6.075559313552016101e+04 1.011710657502967070e+00
6.075559339558085776e+04 1.043663412715878591e+00
6.075559494101491873e+04 9.906950678840952262e-01
6.075559520107561548e+04 9.468192363580568705e-01
6.075559546113631222e+04 1.016891658268336718e+00
6.075559572119700897e+04 9.782353527884193323e-01
6.075559598125769844e+04 9.990526773915400227e-01
6.075559624131839519e+04 9.730435435984324810e-01
6.075559650137908466e+04 1.012424436183395837e+00
6.075559676143977413e+04 1.003300246467757395e+00
6.075559702150047087e+04 1.049392841496595397e+00
6.075559728156116762e+04 1.004830037098977336e+00
6.075559754162186437e+04 1.040884365215365426e+00
6.075559780168256111e+04 1.015136111903327087e+00
6.075559806174325058e+04 1.002005879376823616e+00
6.075559832180394733e+04 1.056688829256782203e+00
6.075559858186464407e+04 1.009496961935310466e+00
6.075559884192533355e+04 9.896098140230933371e-01
6.075559910198603029e+04 1.019678301890716288e+00
6.075559936204671976e+04 9.839389505868985086e-01
6.075559962210741651e+04 1.027024371792170765e+00
6.075559988216811325e+04 9.878828976144190532e-01
6.075560014222880272e+04 9.980945206383922130e-01
6.075560040228950675e+04 1.021725514304604232e+00
6.075560066235019622e+04 1.021548864540527957e+00
6.075560092241089296e+04 1.006208733193662885e+00
6.075560118247158971e+04 1.029124335722330308e+00
6.075560144253227918e+04 1.010387604270958972e+00
6.075560170259296865e+04 1.003051673407618472e+00
6.075560196265366540e+04 1.013898298897835115e+00
6.075560222271436214e+04 1.024506408016076842e+00
6.075560248277505889e+04 9.478305100875624722e-01
6.075560274283574836e+04 1.043158653917476197e+00
6.075560300289644510e+04 1.002971087633912628e+00
6.075560326295714185e+04 1.001104232568689634e+00
6.075560352301783860e+04 1.022171359050284334e+00
6.075560378307853534e+04 1.060630809043227485e+00
6.075560404313922481e+04 1.000359526532949239e+00
6.075560430319992156e+04 1.061708952855778376e+00
6.075560456326061831e+04 9.665748693304807571e-01
6.075560482332130050e+04 1.006819617054008020e+00
6.075560508338199725e+04 1.025350031741227186e+00
6.075560534344269399e+04 1.019881801979198643e+00
6.075560560350339074e+04 1.021436369056741178e+00
6.075560586356408749e+04 1.033309240723109257e+00
6.075560612362477696e+04 1.012615107222979205e+00
6.075560638368547370e+04 1.030302055985443221e+00
6.075560664374617045e+04 1.052941674911887171e+00
6.075560690380686719e+04 1.013832849613581111e+00
6.075560716386756394e+04 1.006704789186969817e+00
6.075560742392825341e+04 1.029743325545779964e+00
6.075560768398895016e+04 9.570737527485150276e-01
6.075560794404964690e+04 9.947751588617668173e-01
6.075560820411032910e+04 9.526039180475357471e-01
6.075560846417102584e+04 1.043362448694523881e+00
6.075560872423172259e+04 9.954887828695230256e-01
6.075560898429241934e+04 1.024724501726156589e+00
6.075560924435311608e+04 1.026504840769682181e+00
6.075560950441380555e+04 1.061897617796065063e+00
6.075560976447450230e+04 9.846863527113272063e-01
6.075561002453519905e+04 1.026084487270257029e+00
6.075561028459589579e+04 9.753141178644878506e-01
6.075561054465659254e+04 1.037748679032494570e+00
6.075561080471728201e+04 1.021142848603963538e+00
6.075561106477797875e+04 1.002175684210888651e+00
6.075561132483867550e+04 1.020618664395745112e+00
6.075561158489937225e+04 1.002476402732137117e+00
6.075561184496006899e+04 1.076661721160076413e+00
6.075561210502075846e+04 1.000517176314600576e+00
6.075561236508144793e+04 1.025142722324579925e+00
6.075561262514214468e+04 1.062764572610495728e+00
6.075561288520283415e+04 1.055233284383890968e+00
6.075561314526353090e+04 1.023290685862479510e+00
6.075561340532422764e+04 1.018247864174495421e+00
6.075561366538492439e+04 1.002399422729813416e+00
6.075561392544562113e+04 1.003911382529115937e+00
6.075561418550631060e+04 1.015963299196946057e+00
6.075561444556700735e+04 1.040044023730496869e+00
6.075561470562770410e+04 9.935684318017092842e-01
6.075561496568840084e+04 1.008207725759161733e+00
6.075561522574909759e+04 1.006642428082842544e+00
6.075561548580978706e+04 1.012028051717267729e+00
6.075561574587048381e+04 1.034504288846224362e+00
6.075561600593118055e+04 1.048112911694767613e+00
6.075561626599187002e+04 1.019482693105096649e+00
6.075561652605256677e+04 9.864588793993701588e-01
6.075561678611326352e+04 1.044754106347281608e+00
6.075561704617396026e+04 1.008772668104668258e+00
6.075561730623465701e+04 9.778047269219165560e-01
6.075561756629534648e+04 9.484699739532103102e-01
6.075561782635604322e+04 1.037821827342343184e+00
6.075561808641673269e+04 9.938033577595265511e-01
6.075561834647742944e+04 1.037771942030748518e+00
6.075561860653812619e+04 1.014743238969988637e+00
6.075561886659881566e+04 1.054370745326143055e+00
6.075561912665951240e+04 1.022233531206355073e+00
6.075561938672020915e+04 1.067861391242532543e+00
6.075561964678089862e+04 1.003365831589976942e+00
6.075561990684160264e+04 1.082221523590196188e+00
6.075562016690229211e+04 1.036809180718364587e+00
6.075562042696298886e+04 9.893148920849514916e-01
6.075562068702368560e+04 9.829784476883486333e-01
6.075562094708437508e+04 1.048607331575472923e+00
6.075562120714507182e+04 1.071861688511509536e+00
6.075562146720576857e+04 9.756642352646339722e-01
6.075562172726646531e+04 9.935267109140074604e-01
6.075562198732716206e+04 9.951405234972139358e-01
6.075562224738785153e+04 1.032475887419388449e+00
6.075562250744854828e+04 9.665130512829582798e-01
6.075562276750924502e+04 1.028081100860481101e+00
6.075562302756994177e+04 1.005976656557479920e+00
6.075562328763063852e+04 1.032304727844232328e+00
6.075562490904599690e+04 9.747432178053866414e-01
6.075562516909990518e+04 1.031278467015352751e+00
6.075562542915379890e+04 1.012417996848071322e+00
6.075562568920769263e+04 1.071639346362943224e+00
6.075562594926160091e+04 1.035915873689220446e+00
6.075562620931549463e+04 1.051916871878385784e+00
6.075562646936939564e+04 1.031857220714067491e+00
6.075562672942329664e+04 1.019511200618068214e+00
6.075562698947719036e+04 1.022029145162447028e+00
6.075562724953109864e+04 1.079873909011772160e+00
6.075562750958499237e+04 1.043936541845187138e+00
6.075562776963889337e+04 1.019031731135057628e+00
6.075562802969280165e+04 1.010217981985276792e+00
6.075562828974669537e+04 9.976002263157858208e-01
6.075562854980059637e+04 9.994158490208906453e-01
6.075562880985449738e+04 9.924543574811018898e-01
6.075562906990839110e+04 1.003700498496977067e+00
6.075562932996229938e+04 9.994895447051694859e-01
6.075562959001619311e+04 1.040454032938823437e+00
6.075562985007009411e+04 1.047701756851707300e+00
6.075563011012399511e+04 1.014791820005734424e+00
6.075563037017788884e+04 9.938938550616600587e-01
6.075563063023179711e+04 1.017497573716923176e+00
6.075563089028569084e+04 9.870946998955828500e-01
6.075563115033958456e+04 1.021027157498633153e+00
6.075563141039349284e+04 9.779545358431163127e-01
6.075563167044738657e+04 1.028682536517329105e+00
6.075563193050128757e+04 9.761262723638230998e-01
6.075563219055518857e+04 1.033477683508076561e+00
6.075563245060908230e+04 1.043005031589124165e+00
6.075563271066299058e+04 1.011885539850099880e+00
6.075563297071688430e+04 1.074297145229184292e+00
6.075563323077078530e+04 9.791058214070661458e-01
6.075563349082468631e+04 1.024432203502694039e+00
6.075563375087858003e+04 1.027657759701212870e+00
6.075563401093248831e+04 1.058524241438244529e+00
6.075563427098638203e+04 9.646394576883532412e-01
6.075563453104027576e+04 1.027840750890733457e+00
6.075563479109418404e+04 1.041647241722560846e+00
6.075563505114807776e+04 1.047450026051214067e+00
6.075563531120197877e+04 9.913911940036971293e-01
6.075563557125588704e+04 9.916640434574817142e-01
6.075563583130978077e+04 9.990743488511223402e-01
6.075563609136368905e+04 1.040857441516416237e+00
6.075563635141758277e+04 9.991302867253563091e-01
6.075563661147148377e+04 9.802421178692543036e-01
6.075563687152538478e+04 9.951312058317921538e-01
6.075563713157927850e+04 9.811334691876206771e-01
6.075563739163318678e+04 9.778245326331150844e-01
6.075563765168708051e+04 1.015926722585758224e+00
6.075563791174097423e+04 9.935410089483004414e-01
6.075563817179488251e+04 1.012050200695701951e+00
6.075563843184877624e+04 1.024032693230514823e+00
6.075563869190267724e+04 1.011118995443889723e+00
6.075563895195657824e+04 1.044575867625783472e+00
6.075563921201047197e+04 1.020473601711438860e+00
6.075563947206438024e+04 9.875984516878638653e-01
6.075563973211827397e+04 1.031122874520125521e+00
6.075563999217217497e+04 1.021621682273850418e+00
6.075564025222608325e+04 1.017698798476634137e+00
6.075564051227997697e+04 9.959367152548088686e-01
6.075564077233388525e+04 1.034070726686753705e+00
6.075564103238777898e+04 1.009882876675526342e+00
6.075564129244167270e+04 1.023278668704403538e+00
6.075564155249558098e+04 1.026217707388246581e+00
6.075564181254947471e+04 9.959177164545710559e-01
6.075564207260337571e+04 1.043748643294832634e+00
6.075564233265727671e+04 9.833126781625645130e-01
6.075564259271117044e+04 1.064876617288916805e+00
6.075564285276507871e+04 1.057727991490075903e+00
6.075564311281897244e+04 1.004303189822332909e+00
6.075564337287286617e+04 1.000580646721086264e+00
6.075564363292677444e+04 9.524439131795133795e-01
6.075564389298066817e+04 9.977140524561594059e-01
6.075564415303458372e+04 1.014469846030906286e+00
6.075564441308847745e+04 1.065062722247853255e+00
6.075564467314237118e+04 1.039783748510868522e+00
6.075564493319627945e+04 1.018972042864525696e+00
6.075564519325017318e+04 1.057284439799279330e+00
6.075564545330407418e+04 1.024095428058022117e+00
6.075564571335797518e+04 1.022072864193477981e+00
6.075564597341186891e+04 1.026116710810505150e+00
6.075564623346577719e+04 1.031523330033134345e+00
6.075564649351967091e+04 1.075910714493060860e+00
6.075564675357356464e+04 1.017435281997947527e+00
6.075564701362747292e+04 1.026979009459054737e+00
6.075564727368136664e+04 1.024543157191082798e+00
6.075564753373527492e+04 1.035890198205916768e+00
6.075564779378917592e+04 1.032960294280382163e+00
6.075564805384306965e+04 9.805479393514729969e-01
6.075564831389697792e+04 9.804674430981753508e-01
6.075564857395087165e+04 1.017504198895309964e+00
6.075564883400477265e+04 1.046179006247318188e+00
6.075564909405867365e+04 1.027782806040624219e+00
6.075564935411256738e+04 9.975989225921939596e-01
6.075564961416647566e+04 9.881512866569943654e-01
6.075564987422036938e+04 1.025886430831515428e+00
6.075565013427426311e+04 1.045807570244591922e+00
6.075565039432817866e+04 1.025048618325496541e+00
6.075565065438207239e+04 1.007621960711006848e+00
6.075565091443597339e+04 1.007397516829136475e+00
6.075565117448987439e+04 1.032512465495997178e+00
6.075565143454376812e+04 1.010058030976855870e+00
6.075565169459767640e+04 1.008402440339615680e+00
6.075565195465157012e+04 1.021504530205948225e+00
6.075565221470547112e+04 1.075122507943943484e+00
6.075565247475937213e+04 1.015725259493990507e+00
6.075565273481326585e+04 1.034796679471627900e+00
6.075565299486718141e+04 1.029522794564297739e+00
6.075565325492107513e+04 1.038117942783484349e+00
6.075565492676799477e+04 1.042846704169198668e+00
6.075565518682868424e+04 1.020827751003791528e+00
6.075565544688938098e+04 9.648997462779289602e-01
6.075565570695007773e+04 1.061190777586264566e+00
6.075565596701077448e+04 9.725653587715193948e-01
6.075565622707147122e+04 1.012745764141395943e+00
6.075565648713216069e+04 1.014141486665140368e+00
6.075565674719285744e+04 9.897825571712307591e-01
6.075565700725356146e+04 1.016150061001011684e+00
6.075565726731425821e+04 1.010673207850210975e+00
6.075565752737495495e+04 9.893400574363323541e-01
6.075565778743564442e+04 1.035440707336189536e+00
6.075565804749634117e+04 9.765797462819875152e-01
6.075565830755703792e+04 9.667910761689784138e-01
6.075565856761772739e+04 1.059268483613816869e+00
6.075565882767842413e+04 1.015791507908760050e+00
6.075565908773912088e+04 9.476110408918637651e-01
6.075565934779981762e+04 1.034253638558274346e+00
6.075565960786051437e+04 9.988720105205179944e-01
6.075565986792121112e+04 1.041468207043305005e+00
6.075566012798190786e+04 1.028414529407355227e+00
6.075566038804260461e+04 1.068671247513023559e+00
6.075566064810330136e+04 9.765885676081755840e-01
6.075566090816399810e+04 9.850348677844468215e-01
6.075566116822468757e+04 9.874342342555311181e-01
6.075566142828538432e+04 9.904214459491275102e-01
6.075566168834608106e+04 1.015251434385705531e+00
6.075566194840677781e+04 1.016569548093628761e+00
6.075566220846748183e+04 1.047287330452021159e+00
6.075566246852817130e+04 1.007674901835063697e+00
6.075566272858886805e+04 1.057201186713365493e+00
6.075566298864956480e+04 1.080276592815869741e+00
6.075566324871025427e+04 9.883965106155824243e-01
6.075566350877095101e+04 1.013094285785584470e+00
6.075566376883164776e+04 9.858732217043950641e-01
6.075566402889234450e+04 1.056888067925006114e+00
6.075566428895304125e+04 1.032727840628924865e+00
6.075566454901373800e+04 9.769800939741765111e-01
6.075566480907443474e+04 1.003534876708633838e+00
6.075566506913513149e+04 1.062423996036526930e+00
6.075566532919582824e+04 1.052877031741109137e+00
6.075566558925652498e+04 1.045552003549674813e+00
6.075566584931721445e+04 1.051815144713746042e+00
6.075566610937791120e+04 1.032057547524278807e+00
6.075566636943860794e+04 1.057954518846865755e+00
6.075566662949930469e+04 1.050108721323076866e+00
6.075566688956000144e+04 9.588269403943132652e-01
6.075566714962069818e+04 1.042053113814898513e+00
6.075566740968139493e+04 9.757400822424059372e-01
6.075566766974209168e+04 1.030687606703091008e+00
6.075566792980278115e+04 1.030905708781262087e+00
6.075566818986347789e+04 1.072648334535766912e+00
6.075566844992417464e+04 9.947915208536596277e-01
6.075566870998487866e+04 1.009142636943250793e+00
6.075566897004557541e+04 9.891194614284057884e-01
6.075566923010626488e+04 9.721290021517924318e-01
6.075566949016696162e+04 9.977678453807344860e-01
6.075566975022765837e+04 1.022435052706463621e+00
6.075567001028834784e+04 9.913301814614244867e-01
6.075567027034905186e+04 1.032959065193980397e+00
6.075567053040974133e+04 1.090417818722940524e+00
6.075567079047044535e+04 1.034393698027709085e+00
6.075567105053114210e+04 1.101027028807651353e+00
6.075567131059183157e+04 1.033352119579886264e+00
6.075567157065252832e+04 9.823856368050980503e-01
6.075567183071322506e+04 9.835220277112097786e-01
6.075567209077392181e+04 1.020508844176179597e+00
6.075567235083461856e+04 1.046145479985273852e+00
6.075567261089531530e+04 9.837578475974052550e-01
6.075567287095601205e+04 1.010865405418478469e+00
6.075567313101670879e+04 9.979872983980314638e-01
6.075567339107740554e+04 1.030751708992184268e+00
6.075567365113810229e+04 1.093948272004080957e+00
6.075567391119879176e+04 1.027586852902099945e+00
6.075567417125948850e+04 9.531717050267523028e-01
6.075567443132019253e+04 1.008745783621733727e+00
6.075567469138088200e+04 1.059584970079590738e+00
6.075567495144157874e+04 1.020156865385005274e+00
6.075567521150227549e+04 1.114645257507685505e+00
6.075567547156297223e+04 1.074154794253461276e+00
6.075567573162366898e+04 1.032157218918767771e+00
6.075567599168436573e+04 1.021045606079278523e+00
6.075567625174506247e+04 1.005024378563937670e+00
6.075567651180575922e+04 9.964498979785891830e-01
6.075567677186645597e+04 1.043469962461870626e+00
6.075567703192715271e+04 9.959569744731359142e-01
6.075567729198784218e+04 1.040631016484963700e+00
6.075567755204853893e+04 1.027962802941134512e+00
6.075567781210924295e+04 1.032374115343006826e+00
6.075567807216993242e+04 1.041415102294660944e+00
6.075567833223062917e+04 1.009948925351671134e+00
6.075567859229132591e+04 1.024152904732588576e+00
6.075567885235202266e+04 1.068027144425179209e+00
6.075567911241271941e+04 1.047562230696267083e+00
6.075567937247341615e+04 9.700090700018491052e-01
6.075567963253411290e+04 1.084662618519875776e+00
6.075567989259480964e+04 1.026584168716027534e+00
6.075568015265550639e+04 1.035382742448208271e+00
6.075568041271620314e+04 1.073223307208219124e+00
6.075568067277689261e+04 9.623646404575786351e-01
6.075568093283759663e+04 1.006191020033358585e+00
6.075568119289829338e+04 1.008193347751688895e+00
6.075568145295898285e+04 9.887535265823852448e-01
6.075568171301968687e+04 1.058351774183720950e+00
6.075568197308037634e+04 1.025621483883246254e+00
6.075568223314107308e+04 1.046164606614982118e+00
6.075568249320177711e+04 1.034848619791881585e+00
6.075568275326246658e+04 1.087712016990408648e+00
6.075568301332316332e+04 1.076154443389229387e+00
6.075568327338386007e+04 1.018171816868085777e+00
6.075568483179301256e+04 1.033616755182473534e+00
6.075568509184680443e+04 1.052084092087342881e+00
6.075568535190059629e+04 1.015714998363898891e+00
6.075568561195438815e+04 1.039246812979937262e+00
6.075568587200818729e+04 1.047506926146161144e+00
6.075568613206199370e+04 1.024419365566642925e+00
6.075568639211578557e+04 1.059075061745198498e+00
6.075568665216957743e+04 1.063249250306403937e+00
6.075568691222336929e+04 1.046639205232855918e+00
6.075568717227716115e+04 1.062709899803753189e+00
6.075568743233096029e+04 1.048319126685807401e+00
6.075568769238475215e+04 1.019883409481854519e+00
6.075568795243854402e+04 1.000557003003513135e+00
6.075568821249233588e+04 1.010120903647999446e+00
6.075568847254613502e+04 1.017440478101026002e+00
6.075568873259992688e+04 1.027011407263873854e+00
6.075568899265372602e+04 1.063244883315183964e+00
6.075568925270752516e+04 1.024691553633761520e+00
6.075568951276131702e+04 1.049234164321545260e+00
6.075568977281511616e+04 1.030376222533545327e+00
6.075569003286890802e+04 1.071074616907649490e+00
6.075569029292269988e+04 1.044038500164007788e+00
6.075569055297649174e+04 1.015199156701894090e+00
6.075569081303029088e+04 9.732632387471693569e-01
6.075569107308408275e+04 1.031340648904171209e+00
6.075569133313787461e+04 1.023638628456400745e+00
6.075569159319166647e+04 1.047021521477945027e+00
6.075569185324547288e+04 9.722966885055837061e-01
6.075569211329927202e+04 1.021916334322907405e+00
6.075569237335306389e+04 1.058819866172534763e+00
6.075569263340685575e+04 1.036438131766405535e+00
6.075569289346064761e+04 9.696130585114383083e-01
6.075569315351444675e+04 1.001125336548837286e+00
6.075569341356823861e+04 1.063189145309303418e+00
6.075569367362203047e+04 1.020040472047765823e+00
6.075569393367582234e+04 9.998257799292727954e-01
6.075569419372962147e+04 1.022764395788298586e+00
6.075569445378341334e+04 1.044180541383987526e+00
6.075569471383720520e+04 1.011128773778545265e+00
6.075569497389100434e+04 1.000247129828208514e+00
6.075569523394481075e+04 1.021476796765291795e+00
6.075569549399860261e+04 1.039409252278855833e+00
6.075569575405239448e+04 9.865224480861102263e-01
6.075569601410618634e+04 1.020807287926259077e+00
6.075569627415998548e+04 1.025415658664399210e+00
6.075569653421377734e+04 9.731554970800790905e-01
6.075569679426756920e+04 1.079577813343954862e+00
6.075569705432136107e+04 1.034250091194808263e+00
6.075569731437516020e+04 1.033834805992334127e+00
6.075569757442895207e+04 1.016252575714084116e+00
6.075569783448274393e+04 1.022575514715366340e+00
6.075569809453654307e+04 1.043104406462527889e+00
6.075569835459034948e+04 9.941391311722173052e-01
6.075569861464414134e+04 1.042934841275443558e+00
6.075569887469793321e+04 1.054712974429594885e+00
6.075569913475172507e+04 1.033614034893539868e+00
6.075569939480552421e+04 1.013165200569001945e+00
6.075569965485931607e+04 1.013816699286646861e+00
6.075569991491310793e+04 1.007754950153048945e+00
6.075570017496689979e+04 1.031732576425730130e+00
6.075570043502069893e+04 1.055744352507181683e+00
6.075570069507449080e+04 9.925103748259781478e-01
6.075570095512828993e+04 1.027753289780191093e+00
6.075570121518208907e+04 1.055865122782380761e+00
6.075570147523588821e+04 9.958790282098667346e-01
6.075570173528968007e+04 1.039974464927003961e+00
6.075570199534347194e+04 1.029371175143088291e+00
6.075570225539727107e+04 1.020299205584181523e+00
6.075570251545106294e+04 1.031133960264675631e+00
6.075570277550485480e+04 1.027495958919501851e+00
6.075570303555864666e+04 1.055994865816463291e+00
6.075570329561244580e+04 1.042001598197690893e+00
6.075570355566623766e+04 1.043726777742603362e+00
6.075570381572002952e+04 9.908105229534531766e-01
6.075570407577382866e+04 1.020005025012611588e+00
6.075570433582763508e+04 1.018953701496491338e+00
6.075570459588142694e+04 1.065595561340208608e+00
6.075570485593521880e+04 1.036709821400694231e+00
6.075570511598901066e+04 9.693954957259990346e-01
6.075570537604280980e+04 1.020607095649664453e+00
6.075570563609660167e+04 1.023749027407844681e+00
6.075570589615039353e+04 1.071737175208051340e+00
6.075570615620419267e+04 1.057681348178405756e+00
6.075570641625798453e+04 1.010838325798372184e+00
6.075570667631177639e+04 9.938339236751033701e-01
6.075570693636557553e+04 1.023790216057723468e+00
6.075570719641938194e+04 1.071250221512004996e+00
6.075570745647317381e+04 1.038719283180204567e+00
6.075570771652696567e+04 9.784968645019446187e-01
6.075570797658076481e+04 1.025226261519790905e+00
6.075570823663455667e+04 1.037752599831039069e+00
6.075570849668834853e+04 1.032840683677369586e+00
6.075570875674214039e+04 1.037051742988026382e+00
6.075570901679593953e+04 1.022256170813045539e+00
6.075570927684973140e+04 1.077716705595764379e+00
6.075570953690352326e+04 1.032484364211021077e+00
6.075570979695732240e+04 1.033653454450084608e+00
6.075571005701112153e+04 1.037825288084040842e+00
6.075571031706492067e+04 1.051124035469197082e+00
6.075571057711871254e+04 1.052320702731597057e+00
6.075571083717251167e+04 9.870629949552091054e-01
6.075571109722630354e+04 1.046036144266687895e+00
6.075571135728009540e+04 9.590741271164097137e-01
6.075571161733389454e+04 1.024333793661855951e+00
6.075571187738768640e+04 1.002452919261442199e+00
6.075571213744147826e+04 1.017688513299450870e+00
6.075571239749527740e+04 9.644504483115006188e-01
6.075571265754906926e+04 9.976498852273488760e-01
6.075571291760286840e+04 1.089220036907583289e+00
6.075571317765666754e+04 9.967453904582658231e-01
6.075571474868715450e+04 1.005210188422943629e+00
6.075571500874785124e+04 1.040673838997554501e+00
6.075571526880854799e+04 1.004455090724138522e+00
6.075571552886924474e+04 1.049416511919696759e+00
6.075571578892994148e+04 1.053217633012143883e+00
6.075571604899063823e+04 1.002748379511504195e+00
6.075571630905133497e+04 1.041826151883377571e+00
6.075571656911203172e+04 1.039700958083860094e+00
6.075571682917273574e+04 1.005778830198027718e+00
6.075571708923342521e+04 9.761820701933172639e-01
6.075571734929412196e+04 9.707481067081403792e-01
6.075571760935482598e+04 1.024999135989781207e+00
6.075571786941552273e+04 9.965167748221018806e-01
6.075571812947621947e+04 1.040194079345803324e+00
6.075571838953690894e+04 9.896647886551668272e-01
6.075571864959761297e+04 9.786349376521688015e-01
6.075571890965830971e+04 1.005818406839221746e+00
6.075571916971899918e+04 9.655073274024069674e-01
6.075571942977970320e+04 1.026658098305909927e+00
6.075571968984039995e+04 1.011628672065704393e+00
6.075571994990109670e+04 1.017352138577060749e+00
6.075572020996180072e+04 1.084122152038810460e+00
6.075572047002249019e+04 1.001926890900678657e+00
6.075572073008318694e+04 1.099517346781843097e+00
6.075572099014388368e+04 1.033259528105303859e+00
6.075572125020458770e+04 1.006948539657592345e+00
6.075572151026528445e+04 9.752312473419907368e-01
6.075572177032597392e+04 9.822575616186958181e-01
6.075572203038667794e+04 1.000801307504183946e+00
6.075572229044737469e+04 9.844902593063643570e-01
6.075572255050806416e+04 1.054721981739010994e+00
6.075572281056877546e+04 1.017753138242487587e+00
6.075572307062946493e+04 1.040108087636727685e+00
6.075572333069016167e+04 1.065346243505421064e+00
6.075572359075086570e+04 1.043822873774039373e+00
6.075572385081155517e+04 1.026934257607803325e+00
6.075572411087225191e+04 9.832101639061904264e-01
6.075572437093294866e+04 1.071566483811638770e+00
6.075572463099365268e+04 1.056957551529940087e+00
6.075572489105434943e+04 1.050786941636057570e+00
6.075572515111503890e+04 1.055383744274557722e+00
6.075572541117574292e+04 1.042862610203810103e+00
6.075572567123643967e+04 1.076524217688261675e+00
6.075572593129713641e+04 1.049126058742359424e+00
6.075572619135784043e+04 1.018208912951642731e+00
6.075572645141852990e+04 1.013641916519356867e+00
6.075572671147922665e+04 1.055867534176199385e+00
6.075572697153993067e+04 1.034011300292649871e+00
6.075572723160062014e+04 1.042884675667469008e+00
6.075572749166131689e+04 1.057477687751597228e+00
6.075572775172202091e+04 1.079837900403239237e+00
6.075572801178271766e+04 1.036551218449967005e+00
6.075572827184341440e+04 9.820197598375929315e-01
6.075572853190411115e+04 1.039071319740421551e+00
6.075572879196480790e+04 9.974221798374296455e-01
6.075572905202550464e+04 1.055622733218390064e+00
6.075572931208620867e+04 9.833287993423596163e-01
6.075572957214690541e+04 1.034921225582594362e+00
6.075572983220759488e+04 1.015472312386815679e+00
6.075573009226829890e+04 1.032497519795554819e+00
6.075573035232899565e+04 1.050063967634848661e+00
6.075573061238968512e+04 1.040567199717908897e+00
6.075573087245038914e+04 1.046787963875492666e+00
6.075573113251108589e+04 1.061437866039965927e+00
6.075573139257178264e+04 1.045018656460541262e+00
6.075573165263248666e+04 1.022535051055760036e+00
6.075573191269317613e+04 9.949405364749471792e-01
6.075573217275387287e+04 1.019543020522671650e+00
6.075573243281457690e+04 1.069275028503139824e+00
6.075573269287527364e+04 1.000528793257254634e+00
6.075573295293597039e+04 1.057643820985123551e+00
6.075573321299666713e+04 1.048919461269576470e+00
6.075573347305736388e+04 1.040055917040227484e+00
6.075573373311806063e+04 1.022431400142880698e+00
6.075573399317875737e+04 1.089526962083086969e+00
6.075573425323946140e+04 1.034787783246219561e+00
6.075573451330015087e+04 1.006108702048298831e+00
6.075573477336085489e+04 1.027731580050481819e+00
6.075573503342155163e+04 1.001489992537265339e+00
6.075573529348224110e+04 9.828738563544491269e-01
6.075573555354294513e+04 9.805029385880947856e-01
6.075573581360364187e+04 9.984371131454641279e-01
6.075573607366434589e+04 1.089578073138777636e+00
6.075573633372504264e+04 1.027954772701595410e+00
6.075573659378573211e+04 1.008677478830013463e+00
6.075573685384643613e+04 1.027336147457045712e+00
6.075573711390713288e+04 9.863556675826168352e-01
6.075573737396782963e+04 1.000446764956972379e+00
6.075573763402853365e+04 9.710956964729456908e-01
6.075573789408922312e+04 1.027711103776009827e+00
6.075573815414991986e+04 9.871015090900363553e-01
6.075573841421062389e+04 1.060720283086729276e+00
6.075573867427131336e+04 1.032189028039228740e+00
6.075573893433201010e+04 1.013480908389358781e+00
6.075573919439271413e+04 9.911074305862418443e-01
6.075573945445341087e+04 1.038128663537669860e+00
6.075573971451411489e+04 9.972344713994679699e-01
6.075573997457480436e+04 9.973346250738123198e-01
6.075574023463550111e+04 1.042254132123002552e+00
6.075574049469620513e+04 1.016627555709873398e+00
6.075574075475690188e+04 1.035858677775636005e+00
6.075574101481759863e+04 1.057713513437549935e+00
6.075574127487829537e+04 1.040991582655210523e+00
6.075574153493899212e+04 1.041299842872959847e+00
6.075574179499969614e+04 1.001317280183903868e+00
6.075574205506038561e+04 1.054148218041353724e+00
6.075574231512108236e+04 9.728941834723645599e-01
6.075574257518178638e+04 1.004411453917726904e+00
6.075574283524248312e+04 1.058234538616255271e+00
6.075574309530317987e+04 9.859692715654255757e-01
6.075574483016229351e+04 9.501244642528050566e-01
6.075574509021608537e+04 1.016170795265100457e+00
6.075574535026989179e+04 9.430240368659852379e-01
6.075574561032369093e+04 9.559413384381092449e-01
6.075574587037748279e+04 1.027724714647870297e+00
6.075574613043128193e+04 1.027690085886336480e+00
6.075574639048507379e+04 1.017450173066110741e+00
6.075574665053887293e+04 1.039961516209254810e+00
6.075574691059266479e+04 1.036170016921419190e+00
6.075574717064645665e+04 9.578890898492760098e-01
6.075574743070025579e+04 1.023764245866537026e+00
6.075574769075404765e+04 1.019514623712653334e+00
6.075574795080784679e+04 1.044640935017749017e+00
6.075574821086163865e+04 1.056562402559734437e+00
6.075574847091544507e+04 1.007235979196768882e+00
6.075574873096924421e+04 1.071735629905912646e+00
6.075574899102303607e+04 1.015446335612087081e+00
6.075574925107683521e+04 1.016238303993212355e+00
6.075574951113062707e+04 1.050449380983668135e+00
6.075574977118442621e+04 1.030300766261471823e+00
6.075575003123821807e+04 9.953866241980264817e-01
6.075575029129201721e+04 1.027653182045922486e+00
6.075575055134580907e+04 1.032263073023877764e+00
6.075575081139960093e+04 1.048058078316321362e+00
6.075575107145340007e+04 1.014887217456670321e+00
6.075575133150719921e+04 1.056265020170897406e+00
6.075575159156100563e+04 1.026617156851922896e+00
6.075575185161479749e+04 1.010672059699844194e+00
6.075575211166859663e+04 1.039433626873407457e+00
6.075575237172238849e+04 9.940238081191528074e-01
6.075575263177618035e+04 1.053247070352823833e+00
6.075575289182997949e+04 1.048702520055701415e+00
6.075575315188377135e+04 1.034515028543706139e+00
6.075575341193757049e+04 1.063714399874110317e+00
6.075575367199136235e+04 1.016119454500984176e+00
6.075575393204516149e+04 1.090438983039691445e+00
6.075575419209895335e+04 1.026787355822038839e+00
6.075575445215275249e+04 1.047401972493976263e+00
6.075575471220655891e+04 9.939461185450823022e-01
6.075575497226035077e+04 1.048056105027959095e+00
6.075575523231414991e+04 1.061048973750865265e+00
6.075575549236794177e+04 1.070984632116537272e+00
6.075575575242174091e+04 9.989524805714964373e-01
6.075575601247553277e+04 1.018244508706413365e+00
6.075575627252933191e+04 1.029745200670139527e+00
6.075575653258312377e+04 1.016889409139765998e+00
6.075575679263691563e+04 1.007018847817795715e+00
6.075575705269071477e+04 1.060206638711889582e+00
6.075575731274451391e+04 1.032803063541957611e+00
6.075575757279832033e+04 1.032486065574398593e+00
6.075575783285211219e+04 1.024534906741468410e+00
6.075575809290591133e+04 9.731077681177591199e-01
6.075575835295970319e+04 1.020823212151976911e+00
6.075575861301350233e+04 1.060196261772715198e+00
6.075575887306729419e+04 1.033640712561370689e+00
6.075575913312109333e+04 1.073833412562791967e+00
6.075575939317488519e+04 9.563022769873323892e-01
6.075575965322867705e+04 1.058788383114174447e+00
6.075575991328247619e+04 1.009089418286613693e+00
6.075576017333626805e+04 1.018671086006485815e+00
6.075576043339007447e+04 1.065353792311556802e+00
6.075576069344387361e+04 1.040739186201931732e+00
6.075576095349767274e+04 1.022482999776465062e+00
6.075576121355146461e+04 9.893291009048819085e-01
6.075576147360526375e+04 1.016851798565735487e+00
6.075576173365905561e+04 9.982307091529104559e-01
6.075576199371285475e+04 1.046397896277971862e+00
6.075576225376664661e+04 9.708204399167961185e-01
6.075576251382044575e+04 9.873194997747452017e-01
6.075576277387423761e+04 9.605620752365565673e-01
6.075576303392802947e+04 1.009624325554036028e+00
6.075576329398183589e+04 1.051218382117287797e+00
6.075576355403563502e+04 1.026496197136511856e+00
6.075576381408943416e+04 1.060799876537223518e+00
6.075576407414322603e+04 9.996037752856583580e-01
6.075576433419702516e+04 9.838653870267278778e-01
6.075576459425081703e+04 1.014082615654545050e+00
6.075576485430461616e+04 1.036270759484283710e+00
6.075576511435840803e+04 9.675984420748328096e-01
6.075576537441220717e+04 1.049683207541729058e+00
6.075576563446599903e+04 1.069878203551383633e+00
6.075576589451979817e+04 1.071031339436350649e+00
6.075576615457359003e+04 9.691945139222155614e-01
6.075576641462739644e+04 1.002253445889711658e+00
6.075576667468119558e+04 9.577595180728449842e-01
6.075576693473499472e+04 1.040812038684232332e+00
6.075576719478878658e+04 1.005359211446104517e+00
6.075576745484258572e+04 1.021520648944298948e+00
6.075576771489637758e+04 1.018905451919360328e+00
6.075576797495017672e+04 1.024117063550401552e+00
6.075576823500396858e+04 1.042822952779767887e+00
6.075576849505776045e+04 1.021883061517458779e+00
6.075576875511155959e+04 1.034557729551984329e+00
6.075576901516535145e+04 1.041141073973535169e+00
6.075576927521915786e+04 1.048004665731187446e+00
6.075576953527295700e+04 1.011660935322255428e+00
6.075576979532675614e+04 1.041654011999001872e+00
6.075577005538054800e+04 1.052998997547108129e+00
6.075577031543434714e+04 1.014589642279983606e+00
6.075577057548813900e+04 9.933808180892902406e-01
6.075577083554193814e+04 9.586114565528552900e-01
6.075577109559573000e+04 1.003390252948870076e+00
6.075577135564952914e+04 1.020052666770991934e+00
6.075577161570332100e+04 1.012948929386387587e+00
6.075577187575712014e+04 1.019025926654991032e+00
6.075577213581091200e+04 1.032274300901613318e+00
6.075577239586471842e+04 9.822135380579014585e-01
6.075577265591851756e+04 1.066510891235740610e+00
6.075577291597231670e+04 1.040139086524369594e+00
6.075577317602610856e+04 1.020445594494980623e+00
