6.075585120116569306e+04 9.855040725385058042e-01
6.075585146121949219e+04 1.022464445161033630e+00
6.075585172127328406e+04 1.014172670593030734e+00
6.075585198132708319e+04 1.041613215840681894e+00
6.075585224138088233e+04 1.051725074876969535e+00
6.075585250143468147e+04 9.305686540653259620e-01
6.075585276148847333e+04 1.031221818276057522e+00
6.075585302154227247e+04 1.010359166158124822e+00
6.075585328159607161e+04 1.003774809631276410e+00
6.075585354164987803e+04 1.011929864856269790e+00
6.075585380170368444e+04 1.001178696391267220e+00
6.075585406175747630e+04 1.010184002235384515e+00
6.075585432181127544e+04 9.860081303943190045e-01
6.075585458186507458e+04 1.011269758634516291e+00
6.075585484191887372e+04 1.052705071283785099e+00
6.075585510197266558e+04 1.013992325302780051e+00
6.075585536202646472e+04 9.990807182208055748e-01
6.075585562208026386e+04 9.953415603995533489e-01
6.075585588213406299e+04 9.588987985965101712e-01
6.075585614218786213e+04 9.553718963774732176e-01
6.075585640224165400e+04 1.014404488634952806e+00
6.075585666229546041e+04 1.086598420134203380e+00
6.075585692234926682e+04 1.015854763131774474e+00
6.075585718240306596e+04 9.977416319303317183e-01
6.075585744245685783e+04 9.990151124553420248e-01
6.075585770251065696e+04 9.671362235945784036e-01
6.075585796256445610e+04 1.020314281312997062e+00
6.075585822261825524e+04 1.023106668166300803e+00
6.075585848267205438e+04 1.020055359888599078e+00
6.075585874272584624e+04 9.835154461164590245e-01
6.075585900277964538e+04 9.892094800940053334e-01
6.075585926283344452e+04 9.916458882876779679e-01
6.075585952288725093e+04 1.022086093601940249e+00
6.075585978294105735e+04 9.950359859602623258e-01
6.075586004299484921e+04 1.008610828859822561e+00
6.075586030304864835e+04 9.615294703488184158e-01
6.075586056310244749e+04 9.983100753942603101e-01
6.075586082315624662e+04 1.037105656463917613e+00
6.075586108321004576e+04 1.000434667039763692e+00
6.075586134326383763e+04 1.022650095152191962e+00
6.075586160331763676e+04 9.881772962263649651e-01
6.075586186337143590e+04 1.035249670432379698e+00
6.075586212342523504e+04 9.883183011745954039e-01
6.075586238347903418e+04 9.807677918509134507e-01
6.075586264353283332e+04 1.013251378340102926e+00
6.075586290358663973e+04 9.960485256113538188e-01
6.075586316364043887e+04 9.887709076081020454e-01
6.075586342369423801e+04 9.904137362055845939e-01
6.075586368374803715e+04 1.025554580869825871e+00
6.075586394380182901e+04 9.901310662928822781e-01
6.075586420385562815e+04 9.990139392216007552e-01
6.075586446390942729e+04 1.027393186833046590e+00
6.075586472396322642e+04 1.047019602884950773e+00
6.075586498401702556e+04 1.012960528125417703e+00
6.075586524407081743e+04 9.865817101693834523e-01
6.075586550412462384e+04 1.002303407029007332e+00
6.075586576417843025e+04 1.039959462857898531e+00
6.075586602423222939e+04 1.031883486604452616e+00
6.075586628428602853e+04 1.001262522252187814e+00
6.075586654433982039e+04 1.012558585206327466e+00
6.075586680439361953e+04 9.616525647271148003e-01
6.075586706444741867e+04 1.015516089734517235e+00
6.075586732450121781e+04 9.950086300165493780e-01
6.075586758455501695e+04 1.021447946868520695e+00
6.075586784460881609e+04 9.707852400278017546e-01
6.075586810466260795e+04 9.822685080831028426e-01
6.075586836471640709e+04 1.030750846682558342e+00
6.075586862477021350e+04 9.748735899661579163e-01
6.075586888482401991e+04 9.951642837222861582e-01
6.075586914487781905e+04 9.892629322810967407e-01
6.075586940493161092e+04 1.019467170781557908e+00
6.075586966498541005e+04 1.036336656201186868e+00
6.075586992503920919e+04 1.003873414382524754e+00
6.075587018509300833e+04 9.989508186147908475e-01
6.075587044514680747e+04 1.051186878256947788e+00
6.075587070520060661e+04 1.002382172369496560e+00
6.075587096525439847e+04 1.051019037565396497e+00
6.075587122530819761e+04 9.878577370430084992e-01
6.075587148536199675e+04 9.930209189632307476e-01
6.075587174541581044e+04 1.003184582348655818e+00
6.075587200546960958e+04 9.954952093140424507e-01
6.075587226552340871e+04 9.699521478338746228e-01
6.075587252557720058e+04 1.000191662934378334e+00
6.075587278563099972e+04 1.027427741605051681e+00
6.075587304568479885e+04 9.632584683110212431e-01
6.075587330573859799e+04 9.970574142831302167e-01
6.075587356579239713e+04 1.017319979397650842e+00
6.075587382584619627e+04 1.005348482802576937e+00
6.075587408589998813e+04 1.049175045503166537e+00
6.075587434595378727e+04 9.853521449696347467e-01
6.075587460600759368e+04 9.687886848524203121e-01
6.075587486606140010e+04 1.000978510007273226e+00
6.075587512611519924e+04 9.702023475129316621e-01
6.075587538616899838e+04 1.010099411972157135e+00
6.075587564622279751e+04 9.710228675439462886e-01
6.075587590627658938e+04 1.029306586518675237e+00
6.075587616633038851e+04 1.033432872420893212e+00
6.075587642638418765e+04 9.600307384252179110e-01
6.075587668643798679e+04 9.730629536449851846e-01
6.075587694649178593e+04 1.029497406122001246e+00
6.075587720654558507e+04 9.976618871337005201e-01
6.075587746659937693e+04 1.035591407123171992e+00
6.075587772665318334e+04 1.010971408550217276e+00
6.075587798670698976e+04 1.026089100551838884e+00
6.075587824676078890e+04 1.035428803119190722e+00
6.075587850681458804e+04 9.546972617971174468e-01
6.075587876686838717e+04 9.775033232587709842e-01
6.075587902692218631e+04 9.827830958846524023e-01
6.075587928697597818e+04 1.002085313732226757e+00
6.075587954702977731e+04 9.848974845220155316e-01
6.075588115586427011e+04 9.477454313982084377e-01
6.075588141592496686e+04 1.002189897659271356e+00
6.075588167598567088e+04 9.827461632221085042e-01
6.075588193604636763e+04 1.011512457989717229e+00
6.075588219610707165e+04 9.891784326908309444e-01
6.075588245616777567e+04 1.011270667306105819e+00
6.075588271622847242e+04 9.956366909678623367e-01
6.075588297628917644e+04 9.660650397710918158e-01
6.075588323634988046e+04 1.011345248864189417e+00
6.075588349641056993e+04 1.031832082780893334e+00
6.075588375647127395e+04 9.523426593812910346e-01
6.075588401653197798e+04 9.744501020590308205e-01
6.075588427659268200e+04 9.816662999491306829e-01
6.075588453665338602e+04 9.996309754176534446e-01
6.075588479671408277e+04 9.604517887143697585e-01
6.075588505677478679e+04 9.771666705038648537e-01
6.075588531683548354e+04 9.929069963073449134e-01
6.075588557689618756e+04 1.083859377261088275e+00
6.075588583695689158e+04 1.013598987275444729e+00
6.075588609701758833e+04 9.962325364319616350e-01
6.075588635707829235e+04 1.010489735995486749e+00
6.075588661713899637e+04 1.017433773356582805e+00
6.075588687719969312e+04 9.430765888366726690e-01
6.075588713726038986e+04 9.864213542606729002e-01
6.075588739732109389e+04 1.040809907968042847e+00
6.075588765738179791e+04 9.765948909083083107e-01
6.075588791744250193e+04 9.947632812496720600e-01
6.075588817750319868e+04 1.012729700678660416e+00
6.075588843756390270e+04 9.624877095159957152e-01
6.075588869762460672e+04 9.849255686551509070e-01
6.075588895768530347e+04 1.010028072797623633e+00
6.075588921774600749e+04 9.680195394492849825e-01
6.075588947780670424e+04 9.866766106848634532e-01
6.075588973786740826e+04 1.000769833790769781e+00
6.075588999792811228e+04 9.541850617023928116e-01
6.075589025798880903e+04 1.005146681531990716e+00
6.075589051804952032e+04 1.035074808055478135e+00
6.075589077811021707e+04 9.747313206884703485e-01
6.075589103817091382e+04 1.001471271941401620e+00
6.075589129823161784e+04 9.850664992412252463e-01
6.075589155829231458e+04 9.796594145829891076e-01
6.075589181835301861e+04 1.015547467027184236e+00
6.075589207841372263e+04 9.808548249760408178e-01
6.075589233847442665e+04 1.014507017763127239e+00
6.075589259853513067e+04 9.889611408238198065e-01
6.075589285859582742e+04 9.534508967489416786e-01
6.075589311865652417e+04 9.689087322106975098e-01
6.075589337871722819e+04 9.980949676922672431e-01
6.075589363877793221e+04 1.039920033516890552e+00
6.075589389883863623e+04 9.910575827636665114e-01
6.075589415889933298e+04 9.908257607558752511e-01
6.075589441896003700e+04 9.935461190669468978e-01
6.075589467902074102e+04 9.973227897018958066e-01
6.075589493908143777e+04 9.899142547475680010e-01
6.075589519914213452e+04 1.021638496657507167e+00
6.075589545920283854e+04 9.907580263391477793e-01
6.075589571926354256e+04 1.005629343033233480e+00
6.075589597932424658e+04 9.975643057997107821e-01
6.075589623938494333e+04 1.002772988868807502e+00
6.075589649944564735e+04 1.013553212133415204e+00
6.075589675950635137e+04 1.039411044307387177e+00
6.075589701956705539e+04 9.895900525911180967e-01
6.075589727962775942e+04 9.974200370015529060e-01
6.075589753968844889e+04 9.815759389372648025e-01
6.075589779974915291e+04 9.969196999308894691e-01
6.075589805980985693e+04 1.004078485876916282e+00
6.075589831987055368e+04 9.866766987538869715e-01
6.075589857993125770e+04 9.758433045786897297e-01
6.075589883999196172e+04 9.871848450287007415e-01
6.075589910005266574e+04 9.575146740732300987e-01
6.075589936011336977e+04 9.647185792897371437e-01
6.075589962017406651e+04 1.012563403108562188e+00
6.075589988023477054e+04 9.558651163660645267e-01
6.075590014029546728e+04 1.017141264988550509e+00
6.075590040035617130e+04 9.999184631591609973e-01
6.075590066041687533e+04 1.044893094757106899e+00
6.075590092047757207e+04 1.013775576468396666e+00
6.075590118053827609e+04 9.546142507183561499e-01
6.075590144059898012e+04 9.875546775849201042e-01
6.075590170065967686e+04 9.626036799862980331e-01
6.075590196072038816e+04 9.776467949679101821e-01
6.075590222078108491e+04 9.967484265105237551e-01
6.075590248084178893e+04 9.686418019719381656e-01
6.075590274090249295e+04 1.005690778772254879e+00
6.075590300096318242e+04 9.616105825046771249e-01
6.075590326102388644e+04 1.001125634464278713e+00
6.075590352108459047e+04 1.011723698515345049e+00
6.075590378114529449e+04 9.802675702317138473e-01
6.075590404120599851e+04 1.005975331345452695e+00
6.075590430126669526e+04 9.819525586733673927e-01
6.075590456132739928e+04 9.950820958927479865e-01
6.075590482138810330e+04 1.003531099553345962e+00
6.075590508144880732e+04 1.007509679083610221e+00
6.075590534150951135e+04 1.024376177284077372e+00
6.075590560157020809e+04 9.898187254596324536e-01
6.075590586163091211e+04 9.594259309770186706e-01
6.075590612169160886e+04 1.045644977263024078e+00
6.075590638175230561e+04 1.026918549215759979e+00
6.075590664181300963e+04 1.045249301049423929e+00
6.075590690187371365e+04 9.826267859056565523e-01
6.075590716193441767e+04 9.611367266624122330e-01
6.075590742199512169e+04 9.683875795234152539e-01
6.075590768205581844e+04 9.684814188569191851e-01
6.075590794211652246e+04 9.897808969287841263e-01
6.075590820217722649e+04 9.841798932841505643e-01
6.075590846223793051e+04 9.928972292568685187e-01
6.075590872229863453e+04 1.007826251654208027e+00
6.075590898235933128e+04 1.025183985292325684e+00
6.075590924242003530e+04 9.941913858025622774e-01
6.075590950248073932e+04 9.939011121935882320e-01
6.075591106051386305e+04 9.985887240400004305e-01
6.075591132057445793e+04 9.954303158623020176e-01
6.075591158063505281e+04 9.749900403632680845e-01
6.075591184069564770e+04 9.641044010147120646e-01
6.075591210075624258e+04 9.742907883488889365e-01
6.075591236081683746e+04 1.022667567516355236e+00
6.075591262087743235e+04 1.032208804510450717e+00
6.075591288093802723e+04 9.711929082340695629e-01
6.075591314099862211e+04 9.783468844965722555e-01
6.075591340105922427e+04 9.979888625984257855e-01
6.075591366111981915e+04 9.684233773490465991e-01
6.075591392118041404e+04 9.784938183847926574e-01
6.075591418124100892e+04 9.720511614743090334e-01
6.075591444130160380e+04 1.025635213842000626e+00
6.075591470136219868e+04 9.860089500414245256e-01
6.075591496142279357e+04 1.004280807672543574e+00
6.075591522148338845e+04 1.009865916946905307e+00
6.075591548154399061e+04 9.756780429406650690e-01
6.075591574160458549e+04 9.695435670253397253e-01
6.075591600166518037e+04 9.912417707215567253e-01
6.075591626172577526e+04 1.027611802297320853e+00
6.075591652178637742e+04 9.983468122005750844e-01
6.075591678184697230e+04 9.426214049166314890e-01
6.075591704190756718e+04 9.752451867646199091e-01
6.075591730196816206e+04 1.037464773884584579e+00
6.075591756202875695e+04 9.915158145903923970e-01
6.075591782208935183e+04 9.885106498009201825e-01
6.075591808214994671e+04 1.013879971706388883e+00
6.075591834221054160e+04 9.934256398710249458e-01
6.075591860227113648e+04 9.699120795930785688e-01
6.075591886233173136e+04 9.989948273987888649e-01
6.075591912239232624e+04 9.908974638847301009e-01
6.075591938245292840e+04 9.857553601425759204e-01
6.075591964251352329e+04 9.791125988225160004e-01
6.075591990257411817e+04 9.805342743360225821e-01
6.075592016263471305e+04 9.610432896399021541e-01
6.075592042269530793e+04 9.904976427539877726e-01
6.075592068275590282e+04 9.859031512414861975e-01
6.075592094281649770e+04 9.545648632883434459e-01
6.075592120287709986e+04 9.851678926390835533e-01
6.075592146293769474e+04 1.006013249955411748e+00
6.075592172299828962e+04 1.014187334092843562e+00
6.075592198305888451e+04 1.013932086465225479e+00
6.075592224311948667e+04 9.840888250624859612e-01
6.075592250318008155e+04 1.009959961354670588e+00
6.075592276324067643e+04 9.935876511021690671e-01
6.075592302330127131e+04 9.970758665253124375e-01
6.075592328336186620e+04 9.834739244131941449e-01
6.075592354342246108e+04 1.011324603353107587e+00
6.075592380348305596e+04 9.958903529980586145e-01
6.075592406354365812e+04 9.868030004238338426e-01
6.075592432360425300e+04 9.699704207351894647e-01
6.075592458366484789e+04 9.675039942309112684e-01
6.075592484372544277e+04 9.710360227338090677e-01
6.075592510378604493e+04 1.039854745045703632e+00
6.075592536384663981e+04 9.756235578449553580e-01
6.075592562390723469e+04 1.007854008567802273e+00
6.075592588396782958e+04 1.023804209229333351e+00
6.075592614402842446e+04 9.961867902816118336e-01
6.075592640408901934e+04 9.787761472673419672e-01
6.075592666414961423e+04 9.840525618164220889e-01
6.075592692421020911e+04 9.936136539785014321e-01
6.075592718427081127e+04 9.835246505541136441e-01
6.075592744433140615e+04 9.838379420715924750e-01
6.075592770439200103e+04 9.563926456820763811e-01
6.075592796445260319e+04 1.015052064334064585e+00
6.075592822451319807e+04 9.608909531366804924e-01
6.075592848457379296e+04 9.847414253156920871e-01
6.075592874463438784e+04 9.388250544590149849e-01
6.075592900469498272e+04 9.402270598565790616e-01
6.075592926475557761e+04 9.864554361614881195e-01
6.075592952481617249e+04 9.877149371039549708e-01
6.075592978487676737e+04 9.782222224321900361e-01
6.075593004493736953e+04 9.621411048552616085e-01
6.075593030499796441e+04 9.604190134048449234e-01
6.075593056505855930e+04 1.012789130109015723e+00
6.075593082511916145e+04 1.008397476218557021e+00
6.075593108517975634e+04 1.004712373820186411e+00
6.075593134524035122e+04 9.907373680381625913e-01
6.075593160530094610e+04 9.841590679582817858e-01
6.075593186536154099e+04 1.025571431908855802e+00
6.075593212542213587e+04 9.969137407250779903e-01
6.075593238548273075e+04 1.002517856595102286e+00
6.075593264554332563e+04 1.033864255440489766e+00
6.075593290560392779e+04 9.740928666168873207e-01
6.075593316566452268e+04 1.041448827639255059e+00
6.075593342572511756e+04 9.802445522503293596e-01
6.075593368578571244e+04 9.667587429625233986e-01
6.075593394584631460e+04 9.935775838802218818e-01
6.075593420590690948e+04 9.773290946334055596e-01
6.075593446596750437e+04 9.855041832721992412e-01
6.075593472602809925e+04 9.865828525664036563e-01
6.075593498608869413e+04 1.002977599920081175e+00
6.075593524614928901e+04 9.928358273467291495e-01
6.075593550620988390e+04 9.929054356132341885e-01
6.075593576627048606e+04 1.012541725031808726e+00
6.075593602633108094e+04 9.678427287624823405e-01
6.075593628639167582e+04 1.035018863685477797e+00
6.075593654645227070e+04 1.006238142766926691e+00
6.075593680651287286e+04 9.561349621601561433e-01
6.075593706657346775e+04 1.018491781641774896e+00
6.075593732663406263e+04 1.010652372597914184e+00
6.075593758669465751e+04 9.558880237855551520e-01
6.075593784675525239e+04 9.330021064765252614e-01
6.075593810681584728e+04 1.003258398237146132e+00
6.075593836687644216e+04 1.014029638356668261e+00
6.075593862693704432e+04 1.013289402796519800e+00
6.075593888699763920e+04 9.485715398833861611e-01
6.075593914705823408e+04 9.836685485146506869e-01
6.075593940711883624e+04 1.011858386256884179e+00
6.075594106598430517e+04 9.943728528954415280e-01
6.075594132604500919e+04 9.948080512786935392e-01
6.075594158610571321e+04 1.050624115444662277e+00
6.075594184616640996e+04 9.591180844379462167e-01
6.075594210622711398e+04 1.031404884870932293e+00
6.075594236628781800e+04 9.978851674450907039e-01
6.075594262634852203e+04 9.926257737285297811e-01
6.075594288640922605e+04 9.719637768722703131e-01
6.075594314646992279e+04 9.886813647601743194e-01
6.075594340653063409e+04 9.913009575434400533e-01
6.075594366659133811e+04 9.294344576523254631e-01
6.075594392665203486e+04 1.017367256927758756e+00
6.075594418671273888e+04 9.580357862629766963e-01
6.075594444677344291e+04 9.968126439777053038e-01
6.075594470683414693e+04 9.474695222175029130e-01
6.075594496689485095e+04 9.908450889283576535e-01
6.075594522695554770e+04 9.738292682926323884e-01
6.075594548701625172e+04 9.921606805821071573e-01
6.075594574707695574e+04 9.633735548772783819e-01
6.075594600713765976e+04 9.784836682369425498e-01
6.075594626719836378e+04 9.727952044836850609e-01
6.075594652725906053e+04 9.899375303826940531e-01
6.075594678731976455e+04 9.549859672536357147e-01
6.075594704738046858e+04 9.982911590656682321e-01
6.075594730744116532e+04 9.789979657973739702e-01
6.075594756750187662e+04 9.626808428420502439e-01
6.075594782756257337e+04 1.014030971605975218e+00
6.075594808762328466e+04 9.989721307234989967e-01
6.075594834768398869e+04 9.797453776791862357e-01
6.075594860774468543e+04 9.870299377533053864e-01
6.075594886780538945e+04 9.599671863733799659e-01
6.075594912786609348e+04 9.340312089877579327e-01
6.075594938792679750e+04 1.015512851902631075e+00
6.075594964798750152e+04 9.701785261870019550e-01
6.075594990804819827e+04 9.986435580074466412e-01
6.075595016810890229e+04 9.770968938589165154e-01
6.075595042816960631e+04 9.913452662342272514e-01
6.075595068823031033e+04 9.501457026845495646e-01
6.075595094829101436e+04 1.015756701563830244e+00
6.075595120835171110e+04 1.011892118557933484e+00
6.075595146841241512e+04 9.728205157899092459e-01
6.075595172847312642e+04 9.998527804769350436e-01
6.075595198853382317e+04 9.630716921941421260e-01
6.075595224859452719e+04 9.904332101280789447e-01
6.075595250865523121e+04 1.000545773685326489e+00
6.075595276871593524e+04 9.733578650941048238e-01
6.075595302877663926e+04 9.934635258873305563e-01
6.075595328883733600e+04 9.941499459055240795e-01
6.075595354889804003e+04 9.823058902445829244e-01
6.075595380895874405e+04 9.844090310019566470e-01
6.075595406901944807e+04 9.622027314441894408e-01
6.075595432908015209e+04 9.626523434575769977e-01
6.075595458914084884e+04 1.001808068863172974e+00
6.075595484920156014e+04 9.388191254081486026e-01
6.075595510926226416e+04 9.883234372816795954e-01
6.075595536932296091e+04 9.818283108363875522e-01
6.075595562938366493e+04 9.517039871290515762e-01
6.075595588944436895e+04 9.461360976414288082e-01
6.075595614950507297e+04 9.294575568632806872e-01
6.075595640956577699e+04 9.554020770563500520e-01
6.075595666962647374e+04 9.759855244253922146e-01
6.075595692968717776e+04 1.018490199225013715e+00
6.075595718974788178e+04 1.002467104315516444e+00
6.075595744980858581e+04 9.718604614697644584e-01
6.075595770986929710e+04 9.760767204002906983e-01
6.075595796992999385e+04 9.769119862828449241e-01
6.075595822999069787e+04 9.625026534161429392e-01
6.075595849005140190e+04 9.982042946961593444e-01
6.075595875011209864e+04 9.763072364694436178e-01
6.075595901017280994e+04 9.585006307307235573e-01
6.075595927023350669e+04 9.726313405857198724e-01
6.075595953029421071e+04 1.045398981955562911e+00
6.075595979035491473e+04 1.014204441652762245e+00
6.075596005041561148e+04 9.512664888625417259e-01
6.075596031047632277e+04 9.819907049487496264e-01
6.075596057053702680e+04 9.465840280412971541e-01
6.075596083059773082e+04 9.864589082446256763e-01
6.075596109065843484e+04 1.003663219542019869e+00
6.075596135071913159e+04 9.761514041558311261e-01
6.075596161077983561e+04 9.867122338318110586e-01
6.075596187084053963e+04 9.957071374078951820e-01
6.075596213090124365e+04 9.626857139395973428e-01
6.075596239096194768e+04 9.806833182491037082e-01
6.075596265102265170e+04 1.029140467181688834e+00
6.075596291108335572e+04 9.730217524613445912e-01
6.075596317114405974e+04 9.726147220000077587e-01
6.075596343120475649e+04 9.793772081450745626e-01
6.075596369126546051e+04 9.369608983273001179e-01
6.075596395132616453e+04 1.003253445634745278e+00
6.075596421138686856e+04 9.426412415635418984e-01
6.075596447144757258e+04 1.018492610407043530e+00
6.075596473150827660e+04 9.742175038972167300e-01
6.075596499156898062e+04 9.978146095510308511e-01
6.075596525162968464e+04 9.901679304853970853e-01
6.075596551169038867e+04 9.812836247824711089e-01
6.075596577175109269e+04 9.894290592812392537e-01
6.075596603181178943e+04 9.478452127264778149e-01
6.075596629187249346e+04 9.866024636616557153e-01
6.075596655193319748e+04 9.846334806021116437e-01
6.075596681199390150e+04 9.762748916810726207e-01
6.075596707205460552e+04 9.978525738693292402e-01
6.075596733211530955e+04 9.786798100115176036e-01
6.075596759217601357e+04 9.302194773141606587e-01
6.075596785223671759e+04 9.526378462769518052e-01
6.075596811229741434e+04 9.671879943351593401e-01
6.075596837235811836e+04 9.744899915635982790e-01
6.075596863241882238e+04 9.810614054889088553e-01
6.075596889247953368e+04 1.034776953864500637e+00
6.075596915254023770e+04 9.183981641973579801e-01
6.075596941260093445e+04 9.772817806901914484e-01
6.075597102105359954e+04 9.737622733293821442e-01
6.075597128111420170e+04 1.019213059345405403e+00
6.075597154117479658e+04 9.635619812862807887e-01
6.075597180123539147e+04 1.013062722580604591e+00
6.075597206129598635e+04 9.902710028414685173e-01
6.075597232135658123e+04 9.929054751510076882e-01
6.075597258141718339e+04 1.004667367364501684e+00
6.075597284147777827e+04 9.689542136748100498e-01
6.075597310153837316e+04 1.004755154507641857e+00
6.075597336159897532e+04 9.568302723657174935e-01
6.075597362165957020e+04 1.007844940403212597e+00
6.075597388172016508e+04 1.017957425699644869e+00
6.075597414178077452e+04 9.863876767140176138e-01
6.075597440184136940e+04 9.757856156543085469e-01
6.075597466190196428e+04 1.010919377878955583e+00
6.075597492196255916e+04 1.033450438706466468e+00
6.075597518202315405e+04 1.028649620272561682e+00
6.075597544208374893e+04 9.860597241734054830e-01
6.075597570214434381e+04 9.808024158061406927e-01
6.075597596220494597e+04 1.010728168896934065e+00
6.075597622226554813e+04 9.888297236207921337e-01
6.075597648232614301e+04 1.004881508507253995e+00
6.075597674238673790e+04 1.010293464107393957e+00
6.075597700244734006e+04 9.886487362924746281e-01
6.075597726250793494e+04 9.976587492298163440e-01
6.075597752256853710e+04 9.690290971885270332e-01
6.075597778262913198e+04 9.609957953168422051e-01
6.075597804268972686e+04 9.941606725742080375e-01
6.075597830275032175e+04 9.598341639820082705e-01
6.075597856281091663e+04 1.016163551007459587e+00
6.075597882287151151e+04 1.035256582787936752e+00
6.075597908293212095e+04 9.972104679194576660e-01
6.075597934299271583e+04 9.823916489398769603e-01
6.075597960305331071e+04 1.033561929543008517e+00
6.075597986311390559e+04 9.936545545147764669e-01
6.075598012317450775e+04 9.764874412761982425e-01
6.075598038323510264e+04 9.604233727413175048e-01
6.075598064329570479e+04 9.595953273148191132e-01
6.075598090335629968e+04 1.015995626860030754e+00
6.075598116341689456e+04 9.542616180554424066e-01
6.075598142347748944e+04 9.910668167904432835e-01
6.075598168353808433e+04 9.902315470301243927e-01
6.075598194359869376e+04 1.012372546629018544e+00
6.075598220365928864e+04 1.010139967128118155e+00
6.075598246371988353e+04 9.773300231130647164e-01
6.075598272378047841e+04 1.010567000697245588e+00
6.075598298384108057e+04 1.020854417118730817e+00
6.075598324390167545e+04 9.858750283621430244e-01
6.075598350396227761e+04 1.009271777830332173e+00
6.075598376402287249e+04 1.028941634698368857e+00
6.075598402408346738e+04 9.827411775012752093e-01
6.075598428414406226e+04 9.862059119932392592e-01
6.075598454420465714e+04 9.851463543820486723e-01
6.075598480426526658e+04 9.789213777555928475e-01
6.075598506432586146e+04 9.608405254002099216e-01
6.075598532438645634e+04 9.978632779938407804e-01
6.075598558444705122e+04 1.036574207346960597e+00
6.075598584450765338e+04 9.865754190742705987e-01
6.075598610456825554e+04 9.779973158108900000e-01
6.075598636462885042e+04 9.763504643839362451e-01
6.075598662468944531e+04 9.720839397808574978e-01
6.075598688475004019e+04 9.822854476354392350e-01
6.075598714481063507e+04 9.733189802953552405e-01
6.075598740487123723e+04 9.879976490667555789e-01
6.075598766493183211e+04 1.014540760806175612e+00
6.075598792499243427e+04 9.936821305277576677e-01
6.075598818505302916e+04 9.871837292066890646e-01
6.075598844511362404e+04 1.015409054876533324e+00
6.075598870517423347e+04 1.002056885444512435e+00
6.075598896523482836e+04 9.924198274633639905e-01
6.075598922529542324e+04 1.001241581099342026e+00
6.075598948535601812e+04 9.776300043745731472e-01
6.075598974541661300e+04 1.030682710002431612e+00
6.075599000547721516e+04 9.959452593911590768e-01
6.075599026553781005e+04 1.007315278596912611e+00
6.075599052559840493e+04 9.807291124383678005e-01
6.075599078565900709e+04 9.415673071687485907e-01
6.075599104571960197e+04 1.037822383590687902e+00
6.075599130578020413e+04 1.024508248629817597e+00
6.075599156584080629e+04 1.035545245449309926e+00
6.075599182590140117e+04 1.013541647682718816e+00
6.075599208596199605e+04 9.774575125845074153e-01
6.075599234602259094e+04 1.000961136484501912e+00
6.075599260608319310e+04 9.923143502571292185e-01
6.075599286614378798e+04 9.573632843194990194e-01
6.075599312620438286e+04 9.977834364729764038e-01
6.075599338626497774e+04 9.694906929804139040e-01
6.075599364632558718e+04 9.958215476898288898e-01
6.075599390638618206e+04 1.015364988985185457e+00
6.075599416644677694e+04 1.004697424722728050e+00
6.075599442650737910e+04 9.889599810631759524e-01
6.075599468656797399e+04 1.017781868382706012e+00
6.075599494662857614e+04 9.977396908099294137e-01
6.075599520668917103e+04 9.991063243781124203e-01
6.075599546674976591e+04 9.859795878225428023e-01
6.075599572681036079e+04 9.840659152396139531e-01
6.075599598687096295e+04 1.054493824952672965e+00
6.075599624693155783e+04 9.820848118886502665e-01
6.075599650699215999e+04 9.594788096512453235e-01
6.075599676705275488e+04 9.864582344694274862e-01
6.075599702711334976e+04 1.022906099955835701e+00
6.075599728717395192e+04 9.568197381747696184e-01
6.075599754723455408e+04 1.015945064362472561e+00
6.075599780729514896e+04 1.026104634223754530e+00
6.075599806735574384e+04 9.930038187106425829e-01
6.075599832741634600e+04 9.588912888782314958e-01
6.075599858747694088e+04 9.906522198044838134e-01
6.075599884753753577e+04 1.002401304335500898e+00
6.075599910759813065e+04 9.748654352188079741e-01
6.075599936765874008e+04 1.004634263307070841e+00
6.075600091310295102e+04 9.859628250636599534e-01
6.075600117316365504e+04 1.027537826194397264e+00
6.075600143322435179e+04 9.957710592218045331e-01
6.075600169328505581e+04 9.810911175131141748e-01
6.075600195334576711e+04 9.858143978917929262e-01
6.075600221340647113e+04 1.017043093286034372e+00
6.075600247346717515e+04 9.617304324080170330e-01
6.075600273352787190e+04 1.001889811240423533e+00
6.075600299358858319e+04 9.974606625230096890e-01
6.075600325364928722e+04 1.008420545945756697e+00
6.075600351370998396e+04 9.974160225488433174e-01
6.075600377377069526e+04 9.521412864945590915e-01
6.075600403383139928e+04 9.933304318930984422e-01
6.075600429389210331e+04 9.835692326790212991e-01
6.075600455395280733e+04 9.770832564500808726e-01
6.075600481401350407e+04 9.768921074062286714e-01
6.075600507407421537e+04 9.981657208900566181e-01
6.075600533413491939e+04 1.023035313596788010e+00
6.075600559419562342e+04 1.000218658370753744e+00
6.075600585425632744e+04 9.556853873095705332e-01
6.075600611431703146e+04 1.031868516304768280e+00
6.075600637437773548e+04 9.772578799282823914e-01
6.075600663443843951e+04 1.062021128109349677e+00
6.075600689449914353e+04 9.611709299528269357e-01
6.075600715455985483e+04 9.947395558705313112e-01
6.075600741462055157e+04 9.859295424328993196e-01
6.075600767468125559e+04 9.954403280730407255e-01
6.075600793474195962e+04 1.020801957456563880e+00
6.075600819480266364e+04 1.001569417422851327e+00
6.075600845486336766e+04 1.082196480226106372e+00
6.075600871492407168e+04 9.761060303339015309e-01
6.075600897498478298e+04 1.008393118420823020e+00
6.075600923504548700e+04 1.002444897676996183e+00
6.075600949510618375e+04 9.882404115436921321e-01
6.075600975516688777e+04 9.942750852316329935e-01
6.075601001522759907e+04 1.016926775762511115e+00
6.075601027528830309e+04 9.724714739910852446e-01
6.075601053534900711e+04 1.008776475543663675e+00
6.075601079540970386e+04 1.000738624783702679e+00
6.075601105547041516e+04 1.017161025522687279e+00
6.075601131553111918e+04 9.957226794305832351e-01
6.075601157559181593e+04 1.010156185804020224e+00
6.075601183565252722e+04 9.942498986840054842e-01
6.075601209571323125e+04 9.385242249277075954e-01
6.075601235577393527e+04 9.978995843103093399e-01
6.075601261583463929e+04 9.846488883599108233e-01
6.075601287589534331e+04 9.809898307932878314e-01
6.075601313595604734e+04 9.884729309353422755e-01
6.075601339601675136e+04 9.975926359178681757e-01
6.075601365607746266e+04 1.001542638108675165e+00
6.075601391613816668e+04 9.775934574325271242e-01
6.075601417619886342e+04 1.038128850382332713e+00
6.075601443625956745e+04 9.895814098490404165e-01
6.075601469632027874e+04 9.908127676244656845e-01
6.075601495638097549e+04 9.985676377137699955e-01
6.075601521644168679e+04 1.024997850411772049e+00
6.075601547650239081e+04 1.009868732585758933e+00
6.075601573656309483e+04 1.031847441995493053e+00
6.075601599662379886e+04 9.851697438367771342e-01
6.075601625668450288e+04 9.639444592420305380e-01
6.075601651674520690e+04 9.692866916205120642e-01
6.075601677680591092e+04 1.031687419195417066e+00
6.075601703686661494e+04 9.956024982625060193e-01
6.075601729692732624e+04 9.840475967626158837e-01
6.075601755698802299e+04 1.003978501654655853e+00
6.075601781704872701e+04 1.000274882357892192e+00
6.075601807710943831e+04 1.014707078041971355e+00
6.075601833717014233e+04 9.546636278992514102e-01
6.075601859723084635e+04 9.986071095082273974e-01
6.075601885729155038e+04 1.005439820631453651e+00
6.075601911735225440e+04 9.463611186192982805e-01
6.075601937741295842e+04 1.039766449290604911e+00
6.075601963747365517e+04 1.016389449509337739e+00
6.075601989753436646e+04 1.015175187803307955e+00
6.075602015759507049e+04 9.622108920434020440e-01
6.075602041765577451e+04 9.780282545191509858e-01
6.075602067771648581e+04 9.684789601935100967e-01
6.075602093777718255e+04 1.023771113400503197e+00
6.075602119783788658e+04 9.816501352819345660e-01
6.075602145789859787e+04 1.014410879246900654e+00
6.075602171795930190e+04 1.022259424626510427e+00
6.075602197802000592e+04 9.713821001895518448e-01
6.075602223808070994e+04 1.001805020635529786e+00
6.075602249814141396e+04 1.008512207849036502e+00
6.075602275820211798e+04 9.907656988687033595e-01
6.075602301826282201e+04 9.625214240199000404e-01
6.075602327832352603e+04 9.858138011216518448e-01
6.075602353838423005e+04 1.000957838830196511e+00
6.075602379844494135e+04 9.822341822944673506e-01
6.075602405850564537e+04 9.987968366148792798e-01
6.075602431856634212e+04 1.024220580227616972e+00
6.075602457862704614e+04 1.007440045672048035e+00
6.075602483868775744e+04 9.782728034093443048e-01
6.075602509874846146e+04 1.009957819534841317e+00
6.075602535880916548e+04 1.000040578435133387e+00
6.075602561886986950e+04 9.515482652744097214e-01
6.075602587893057353e+04 9.961094711857055861e-01
6.075602613899127755e+04 1.001796362674985952e+00
6.075602639905198885e+04 1.050604091968166731e+00
6.075602665911269287e+04 9.871763793124261888e-01
6.075602691917338962e+04 9.911243436466730117e-01
6.075602717923410091e+04 9.857329726296570893e-01
6.075602743929480494e+04 1.042969848292959245e+00
6.075602769935550168e+04 9.888030223737320767e-01
6.075602795941621298e+04 9.934640184985547018e-01
6.075602821947691700e+04 9.935153454681618923e-01
6.075602847953762102e+04 9.906413942307658038e-01
6.075602873959833232e+04 1.028472129406215574e+00
6.075602899965902907e+04 1.058169762443115225e+00
6.075602925971973309e+04 9.888238148774313174e-01
6.075603093119423283e+04 9.974070438882515210e-01
6.075603119125482772e+04 9.968101631613986990e-01
6.075603145131542988e+04 1.027497445271710497e+00
6.075603171137602476e+04 9.867495803108264907e-01
6.075603197143662692e+04 1.006297553683292323e+00
6.075603223149722908e+04 1.030058176453986007e+00
6.075603249155782396e+04 9.864000676970481329e-01
6.075603275161842612e+04 9.842224958386098788e-01
6.075603301167902100e+04 1.005303329549397162e+00
6.075603327173962316e+04 9.923156286084595656e-01
6.075603353180022532e+04 1.017980395303335506e+00
6.075603379186082020e+04 1.016854008646532082e+00
6.075603405192141508e+04 9.637757050355880706e-01
6.075603431198201724e+04 9.722696963089715316e-01
6.075603457204261213e+04 9.860148818588880815e-01
6.075603483210320701e+04 1.001781256180740654e+00
6.075603509216381644e+04 1.012302079590690518e+00
6.075603535222441133e+04 1.038493036611327192e+00
6.075603561228501349e+04 9.699042091891632023e-01
6.075603587234560837e+04 9.422409462318072082e-01
6.075603613240621053e+04 1.028740538644632219e+00
6.075603639246681269e+04 9.790486520430706774e-01
6.075603665252740757e+04 9.711686406060893173e-01
6.075603691258800245e+04 9.986094441116588616e-01
6.075603717264860461e+04 9.841443381761718623e-01
6.075603743270919949e+04 9.819210806294883520e-01
6.075603769276979438e+04 1.017486413323798633e+00
6.075603795283040381e+04 9.933194437395687082e-01
6.075603821289099869e+04 1.031012273655245837e+00
6.075603847295160085e+04 1.024363202913795012e+00
6.075603873301219573e+04 1.045471645285449336e+00
6.075603899307279789e+04 9.775044788566574772e-01
6.075603925313340005e+04 1.012243874528348853e+00
6.075603951319399494e+04 9.839723781813884962e-01
6.075603977325458982e+04 1.027787663715894251e+00
6.075604003331519198e+04 9.861674980550705349e-01
6.075604029337578686e+04 1.023965455569670890e+00
6.075604055343638902e+04 9.754496173932715175e-01
6.075604081349698390e+04 1.008274881489151786e+00
6.075604107355758606e+04 1.008627873916280837e+00
6.075604133361818822e+04 9.645058270479485163e-01
6.075604159367878310e+04 9.857357969210926996e-01
6.075604185373938526e+04 9.984387910729546345e-01
6.075604211379998742e+04 1.025227397892250591e+00
6.075604237386058230e+04 9.779711440056615412e-01
6.075604263392118446e+04 1.046544175388087305e+00
6.075604289398177934e+04 9.731725391035335182e-01
6.075604315404237423e+04 9.787685897897647758e-01
6.075604341410297639e+04 1.038308110789770922e+00
6.075604367416357127e+04 1.020507770937236769e+00
6.075604393422418070e+04 9.850958091775828818e-01
6.075604419428477559e+04 1.026014369827495942e+00
6.075604445434537047e+04 9.659216878217333768e-01
6.075604471440597990e+04 1.016438514810634519e+00
6.075604497446657479e+04 1.009993455111018124e+00
6.075604523452717694e+04 9.600488125002140105e-01
6.075604549458777183e+04 9.886230959393351725e-01
6.075604575464836671e+04 9.683684704595590942e-01
6.075604601470896887e+04 1.008747038469752555e+00
6.075604627476956375e+04 9.810317781686085370e-01
6.075604653483016591e+04 1.051706619861543679e+00
6.075604679489076807e+04 9.422824947009273977e-01
6.075604705495136295e+04 1.028746399484727458e+00
6.075604731501196511e+04 9.934296069058760059e-01
6.075604757507256727e+04 1.029304213316366567e+00
6.075604783513316943e+04 1.076709642538004275e+00
6.075604809519376431e+04 1.008352062039991726e+00
6.075604835525435919e+04 9.674501932870895882e-01
6.075604861531496135e+04 9.904671057310378002e-01
6.075604887537555624e+04 9.981721838477011222e-01
6.075604913543615839e+04 9.986240641780168570e-01
6.075604939549675328e+04 1.004014104082618486e+00
6.075604965555735544e+04 1.002147300083170656e+00
6.075604991561795759e+04 1.057530639802138239e+00
6.075605017567855248e+04 9.976318580063500141e-01
6.075605043573915464e+04 1.002023362025115993e+00
6.075605069579975680e+04 1.012901294210426517e+00
6.075605095586035168e+04 1.009524396375722333e+00
6.075605121592095384e+04 9.808868759430156015e-01
6.075605147598154872e+04 1.016436990117917549e+00
6.075605173604215088e+04 1.003977685678353104e+00
6.075605199610274576e+04 9.682617693697879169e-01
6.075605225616334792e+04 9.938966756484162168e-01
6.075605251622395008e+04 1.033687594035409996e+00
6.075605277628454496e+04 9.846521730505738423e-01
6.075605303634514712e+04 1.025668234309598637e+00
6.075605329640574200e+04 1.030055055880298776e+00
6.075605355646635144e+04 1.004521606806880518e+00
6.075605381652694632e+04 9.729316384513710947e-01
6.075605407658754848e+04 1.026314663509329650e+00
6.075605433664814336e+04 9.719468357124121383e-01
6.075605459670873825e+04 1.011388882381418552e+00
6.075605485676934040e+04 1.061339950404763366e+00
6.075605511682993529e+04 9.712623370668269640e-01
6.075605537689054472e+04 1.003865087489876906e+00
6.075605563695113960e+04 1.014026745598349599e+00
6.075605589701174176e+04 9.717698775592662486e-01
6.075605615707233665e+04 1.036627660773272064e+00
6.075605641713293880e+04 1.012897310752002733e+00
6.075605667719354096e+04 1.008381791372411129e+00
6.075605693725413585e+04 1.024356363018638971e+00
6.075605719731473800e+04 9.899994150132552795e-01
6.075605745737533289e+04 9.870790271814056105e-01
6.075605771743593505e+04 9.918713033821893177e-01
6.075605797749652993e+04 9.752069002737425718e-01
6.075605823755713209e+04 1.021598895286166320e+00
6.075605849761773425e+04 9.885392022201811013e-01
6.075605875767832913e+04 1.004898995582826915e+00
6.075605901773893129e+04 9.868865991113519032e-01
6.075605927779953345e+04 1.020140618736427474e+00
6.075606082322710427e+04 1.013447064453508517e+00
6.075606108328780829e+04 1.013815444626856799e+00
6.075606134334851231e+04 1.052661866642436106e+00
6.075606160340922361e+04 9.642557456098269641e-01
6.075606186346992035e+04 1.037887716963149520e+00
6.075606212353063165e+04 1.016656971411777688e+00
6.075606238359133567e+04 9.438485758985809548e-01
6.075606264365204697e+04 1.018239536374057286e+00
6.075606290371275099e+04 1.016138992538657249e+00
6.075606316377345502e+04 1.040442228928952551e+00
6.075606342383415904e+04 1.013563242343268778e+00
6.075606368389486306e+04 1.003169286600913646e+00
6.075606394395557436e+04 9.991672888903143646e-01
6.075606420401627838e+04 9.920308383649500961e-01
6.075606446407698240e+04 1.040581901261385944e+00
6.075606472413768643e+04 9.978355395624780577e-01
6.075606498419839772e+04 1.029941697764708897e+00
6.075606524425910175e+04 1.010780616329219006e+00
6.075606550431981304e+04 9.888136400015057337e-01
6.075606576438050979e+04 1.020460054674062089e+00
6.075606602444122109e+04 1.062735390601663665e+00
6.075606628450192511e+04 1.031600849366767436e+00
6.075606654456262913e+04 9.971278173434248160e-01
6.075606680462333316e+04 1.001344866400597056e+00
6.075606706468404445e+04 1.007602279555422031e+00
6.075606732474474848e+04 1.056201070982470513e+00
6.075606758480545250e+04 1.019367360995738103e+00
6.075606784486615652e+04 1.033753015439538681e+00
6.075606810492686054e+04 9.864037338048531334e-01
6.075606836498757184e+04 1.006360092750245627e+00
6.075606862504827586e+04 9.881192239129825694e-01
6.075606888510898716e+04 1.015717282444242198e+00
6.075606914516968391e+04 1.012729365994172293e+00
6.075606940523039520e+04 1.031516501896161842e+00
6.075606966529109923e+04 1.021895025926448763e+00
6.075606992535180325e+04 9.899970775090246589e-01
6.075607018541250727e+04 1.059985715005747453e+00
6.075607044547321857e+04 1.016116416820557866e+00
6.075607070553392259e+04 1.007778607641853119e+00
6.075607096559463389e+04 1.004047443859044098e+00
6.075607122565533064e+04 9.854807958252685962e-01
6.075607148571604193e+04 9.731401903526567532e-01
6.075607174577674596e+04 1.020510084748298851e+00
6.075607200583745725e+04 1.023745765907481786e+00
6.075607226589816128e+04 1.034409456598025967e+00
6.075607252595886530e+04 1.028567926605631788e+00
6.075607278601956932e+04 1.022954737090339572e+00
6.075607304608028062e+04 9.528521961839023779e-01
6.075607330614097737e+04 9.913178904620159049e-01
6.075607356620169594e+04 9.697384608475211332e-01
6.075607382626239269e+04 1.025506047862971615e+00
6.075607408632310398e+04 1.026150096959353775e+00
6.075607434638380801e+04 9.879170113251488639e-01
6.075607460644451203e+04 1.015912299418975762e+00
6.075607486650521605e+04 1.029023397389432937e+00
6.075607512656592735e+04 9.523289250900341951e-01
6.075607538662663137e+04 1.014500570639543353e+00
6.075607564668734267e+04 1.017428923122617679e+00
6.075607590674803942e+04 1.037413150712100940e+00
6.075607616680875071e+04 9.867643133099837094e-01
6.075607642686945474e+04 9.936299274416319216e-01
6.075607668693016603e+04 1.027591171264564673e+00
6.075607694699087006e+04 9.998749356647012032e-01
6.075607720705157408e+04 1.026639248392400505e+00
6.075607746711227810e+04 9.501477338401568273e-01
6.075607772717298940e+04 1.041407859504296152e+00
6.075607798723368614e+04 1.067930709812649148e+00
6.075607824729439744e+04 9.860645191899977124e-01
6.075607850735510146e+04 1.000835082805831444e+00
6.075607876741581276e+04 1.002019771720793040e+00
6.075607902747651679e+04 9.908105384641955338e-01
6.075607928753722081e+04 1.026871601585018112e+00
6.075607954759792483e+04 1.031001226595486431e+00
6.075607980765863613e+04 9.800553503788452803e-01
6.075608006771934015e+04 1.021169824100299994e+00
6.075608032778005145e+04 9.980640384938535004e-01
6.075608058784074819e+04 1.010770712176652264e+00
6.075608084790145949e+04 1.003868981736735444e+00
6.075608110796216351e+04 1.018896705586571194e+00
6.075608136802286754e+04 1.004682977610997119e+00
6.075608162808357156e+04 1.070771643347123048e+00
6.075608188814428286e+04 1.039397827825134790e+00
6.075608214820498688e+04 1.020912324431884732e+00
6.075608240826569818e+04 1.081558726094173917e+00
6.075608266832639492e+04 1.014655188008185993e+00
6.075608292838710622e+04 1.015223525429224560e+00
6.075608318844781024e+04 1.020980948336388305e+00
6.075608344850852154e+04 1.024781841862270282e+00
6.075608370856922556e+04 1.000060362183304852e+00
6.075608396862992959e+04 1.031930528880374620e+00
6.075608422869064088e+04 9.880406732148305782e-01
6.075608448875134491e+04 1.036540515493905135e+00
6.075608474881204893e+04 1.011177798486940338e+00
6.075608500887276023e+04 1.033480881577355959e+00
6.075608526893346425e+04 1.023149660459986343e+00
6.075608552899416827e+04 9.531032819110301091e-01
6.075608578905487957e+04 1.024584173050185454e+00
6.075608604911557632e+04 1.017845638302020239e+00
6.075608630917628761e+04 1.007568362304921861e+00
6.075608656923699164e+04 1.023507220471809198e+00
6.075608682929770293e+04 9.895057438759518043e-01
6.075608708935840696e+04 9.908980953657714474e-01
6.075608734941911098e+04 1.044120719788138585e+00
6.075608760947981500e+04 1.022810933425160052e+00
6.075608786954052630e+04 1.007318611645622086e+00
6.075608812960123760e+04 9.991849100527967487e-01
6.075608838966194162e+04 9.801126450572212878e-01
6.075608864972264564e+04 1.020637677254002229e+00
6.075608890978334966e+04 9.730413773828274770e-01
6.075608916984406096e+04 9.973816534139601231e-01
6.075609076569380704e+04 9.739786795853524470e-01
6.075609102575441648e+04 1.032337984788401775e+00
6.075609128581501136e+04 1.008530953423078191e+00
6.075609154587561352e+04 1.005011190790787712e+00
6.075609180593621568e+04 1.000580560146050679e+00
6.075609206599681784e+04 9.754709886619603587e-01
6.075609232605741272e+04 1.010632000503658201e+00
6.075609258611801488e+04 1.026949709511207898e+00
6.075609284617860976e+04 1.005922872138817814e+00
6.075609310623921192e+04 1.001570984359393179e+00
6.075609336629981408e+04 1.005074340915771636e+00
6.075609362636040896e+04 9.950597208507282465e-01
6.075609388642101840e+04 9.761682927640681351e-01
6.075609414648161328e+04 1.013507733872223149e+00
6.075609440654221544e+04 9.792001803678493932e-01
6.075609466660281760e+04 9.822479242792877541e-01
6.075609492666341976e+04 9.934406730502683969e-01
6.075609518672402191e+04 1.050804794898587025e+00
6.075609544678461680e+04 1.017161695779217556e+00
6.075609570684521896e+04 9.839318013604152480e-01
6.075609596690581384e+04 9.467332936919311548e-01
6.075609622696641600e+04 1.065355436115151599e+00
6.075609648702701088e+04 1.042256420727479593e+00
6.075609674708762032e+04 1.023010735251050907e+00
6.075609700714822247e+04 1.018198315274363441e+00
6.075609726720881736e+04 9.826387436520950258e-01
6.075609752726942679e+04 1.030908840013349259e+00
6.075609778733002167e+04 9.864883541258192556e-01
6.075609804739062383e+04 9.931810653541895961e-01
6.075609830745121872e+04 9.736529012356975876e-01
6.075609856751182087e+04 1.047431634558114055e+00
6.075609882757242303e+04 9.966908996719407998e-01
6.075609908763301792e+04 1.009294173825388441e+00
6.075609934769362008e+04 9.803637405007907812e-01
6.075609960775422223e+04 1.030720429510733949e+00
6.075609986781482439e+04 1.039186878577795126e+00
6.075610012787541928e+04 9.981445897927587740e-01
6.075610038793602143e+04 1.032505273167012350e+00
6.075610064799663087e+04 9.986611207351003827e-01
6.075610090805722575e+04 9.796364841656125533e-01
6.075610116811782791e+04 9.867233336468533844e-01
6.075610142817842279e+04 9.848274587055835250e-01
6.075610168823902495e+04 9.905483258934054680e-01
6.075610194829962711e+04 1.011523877636161250e+00
6.075610220836022199e+04 9.978453067297522461e-01
6.075610246842083143e+04 9.934062073588381114e-01
6.075610272848142631e+04 1.025529741654791049e+00
6.075610298854202847e+04 9.952521973508093867e-01
6.075610324860263063e+04 9.758953838013001425e-01
6.075610350866323279e+04 1.008165053290158930e+00
6.075610376872383495e+04 9.990964867909528646e-01
6.075610402878442983e+04 9.581636176802669214e-01
6.075610428884503199e+04 9.980235693115345752e-01
6.075610454890563415e+04 9.936317677648980329e-01
6.075610480896622903e+04 1.017075447084060835e+00
6.075610506902683119e+04 1.013951157034015838e+00
6.075610532908743335e+04 9.909223206712215459e-01
6.075610558914803551e+04 1.017322785509592542e+00
6.075610584920863766e+04 1.018848312522749877e+00
6.075610610926923255e+04 1.043404414766184729e+00
6.075610636932984198e+04 1.010168786196615986e+00
6.075610662939043686e+04 1.011267434055613146e+00
6.075610688945103902e+04 1.026269726849976749e+00
6.075610714951164118e+04 1.016627580506233919e+00
6.075610740957223607e+04 9.935563874180086685e-01
6.075610766963283822e+04 1.023750321638936756e+00
6.075610792969343311e+04 1.027433348557804216e+00
6.075610818975403527e+04 1.019986086522412183e+00
6.075610844981464470e+04 1.042015688547086594e+00
6.075610870987523958e+04 1.037279922734948956e+00
6.075610896993584174e+04 1.014946184926046158e+00
6.075610922999644390e+04 1.013718805076783802e+00
6.075610949005704606e+04 1.000691084396316599e+00
6.075610975011764822e+04 1.018649207467924311e+00
6.075611001017824310e+04 9.763175563586212746e-01
6.075611027023884526e+04 1.028246885604569449e+00
6.075611053029944742e+04 1.060903333181753894e+00
6.075611079036004230e+04 1.018228495814420764e+00
6.075611105042064446e+04 1.001953305325442578e+00
6.075611131048124662e+04 1.032571609946983937e+00
6.075611157054184878e+04 1.047819325936426793e+00
6.075611183060245094e+04 1.011712228967755145e+00
6.075611209066305310e+04 9.978834613385192398e-01
6.075611235072365525e+04 1.030967163633656591e+00
6.075611261078425741e+04 1.036010455735351998e+00
6.075611287084485230e+04 1.007673797504175406e+00
6.075611313090545445e+04 1.007215372704207912e+00
6.075611339096604934e+04 9.869125840186510068e-01
6.075611365102665150e+04 9.880958444253884476e-01
6.075611391108725365e+04 1.018895479756293243e+00
6.075611417114785581e+04 1.017213569314748822e+00
6.075611443120845797e+04 1.000032115693469503e+00
6.075611469126906013e+04 1.015485457706227557e+00
6.075611495132966229e+04 1.041330592013667067e+00
6.075611521139026445e+04 1.001862753333896405e+00
6.075611547145085933e+04 9.881894885949175089e-01
6.075611573151146149e+04 9.975355078070807791e-01
6.075611599157206365e+04 1.007752419482873529e+00
6.075611625163265853e+04 1.053432372260114214e+00
6.075611651169326069e+04 1.001456210811450864e+00
6.075611677175386285e+04 9.864287695054093641e-01
6.075611703181446501e+04 9.888374869798431943e-01
6.075611729187506717e+04 1.042413718845157211e+00
6.075611755193566933e+04 1.022437836596034932e+00
6.075611781199626421e+04 9.993083367148106744e-01
6.075611807205687364e+04 1.000855040040285582e+00
6.075611833211747580e+04 1.045264734467717282e+00
6.075611859217807068e+04 1.023338593954615572e+00
6.075611885223867284e+04 1.023032133290887158e+00
6.075611911229926773e+04 1.025627074765949054e+00
6.075612077117233275e+04 1.028907931391352504e+00
6.075612103123303677e+04 9.852744568308323680e-01
6.075612129129374080e+04 1.013156113303565364e+00
6.075612155135445209e+04 1.013639439853831092e+00
6.075612181141516339e+04 1.001546452098011963e+00
6.075612207147586741e+04 1.043646301695454026e+00
6.075612233153657144e+04 9.915116149046649952e-01
6.075612259159728274e+04 1.020002748325451902e+00
6.075612285165798676e+04 1.009417122567305425e+00
6.075612311171869806e+04 1.001570863163509406e+00
6.075612337177940935e+04 9.759905628023574087e-01
6.075612363184010610e+04 1.047469379500242770e+00
6.075612389190081740e+04 9.981235036553158801e-01
6.075612415196152870e+04 1.027095665919053769e+00
6.075612441202222544e+04 1.023155564276019724e+00
6.075612467208293674e+04 9.921510295139454039e-01
6.075612493214364804e+04 1.013383923928966590e+00
6.075612519220435206e+04 1.013701939007417785e+00
6.075612545226506336e+04 1.007673946345479354e+00
6.075612571232576738e+04 1.032155354621220988e+00
6.075612597238647140e+04 1.034667393386279999e+00
6.075612623244718270e+04 1.048613749002536677e+00
6.075612649250789400e+04 9.967820109868773537e-01
6.075612675256859802e+04 1.001660923811918069e+00
6.075612701262930204e+04 9.983175327076503347e-01
6.075612727269001334e+04 1.045731121967676591e+00
6.075612753275071736e+04 9.691562876358669198e-01
6.075612779281142139e+04 9.823336561256609256e-01
6.075612805287213268e+04 9.667180059484957733e-01
6.075612831293283671e+04 1.021125811153176022e+00
6.075612857299354800e+04 1.042719414992005822e+00
6.075612883305425930e+04 1.014872303687086363e+00
6.075612909311495605e+04 9.842199205655683958e-01
6.075612935317566735e+04 9.735347085864934913e-01
6.075612961323637865e+04 9.989422207843535739e-01
6.075612987329708267e+04 1.020303789740813594e+00
6.075613013335779397e+04 1.013442990580415870e+00
6.075613039341849799e+04 1.028709544118606711e+00
6.075613065347920201e+04 1.026412389104591094e+00
6.075613091353991331e+04 1.056157142309609664e+00
6.075613117360061733e+04 1.040535199009704925e+00
6.075613143366133590e+04 1.020018838469206379e+00
6.075613169372203265e+04 9.955671521955006265e-01
6.075613195378274395e+04 1.046962027239855875e+00
6.075613221384345525e+04 1.013978955428189055e+00
6.075613247390415199e+04 9.540610433698299975e-01
6.075613273396486329e+04 9.919725356283990436e-01
6.075613299402557459e+04 1.075419171703865251e+00
6.075613325408627861e+04 1.018962616829484524e+00
6.075613351414698991e+04 1.052838983462941691e+00
6.075613377420769393e+04 1.061249300223712222e+00
6.075613403426840523e+04 1.030052675810235518e+00
6.075613429432910925e+04 1.036285753097083484e+00
6.075613455438982055e+04 1.007622066863721466e+00
6.075613481445053185e+04 1.019470273186545928e+00
6.075613507451122859e+04 1.048923217471947611e+00
6.075613533457193989e+04 9.836382101558136526e-01
6.075613559463265119e+04 1.039726628214968196e+00
6.075613585469334794e+04 1.029407951256730902e+00
6.075613611475405924e+04 1.003330123771431603e+00
6.075613637481477053e+04 1.043809926867772075e+00
6.075613663487548183e+04 1.011376359024597882e+00
6.075613689493618585e+04 9.967523480896423038e-01
6.075613715499688988e+04 9.801322194944115385e-01
6.075613741505760117e+04 9.853142828999331693e-01
6.075613767511830520e+04 1.001360669314344864e+00
6.075613793517901649e+04 1.009666307677714814e+00
6.075613819523972779e+04 9.897165351317001036e-01
6.075613845530043181e+04 9.800657044322127476e-01
6.075613871536113584e+04 9.994666863486689756e-01
6.075613897542184714e+04 1.019921488107967900e+00
6.075613923548255116e+04 1.003765336175014289e+00
6.075613949554325518e+04 9.995794200416110442e-01
6.075613975560396648e+04 1.069950345162235861e+00
6.075614001566467778e+04 1.035525006810203097e+00
6.075614027572538907e+04 1.060213358018450958e+00
6.075614053578608582e+04 9.976696526582261582e-01
6.075614079584679712e+04 9.903619408653603351e-01
6.075614105590750842e+04 1.008201939563537319e+00
6.075614131596821244e+04 9.849265394873299995e-01
6.075614157602892374e+04 9.979511437194414913e-01
6.075614183608962776e+04 9.933452166638312431e-01
6.075614209615033906e+04 9.841058320663380599e-01
6.075614235621104308e+04 1.002319178554242463e+00
6.075614261627174710e+04 1.017847242787776940e+00
6.075614287633246568e+04 9.928698628551052563e-01
6.075614313639316970e+04 1.042883982108700813e+00
6.075614339645387372e+04 1.024877107184221314e+00
6.075614365651458502e+04 1.018474594406919786e+00
6.075614391657528904e+04 1.026101050305539664e+00
6.075614417663600034e+04 9.816152635450142716e-01
6.075614443669670436e+04 9.833251133949523215e-01
6.075614469675741566e+04 9.801194090427974848e-01
6.075614495681812696e+04 9.775866261397655466e-01
6.075614521687882370e+04 1.000520266911688383e+00
6.075614547693953500e+04 1.006212945608006892e+00
6.075614573700024630e+04 9.955318250475706510e-01
6.075614599706095760e+04 1.032197632348271332e+00
6.075614625712166162e+04 1.011725469313261128e+00
6.075614651718236564e+04 9.835095013073290593e-01
6.075614677724307694e+04 1.038388370596478039e+00
6.075614703730378824e+04 1.039929912539215406e+00
6.075614729736448498e+04 9.853155482198111548e-01
6.075614755742519628e+04 1.028826439151194982e+00
6.075614781748590758e+04 9.964649627321060521e-01
6.075614807754661888e+04 1.049759853613644989e+00
6.075614833760732290e+04 1.007940074664385399e+00
6.075614859766802692e+04 1.044382731082388549e+00
6.075614885772873822e+04 1.051788916197279100e+00
6.075614911778944952e+04 9.934347057428819516e-01
