6.075585120116569306e+04 1.048516542102686966e+00
6.075585146121949219e+04 1.064139844318637618e+00
6.075585172127328406e+04 1.038066387098211196e+00
6.075585198132708319e+04 9.706074351015031576e-01
6.075585224138088233e+04 9.528476692919478630e-01
6.075585250143468147e+04 9.864962911386200295e-01
6.075585276148847333e+04 1.154415529553888486e+00
6.075585302154227247e+04 9.919456700685502781e-01
6.075585328159607161e+04 8.421806691536727341e-01
6.075585354164987803e+04 8.259648991747078339e-01
6.075585380170368444e+04 8.704718903988371004e-01
6.075585406175747630e+04 1.228689932989729838e+00
6.075585432181127544e+04 1.024747066100150983e+00
6.075585458186507458e+04 9.076008069604913908e-01
6.075585484191887372e+04 9.161043753564200864e-01
6.075585510197266558e+04 1.030616235851542273e+00
6.075585536202646472e+04 8.082528434402445061e-01
6.075585562208026386e+04 1.045367740818551772e+00
6.075585588213406299e+04 9.895711738782837497e-01
6.075585614218786213e+04 1.248170896057419377e+00
6.075585640224165400e+04 7.879131224059302552e-01
6.075585666229546041e+04 1.069485575246813758e+00
6.075585692234926682e+04 1.023653887163909593e+00
6.075585718240306596e+04 9.785945787983748589e-01
6.075585744245685783e+04 9.505130614155524738e-01
6.075585770251065696e+04 1.175474241090636252e+00
6.075585796256445610e+04 1.028465587157507910e+00
6.075585822261825524e+04 9.794403880267050777e-01
6.075585848267205438e+04 1.077033465214618957e+00
6.075585874272584624e+04 1.041617471432972231e+00
6.075585900277964538e+04 9.883808169435379654e-01
6.075585926283344452e+04 9.845594204122487536e-01
6.075585952288725093e+04 1.013857546462360260e+00
6.075585978294105735e+04 8.081723510083039796e-01
6.075586004299484921e+04 1.029296881060679070e+00
6.075586030304864835e+04 9.619178796913727680e-01
6.075586056310244749e+04 6.533864143015010173e-01
6.075586082315624662e+04 1.094368164635839413e+00
6.075586108321004576e+04 9.546325733990642659e-01
6.075586134326383763e+04 1.044313350799729978e+00
6.075586160331763676e+04 9.478678373426736581e-01
6.075586186337143590e+04 8.637063565781472052e-01
6.075586212342523504e+04 8.556874458277838880e-01
6.075586238347903418e+04 1.002223160771259947e+00
6.075586264353283332e+04 1.010166481251907111e+00
6.075586290358663973e+04 9.458512787473606354e-01
6.075586316364043887e+04 1.077770364491411170e+00
6.075586342369423801e+04 9.333068711995206046e-01
6.075586368374803715e+04 8.680301712951721260e-01
6.075586394380182901e+04 9.142566833927208148e-01
6.075586420385562815e+04 8.341095176852257875e-01
6.075586446390942729e+04 8.343074617826139461e-01
6.075586472396322642e+04 8.216377185835225250e-01
6.075586498401702556e+04 9.874690572711541936e-01
6.075586524407081743e+04 9.456716747460924832e-01
6.075586550412462384e+04 1.170119844317199176e+00
6.075586576417843025e+04 6.140078664708655820e-01
6.075586602423222939e+04 1.047125135144585828e+00
6.075586628428602853e+04 7.825444534937657792e-01
6.075586654433982039e+04 1.175926103880093665e+00
6.075586680439361953e+04 1.000707923258384868e+00
6.075586706444741867e+04 9.641694744965282338e-01
6.075586732450121781e+04 8.781654960623472839e-01
6.075586758455501695e+04 8.548223775961529824e-01
6.075586784460881609e+04 8.819513423248079853e-01
6.075586810466260795e+04 9.076378380183237615e-01
6.075586836471640709e+04 1.038619197772076452e+00
6.075586862477021350e+04 7.812490498679157680e-01
6.075586888482401991e+04 7.810417917490091178e-01
6.075586914487781905e+04 1.033614432624800239e+00
6.075586940493161092e+04 9.920577557814538316e-01
6.075586966498541005e+04 1.051954223652573406e+00
6.075586992503920919e+04 8.874110062136103538e-01
6.075587018509300833e+04 6.847979514771875831e-01
6.075587044514680747e+04 7.464544107460073796e-01
6.075587070520060661e+04 9.061790989187776812e-01
6.075587096525439847e+04 9.624114570028132754e-01
6.075587122530819761e+04 1.030285196914768608e+00
6.075587148536199675e+04 8.189261376426650862e-01
6.075587174541581044e+04 1.243832802989474073e+00
6.075587200546960958e+04 8.330518155141558578e-01
6.075587226552340871e+04 1.015110493858569773e+00
6.075587252557720058e+04 9.500405706550988372e-01
6.075587278563099972e+04 1.156584450880542736e+00
6.075587304568479885e+04 1.089685791987878183e+00
6.075587330573859799e+04 5.139013971697544703e-01
6.075587356579239713e+04 1.064255109672793020e+00
6.075587382584619627e+04 1.269993303427376707e+00
6.075587408589998813e+04 1.166917637577808975e+00
6.075587434595378727e+04 1.037712390830216602e+00
6.075587460600759368e+04 9.313820644630054213e-01
6.075587486606140010e+04 1.005888514018915769e+00
6.075587512611519924e+04 1.277611150091352066e+00
6.075587538616899838e+04 1.137860208448190580e+00
6.075587564622279751e+04 9.152958304949785351e-01
6.075587590627658938e+04 1.096894530496512088e+00
6.075587616633038851e+04 1.112045285265208072e+00
6.075587642638418765e+04 7.961355713937743328e-01
6.075587668643798679e+04 1.024841413051780226e+00
6.075587694649178593e+04 1.136546827503429835e+00
6.075587720654558507e+04 9.943007578969599303e-01
6.075587746659937693e+04 8.966167104059314941e-01
6.075587772665318334e+04 8.068510769210944789e-01
6.075587798670698976e+04 9.775503142049645211e-01
6.075587824676078890e+04 8.480380731294188124e-01
6.075587850681458804e+04 1.135411167334119620e+00
6.075587876686838717e+04 8.202118601105125029e-01
6.075587902692218631e+04 1.288971266550700934e+00
6.075587928697597818e+04 9.527451729906295519e-01
6.075587954702977731e+04 1.089284069681632161e+00
6.075588115586427011e+04 9.308844320726443744e-01
6.075588141592496686e+04 9.667684563834054723e-01
6.075588167598567088e+04 8.165315111642000856e-01
6.075588193604636763e+04 1.129626704160507700e+00
6.075588219610707165e+04 8.547935653454096228e-01
6.075588245616777567e+04 7.619704729689545930e-01
6.075588271622847242e+04 9.195719304129862381e-01
6.075588297628917644e+04 1.009997131918174640e+00
6.075588323634988046e+04 8.870717805726073824e-01
6.075588349641056993e+04 7.702654009842269112e-01
6.075588375647127395e+04 9.215095162944615392e-01
6.075588401653197798e+04 9.975782421744762152e-01
6.075588427659268200e+04 8.938216966756599158e-01
6.075588453665338602e+04 9.976935060485299100e-01
6.075588479671408277e+04 8.794747939538056780e-01
6.075588505677478679e+04 9.259392287826248014e-01
6.075588531683548354e+04 1.010714246187796261e+00
6.075588557689618756e+04 7.639565531114065333e-01
6.075588583695689158e+04 7.220311761546455154e-01
6.075588609701758833e+04 9.205727918305971480e-01
6.075588635707829235e+04 1.099684766148713688e+00
6.075588661713899637e+04 1.078441671666913626e+00
6.075588687719969312e+04 8.570079768765080930e-01
6.075588713726038986e+04 1.114411792342981267e+00
6.075588739732109389e+04 8.489384898884474451e-01
6.075588765738179791e+04 8.037268734689648753e-01
6.075588791744250193e+04 1.084048031107548660e+00
6.075588817750319868e+04 9.160335956695012660e-01
6.075588843756390270e+04 8.001805647159262458e-01
6.075588869762460672e+04 1.133151877688037157e+00
6.075588895768530347e+04 1.011791590245790129e+00
6.075588921774600749e+04 9.164095324549585975e-01
6.075588947780670424e+04 9.716833394494347464e-01
6.075588973786740826e+04 1.087178644728729937e+00
6.075588999792811228e+04 7.189220511446650086e-01
6.075589025798880903e+04 9.086444661711994275e-01
6.075589051804952032e+04 7.540580481533325496e-01
6.075589077811021707e+04 7.644232998863490502e-01
6.075589103817091382e+04 9.602760540474760687e-01
6.075589129823161784e+04 9.639283417606626658e-01
6.075589155829231458e+04 9.683964538926937982e-01
6.075589181835301861e+04 9.427236914420393799e-01
6.075589207841372263e+04 8.893758097047660405e-01
6.075589233847442665e+04 1.053765356199030778e+00
6.075589259853513067e+04 9.096862620176174863e-01
6.075589285859582742e+04 1.178553547103389665e+00
6.075589311865652417e+04 7.207316227671228814e-01
6.075589337871722819e+04 1.005223282804202478e+00
6.075589363877793221e+04 7.628856201215541422e-01
6.075589389883863623e+04 1.020018097056279993e+00
6.075589415889933298e+04 9.679036136545330349e-01
6.075589441896003700e+04 9.119627313650012779e-01
6.075589467902074102e+04 1.265557716816549716e+00
6.075589493908143777e+04 7.272298379841203309e-01
6.075589519914213452e+04 1.031383172168856444e+00
6.075589545920283854e+04 8.221701552410833891e-01
6.075589571926354256e+04 1.028542059186460911e+00
6.075589597932424658e+04 9.285765228908138269e-01
6.075589623938494333e+04 8.553881625121464438e-01
6.075589649944564735e+04 6.833508626716616741e-01
6.075589675950635137e+04 9.356584930357370045e-01
6.075589701956705539e+04 7.890629922280494313e-01
6.075589727962775942e+04 9.672493551884244756e-01
6.075589753968844889e+04 8.821366406893450529e-01
6.075589779974915291e+04 9.177530739983809083e-01
6.075589805980985693e+04 7.538713081218657575e-01
6.075589831987055368e+04 9.196823277752916859e-01
6.075589857993125770e+04 9.180738769054219706e-01
6.075589883999196172e+04 1.035988743344542495e+00
6.075589910005266574e+04 1.712102014024920793e+00
6.075589936011336977e+04 7.828428185821526553e-01
6.075589962017406651e+04 9.806451337994777084e-01
6.075589988023477054e+04 1.036861292126951106e+00
6.075590014029546728e+04 1.101407121672631551e+00
6.075590040035617130e+04 8.465786300869211356e-01
6.075590066041687533e+04 1.077775262288569014e+00
6.075590092047757207e+04 1.186897584240783177e+00
6.075590118053827609e+04 8.634176368883599295e-01
6.075590144059898012e+04 1.139600231369140015e+00
6.075590170065967686e+04 1.022724901855498025e+00
6.075590196072038816e+04 9.996499023529072936e-01
6.075590222078108491e+04 9.375781650277811297e-01
6.075590248084178893e+04 1.115983794087039849e+00
6.075590274090249295e+04 1.047243887595697087e+00
6.075590300096318242e+04 1.036956522657525692e+00
6.075590326102388644e+04 9.135797408447223766e-01
6.075590352108459047e+04 9.758200270842023460e-01
6.075590378114529449e+04 1.012292127633335204e+00
6.075590404120599851e+04 1.095777687616753981e+00
6.075590430126669526e+04 9.316908320759655915e-01
6.075590456132739928e+04 9.332584181727852091e-01
6.075590482138810330e+04 9.127080365255227923e-01
6.075590508144880732e+04 8.990708189211858992e-01
6.075590534150951135e+04 8.213320809794415478e-01
6.075590560157020809e+04 8.404881720315059423e-01
6.075590586163091211e+04 9.326910122979163997e-01
6.075590612169160886e+04 9.241559064111199984e-01
6.075590638175230561e+04 1.147180601828504454e+00
6.075590664181300963e+04 7.595517334260848408e-01
6.075590690187371365e+04 7.040046785511178129e-01
6.075590716193441767e+04 1.001576150674780230e+00
6.075590742199512169e+04 7.990563811510932313e-01
6.075590768205581844e+04 1.047942898656532229e+00
6.075590794211652246e+04 9.749465673717709890e-01
6.075590820217722649e+04 1.146782541711114378e+00
6.075590846223793051e+04 9.583417429489806683e-01
6.075590872229863453e+04 7.624928418195365820e-01
6.075590898235933128e+04 1.076147285003703713e+00
6.075590924242003530e+04 8.935568061694599828e-01
6.075590950248073932e+04 9.086202845355313418e-01
6.075591106051386305e+04 8.986276502545699207e-01
6.075591132057445793e+04 1.117025169254084016e+00
6.075591158063505281e+04 7.589250132795988257e-01
6.075591184069564770e+04 8.148344628811120538e-01
6.075591210075624258e+04 9.085653439501751860e-01
6.075591236081683746e+04 1.072556103864366284e+00
6.075591262087743235e+04 1.042848110199604328e+00
6.075591288093802723e+04 7.828155445963972392e-01
6.075591314099862211e+04 9.992398092337176907e-01
6.075591340105922427e+04 1.152566244804755113e+00
6.075591366111981915e+04 9.138603476123700053e-01
6.075591392118041404e+04 9.125102107413359809e-01
6.075591418124100892e+04 9.738292298124666679e-01
6.075591444130160380e+04 9.545600408467209697e-01
6.075591470136219868e+04 9.346948501874619009e-01
6.075591496142279357e+04 9.902395286857436085e-01
6.075591522148338845e+04 8.373489267805777070e-01
6.075591548154399061e+04 6.845290683544574817e-01
6.075591574160458549e+04 9.179328177100326558e-01
6.075591600166518037e+04 8.835187696195110352e-01
6.075591626172577526e+04 1.085479401663548504e+00
6.075591652178637742e+04 1.137996677648084765e+00
6.075591678184697230e+04 1.032712206379400532e+00
6.075591704190756718e+04 8.712146532522008213e-01
6.075591730196816206e+04 9.301020243305118118e-01
6.075591756202875695e+04 1.052993432590787259e+00
6.075591782208935183e+04 7.216503081722497326e-01
6.075591808214994671e+04 8.201872286434735981e-01
6.075591834221054160e+04 8.143189005948100467e-01
6.075591860227113648e+04 1.044383630439616351e+00
6.075591886233173136e+04 8.959133896191465718e-01
6.075591912239232624e+04 9.074948112075366113e-01
6.075591938245292840e+04 7.852333936818053362e-01
6.075591964251352329e+04 9.318255707016372957e-01
6.075591990257411817e+04 1.096597587488025827e+00
6.075592016263471305e+04 9.632183303884448433e-01
6.075592042269530793e+04 8.973250407992674482e-01
6.075592068275590282e+04 9.674182109113869110e-01
6.075592094281649770e+04 1.082088415715658947e+00
6.075592120287709986e+04 9.217561529330969838e-01
6.075592146293769474e+04 1.071206250383738290e+00
6.075592172299828962e+04 1.038814409304294362e+00
6.075592198305888451e+04 1.135156229147667117e+00
6.075592224311948667e+04 7.647958700717235603e-01
6.075592250318008155e+04 7.997125359970964631e-01
6.075592276324067643e+04 1.038743804866695930e+00
6.075592302330127131e+04 8.068236447829895130e-01
6.075592328336186620e+04 9.120769333864815476e-01
6.075592354342246108e+04 1.260506185625081210e+00
6.075592380348305596e+04 9.982344750700975489e-01
6.075592406354365812e+04 8.009691266969815038e-01
6.075592432360425300e+04 9.749200326669383854e-01
6.075592458366484789e+04 8.529716274770829942e-01
6.075592484372544277e+04 1.019595527816440583e+00
6.075592510378604493e+04 8.909547821581754734e-01
6.075592536384663981e+04 1.016099543378835346e+00
6.075592562390723469e+04 9.306917977248826412e-01
6.075592588396782958e+04 7.563464741108422151e-01
6.075592614402842446e+04 1.026645581162434206e+00
6.075592640408901934e+04 9.044316978849484823e-01
6.075592666414961423e+04 9.759934264045403429e-01
6.075592692421020911e+04 1.035505112110888248e+00
6.075592718427081127e+04 1.038989736142125642e+00
6.075592744433140615e+04 8.243864410753397598e-01
6.075592770439200103e+04 1.154189773869303659e+00
6.075592796445260319e+04 8.164738023118126575e-01
6.075592822451319807e+04 1.025482229019740510e+00
6.075592848457379296e+04 7.505703992907636346e-01
6.075592874463438784e+04 8.812067766871509722e-01
6.075592900469498272e+04 8.531427100146932174e-01
6.075592926475557761e+04 9.086755015179955874e-01
6.075592952481617249e+04 8.873559623185479639e-01
6.075592978487676737e+04 9.631761379694598890e-01
6.075593004493736953e+04 8.410978231009951234e-01
6.075593030499796441e+04 6.998972157799571159e-01
6.075593056505855930e+04 8.084846078830781879e-01
6.075593082511916145e+04 9.491921905646704127e-01
6.075593108517975634e+04 1.065840031875269434e+00
6.075593134524035122e+04 9.512812644830381803e-01
6.075593160530094610e+04 8.021761962126968681e-01
6.075593186536154099e+04 1.134120660991469132e+00
6.075593212542213587e+04 1.047055661833491857e+00
6.075593238548273075e+04 1.041492135960557786e+00
6.075593264554332563e+04 9.538983697535540207e-01
6.075593290560392779e+04 8.851094958824047287e-01
6.075593316566452268e+04 1.063454987253351192e+00
6.075593342572511756e+04 8.553280587669753743e-01
6.075593368578571244e+04 9.050212351430596547e-01
6.075593394584631460e+04 1.016169351840319868e+00
6.075593420590690948e+04 1.001740581692055043e+00
6.075593446596750437e+04 1.007981934461098517e+00
6.075593472602809925e+04 9.145873433671529718e-01
6.075593498608869413e+04 8.626924257312040822e-01
6.075593524614928901e+04 8.297240744813034752e-01
6.075593550620988390e+04 7.729658565703849682e-01
6.075593576627048606e+04 7.559903837393816550e-01
6.075593602633108094e+04 8.294904604154460515e-01
6.075593628639167582e+04 1.056354527270731314e+00
6.075593654645227070e+04 1.007481007846613874e+00
6.075593680651287286e+04 9.981809220532225080e-01
6.075593706657346775e+04 1.094413263107401724e+00
6.075593732663406263e+04 7.475146801835478305e-01
6.075593758669465751e+04 9.263913274900886785e-01
6.075593784675525239e+04 9.883351422510154860e-01
6.075593810681584728e+04 9.367572743253349543e-01
6.075593836687644216e+04 8.038833200753922048e-01
6.075593862693704432e+04 9.307764032788408137e-01
6.075593888699763920e+04 8.449405260090815384e-01
6.075593914705823408e+04 8.101254005016707005e-01
6.075593940711883624e+04 7.968660645100723583e-01
6.075594106598430517e+04 7.786614205111115350e-01
6.075594132604500919e+04 9.388727560201387545e-01
6.075594158610571321e+04 8.713220836973568639e-01
6.075594184616640996e+04 8.657590997572573999e-01
6.075594210622711398e+04 1.019767014328917698e+00
6.075594236628781800e+04 9.978298935503896461e-01
6.075594262634852203e+04 8.501994533198921067e-01
6.075594288640922605e+04 8.958093155644627492e-01
6.075594314646992279e+04 8.536497757859634605e-01
6.075594340653063409e+04 7.672075393964881140e-01
6.075594366659133811e+04 9.914867593243766875e-01
6.075594392665203486e+04 8.596138382029770986e-01
6.075594418671273888e+04 1.119814967325734045e+00
6.075594444677344291e+04 9.944475569029023188e-01
6.075594470683414693e+04 6.084058603878464977e-01
6.075594496689485095e+04 1.114638481118588542e+00
6.075594522695554770e+04 7.936302095214512464e-01
6.075594548701625172e+04 8.144914376684424528e-01
6.075594574707695574e+04 9.287924100503739400e-01
6.075594600713765976e+04 7.231646616443757614e-01
6.075594626719836378e+04 1.005000377071676443e+00
6.075594652725906053e+04 7.511470276547841385e-01
6.075594678731976455e+04 7.396153207810999275e-01
6.075594704738046858e+04 9.974685711426778401e-01
6.075594730744116532e+04 9.757756075779335792e-01
6.075594756750187662e+04 6.798811170802298021e-01
6.075594782756257337e+04 7.497535570234724611e-01
6.075594808762328466e+04 9.589696726681283812e-01
6.075594834768398869e+04 1.132311707208621954e+00
6.075594860774468543e+04 6.713444764211966564e-01
6.075594886780538945e+04 9.688798799258439010e-01
6.075594912786609348e+04 5.972658929214045287e-01
6.075594938792679750e+04 8.137651383845242448e-01
6.075594964798750152e+04 1.042330306135935469e+00
6.075594990804819827e+04 1.047092645091033170e+00
6.075595016810890229e+04 9.357716812661484029e-01
6.075595042816960631e+04 1.100475842320359554e+00
6.075595068823031033e+04 7.970341126844520119e-01
6.075595094829101436e+04 9.363800808818293353e-01
6.075595120835171110e+04 9.028874798236442567e-01
6.075595146841241512e+04 8.918066681025662579e-01
6.075595172847312642e+04 7.289897732008755460e-01
6.075595198853382317e+04 8.896826069416277072e-01
6.075595224859452719e+04 7.743640779726880252e-01
6.075595250865523121e+04 9.144103697176942935e-01
6.075595276871593524e+04 1.051937385953813697e+00
6.075595302877663926e+04 9.573102316759913855e-01
6.075595328883733600e+04 9.213053465673529674e-01
6.075595354889804003e+04 8.307833267866473470e-01
6.075595380895874405e+04 7.935217426365112070e-01
6.075595406901944807e+04 9.690276099440515711e-01
6.075595432908015209e+04 1.063626034300157563e+00
6.075595458914084884e+04 1.069567214165964897e+00
6.075595484920156014e+04 8.126432342125774477e-01
6.075595510926226416e+04 9.441522796895462921e-01
6.075595536932296091e+04 8.562791079292016994e-01
6.075595562938366493e+04 1.085618910115146551e+00
6.075595588944436895e+04 1.220488979882745184e+00
6.075595614950507297e+04 9.669788079065791964e-01
6.075595640956577699e+04 8.389534378770596712e-01
6.075595666962647374e+04 8.215515079118415054e-01
6.075595692968717776e+04 1.149238316280446037e+00
6.075595718974788178e+04 8.895449970034399190e-01
6.075595744980858581e+04 8.420615646037135082e-01
6.075595770986929710e+04 1.052878307501057931e+00
6.075595796992999385e+04 6.413243005012222442e-01
6.075595822999069787e+04 9.198211384743876229e-01
6.075595849005140190e+04 9.434861450900543511e-01
6.075595875011209864e+04 6.007611049734463693e-01
6.075595901017280994e+04 9.062484572516650294e-01
6.075595927023350669e+04 1.073865173592008615e+00
6.075595953029421071e+04 9.470014405992621676e-01
6.075595979035491473e+04 1.042674008783436301e+00
6.075596005041561148e+04 9.501083475201986817e-01
6.075596031047632277e+04 7.756887704777603032e-01
6.075596057053702680e+04 9.230504649948011453e-01
6.075596083059773082e+04 1.194930565180890802e+00
6.075596109065843484e+04 8.571043465917952409e-01
6.075596135071913159e+04 8.238289655168776759e-01
6.075596161077983561e+04 1.007471323889728154e+00
6.075596187084053963e+04 7.988069426191100053e-01
6.075596213090124365e+04 1.090015661324587271e+00
6.075596239096194768e+04 1.029629271703863980e+00
6.075596265102265170e+04 1.059228752747838342e+00
6.075596291108335572e+04 9.381619647380670113e-01
6.075596317114405974e+04 8.508138881694787825e-01
6.075596343120475649e+04 9.870249793407477323e-01
6.075596369126546051e+04 8.785742072218011289e-01
6.075596395132616453e+04 9.474119998281539390e-01
6.075596421138686856e+04 7.841078333702371506e-01
6.075596447144757258e+04 8.740000898487735315e-01
6.075596473150827660e+04 1.235597852468493185e+00
6.075596499156898062e+04 6.669760343194889307e-01
6.075596525162968464e+04 8.103161014101277759e-01
6.075596551169038867e+04 9.984151716225060369e-01
6.075596577175109269e+04 9.484140258148151537e-01
6.075596603181178943e+04 9.100981586152074865e-01
6.075596629187249346e+04 1.135755250325584553e+00
6.075596655193319748e+04 9.211513475204082813e-01
6.075596681199390150e+04 8.049929150614777429e-01
6.075596707205460552e+04 1.177220743700790884e+00
6.075596733211530955e+04 9.496942451707042210e-01
6.075596759217601357e+04 8.618249488411815484e-01
6.075596785223671759e+04 7.049726763613454183e-01
6.075596811229741434e+04 8.330103361322966915e-01
6.075596837235811836e+04 1.064944114813916709e+00
6.075596863241882238e+04 8.195579295105491768e-01
6.075596889247953368e+04 9.409575500145153093e-01
6.075596915254023770e+04 1.172073658110537098e+00
6.075596941260093445e+04 8.553061875302251371e-01
6.075597102105359954e+04 1.011999500727524870e+00
6.075597128111420170e+04 1.118616816535798586e+00
6.075597154117479658e+04 9.114644942528692395e-01
6.075597180123539147e+04 8.695843294884700869e-01
6.075597206129598635e+04 1.053326800346452652e+00
6.075597232135658123e+04 8.287677379630367103e-01
6.075597258141718339e+04 9.474443940004250164e-01
6.075597284147777827e+04 9.994199910029938350e-01
6.075597310153837316e+04 1.155849638305790794e+00
6.075597336159897532e+04 8.776614109574344402e-01
6.075597362165957020e+04 9.074843267877366060e-01
6.075597388172016508e+04 8.651649393273648236e-01
6.075597414178077452e+04 9.778523120517096379e-01
6.075597440184136940e+04 1.006946320974114295e+00
6.075597466190196428e+04 1.101705350708285014e+00
6.075597492196255916e+04 8.711692276437746907e-01
6.075597518202315405e+04 1.247981067628757712e+00
6.075597544208374893e+04 7.525674997807069166e-01
6.075597570214434381e+04 8.368824287747104185e-01
6.075597596220494597e+04 9.307980726384249559e-01
6.075597622226554813e+04 7.122522377935266436e-01
6.075597648232614301e+04 1.160212272549990820e+00
6.075597674238673790e+04 1.257006901277705868e+00
6.075597700244734006e+04 9.995567288565213593e-01
6.075597726250793494e+04 7.991007609078784046e-01
6.075597752256853710e+04 9.020021364794361673e-01
6.075597778262913198e+04 6.953840151559183003e-01
6.075597804268972686e+04 1.010572212553195293e+00
6.075597830275032175e+04 5.897002274351434981e-01
6.075597856281091663e+04 1.052711585733945965e+00
6.075597882287151151e+04 1.197609462435095029e+00
6.075597908293212095e+04 9.489591350847164097e-01
6.075597934299271583e+04 7.445517990300977162e-01
6.075597960305331071e+04 9.317518601620475849e-01
6.075597986311390559e+04 9.266640623135079524e-01
6.075598012317450775e+04 1.007322003155931567e+00
6.075598038323510264e+04 9.134745380623628952e-01
6.075598064329570479e+04 8.330081219922012004e-01
6.075598090335629968e+04 9.990494345762755968e-01
6.075598116341689456e+04 1.004770398567906398e+00
6.075598142347748944e+04 1.102698980378636673e+00
6.075598168353808433e+04 8.063931349362776224e-01
6.075598194359869376e+04 1.105516806851676082e+00
6.075598220365928864e+04 1.094035940531211004e+00
6.075598246371988353e+04 1.021383860913867458e+00
6.075598272378047841e+04 8.520506323494287937e-01
6.075598298384108057e+04 9.079329357316500149e-01
6.075598324390167545e+04 9.771441410751168233e-01
6.075598350396227761e+04 1.031561836522670861e+00
6.075598376402287249e+04 8.857776619261261697e-01
6.075598402408346738e+04 9.386642945190540877e-01
6.075598428414406226e+04 1.197473298511513518e+00
6.075598454420465714e+04 7.938449070233875027e-01
6.075598480426526658e+04 9.498930843000300550e-01
6.075598506432586146e+04 8.366510951173317112e-01
6.075598532438645634e+04 9.822467361199670455e-01
6.075598558444705122e+04 9.925201555999120240e-01
6.075598584450765338e+04 7.266695437173361638e-01
6.075598610456825554e+04 7.114757121596302358e-01
6.075598636462885042e+04 1.004443932392732108e+00
6.075598662468944531e+04 8.782533712084912292e-01
6.075598688475004019e+04 1.017544326638425201e+00
6.075598714481063507e+04 1.029517938115312337e+00
6.075598740487123723e+04 6.939492222423554457e-01
6.075598766493183211e+04 8.866136430897199050e-01
6.075598792499243427e+04 8.058447794665302144e-01
6.075598818505302916e+04 1.011623678663638781e+00
6.075598844511362404e+04 1.017579207193622493e+00
6.075598870517423347e+04 1.113071445230474854e+00
6.075598896523482836e+04 1.068108353282404721e+00
6.075598922529542324e+04 8.957443604737632681e-01
6.075598948535601812e+04 8.758104960462663735e-01
6.075598974541661300e+04 9.707769737894732520e-01
6.075599000547721516e+04 1.096158420489105056e+00
6.075599026553781005e+04 1.018487977898022034e+00
6.075599052559840493e+04 9.168520904113043324e-01
6.075599078565900709e+04 5.301041632097124312e-01
6.075599104571960197e+04 9.445558981552740763e-01
6.075599130578020413e+04 1.009342390365162379e+00
6.075599156584080629e+04 9.420115199792957750e-01
6.075599182590140117e+04 9.146258001343865462e-01
6.075599208596199605e+04 8.619981809174870335e-01
6.075599234602259094e+04 8.265938484508024153e-01
6.075599260608319310e+04 8.825833728853668125e-01
6.075599286614378798e+04 1.197559661538406317e+00
6.075599312620438286e+04 1.011093558471834575e+00
6.075599338626497774e+04 1.082208728188048141e+00
6.075599364632558718e+04 8.954470492766363199e-01
6.075599390638618206e+04 8.321107792262151248e-01
6.075599416644677694e+04 9.206667458749814292e-01
6.075599442650737910e+04 5.757309151296226002e-01
6.075599468656797399e+04 9.852113607687602581e-01
6.075599494662857614e+04 1.034139061777227697e+00
6.075599520668917103e+04 9.184295639114403720e-01
6.075599546674976591e+04 1.008348311039249268e+00
6.075599572681036079e+04 7.593040963038901747e-01
6.075599598687096295e+04 7.658389657030919562e-01
6.075599624693155783e+04 7.660914173278835504e-01
6.075599650699215999e+04 8.664195295804176800e-01
6.075599676705275488e+04 9.193689084925374955e-01
6.075599702711334976e+04 6.949898432409286064e-01
6.075599728717395192e+04 1.102718017529086048e+00
6.075599754723455408e+04 7.940105156942499631e-01
6.075599780729514896e+04 7.481203706492677297e-01
6.075599806735574384e+04 1.023102910742353266e+00
6.075599832741634600e+04 8.797829962452675678e-01
6.075599858747694088e+04 8.825730811910362794e-01
6.075599884753753577e+04 1.073947869982086134e+00
6.075599910759813065e+04 7.744802387693364709e-01
6.075599936765874008e+04 1.213657703416491707e+00
6.075600091310295102e+04 9.988437481314783595e-01
6.075600117316365504e+04 8.778292041816349034e-01
6.075600143322435179e+04 9.804544938006395371e-01
6.075600169328505581e+04 9.298363260972821731e-01
6.075600195334576711e+04 7.381254594692763238e-01
6.075600221340647113e+04 1.046532796622778871e+00
6.075600247346717515e+04 7.659647969935049483e-01
6.075600273352787190e+04 8.381946758043409273e-01
6.075600299358858319e+04 9.820758597641808807e-01
6.075600325364928722e+04 1.146892386061628244e+00
6.075600351370998396e+04 8.037370511858702438e-01
6.075600377377069526e+04 9.523112504388662192e-01
6.075600403383139928e+04 6.550286126193760605e-01
6.075600429389210331e+04 9.528722068121661115e-01
6.075600455395280733e+04 8.459904476687772901e-01
6.075600481401350407e+04 1.059714596750525040e+00
6.075600507407421537e+04 9.234666100343553730e-01
6.075600533413491939e+04 8.559000913807092159e-01
6.075600559419562342e+04 8.962048248619327584e-01
6.075600585425632744e+04 9.277089037069888855e-01
6.075600611431703146e+04 1.065628559656136343e+00
6.075600637437773548e+04 1.109934547988679521e+00
6.075600663443843951e+04 6.977347399459095101e-01
6.075600689449914353e+04 9.003561307372542899e-01
6.075600715455985483e+04 8.120138528790679100e-01
6.075600741462055157e+04 9.686716408984971105e-01
6.075600767468125559e+04 7.952550266455317152e-01
6.075600793474195962e+04 8.874450198209342666e-01
6.075600819480266364e+04 1.023549971032996719e+00
6.075600845486336766e+04 9.495070329871162507e-01
6.075600871492407168e+04 9.353776472267353315e-01
6.075600897498478298e+04 9.815949371781662602e-01
6.075600923504548700e+04 1.051339402868754158e+00
6.075600949510618375e+04 8.095014679956332726e-01
6.075600975516688777e+04 8.611854010475027410e-01
6.075601001522759907e+04 8.305637955207437750e-01
6.075601027528830309e+04 7.372113996977230910e-01
6.075601053534900711e+04 9.288006275293844149e-01
6.075601079540970386e+04 6.723062696912704972e-01
6.075601105547041516e+04 7.394869420354026612e-01
6.075601131553111918e+04 5.720415726944325652e-01
6.075601157559181593e+04 9.997196731863772223e-01
6.075601183565252722e+04 1.043110225794300572e+00
6.075601209571323125e+04 9.277902809229907621e-01
6.075601235577393527e+04 9.039011897415235586e-01
6.075601261583463929e+04 7.712729506617991282e-01
6.075601287589534331e+04 1.111990618120276109e+00
6.075601313595604734e+04 1.057317226168333013e+00
6.075601339601675136e+04 9.376183778819439096e-01
6.075601365607746266e+04 1.010844042101383344e+00
6.075601391613816668e+04 8.705958621996885416e-01
6.075601417619886342e+04 9.264420151203980325e-01
6.075601443625956745e+04 8.435289419207948614e-01
6.075601469632027874e+04 1.022380063574533704e+00
6.075601495638097549e+04 8.176974612769918327e-01
6.075601521644168679e+04 9.256212950762741087e-01
6.075601547650239081e+04 1.023428148869509835e+00
6.075601573656309483e+04 9.856604873566335856e-01
6.075601599662379886e+04 1.102360332014328481e+00
6.075601625668450288e+04 1.141858196912458379e+00
6.075601651674520690e+04 9.506865502875549989e-01
6.075601677680591092e+04 1.001892025502482353e+00
6.075601703686661494e+04 7.935508556351135168e-01
6.075601729692732624e+04 8.129788905504916618e-01
6.075601755698802299e+04 9.574035006512451318e-01
6.075601781704872701e+04 6.469567087237441116e-01
6.075601807710943831e+04 8.692944014973423839e-01
6.075601833717014233e+04 9.561852882093513362e-01
6.075601859723084635e+04 8.494525518257248775e-01
6.075601885729155038e+04 1.019301039535359887e+00
6.075601911735225440e+04 8.969417836032312907e-01
6.075601937741295842e+04 8.314508617531782830e-01
6.075601963747365517e+04 1.086844960707966656e+00
6.075601989753436646e+04 9.701489088296594288e-01
6.075602015759507049e+04 1.164605647134137500e+00
6.075602041765577451e+04 8.331828765633837452e-01
6.075602067771648581e+04 9.266624755867027829e-01
6.075602093777718255e+04 1.338195461376895379e+00
6.075602119783788658e+04 8.648365884090977174e-01
6.075602145789859787e+04 9.162298317454038443e-01
6.075602171795930190e+04 8.426095226887418965e-01
6.075602197802000592e+04 7.964704416316482627e-01
6.075602223808070994e+04 7.307152970742857301e-01
6.075602249814141396e+04 9.838914604074980863e-01
6.075602275820211798e+04 9.436497979179295781e-01
6.075602301826282201e+04 8.984425560331932292e-01
6.075602327832352603e+04 9.744879463071808301e-01
6.075602353838423005e+04 9.728220918020368257e-01
6.075602379844494135e+04 1.042397023257757516e+00
6.075602405850564537e+04 1.037748290957834829e+00
6.075602431856634212e+04 8.440737823833865949e-01
6.075602457862704614e+04 8.166847859299534163e-01
6.075602483868775744e+04 9.725146048907428176e-01
6.075602509874846146e+04 1.004875465504938115e+00
6.075602535880916548e+04 9.523464349400748707e-01
6.075602561886986950e+04 1.002918433563168898e+00
6.075602587893057353e+04 1.089057826447870525e+00
6.075602613899127755e+04 6.904742612621250775e-01
6.075602639905198885e+04 9.353551637080957937e-01
6.075602665911269287e+04 1.046330198763588459e+00
6.075602691917338962e+04 7.489058573466094160e-01
6.075602717923410091e+04 8.730133035064209235e-01
6.075602743929480494e+04 9.016303690700548934e-01
6.075602769935550168e+04 9.136263991442413746e-01
6.075602795941621298e+04 6.481997006813343676e-01
6.075602821947691700e+04 9.494058089740046169e-01
6.075602847953762102e+04 1.145424964043042060e+00
6.075602873959833232e+04 8.765498368645372462e-01
6.075602899965902907e+04 8.404357507881820011e-01
6.075602925971973309e+04 1.091483053391643532e+00
6.075603093119423283e+04 8.589505358372968580e-01
6.075603119125482772e+04 8.983987019297411392e-01
6.075603145131542988e+04 9.626079346419781357e-01
6.075603171137602476e+04 1.004619764558907891e+00
6.075603197143662692e+04 8.852419850428706605e-01
6.075603223149722908e+04 1.015755111447590675e+00
6.075603249155782396e+04 6.986985960502447579e-01
6.075603275161842612e+04 1.082040941334128759e+00
6.075603301167902100e+04 1.036530767892220650e+00
6.075603327173962316e+04 1.022281260178700801e+00
6.075603353180022532e+04 9.159623994457170015e-01
6.075603379186082020e+04 1.023909176355009887e+00
6.075603405192141508e+04 1.008918963885543141e+00
6.075603431198201724e+04 1.004720725899494571e+00
6.075603457204261213e+04 1.138436721874585444e+00
6.075603483210320701e+04 1.029260502909854713e+00
6.075603509216381644e+04 8.687218598073007669e-01
6.075603535222441133e+04 9.106408680452275917e-01
6.075603561228501349e+04 9.954320022145212166e-01
6.075603587234560837e+04 1.009025262152969393e+00
6.075603613240621053e+04 1.100367928173234366e+00
6.075603639246681269e+04 7.369081628230331749e-01
6.075603665252740757e+04 9.276743331612438137e-01
6.075603691258800245e+04 7.563947787252152111e-01
6.075603717264860461e+04 8.129832005675448059e-01
6.075603743270919949e+04 1.088278532776886909e+00
6.075603769276979438e+04 9.277538361763841834e-01
6.075603795283040381e+04 8.895213222645080853e-01
6.075603821289099869e+04 1.311833930767507317e+00
6.075603847295160085e+04 1.016190891930137674e+00
6.075603873301219573e+04 1.102108037401844820e+00
6.075603899307279789e+04 1.092261642564921198e+00
6.075603925313340005e+04 1.174041262141928055e+00
6.075603951319399494e+04 8.377416027240216501e-01
6.075603977325458982e+04 9.225335971000898638e-01
6.075604003331519198e+04 1.032547825667242236e+00
6.075604029337578686e+04 8.829993811055180108e-01
6.075604055343638902e+04 6.220883671128762948e-01
6.075604081349698390e+04 9.705343004145957631e-01
6.075604107355758606e+04 1.127364964439947270e+00
6.075604133361818822e+04 9.503110606398652571e-01
6.075604159367878310e+04 8.477774642673571170e-01
6.075604185373938526e+04 1.130751214924914150e+00
6.075604211379998742e+04 1.117256286578837576e+00
6.075604237386058230e+04 1.015293085762853709e+00
6.075604263392118446e+04 8.160611616127334544e-01
6.075604289398177934e+04 8.260732486088552262e-01
6.075604315404237423e+04 1.192352426176440439e+00
6.075604341410297639e+04 1.048889991848167558e+00
6.075604367416357127e+04 1.065018934590657329e+00
6.075604393422418070e+04 1.019966691045071538e+00
6.075604419428477559e+04 1.035155761333241609e+00
6.075604445434537047e+04 1.012200083225550662e+00
6.075604471440597990e+04 9.567087776639170427e-01
6.075604497446657479e+04 1.085157497824381423e+00
6.075604523452717694e+04 1.207512680935834304e+00
6.075604549458777183e+04 1.071877515545074600e+00
6.075604575464836671e+04 8.718750444937274358e-01
6.075604601470896887e+04 1.131792239200307915e+00
6.075604627476956375e+04 9.979726828012214224e-01
6.075604653483016591e+04 7.801116330266910648e-01
6.075604679489076807e+04 9.926800656441406856e-01
6.075604705495136295e+04 1.281407437195276611e+00
6.075604731501196511e+04 9.988324485066870650e-01
6.075604757507256727e+04 9.891034973645178585e-01
6.075604783513316943e+04 9.377026264582876136e-01
6.075604809519376431e+04 8.848818350309182179e-01
6.075604835525435919e+04 7.488465979708630593e-01
6.075604861531496135e+04 9.023752253309786919e-01
6.075604887537555624e+04 8.101077765554105525e-01
6.075604913543615839e+04 9.386459705553847899e-01
6.075604939549675328e+04 1.226704904753057823e+00
6.075604965555735544e+04 9.978719318581975584e-01
6.075604991561795759e+04 8.510128106134806636e-01
6.075605017567855248e+04 1.075441414373365490e+00
6.075605043573915464e+04 9.308728505630557981e-01
6.075605069579975680e+04 1.089206305192881974e+00
6.075605095586035168e+04 6.424571485156286288e-01
6.075605121592095384e+04 1.037261684992227151e+00
6.075605147598154872e+04 7.738298574080334502e-01
6.075605173604215088e+04 9.353167170862226598e-01
6.075605199610274576e+04 8.514443383221436124e-01
6.075605225616334792e+04 1.389305857405874312e+00
6.075605251622395008e+04 9.562198754188808714e-01
6.075605277628454496e+04 8.909041100751267095e-01
6.075605303634514712e+04 1.020341697190631614e+00
6.075605329640574200e+04 1.020521083592262901e+00
6.075605355646635144e+04 7.387784838934464693e-01
6.075605381652694632e+04 1.078854516532237406e+00
6.075605407658754848e+04 9.349085492111949280e-01
6.075605433664814336e+04 8.749547288379564414e-01
6.075605459670873825e+04 1.055674554818791799e+00
6.075605485676934040e+04 1.053736802935851147e+00
6.075605511682993529e+04 8.700166160050663011e-01
6.075605537689054472e+04 1.146352413399203130e+00
6.075605563695113960e+04 1.033781607500057875e+00
6.075605589701174176e+04 9.224748188049501918e-01
6.075605615707233665e+04 7.554021302240343516e-01
6.075605641713293880e+04 1.086792212544335445e+00
6.075605667719354096e+04 9.277024959963556805e-01
6.075605693725413585e+04 1.039794703679004728e+00
6.075605719731473800e+04 1.184358837159012801e+00
6.075605745737533289e+04 1.072304802663121670e+00
6.075605771743593505e+04 1.094978995574310554e+00
6.075605797749652993e+04 1.104398331502518094e+00
6.075605823755713209e+04 1.109635304595907312e+00
6.075605849761773425e+04 1.165320648660384206e+00
6.075605875767832913e+04 9.151989959250856899e-01
6.075605901773893129e+04 9.171233135451924978e-01
6.075605927779953345e+04 8.862272397908825816e-01
6.075606082322710427e+04 7.305445240976383703e-01
6.075606108328780829e+04 1.120806973420094277e+00
6.075606134334851231e+04 1.341297610416679165e+00
6.075606160340922361e+04 1.158936714445185645e+00
6.075606186346992035e+04 9.565799297632415765e-01
6.075606212353063165e+04 1.015828242365044876e+00
6.075606238359133567e+04 1.061441837121706921e+00
6.075606264365204697e+04 1.000411954891397226e+00
6.075606290371275099e+04 9.499139080102780852e-01
6.075606316377345502e+04 8.751771711647140517e-01
6.075606342383415904e+04 1.110484848999369722e+00
6.075606368389486306e+04 7.133966578487221932e-01
6.075606394395557436e+04 1.109518897672509441e+00
6.075606420401627838e+04 7.585976701532247679e-01
6.075606446407698240e+04 1.122294352423783614e+00
6.075606472413768643e+04 7.208641979799984556e-01
6.075606498419839772e+04 1.159396076014681531e+00
6.075606524425910175e+04 9.640107851073600465e-01
6.075606550431981304e+04 1.051229609049756375e+00
6.075606576438050979e+04 1.280607949225159192e+00
6.075606602444122109e+04 1.054945779277490114e+00
6.075606628450192511e+04 1.068218675701873677e+00
6.075606654456262913e+04 1.362319221761298937e+00
6.075606680462333316e+04 8.910234442408251354e-01
6.075606706468404445e+04 9.860341111212500564e-01
6.075606732474474848e+04 1.199333373564366090e+00
6.075606758480545250e+04 8.227328350042339977e-01
6.075606784486615652e+04 1.096641672962797243e+00
6.075606810492686054e+04 9.665938411147130260e-01
6.075606836498757184e+04 6.892181445419188757e-01
6.075606862504827586e+04 1.090323030601298315e+00
6.075606888510898716e+04 1.000369166775538776e+00
6.075606914516968391e+04 8.798488077456411149e-01
6.075606940523039520e+04 1.134101502084253088e+00
6.075606966529109923e+04 1.006212370527513000e+00
6.075606992535180325e+04 9.682738302458933077e-01
6.075607018541250727e+04 1.091614434527757860e+00
6.075607044547321857e+04 1.144883211862653738e+00
6.075607070553392259e+04 1.134592073086690744e+00
6.075607096559463389e+04 1.193649105895778106e+00
6.075607122565533064e+04 9.724675306836690902e-01
6.075607148571604193e+04 1.222103445100020558e+00
6.075607174577674596e+04 1.337549764086549908e+00
6.075607200583745725e+04 8.534400245587784317e-01
6.075607226589816128e+04 9.025164414176001237e-01
6.075607252595886530e+04 1.341526986164403690e+00
6.075607278601956932e+04 9.214755482322964930e-01
6.075607304608028062e+04 1.150176198570126429e+00
6.075607330614097737e+04 7.116531395450341746e-01
6.075607356620169594e+04 9.727497483383448218e-01
6.075607382626239269e+04 8.441202380806359651e-01
6.075607408632310398e+04 1.048653969739939296e+00
6.075607434638380801e+04 1.061987220628942907e+00
6.075607460644451203e+04 1.084033099299551273e+00
6.075607486650521605e+04 1.251445713443529950e+00
6.075607512656592735e+04 9.829721179297070677e-01
6.075607538662663137e+04 1.044274309762869057e+00
6.075607564668734267e+04 9.669137191340403392e-01
6.075607590674803942e+04 1.068478286728454574e+00
6.075607616680875071e+04 8.980377386277527130e-01
6.075607642686945474e+04 7.642293351207194441e-01
6.075607668693016603e+04 1.029606163965562260e+00
6.075607694699087006e+04 9.199340490780673063e-01
6.075607720705157408e+04 9.640193581783987886e-01
6.075607746711227810e+04 1.098127693680584382e+00
6.075607772717298940e+04 9.071696635344496107e-01
6.075607798723368614e+04 9.609030525781930843e-01
6.075607824729439744e+04 8.080354319138464136e-01
6.075607850735510146e+04 1.065667015133371809e+00
6.075607876741581276e+04 9.963319226374000026e-01
6.075607902747651679e+04 9.528633400779815688e-01
6.075607928753722081e+04 7.815511927578679963e-01
6.075607954759792483e+04 8.834781971681996415e-01
6.075607980765863613e+04 9.454441199657344086e-01
6.075608006771934015e+04 7.418743686745086219e-01
6.075608032778005145e+04 9.291567436648001665e-01
6.075608058784074819e+04 1.232415787551080610e+00
6.075608084790145949e+04 1.020778336025299327e+00
6.075608110796216351e+04 1.163928797068083165e+00
6.075608136802286754e+04 6.788207398661421088e-01
6.075608162808357156e+04 1.137307124462274999e+00
6.075608188814428286e+04 9.403031273333817275e-01
6.075608214820498688e+04 1.122133167375591878e+00
6.075608240826569818e+04 1.249726653218674155e+00
6.075608266832639492e+04 8.053162695980735641e-01
6.075608292838710622e+04 8.477105099655043441e-01
6.075608318844781024e+04 1.050979525849228935e+00
6.075608344850852154e+04 1.229496135699638337e+00
6.075608370856922556e+04 8.403300703685618878e-01
6.075608396862992959e+04 8.697411042466027808e-01
6.075608422869064088e+04 9.739713344062688183e-01
6.075608448875134491e+04 7.649371676218920113e-01
6.075608474881204893e+04 1.039589663338191805e+00
6.075608500887276023e+04 9.152716627163091090e-01
6.075608526893346425e+04 1.090061566470623244e+00
6.075608552899416827e+04 1.145118296468839336e+00
6.075608578905487957e+04 1.143096212816232526e+00
6.075608604911557632e+04 7.685893253678218739e-01
6.075608630917628761e+04 6.356857542505535141e-01
6.075608656923699164e+04 1.160555137731158926e+00
6.075608682929770293e+04 1.004301743683799319e+00
6.075608708935840696e+04 1.159928117236761036e+00
6.075608734941911098e+04 1.229449789688748185e+00
6.075608760947981500e+04 9.181786637899721493e-01
6.075608786954052630e+04 7.850269786710791786e-01
6.075608812960123760e+04 1.147703431290217901e+00
6.075608838966194162e+04 9.760087737812269681e-01
6.075608864972264564e+04 8.508876412746494422e-01
6.075608890978334966e+04 8.618134033997085774e-01
6.075608916984406096e+04 8.480458512147068806e-01
6.075609076569380704e+04 1.163804502871059299e+00
6.075609102575441648e+04 8.693771367494068647e-01
6.075609128581501136e+04 1.385712499914031115e+00
6.075609154587561352e+04 1.032865436863408926e+00
6.075609180593621568e+04 1.076604367285378894e+00
6.075609206599681784e+04 1.046339463180240070e+00
6.075609232605741272e+04 1.000724360583463257e+00
6.075609258611801488e+04 1.071566071101627937e+00
6.075609284617860976e+04 8.821050244322971023e-01
6.075609310623921192e+04 1.049605395916205497e+00
6.075609336629981408e+04 1.000615453067522864e+00
6.075609362636040896e+04 1.208356455016799114e+00
6.075609388642101840e+04 9.533036988957377389e-01
6.075609414648161328e+04 9.511577135366487967e-01
6.075609440654221544e+04 9.819250673671896523e-01
6.075609466660281760e+04 6.204002095029786945e-01
6.075609492666341976e+04 1.160966245928490403e+00
6.075609518672402191e+04 1.074664816715455551e+00
6.075609544678461680e+04 8.574938564412837305e-01
6.075609570684521896e+04 1.101822354275306282e+00
6.075609596690581384e+04 9.085156125597602106e-01
6.075609622696641600e+04 1.022966022483719373e+00
6.075609648702701088e+04 9.902920058103144019e-01
6.075609674708762032e+04 1.121081317438607394e+00
6.075609700714822247e+04 1.254949295296857281e+00
6.075609726720881736e+04 7.919326017560173181e-01
6.075609752726942679e+04 1.072437899444597775e+00
6.075609778733002167e+04 1.119213378520342195e+00
6.075609804739062383e+04 1.057070074869376430e+00
6.075609830745121872e+04 1.057935715384904496e+00
6.075609856751182087e+04 1.142271156368166452e+00
6.075609882757242303e+04 1.195381289623619558e+00
6.075609908763301792e+04 9.703044568114805868e-01
6.075609934769362008e+04 9.062198693960351603e-01
6.075609960775422223e+04 1.044366435521076442e+00
6.075609986781482439e+04 1.140733633340093922e+00
6.075610012787541928e+04 1.267435158844287590e+00
6.075610038793602143e+04 1.067016803955452398e+00
6.075610064799663087e+04 9.659748920374205960e-01
6.075610090805722575e+04 8.879370888865503186e-01
6.075610116811782791e+04 1.072021456417261209e+00
6.075610142817842279e+04 1.104628716154549828e+00
6.075610168823902495e+04 9.655216247419794451e-01
6.075610194829962711e+04 1.176262931512405130e+00
6.075610220836022199e+04 1.219815633958477141e+00
6.075610246842083143e+04 1.166237022485034247e+00
6.075610272848142631e+04 1.393210968521144677e+00
6.075610298854202847e+04 9.158263918593106956e-01
6.075610324860263063e+04 1.135041285421634960e+00
6.075610350866323279e+04 1.152658294481331946e+00
6.075610376872383495e+04 1.248931402293013582e+00
6.075610402878442983e+04 8.440706443015275617e-01
6.075610428884503199e+04 9.285275212074469708e-01
6.075610454890563415e+04 9.670920650243814976e-01
6.075610480896622903e+04 1.280942076286189391e+00
6.075610506902683119e+04 1.332153754745051710e+00
6.075610532908743335e+04 9.060205526424509603e-01
6.075610558914803551e+04 1.022441378824618941e+00
6.075610584920863766e+04 1.072653945749747262e+00
6.075610610926923255e+04 9.694414417017417351e-01
6.075610636932984198e+04 1.136310549784671275e+00
6.075610662939043686e+04 9.496216909355114089e-01
6.075610688945103902e+04 9.899555939326127874e-01
6.075610714951164118e+04 1.080848921179665689e+00
6.075610740957223607e+04 1.122863835311505021e+00
6.075610766963283822e+04 8.541382201836495991e-01
6.075610792969343311e+04 1.011300917440166591e+00
6.075610818975403527e+04 8.750094306621707396e-01
6.075610844981464470e+04 1.066206049907564957e+00
6.075610870987523958e+04 1.077020535356015385e+00
6.075610896993584174e+04 1.251344032860776334e+00
6.075610922999644390e+04 1.109929004013268550e+00
6.075610949005704606e+04 1.111221836789320516e+00
6.075610975011764822e+04 1.088091705407443710e+00
6.075611001017824310e+04 1.073508776285169386e+00
6.075611027023884526e+04 1.077836871554443077e+00
6.075611053029944742e+04 1.023099202023108889e+00
6.075611079036004230e+04 1.153318264019833395e+00
6.075611105042064446e+04 9.864502540109179041e-01
6.075611131048124662e+04 1.280636388520083990e+00
6.075611157054184878e+04 1.079479454338690525e+00
6.075611183060245094e+04 7.551641736443186481e-01
6.075611209066305310e+04 1.136668444025187075e+00
6.075611235072365525e+04 9.170861098240473686e-01
6.075611261078425741e+04 1.011519947049850598e+00
6.075611287084485230e+04 1.147072807345874690e+00
6.075611313090545445e+04 9.317217250615791313e-01
6.075611339096604934e+04 9.828978288618945847e-01
6.075611365102665150e+04 1.216369463917689409e+00
6.075611391108725365e+04 8.960350798577438880e-01
6.075611417114785581e+04 9.937253125856873037e-01
6.075611443120845797e+04 1.193209842481824046e+00
6.075611469126906013e+04 9.590152602534959270e-01
6.075611495132966229e+04 1.070374472393466725e+00
6.075611521139026445e+04 9.241023245454809132e-01
6.075611547145085933e+04 1.236764106482229897e+00
6.075611573151146149e+04 9.028925469118884717e-01
6.075611599157206365e+04 1.067835955717457486e+00
6.075611625163265853e+04 9.529730095958637293e-01
6.075611651169326069e+04 8.489942104037676573e-01
6.075611677175386285e+04 1.015940296510932095e+00
6.075611703181446501e+04 1.234583455131499141e+00
6.075611729187506717e+04 9.010085677862832432e-01
6.075611755193566933e+04 1.311300634553158373e+00
6.075611781199626421e+04 7.550213716697389277e-01
6.075611807205687364e+04 1.205641681022494804e+00
6.075611833211747580e+04 8.752479461856590426e-01
6.075611859217807068e+04 1.378050081816764250e+00
6.075611885223867284e+04 9.693532196331817730e-01
6.075611911229926773e+04 1.042691956786913954e+00
6.075612077117233275e+04 1.195089756671214198e+00
6.075612103123303677e+04 9.045715617809778619e-01
6.075612129129374080e+04 1.320066712487096394e+00
6.075612155135445209e+04 1.029902475982578780e+00
6.075612181141516339e+04 1.286438077447396466e+00
6.075612207147586741e+04 1.226524754802680084e+00
6.075612233153657144e+04 9.981819218869513177e-01
6.075612259159728274e+04 1.053031689457734732e+00
6.075612285165798676e+04 1.291116424676668872e+00
6.075612311171869806e+04 9.825105054552799588e-01
6.075612337177940935e+04 1.020965466055772319e+00
6.075612363184010610e+04 1.360776012644044464e+00
6.075612389190081740e+04 1.069948431199504668e+00
6.075612415196152870e+04 1.066420438686210392e+00
6.075612441202222544e+04 1.139572070191782416e+00
6.075612467208293674e+04 1.232777135243753985e+00
6.075612493214364804e+04 8.141652790386026961e-01
6.075612519220435206e+04 1.226221777347599406e+00
6.075612545226506336e+04 1.079766861040888370e+00
6.075612571232576738e+04 1.331469123290549783e+00
6.075612597238647140e+04 1.031749082395173156e+00
6.075612623244718270e+04 1.147650178539107557e+00
6.075612649250789400e+04 1.061757835716689913e+00
6.075612675256859802e+04 1.059123355229197871e+00
6.075612701262930204e+04 1.364337972606808114e+00
6.075612727269001334e+04 1.040074006195782275e+00
6.075612753275071736e+04 9.552800727627034361e-01
6.075612779281142139e+04 9.064518274055399782e-01
6.075612805287213268e+04 9.726494350033639824e-01
6.075612831293283671e+04 1.047973756648568955e+00
6.075612857299354800e+04 1.051458757380609343e+00
6.075612883305425930e+04 9.370767412470263347e-01
6.075612909311495605e+04 1.124976415448517120e+00
6.075612935317566735e+04 8.465169679570827554e-01
6.075612961323637865e+04 1.102285036304288424e+00
6.075612987329708267e+04 1.079471952180072858e+00
6.075613013335779397e+04 1.264785925486511253e+00
6.075613039341849799e+04 9.859481761887683993e-01
6.075613065347920201e+04 1.079069667812113664e+00
6.075613091353991331e+04 1.272492443729482670e+00
6.075613117360061733e+04 1.066611643774535878e+00
6.075613143366133590e+04 7.038068406426087886e-01
6.075613169372203265e+04 1.031430588764709944e+00
6.075613195378274395e+04 1.268070855852220902e+00
6.075613221384345525e+04 8.254415705663679104e-01
6.075613247390415199e+04 7.020114625770293992e-01
6.075613273396486329e+04 1.151346124637721235e+00
6.075613299402557459e+04 1.018010183709159078e+00
6.075613325408627861e+04 9.238019039531096821e-01
6.075613351414698991e+04 8.912712992655724697e-01
6.075613377420769393e+04 9.335098907346788266e-01
6.075613403426840523e+04 1.111094349993711150e+00
6.075613429432910925e+04 9.695840839222629182e-01
6.075613455438982055e+04 1.044128632312374627e+00
6.075613481445053185e+04 1.089954718811565471e+00
6.075613507451122859e+04 1.130273139599782928e+00
6.075613533457193989e+04 8.181025237388067639e-01
6.075613559463265119e+04 1.089123450684620131e+00
6.075613585469334794e+04 1.060060442464660246e+00
6.075613611475405924e+04 9.381468214940104078e-01
6.075613637481477053e+04 1.050783393395108956e+00
6.075613663487548183e+04 1.105405740605537979e+00
6.075613689493618585e+04 1.071866263532537777e+00
6.075613715499688988e+04 9.904571174177687620e-01
6.075613741505760117e+04 1.036812604790065873e+00
6.075613767511830520e+04 1.092360882844912284e+00
6.075613793517901649e+04 1.483633593985521415e+00
6.075613819523972779e+04 1.087832827084761478e+00
6.075613845530043181e+04 1.229275721045087977e+00
6.075613871536113584e+04 9.942449777347276418e-01
6.075613897542184714e+04 1.088934452378461204e+00
6.075613923548255116e+04 1.199994005754104309e+00
6.075613949554325518e+04 1.017029652437569709e+00
6.075613975560396648e+04 1.257044713517230017e+00
6.075614001566467778e+04 1.147624671474810176e+00
6.075614027572538907e+04 1.214557713642863357e+00
6.075614053578608582e+04 1.260893404475234458e+00
6.075614079584679712e+04 1.040579949809010030e+00
6.075614105590750842e+04 1.140915899507306763e+00
6.075614131596821244e+04 1.273750104240651160e+00
6.075614157602892374e+04 1.019238458825798554e+00
6.075614183608962776e+04 1.202706685218854599e+00
6.075614209615033906e+04 1.150165900536018748e+00
6.075614235621104308e+04 1.031946441691995231e+00
6.075614261627174710e+04 9.824374495799701457e-01
6.075614287633246568e+04 1.126871785831431882e+00
6.075614313639316970e+04 1.028900173025846465e+00
6.075614339645387372e+04 1.111099278560423897e+00
6.075614365651458502e+04 1.195085459069211264e+00
6.075614391657528904e+04 8.285515925171034191e-01
6.075614417663600034e+04 8.811985571935897488e-01
6.075614443669670436e+04 1.290603325766572551e+00
6.075614469675741566e+04 9.872317432984690777e-01
6.075614495681812696e+04 8.902253684533371070e-01
6.075614521687882370e+04 1.085378356739057359e+00
6.075614547693953500e+04 1.042134669443305794e+00
6.075614573700024630e+04 9.079675876274815316e-01
6.075614599706095760e+04 9.315044222080687275e-01
6.075614625712166162e+04 9.166765738723209322e-01
6.075614651718236564e+04 1.147103680785883650e+00
6.075614677724307694e+04 1.242826711586634270e+00
6.075614703730378824e+04 9.782385127367132505e-01
6.075614729736448498e+04 1.104546657303861146e+00
6.075614755742519628e+04 1.149202213834421782e+00
6.075614781748590758e+04 1.135472407565203179e+00
6.075614807754661888e+04 1.115954269046621317e+00
6.075614833760732290e+04 1.130915908417438720e+00
6.075614859766802692e+04 9.500820458893353138e-01
6.075614885772873822e+04 8.306068103282825410e-01
6.075614911778944952e+04 8.778118228624013364e-01
