6.075585120116569306e+04 9.993773715646363520e-01
6.075585146121949219e+04 1.037333475364510704e+00
6.075585172127328406e+04 1.036737448339840384e+00
6.075585198132708319e+04 1.008815775688376881e+00
6.075585224138088233e+04 1.036030071779648676e+00
6.075585250143468147e+04 9.728407474900598872e-01
6.075585276148847333e+04 1.025737909703100748e+00
6.075585302154227247e+04 9.848393394586653082e-01
6.075585328159607161e+04 1.101989224414425372e+00
6.075585354164987803e+04 1.001096030035302231e+00
6.075585380170368444e+04 9.903399767396308118e-01
6.075585406175747630e+04 9.724440750810531275e-01
6.075585432181127544e+04 1.006732605617778109e+00
6.075585458186507458e+04 9.684172511891199209e-01
6.075585484191887372e+04 1.022360806703605629e+00
6.075585510197266558e+04 9.864834073976725959e-01
6.075585536202646472e+04 1.018181095607485265e+00
6.075585562208026386e+04 9.972186683644259642e-01
6.075585588213406299e+04 1.010074824720300635e+00
6.075585614218786213e+04 1.050138338312423869e+00
6.075585640224165400e+04 1.050013259033758084e+00
6.075585666229546041e+04 1.040850838868095485e+00
6.075585692234926682e+04 9.809661191795643331e-01
6.075585718240306596e+04 1.015864148717940729e+00
6.075585744245685783e+04 9.894488707544760731e-01
6.075585770251065696e+04 1.044401848930804899e+00
6.075585796256445610e+04 9.952392312992899281e-01
6.075585822261825524e+04 1.087578007455425100e+00
6.075585848267205438e+04 9.860205528429142330e-01
6.075585874272584624e+04 9.946680928000943833e-01
6.075585900277964538e+04 9.933630734162605114e-01
6.075585926283344452e+04 9.829874380369986175e-01
6.075585952288725093e+04 9.518326461772832481e-01
6.075585978294105735e+04 9.124498096823041582e-01
6.075586004299484921e+04 9.491329439294414749e-01
6.075586030304864835e+04 1.012481634015768295e+00
6.075586056310244749e+04 9.762814225160003634e-01
6.075586082315624662e+04 9.634596180219877626e-01
6.075586108321004576e+04 1.014699799225309507e+00
6.075586134326383763e+04 8.926474246109801225e-01
6.075586160331763676e+04 1.011998314074757044e+00
6.075586186337143590e+04 9.866315419328096636e-01
6.075586212342523504e+04 9.627968257661295715e-01
6.075586238347903418e+04 1.051028530907535341e+00
6.075586264353283332e+04 1.061146163829327582e+00
6.075586290358663973e+04 9.974053569105573169e-01
6.075586316364043887e+04 1.038440933147798839e+00
6.075586342369423801e+04 1.042627922007261398e+00
6.075586368374803715e+04 1.018997183346262103e+00
6.075586394380182901e+04 1.020443708654021231e+00
6.075586420385562815e+04 1.008391358207700428e+00
6.075586446390942729e+04 9.394070715062068366e-01
6.075586472396322642e+04 9.929121315626009414e-01
6.075586498401702556e+04 9.950246471323397346e-01
6.075586524407081743e+04 9.946495319202279806e-01
6.075586550412462384e+04 9.774087258526150679e-01
6.075586576417843025e+04 1.000733944089445604e+00
6.075586602423222939e+04 9.844208308398151308e-01
6.075586628428602853e+04 9.418333540638063051e-01
6.075586654433982039e+04 1.029711683776932896e+00
6.075586680439361953e+04 1.017375686216248631e+00
6.075586706444741867e+04 1.035612268326251639e+00
6.075586732450121781e+04 9.611116794009714193e-01
6.075586758455501695e+04 1.033844669795778382e+00
6.075586784460881609e+04 1.021622047488610852e+00
6.075586810466260795e+04 9.957827854717421490e-01
6.075586836471640709e+04 1.012358745330715459e+00
6.075586862477021350e+04 9.905656669803319936e-01
6.075586888482401991e+04 1.012955522494866090e+00
6.075586914487781905e+04 1.016517225920238854e+00
6.075586940493161092e+04 9.815584948215793082e-01
6.075586966498541005e+04 1.032105546913441918e+00
6.075586992503920919e+04 9.503940445259377867e-01
6.075587018509300833e+04 9.632634339292801551e-01
6.075587044514680747e+04 1.061310931741871189e+00
6.075587070520060661e+04 1.013002891519115378e+00
6.075587096525439847e+04 1.013603409808630396e+00
6.075587122530819761e+04 1.067339273547103673e+00
6.075587148536199675e+04 9.332245609722218394e-01
6.075587174541581044e+04 1.021738639644157010e+00
6.075587200546960958e+04 9.442531361827868341e-01
6.075587226552340871e+04 9.606080255845642624e-01
6.075587252557720058e+04 1.019106818285289817e+00
6.075587278563099972e+04 9.764258790146106426e-01
6.075587304568479885e+04 1.042008860537959825e+00
6.075587330573859799e+04 9.648588243166091871e-01
6.075587356579239713e+04 1.060286305622184289e+00
6.075587382584619627e+04 1.020735073062246201e+00
6.075587408589998813e+04 9.780075240878842724e-01
6.075587434595378727e+04 1.032851046532041517e+00
6.075587460600759368e+04 9.686903615870221529e-01
6.075587486606140010e+04 9.608000744011107042e-01
6.075587512611519924e+04 9.906057618823949085e-01
6.075587538616899838e+04 1.013576774884111575e+00
6.075587564622279751e+04 9.848854155538537825e-01
6.075587590627658938e+04 9.696877877335936535e-01
6.075587616633038851e+04 9.866765365213443495e-01
6.075587642638418765e+04 9.895649656589130538e-01
6.075587668643798679e+04 9.777934136972177281e-01
6.075587694649178593e+04 1.047435584539421649e+00
6.075587720654558507e+04 9.842051315613653539e-01
6.075587746659937693e+04 9.657139368006726343e-01
6.075587772665318334e+04 1.026422114834339094e+00
6.075587798670698976e+04 9.598140356632779424e-01
6.075587824676078890e+04 1.002196300610952662e+00
6.075587850681458804e+04 1.009085211857387865e+00
6.075587876686838717e+04 9.688978176625907546e-01
6.075587902692218631e+04 9.733144124554919951e-01
6.075587928697597818e+04 1.012745003734739413e+00
6.075587954702977731e+04 9.098482246737440438e-01
6.075588115586427011e+04 1.034898235615817397e+00
6.075588141592496686e+04 1.049778412953593199e+00
6.075588167598567088e+04 9.852441604025020672e-01
6.075588193604636763e+04 9.533211923885502870e-01
6.075588219610707165e+04 1.062630546629269812e+00
6.075588245616777567e+04 9.648890958602525103e-01
6.075588271622847242e+04 1.035601436739487902e+00
6.075588297628917644e+04 9.905666909341275250e-01
6.075588323634988046e+04 1.021653680804876174e+00
6.075588349641056993e+04 1.020620124385413163e+00
6.075588375647127395e+04 1.007346917444122747e+00
6.075588401653197798e+04 1.001514986936513196e+00
6.075588427659268200e+04 1.050474942477369167e+00
6.075588453665338602e+04 9.978989143743743906e-01
6.075588479671408277e+04 9.764492538352177453e-01
6.075588505677478679e+04 9.302118485770014544e-01
6.075588531683548354e+04 9.592683855512215141e-01
6.075588557689618756e+04 9.461486394871785333e-01
6.075588583695689158e+04 1.017962293597529877e+00
6.075588609701758833e+04 9.896279351299224203e-01
6.075588635707829235e+04 9.603414532561006522e-01
6.075588661713899637e+04 1.065989000948436072e+00
6.075588687719969312e+04 1.017590849235719075e+00
6.075588713726038986e+04 9.675805829078575337e-01
6.075588739732109389e+04 9.200681830858987720e-01
6.075588765738179791e+04 1.014874741860062324e+00
6.075588791744250193e+04 9.695507706934139991e-01
6.075588817750319868e+04 1.032458276261959629e+00
6.075588843756390270e+04 1.048928270842448107e+00
6.075588869762460672e+04 1.002741520158692445e+00
6.075588895768530347e+04 9.602756245908606880e-01
6.075588921774600749e+04 1.009366126104471295e+00
6.075588947780670424e+04 9.906563384087904156e-01
6.075588973786740826e+04 9.938714861531962041e-01
6.075588999792811228e+04 1.010942627863629317e+00
6.075589025798880903e+04 9.414717612936250868e-01
6.075589051804952032e+04 1.011232619866029303e+00
6.075589077811021707e+04 1.065389008998777420e+00
6.075589103817091382e+04 1.016655195466034778e+00
6.075589129823161784e+04 1.078716441145407989e+00
6.075589155829231458e+04 9.785919889380040315e-01
6.075589181835301861e+04 9.943903949116146279e-01
6.075589207841372263e+04 9.555141754008587007e-01
6.075589233847442665e+04 9.667717496533675403e-01
6.075589259853513067e+04 1.036763560212411450e+00
6.075589285859582742e+04 9.958762236054405914e-01
6.075589311865652417e+04 9.513165736474104017e-01
6.075589337871722819e+04 1.015021015633672308e+00
6.075589363877793221e+04 9.291419420457315281e-01
6.075589389883863623e+04 9.811689968270657092e-01
6.075589415889933298e+04 9.924360042521447323e-01
6.075589441896003700e+04 1.023499390843122470e+00
6.075589467902074102e+04 1.015107184286113906e+00
6.075589493908143777e+04 1.000503394783955446e+00
6.075589519914213452e+04 1.044707536760608679e+00
6.075589545920283854e+04 1.020234700498135361e+00
6.075589571926354256e+04 1.076576547257909855e+00
6.075589597932424658e+04 9.382620611509919772e-01
6.075589623938494333e+04 1.019667057213992312e+00
6.075589649944564735e+04 9.085368718900551643e-01
6.075589675950635137e+04 1.001194506561458475e+00
6.075589701956705539e+04 1.016282264630713028e+00
6.075589727962775942e+04 9.862388092449028143e-01
6.075589753968844889e+04 1.004784563618079440e+00
6.075589779974915291e+04 1.010520854434115767e+00
6.075589805980985693e+04 1.042155781064673770e+00
6.075589831987055368e+04 9.961583094757258117e-01
6.075589857993125770e+04 1.047407986885382725e+00
6.075589883999196172e+04 1.018876592603577880e+00
6.075589910005266574e+04 1.012383712288761783e+00
6.075589936011336977e+04 1.024658510913990073e+00
6.075589962017406651e+04 9.719832991524393062e-01
6.075589988023477054e+04 1.021193413598201705e+00
6.075590014029546728e+04 1.025261818902765576e+00
6.075590040035617130e+04 1.056815281211052060e+00
6.075590066041687533e+04 9.721910451528491537e-01
6.075590092047757207e+04 9.311156825879436383e-01
6.075590118053827609e+04 9.608452750603269088e-01
6.075590144059898012e+04 9.512648457720473960e-01
6.075590170065967686e+04 9.812050960411340395e-01
6.075590196072038816e+04 9.675973454712425426e-01
6.075590222078108491e+04 1.008221138649243898e+00
6.075590248084178893e+04 9.850118491927174480e-01
6.075590274090249295e+04 9.759226472551134624e-01
6.075590300096318242e+04 1.014988542610553379e+00
6.075590326102388644e+04 1.006452515264643743e+00
6.075590352108459047e+04 9.837239480782067336e-01
6.075590378114529449e+04 1.005803609470750093e+00
6.075590404120599851e+04 9.802000600683921094e-01
6.075590430126669526e+04 1.004869653426937681e+00
6.075590456132739928e+04 1.064409930886905498e+00
6.075590482138810330e+04 9.741129590172977748e-01
6.075590508144880732e+04 1.059297854559872576e+00
6.075590534150951135e+04 9.979055520461929119e-01
6.075590560157020809e+04 9.908197134261372829e-01
6.075590586163091211e+04 9.101827033239267006e-01
6.075590612169160886e+04 9.750376696197701198e-01
6.075590638175230561e+04 9.783615347183329813e-01
6.075590664181300963e+04 1.007001510913345443e+00
6.075590690187371365e+04 1.061509908388805545e+00
6.075590716193441767e+04 1.017815642135600385e+00
6.075590742199512169e+04 1.010541426786793373e+00
6.075590768205581844e+04 1.060415933576876135e+00
6.075590794211652246e+04 1.016843176384695457e+00
6.075590820217722649e+04 1.047406723915312865e+00
6.075590846223793051e+04 1.001431952715897689e+00
6.075590872229863453e+04 9.861225730698365277e-01
6.075590898235933128e+04 1.015078252560243532e+00
6.075590924242003530e+04 1.014930344332351186e+00
6.075590950248073932e+04 9.853762860802954826e-01
6.075591106051386305e+04 1.005413121339330473e+00
6.075591132057445793e+04 9.660911775243278266e-01
6.075591158063505281e+04 1.041486015698317225e+00
6.075591184069564770e+04 9.747978635666554315e-01
6.075591210075624258e+04 9.709960713856634618e-01
6.075591236081683746e+04 1.113651991695310262e+00
6.075591262087743235e+04 9.676503029783584120e-01
6.075591288093802723e+04 9.992549644038649648e-01
6.075591314099862211e+04 9.440374672838729442e-01
6.075591340105922427e+04 1.056603425930936924e+00
6.075591366111981915e+04 9.477631849135024211e-01
6.075591392118041404e+04 9.696630394843731571e-01
6.075591418124100892e+04 1.016197532090411304e+00
6.075591444130160380e+04 9.648675283304164463e-01
6.075591470136219868e+04 9.931335212770512344e-01
6.075591496142279357e+04 1.025765999033894316e+00
6.075591522148338845e+04 9.765950980706760154e-01
6.075591548154399061e+04 1.000731123811458678e+00
6.075591574160458549e+04 9.519401372184626009e-01
6.075591600166518037e+04 1.007735430454357983e+00
6.075591626172577526e+04 1.001161547433318866e+00
6.075591652178637742e+04 9.615380975598714075e-01
6.075591678184697230e+04 1.011011823664506037e+00
6.075591704190756718e+04 9.723714686341881075e-01
6.075591730196816206e+04 9.979695282451446214e-01
6.075591756202875695e+04 9.890084770166376327e-01
6.075591782208935183e+04 1.011525001783633693e+00
6.075591808214994671e+04 9.425222105178885368e-01
6.075591834221054160e+04 9.980869572199784212e-01
6.075591860227113648e+04 1.007027259401295227e+00
6.075591886233173136e+04 9.855791659946421257e-01
6.075591912239232624e+04 9.877904940064987649e-01
6.075591938245292840e+04 1.000992076310221801e+00
6.075591964251352329e+04 9.918305106320348674e-01
6.075591990257411817e+04 1.045411252216385645e+00
6.075592016263471305e+04 9.355988311653269385e-01
6.075592042269530793e+04 9.863992235298536526e-01
6.075592068275590282e+04 1.004977346155464746e+00
6.075592094281649770e+04 9.142432909021230847e-01
6.075592120287709986e+04 1.025778266014822693e+00
6.075592146293769474e+04 1.029462177446266224e+00
6.075592172299828962e+04 1.041920980955089115e+00
6.075592198305888451e+04 1.038357817991495624e+00
6.075592224311948667e+04 9.566420590004534041e-01
6.075592250318008155e+04 1.046614307245527398e+00
6.075592276324067643e+04 9.902189262656715396e-01
6.075592302330127131e+04 1.013256569774866334e+00
6.075592328336186620e+04 9.625705491200889918e-01
6.075592354342246108e+04 1.018314584474137252e+00
6.075592380348305596e+04 9.906028283557531955e-01
6.075592406354365812e+04 9.522287691573773083e-01
6.075592432360425300e+04 1.048788219463467453e+00
6.075592458366484789e+04 1.021852807349961534e+00
6.075592484372544277e+04 1.042517297092713457e+00
6.075592510378604493e+04 1.005342234508628918e+00
6.075592536384663981e+04 9.630295828274954006e-01
6.075592562390723469e+04 1.014308832979604169e+00
6.075592588396782958e+04 1.034402105184591081e+00
6.075592614402842446e+04 9.193871774383807205e-01
6.075592640408901934e+04 1.014715603160421864e+00
6.075592666414961423e+04 9.882649283748359270e-01
6.075592692421020911e+04 9.636600922343748765e-01
6.075592718427081127e+04 9.927037248465316877e-01
6.075592744433140615e+04 9.697925184474949223e-01
6.075592770439200103e+04 1.049536786542122790e+00
6.075592796445260319e+04 9.266502000874800027e-01
6.075592822451319807e+04 9.980420612725940943e-01
6.075592848457379296e+04 9.959481533989250623e-01
6.075592874463438784e+04 1.050273896097793980e+00
6.075592900469498272e+04 9.932906974098099084e-01
6.075592926475557761e+04 1.013821636926721004e+00
6.075592952481617249e+04 9.772289520523845807e-01
6.075592978487676737e+04 9.669221904187261796e-01
6.075593004493736953e+04 9.912682260875018692e-01
6.075593030499796441e+04 9.880186308370512149e-01
6.075593056505855930e+04 1.032674747330029064e+00
6.075593082511916145e+04 1.011996251875762143e+00
6.075593108517975634e+04 9.956986123429504287e-01
6.075593134524035122e+04 1.006707184152793921e+00
6.075593160530094610e+04 9.587692864996066877e-01
6.075593186536154099e+04 9.306087223634350591e-01
6.075593212542213587e+04 9.695468493979030322e-01
6.075593238548273075e+04 9.807975611135443250e-01
6.075593264554332563e+04 1.014995646300187682e+00
6.075593290560392779e+04 8.727132592414025281e-01
6.075593316566452268e+04 1.017044411805171800e+00
6.075593342572511756e+04 1.013662704248751600e+00
6.075593368578571244e+04 9.778972220302087903e-01
6.075593394584631460e+04 1.035036285470186446e+00
6.075593420590690948e+04 9.377891428365700000e-01
6.075593446596750437e+04 9.622422440760527440e-01
6.075593472602809925e+04 9.684350809014313777e-01
6.075593498608869413e+04 1.004344856512077166e+00
6.075593524614928901e+04 9.774609500231762338e-01
6.075593550620988390e+04 9.895328729611047036e-01
6.075593576627048606e+04 1.018459395018407765e+00
6.075593602633108094e+04 1.082751395036083863e+00
6.075593628639167582e+04 9.920883760576181265e-01
6.075593654645227070e+04 9.885505882275207323e-01
6.075593680651287286e+04 1.046829718186407021e+00
6.075593706657346775e+04 9.780956559256496208e-01
6.075593732663406263e+04 1.021343650370295730e+00
6.075593758669465751e+04 1.014915780274343371e+00
6.075593784675525239e+04 1.022124892813836006e+00
6.075593810681584728e+04 9.784631585398430031e-01
6.075593836687644216e+04 1.031085729320657451e+00
6.075593862693704432e+04 1.006046220636111599e+00
6.075593888699763920e+04 1.015759824609384632e+00
6.075593914705823408e+04 9.470701810507254903e-01
6.075593940711883624e+04 1.046065241870949292e+00
6.075594106598430517e+04 1.059071215704445734e+00
6.075594132604500919e+04 9.892119537543057062e-01
6.075594158610571321e+04 9.493356778615592573e-01
6.075594184616640996e+04 9.826199693253210299e-01
6.075594210622711398e+04 1.048317330041790729e+00
6.075594236628781800e+04 9.692610649877204665e-01
6.075594262634852203e+04 1.012680933221519197e+00
6.075594288640922605e+04 9.692590226106450046e-01
6.075594314646992279e+04 9.597589642976073199e-01
6.075594340653063409e+04 9.772536813817486179e-01
6.075594366659133811e+04 9.309977349708098426e-01
6.075594392665203486e+04 9.654013009683642954e-01
6.075594418671273888e+04 1.046781112969502381e+00
6.075594444677344291e+04 1.035489585835553061e+00
6.075594470683414693e+04 1.002884773975487587e+00
6.075594496689485095e+04 1.074701337632807618e+00
6.075594522695554770e+04 9.803395245686233883e-01
6.075594548701625172e+04 9.489915489501145052e-01
6.075594574707695574e+04 1.008416171902273728e+00
6.075594600713765976e+04 9.830337030492702910e-01
6.075594626719836378e+04 9.328648102563310562e-01
6.075594652725906053e+04 9.951445578585736973e-01
6.075594678731976455e+04 9.722163519272272181e-01
6.075594704738046858e+04 9.898933075397879922e-01
6.075594730744116532e+04 1.006897239834951607e+00
6.075594756750187662e+04 9.840161259297801610e-01
6.075594782756257337e+04 9.909078292054587234e-01
6.075594808762328466e+04 1.009646412389140213e+00
6.075594834768398869e+04 9.619161775136345627e-01
6.075594860774468543e+04 9.937269910479342716e-01
6.075594886780538945e+04 9.665957706129498783e-01
6.075594912786609348e+04 9.827103153274895364e-01
6.075594938792679750e+04 9.823961687762611250e-01
6.075594964798750152e+04 9.753476421504339022e-01
6.075594990804819827e+04 9.355282504532975718e-01
6.075595016810890229e+04 1.019264955133168726e+00
6.075595042816960631e+04 1.020161383306556369e+00
6.075595068823031033e+04 9.906067463904614234e-01
6.075595094829101436e+04 1.068513036994983567e+00
6.075595120835171110e+04 9.540140013577593781e-01
6.075595146841241512e+04 9.473471134795738990e-01
6.075595172847312642e+04 9.817645745408868363e-01
6.075595198853382317e+04 9.385874955239768003e-01
6.075595224859452719e+04 1.044534457862461574e+00
6.075595250865523121e+04 1.012137241097180951e+00
6.075595276871593524e+04 9.917415392411759179e-01
6.075595302877663926e+04 1.002724452976015757e+00
6.075595328883733600e+04 1.004104821833071925e+00
6.075595354889804003e+04 9.748320238893600775e-01
6.075595380895874405e+04 9.768929467266795896e-01
6.075595406901944807e+04 9.348128395893360310e-01
6.075595432908015209e+04 1.013301840598894721e+00
6.075595458914084884e+04 9.697620197469559722e-01
6.075595484920156014e+04 1.076653139855385355e+00
6.075595510926226416e+04 1.037749321297134486e+00
6.075595536932296091e+04 9.273562267211721277e-01
6.075595562938366493e+04 9.738919965363864728e-01
6.075595588944436895e+04 9.319965284260066651e-01
6.075595614950507297e+04 1.001725529967202100e+00
6.075595640956577699e+04 1.009954101129833637e+00
6.075595666962647374e+04 9.823330128251566151e-01
6.075595692968717776e+04 9.910125561686373707e-01
6.075595718974788178e+04 1.037677855685808392e+00
6.075595744980858581e+04 9.814422148146417779e-01
6.075595770986929710e+04 1.009704399575442890e+00
6.075595796992999385e+04 9.989009423210579719e-01
6.075595822999069787e+04 9.834743029473135278e-01
6.075595849005140190e+04 9.604146661228284421e-01
6.075595875011209864e+04 1.017895217773050698e+00
6.075595901017280994e+04 9.130374748786271866e-01
6.075595927023350669e+04 9.974639741301523088e-01
6.075595953029421071e+04 1.022171403202572382e+00
6.075595979035491473e+04 9.921413763955908571e-01
6.075596005041561148e+04 1.000720823705003371e+00
6.075596031047632277e+04 9.711768782909212527e-01
6.075596057053702680e+04 1.025999813458147170e+00
6.075596083059773082e+04 9.886163151787377146e-01
6.075596109065843484e+04 9.695470846459830483e-01
6.075596135071913159e+04 1.007841532768779524e+00
6.075596161077983561e+04 9.966257122828295900e-01
6.075596187084053963e+04 9.964947091181088901e-01
6.075596213090124365e+04 1.001301692979658098e+00
6.075596239096194768e+04 1.021918730523150742e+00
6.075596265102265170e+04 9.578560541434288922e-01
6.075596291108335572e+04 1.002885088967066407e+00
6.075596317114405974e+04 1.013543838770527561e+00
6.075596343120475649e+04 9.554479135766572595e-01
6.075596369126546051e+04 9.701260453054862953e-01
6.075596395132616453e+04 1.005732154462043004e+00
6.075596421138686856e+04 9.595183406369205414e-01
6.075596447144757258e+04 9.557592231813354378e-01
6.075596473150827660e+04 9.738182253716690662e-01
6.075596499156898062e+04 1.016379351372260764e+00
6.075596525162968464e+04 1.009429863607911315e+00
6.075596551169038867e+04 9.797058335834881726e-01
6.075596577175109269e+04 1.003653375542249204e+00
6.075596603181178943e+04 1.004638133890424001e+00
6.075596629187249346e+04 9.723883323857157590e-01
6.075596655193319748e+04 9.739421864059587541e-01
6.075596681199390150e+04 9.833833477584364990e-01
6.075596707205460552e+04 9.581535262173201950e-01
6.075596733211530955e+04 9.340199976897587408e-01
6.075596759217601357e+04 9.897341504591689043e-01
6.075596785223671759e+04 1.003339498424627330e+00
6.075596811229741434e+04 9.679723226226253363e-01
6.075596837235811836e+04 1.011782836819016484e+00
6.075596863241882238e+04 1.022074581872192134e+00
6.075596889247953368e+04 9.891552022835878866e-01
6.075596915254023770e+04 1.001011929053931215e+00
6.075596941260093445e+04 1.049609596498448649e+00
6.075597102105359954e+04 9.147639599512251696e-01
6.075597128111420170e+04 1.012430658271187278e+00
6.075597154117479658e+04 9.714270981141333028e-01
6.075597180123539147e+04 1.003381064877025608e+00
6.075597206129598635e+04 9.903760545723749864e-01
6.075597232135658123e+04 1.010987744030142244e+00
6.075597258141718339e+04 9.633159198007699153e-01
6.075597284147777827e+04 9.478014965997091368e-01
6.075597310153837316e+04 9.782683539588675758e-01
6.075597336159897532e+04 1.007854115290421904e+00
6.075597362165957020e+04 9.863446318648203537e-01
6.075597388172016508e+04 9.673159397654247371e-01
6.075597414178077452e+04 9.808816439038550161e-01
6.075597440184136940e+04 1.005799899003209763e+00
6.075597466190196428e+04 1.069856021009299996e+00
6.075597492196255916e+04 9.677584880731164851e-01
6.075597518202315405e+04 1.034814567854563716e+00
6.075597544208374893e+04 1.000482532826081572e+00
6.075597570214434381e+04 9.951100719192181865e-01
6.075597596220494597e+04 9.613624504308181384e-01
6.075597622226554813e+04 9.702538145043984041e-01
6.075597648232614301e+04 1.027205096464664624e+00
6.075597674238673790e+04 1.001208291601621170e+00
6.075597700244734006e+04 9.982152187868875703e-01
6.075597726250793494e+04 9.827333056743668971e-01
6.075597752256853710e+04 1.043162252297034520e+00
6.075597778262913198e+04 1.038408675933560676e+00
6.075597804268972686e+04 1.000114793980631633e+00
6.075597830275032175e+04 9.822734534011164920e-01
6.075597856281091663e+04 1.002782069201564985e+00
6.075597882287151151e+04 1.008945515933100445e+00
6.075597908293212095e+04 9.738356117239156395e-01
6.075597934299271583e+04 1.009517225122008366e+00
6.075597960305331071e+04 1.025201940441716975e+00
6.075597986311390559e+04 9.669554167005279810e-01
6.075598012317450775e+04 9.846773073979864233e-01
6.075598038323510264e+04 1.013040620977695427e+00
6.075598064329570479e+04 9.471330810021254543e-01
6.075598090335629968e+04 1.075985920137868534e+00
6.075598116341689456e+04 1.019771014553928934e+00
6.075598142347748944e+04 1.042348464222069282e+00
6.075598168353808433e+04 9.629424108358997092e-01
6.075598194359869376e+04 1.027696078727736939e+00
6.075598220365928864e+04 1.023932730873788444e+00
6.075598246371988353e+04 1.023121833586164264e+00
6.075598272378047841e+04 9.709160814522044269e-01
6.075598298384108057e+04 1.008957641258965587e+00
6.075598324390167545e+04 9.797810535647595298e-01
6.075598350396227761e+04 9.637214740989962225e-01
6.075598376402287249e+04 9.220633314726439655e-01
6.075598402408346738e+04 9.684555341184517552e-01
6.075598428414406226e+04 9.637860352060994007e-01
6.075598454420465714e+04 9.279007902046604306e-01
6.075598480426526658e+04 9.346865333999428982e-01
6.075598506432586146e+04 1.087620724686364726e+00
6.075598532438645634e+04 9.983244186459003799e-01
6.075598558444705122e+04 9.477413208305828229e-01
6.075598584450765338e+04 1.006737097797512748e+00
6.075598610456825554e+04 1.020808562426626320e+00
6.075598636462885042e+04 9.934885359814724648e-01
6.075598662468944531e+04 1.056909857731163971e+00
6.075598688475004019e+04 9.910255182473158841e-01
6.075598714481063507e+04 1.003968527546820200e+00
6.075598740487123723e+04 9.657790075135759267e-01
6.075598766493183211e+04 1.016603279245203328e+00
6.075598792499243427e+04 1.024525460066414206e+00
6.075598818505302916e+04 9.461146730351661649e-01
6.075598844511362404e+04 9.771009808504546035e-01
6.075598870517423347e+04 1.009587591160047149e+00
6.075598896523482836e+04 1.081901524274748505e+00
6.075598922529542324e+04 9.891352404836295520e-01
6.075598948535601812e+04 9.442236203337577294e-01
6.075598974541661300e+04 1.012598326942707683e+00
6.075599000547721516e+04 1.041531257413609080e+00
6.075599026553781005e+04 1.030898656816481296e+00
6.075599052559840493e+04 9.991059257960090978e-01
6.075599078565900709e+04 9.848484537502906200e-01
6.075599104571960197e+04 9.838370152446304084e-01
6.075599130578020413e+04 9.840143561265419780e-01
6.075599156584080629e+04 1.014579394352204789e+00
6.075599182590140117e+04 9.452257928793041941e-01
6.075599208596199605e+04 9.861199101070495798e-01
6.075599234602259094e+04 9.752300697791969064e-01
6.075599260608319310e+04 1.043022752211557602e+00
6.075599286614378798e+04 1.058860685847003325e+00
6.075599312620438286e+04 9.566219227030349215e-01
6.075599338626497774e+04 1.008408941242819434e+00
6.075599364632558718e+04 9.725965449558546805e-01
6.075599390638618206e+04 9.378405917941353698e-01
6.075599416644677694e+04 9.681128521620568916e-01
6.075599442650737910e+04 1.035503007302934320e+00
6.075599468656797399e+04 1.001499672350401271e+00
6.075599494662857614e+04 1.030513820045345419e+00
6.075599520668917103e+04 9.819496890769684461e-01
6.075599546674976591e+04 1.041792709482712409e+00
6.075599572681036079e+04 1.026894444931691686e+00
6.075599598687096295e+04 1.058183927625327980e+00
6.075599624693155783e+04 1.017127177002935312e+00
6.075599650699215999e+04 1.019717324161611538e+00
6.075599676705275488e+04 1.095750712516056158e+00
6.075599702711334976e+04 9.943420800869094967e-01
6.075599728717395192e+04 1.016113842273367984e+00
6.075599754723455408e+04 1.002350631402715964e+00
6.075599780729514896e+04 1.035065415707741021e+00
6.075599806735574384e+04 9.934689620980783342e-01
6.075599832741634600e+04 9.940343822926039907e-01
6.075599858747694088e+04 9.597885624170428009e-01
6.075599884753753577e+04 1.061889452780321541e+00
6.075599910759813065e+04 1.014808752391717528e+00
6.075599936765874008e+04 9.424850073297779129e-01
6.075600091310295102e+04 9.974423137781257553e-01
6.075600117316365504e+04 1.017662673342996760e+00
6.075600143322435179e+04 1.001220545775872495e+00
6.075600169328505581e+04 1.089197947950882650e+00
6.075600195334576711e+04 9.953156435587575679e-01
6.075600221340647113e+04 1.012615525892740509e+00
6.075600247346717515e+04 9.714727344647072771e-01
6.075600273352787190e+04 1.042114134215114341e+00
6.075600299358858319e+04 9.836066687644999806e-01
6.075600325364928722e+04 9.527456598403605259e-01
6.075600351370998396e+04 1.016287701347434291e+00
6.075600377377069526e+04 1.009038674980397454e+00
6.075600403383139928e+04 9.738488413853176873e-01
6.075600429389210331e+04 1.042154267426750547e+00
6.075600455395280733e+04 1.012546866169681703e+00
6.075600481401350407e+04 1.013643287760605194e+00
6.075600507407421537e+04 1.014611072409329129e+00
6.075600533413491939e+04 9.996147765631477888e-01
6.075600559419562342e+04 9.705936789371553131e-01
6.075600585425632744e+04 1.004817559312996433e+00
6.075600611431703146e+04 9.963549984857450470e-01
6.075600637437773548e+04 1.000865282960084146e+00
6.075600663443843951e+04 1.062868687292108705e+00
6.075600689449914353e+04 9.831334696745649415e-01
6.075600715455985483e+04 9.217179910802002496e-01
6.075600741462055157e+04 9.673491806850890162e-01
6.075600767468125559e+04 9.515837083885114733e-01
6.075600793474195962e+04 1.061465691187631011e+00
6.075600819480266364e+04 1.060746807158401417e+00
6.075600845486336766e+04 1.002700871455281417e+00
6.075600871492407168e+04 1.033407004010525432e+00
6.075600897498478298e+04 1.041715997642797431e+00
6.075600923504548700e+04 9.772722485605319642e-01
6.075600949510618375e+04 9.826772962355566632e-01
6.075600975516688777e+04 1.014202619778110215e+00
6.075601001522759907e+04 1.044362750759892933e+00
6.075601027528830309e+04 1.031439815591447262e+00
6.075601053534900711e+04 9.587758570390430002e-01
6.075601079540970386e+04 1.083530126435864993e+00
6.075601105547041516e+04 1.001265203170755846e+00
6.075601131553111918e+04 1.016504854451428796e+00
6.075601157559181593e+04 1.001600212190781880e+00
6.075601183565252722e+04 1.041944713256268917e+00
6.075601209571323125e+04 9.621351279809627899e-01
6.075601235577393527e+04 1.044207872755940292e+00
6.075601261583463929e+04 9.745540202865136115e-01
6.075601287589534331e+04 1.046740643406212978e+00
6.075601313595604734e+04 1.015812453742985344e+00
6.075601339601675136e+04 1.045593244691075618e+00
6.075601365607746266e+04 9.834237767070378444e-01
6.075601391613816668e+04 9.538323121908972579e-01
6.075601417619886342e+04 9.870244653720843253e-01
6.075601443625956745e+04 9.948484662702966608e-01
6.075601469632027874e+04 9.698089565010507007e-01
6.075601495638097549e+04 9.817536002917538474e-01
6.075601521644168679e+04 9.661921988970401109e-01
6.075601547650239081e+04 9.762000452163662745e-01
6.075601573656309483e+04 1.011989020368663672e+00
6.075601599662379886e+04 9.744769666563148913e-01
6.075601625668450288e+04 1.037051169216379520e+00
6.075601651674520690e+04 1.004593822034341111e+00
6.075601677680591092e+04 1.077373574923373267e+00
6.075601703686661494e+04 1.034762074897205064e+00
6.075601729692732624e+04 1.040366076371407766e+00
6.075601755698802299e+04 1.054465386724696252e+00
6.075601781704872701e+04 9.762558051053163988e-01
6.075601807710943831e+04 1.017024806838720652e+00
6.075601833717014233e+04 1.088886539017946298e+00
6.075601859723084635e+04 1.037684322922550306e+00
6.075601885729155038e+04 9.298126488770716014e-01
6.075601911735225440e+04 9.871696580275733934e-01
6.075601937741295842e+04 9.444671993156696921e-01
6.075601963747365517e+04 9.964721698166427721e-01
6.075601989753436646e+04 1.021709935168586547e+00
6.075602015759507049e+04 1.125103203647159322e+00
6.075602041765577451e+04 9.698479242066937456e-01
6.075602067771648581e+04 1.036248442326929808e+00
6.075602093777718255e+04 1.064998669516922458e+00
6.075602119783788658e+04 9.979121513147101163e-01
6.075602145789859787e+04 1.013579991184879958e+00
6.075602171795930190e+04 9.725566552962979783e-01
6.075602197802000592e+04 1.074266442426913937e+00
6.075602223808070994e+04 9.792916208240277642e-01
6.075602249814141396e+04 9.772873117776723628e-01
6.075602275820211798e+04 1.002390562408202124e+00
6.075602301826282201e+04 9.844624439685102368e-01
6.075602327832352603e+04 9.545964409800122841e-01
6.075602353838423005e+04 1.025504140220083737e+00
6.075602379844494135e+04 1.025843865270546384e+00
6.075602405850564537e+04 9.902139054405008078e-01
6.075602431856634212e+04 1.013895125352628712e+00
6.075602457862704614e+04 9.901534555402292659e-01
6.075602483868775744e+04 1.026490210653077106e+00
6.075602509874846146e+04 9.913449338680664358e-01
6.075602535880916548e+04 9.960224201338476746e-01
6.075602561886986950e+04 1.019962399896362504e+00
6.075602587893057353e+04 1.058671392340285955e+00
6.075602613899127755e+04 9.860015211408875713e-01
6.075602639905198885e+04 1.001747731870123781e+00
6.075602665911269287e+04 1.002056423687673670e+00
6.075602691917338962e+04 9.342688861529983013e-01
6.075602717923410091e+04 1.013609104061550692e+00
6.075602743929480494e+04 1.003533693726365694e+00
6.075602769935550168e+04 1.042246179304390896e+00
6.075602795941621298e+04 9.578163494656143362e-01
6.075602821947691700e+04 1.040366204991407972e+00
6.075602847953762102e+04 9.937668643553309034e-01
6.075602873959833232e+04 1.055066485919515573e+00
6.075602899965902907e+04 1.005490904903900695e+00
6.075602925971973309e+04 1.011928266437049695e+00
6.075603093119423283e+04 1.019609363191810392e+00
6.075603119125482772e+04 1.048792779078237203e+00
6.075603145131542988e+04 1.086869902241132779e+00
6.075603171137602476e+04 1.011141563084907657e+00
6.075603197143662692e+04 1.022642678117047232e+00
6.075603223149722908e+04 1.008974494442932412e+00
6.075603249155782396e+04 1.005935393083558171e+00
6.075603275161842612e+04 9.992214895112107031e-01
6.075603301167902100e+04 1.087533702059667373e+00
6.075603327173962316e+04 1.053319864747861434e+00
6.075603353180022532e+04 9.928209525254804158e-01
6.075603379186082020e+04 9.969278150242444347e-01
6.075603405192141508e+04 9.823211305339649702e-01
6.075603431198201724e+04 9.686073644500142743e-01
6.075603457204261213e+04 9.983172232986344818e-01
6.075603483210320701e+04 1.045318799249246977e+00
6.075603509216381644e+04 1.012647363135934730e+00
6.075603535222441133e+04 1.025144374951059811e+00
6.075603561228501349e+04 9.948912702203041025e-01
6.075603587234560837e+04 9.680169946946222126e-01
6.075603613240621053e+04 1.040540693415640483e+00
6.075603639246681269e+04 9.155720552264526857e-01
6.075603665252740757e+04 1.007623503552085520e+00
6.075603691258800245e+04 1.053135241766137931e+00
6.075603717264860461e+04 1.014447369438525648e+00
6.075603743270919949e+04 1.030629780645839544e+00
6.075603769276979438e+04 9.326608076728084562e-01
6.075603795283040381e+04 9.910164701151549238e-01
6.075603821289099869e+04 9.733993168820687103e-01
6.075603847295160085e+04 9.151253823936640330e-01
6.075603873301219573e+04 1.039620998307736022e+00
6.075603899307279789e+04 1.013977457767081258e+00
6.075603925313340005e+04 1.006052521702843316e+00
6.075603951319399494e+04 1.018927802482036737e+00
6.075603977325458982e+04 9.794123847778931635e-01
6.075604003331519198e+04 1.028962904085926056e+00
6.075604029337578686e+04 9.974560264203681248e-01
6.075604055343638902e+04 1.000045003104895081e+00
6.075604081349698390e+04 9.941469330786892877e-01
6.075604107355758606e+04 1.040569229589429767e+00
6.075604133361818822e+04 1.044875298203216341e+00
6.075604159367878310e+04 1.036025239184088953e+00
6.075604185373938526e+04 1.017397369877922397e+00
6.075604211379998742e+04 9.874185144758923505e-01
6.075604237386058230e+04 9.701352413482321468e-01
6.075604263392118446e+04 9.591985738521351390e-01
6.075604289398177934e+04 1.022876297888247521e+00
6.075604315404237423e+04 1.021103279565590105e+00
6.075604341410297639e+04 1.014773613201741087e+00
6.075604367416357127e+04 9.502948794334149518e-01
6.075604393422418070e+04 1.084962886527351955e+00
6.075604419428477559e+04 1.090650814860526729e+00
6.075604445434537047e+04 1.048139824577078105e+00
6.075604471440597990e+04 1.029424271341470964e+00
6.075604497446657479e+04 9.167896376190916019e-01
6.075604523452717694e+04 1.020331983240242879e+00
6.075604549458777183e+04 9.794609025215933462e-01
6.075604575464836671e+04 1.021201723966216557e+00
6.075604601470896887e+04 1.008573680732585132e+00
6.075604627476956375e+04 1.054901216047685830e+00
6.075604653483016591e+04 1.076157851205121974e+00
6.075604679489076807e+04 9.891932053183679630e-01
6.075604705495136295e+04 1.041203511414280358e+00
6.075604731501196511e+04 1.050793579142969225e+00
6.075604757507256727e+04 1.026340101831228147e+00
6.075604783513316943e+04 9.944956664747774955e-01
6.075604809519376431e+04 1.008470217882011077e+00
6.075604835525435919e+04 1.029281690495640111e+00
6.075604861531496135e+04 1.018940547011741415e+00
6.075604887537555624e+04 1.034613451600673306e+00
6.075604913543615839e+04 1.017910832420232836e+00
6.075604939549675328e+04 9.520219192665483332e-01
6.075604965555735544e+04 1.005910014768017557e+00
6.075604991561795759e+04 1.040400751712285521e+00
6.075605017567855248e+04 1.022780298206713567e+00
6.075605043573915464e+04 1.004804573644533239e+00
6.075605069579975680e+04 1.018697462403428400e+00
6.075605095586035168e+04 9.869027041588864790e-01
6.075605121592095384e+04 1.042606154956923881e+00
6.075605147598154872e+04 9.936065590590303920e-01
6.075605173604215088e+04 9.924363382764836983e-01
6.075605199610274576e+04 9.922441945962928722e-01
6.075605225616334792e+04 9.517557296818270895e-01
6.075605251622395008e+04 9.362886000880233928e-01
6.075605277628454496e+04 1.051772491388243802e+00
6.075605303634514712e+04 9.849351564888705335e-01
6.075605329640574200e+04 1.025824300250786525e+00
6.075605355646635144e+04 1.017213605404323484e+00
6.075605381652694632e+04 1.000097746664067255e+00
6.075605407658754848e+04 9.608284863197460446e-01
6.075605433664814336e+04 9.947100061836722240e-01
6.075605459670873825e+04 1.046803041310938376e+00
6.075605485676934040e+04 1.032359429036417531e+00
6.075605511682993529e+04 9.566990880247469020e-01
6.075605537689054472e+04 9.983162633248795492e-01
6.075605563695113960e+04 9.687407349971303150e-01
6.075605589701174176e+04 1.045920491754649628e+00
6.075605615707233665e+04 1.010073939693044709e+00
6.075605641713293880e+04 9.623725689178416198e-01
6.075605667719354096e+04 1.006468348752272535e+00
6.075605693725413585e+04 9.821686106139460026e-01
6.075605719731473800e+04 9.905599302971774822e-01
6.075605745737533289e+04 9.472776058003530286e-01
6.075605771743593505e+04 1.074957232219643011e+00
6.075605797749652993e+04 1.008907582467582387e+00
6.075605823755713209e+04 1.013925152813280439e+00
6.075605849761773425e+04 1.052155312255580899e+00
6.075605875767832913e+04 9.919711029588915707e-01
6.075605901773893129e+04 9.520714067566717898e-01
6.075605927779953345e+04 9.784142231103709619e-01
6.075606082322710427e+04 1.023960189518423824e+00
6.075606108328780829e+04 9.783833401892280124e-01
6.075606134334851231e+04 9.575281001908236833e-01
6.075606160340922361e+04 9.852806007900832830e-01
6.075606186346992035e+04 1.035542265903356185e+00
6.075606212353063165e+04 9.840889944564077396e-01
6.075606238359133567e+04 9.993867068769327622e-01
6.075606264365204697e+04 9.662585411271161773e-01
6.075606290371275099e+04 9.674256953197996056e-01
6.075606316377345502e+04 1.005567398488554254e+00
6.075606342383415904e+04 1.055730879264385358e+00
6.075606368389486306e+04 1.016607157325406519e+00
6.075606394395557436e+04 1.011414302634801476e+00
6.075606420401627838e+04 1.033982865411171348e+00
6.075606446407698240e+04 9.866356265734385067e-01
6.075606472413768643e+04 9.810461349299677281e-01
6.075606498419839772e+04 1.027314716424645891e+00
6.075606524425910175e+04 9.438185101445191183e-01
6.075606550431981304e+04 1.008374776795464278e+00
6.075606576438050979e+04 9.556965314595716743e-01
6.075606602444122109e+04 9.657887940900500290e-01
6.075606628450192511e+04 9.731110016947148722e-01
6.075606654456262913e+04 1.019821313140304442e+00
6.075606680462333316e+04 9.942758859413736161e-01
6.075606706468404445e+04 1.024968332411269056e+00
6.075606732474474848e+04 9.755900774714855173e-01
6.075606758480545250e+04 9.531369254011258230e-01
6.075606784486615652e+04 9.770026086914932462e-01
6.075606810492686054e+04 1.039496708002802139e+00
6.075606836498757184e+04 1.033788535513998408e+00
6.075606862504827586e+04 1.071938515772778766e+00
6.075606888510898716e+04 9.888512058923123460e-01
6.075606914516968391e+04 9.923881545579082974e-01
6.075606940523039520e+04 9.849350718128500048e-01
6.075606966529109923e+04 9.440371897692352299e-01
6.075606992535180325e+04 9.984128632055392361e-01
6.075607018541250727e+04 1.006471831215944190e+00
6.075607044547321857e+04 9.814250935362679451e-01
6.075607070553392259e+04 1.054989502665744983e+00
6.075607096559463389e+04 9.739003156204966150e-01
6.075607122565533064e+04 9.937205503400939888e-01
6.075607148571604193e+04 9.699321200791121145e-01
6.075607174577674596e+04 1.023069056427472701e+00
6.075607200583745725e+04 1.058969048632597554e+00
6.075607226589816128e+04 9.886660269000548951e-01
6.075607252595886530e+04 1.011013519592735221e+00
6.075607278601956932e+04 1.012070876863356172e+00
6.075607304608028062e+04 9.885405940218391363e-01
6.075607330614097737e+04 9.441847490276762400e-01
6.075607356620169594e+04 1.002143305153539998e+00
6.075607382626239269e+04 9.437817572547793077e-01
6.075607408632310398e+04 1.013239005352762234e+00
6.075607434638380801e+04 9.653414133190602042e-01
6.075607460644451203e+04 1.000964367424917123e+00
6.075607486650521605e+04 9.537364561141773445e-01
6.075607512656592735e+04 1.018840135928633206e+00
6.075607538662663137e+04 9.249261475591475934e-01
6.075607564668734267e+04 9.771314514960004471e-01
6.075607590674803942e+04 1.015129631488300710e+00
6.075607616680875071e+04 9.769615467509954465e-01
6.075607642686945474e+04 1.033145849944194117e+00
6.075607668693016603e+04 9.659498602999941896e-01
6.075607694699087006e+04 9.254534110895095145e-01
6.075607720705157408e+04 9.577793296394448985e-01
6.075607746711227810e+04 1.026103472109952897e+00
6.075607772717298940e+04 1.070518948037392226e+00
6.075607798723368614e+04 9.700433890635525858e-01
6.075607824729439744e+04 1.005950284221473368e+00
6.075607850735510146e+04 9.921847100243684769e-01
6.075607876741581276e+04 9.723271450151360629e-01
6.075607902747651679e+04 1.007777258089875838e+00
6.075607928753722081e+04 9.546630069332352475e-01
6.075607954759792483e+04 1.058686840406133811e+00
6.075607980765863613e+04 1.002668355836084046e+00
6.075608006771934015e+04 1.048001491247008143e+00
6.075608032778005145e+04 9.340138129790865884e-01
6.075608058784074819e+04 1.024232764483866687e+00
6.075608084790145949e+04 9.582113600152671884e-01
6.075608110796216351e+04 9.854128301180457017e-01
6.075608136802286754e+04 1.049763586930646975e+00
6.075608162808357156e+04 1.036385956269255226e+00
6.075608188814428286e+04 1.011393350027672167e+00
6.075608214820498688e+04 1.050754151878930953e+00
6.075608240826569818e+04 1.016959092648818341e+00
6.075608266832639492e+04 9.350182731156364557e-01
6.075608292838710622e+04 1.012336086568996096e+00
6.075608318844781024e+04 1.013003579658365627e+00
6.075608344850852154e+04 9.321840316628616785e-01
6.075608370856922556e+04 1.004862717309964903e+00
6.075608396862992959e+04 1.025031927028192902e+00
6.075608422869064088e+04 1.002690607242042731e+00
6.075608448875134491e+04 1.020102567959030759e+00
6.075608474881204893e+04 9.626467491100746399e-01
6.075608500887276023e+04 9.564639157198617792e-01
6.075608526893346425e+04 1.057278829591482783e+00
6.075608552899416827e+04 1.078139757385302433e+00
6.075608578905487957e+04 1.024358481506720819e+00
6.075608604911557632e+04 1.050031187184889525e+00
6.075608630917628761e+04 9.747350199605826493e-01
6.075608656923699164e+04 9.999128679898484640e-01
6.075608682929770293e+04 1.020078449110877417e+00
6.075608708935840696e+04 1.027274676940861609e+00
6.075608734941911098e+04 9.727612885718163183e-01
6.075608760947981500e+04 1.007870516805575267e+00
6.075608786954052630e+04 9.904658874761675946e-01
6.075608812960123760e+04 1.020776787167873678e+00
6.075608838966194162e+04 1.026516618724319097e+00
6.075608864972264564e+04 9.878295823050713409e-01
6.075608890978334966e+04 9.692863749173648014e-01
6.075608916984406096e+04 9.589740867840012006e-01
6.075609076569380704e+04 1.036295832572647013e+00
6.075609102575441648e+04 1.002227993998520139e+00
6.075609128581501136e+04 1.024151561050253623e+00
6.075609154587561352e+04 1.023945017967304860e+00
6.075609180593621568e+04 1.060956089950642944e+00
6.075609206599681784e+04 1.059790421813173067e+00
6.075609232605741272e+04 1.002007025381921768e+00
6.075609258611801488e+04 9.771213395430211612e-01
6.075609284617860976e+04 1.011202732214850908e+00
6.075609310623921192e+04 9.753038341956178359e-01
6.075609336629981408e+04 1.034271990411455011e+00
6.075609362636040896e+04 9.670392040448541060e-01
6.075609388642101840e+04 9.537369554487115098e-01
6.075609414648161328e+04 1.037075097167464932e+00
6.075609440654221544e+04 1.000895342214282335e+00
6.075609466660281760e+04 1.008438126843402616e+00
6.075609492666341976e+04 1.059319943769920558e+00
6.075609518672402191e+04 1.011333434401791243e+00
6.075609544678461680e+04 1.074863620309866930e+00
6.075609570684521896e+04 1.039034739447735278e+00
6.075609596690581384e+04 9.792259368152211874e-01
6.075609622696641600e+04 1.021835964473374325e+00
6.075609648702701088e+04 1.037691634647496919e+00
6.075609674708762032e+04 9.525841351302336557e-01
6.075609700714822247e+04 1.012113821708016337e+00
6.075609726720881736e+04 9.885968123219045500e-01
6.075609752726942679e+04 9.631364883114196251e-01
6.075609778733002167e+04 9.541526354402727339e-01
6.075609804739062383e+04 9.574568334336126529e-01
6.075609830745121872e+04 9.645426702687640574e-01
6.075609856751182087e+04 1.007871042961493435e+00
6.075609882757242303e+04 9.351403125343618061e-01
6.075609908763301792e+04 9.395741952813159159e-01
6.075609934769362008e+04 1.014304183116250480e+00
6.075609960775422223e+04 9.403884908880407734e-01
6.075609986781482439e+04 1.018689951927393311e+00
6.075610012787541928e+04 9.899795824413553103e-01
6.075610038793602143e+04 1.039899958407862091e+00
6.075610064799663087e+04 1.009914919173377612e+00
6.075610090805722575e+04 1.023121940540282715e+00
6.075610116811782791e+04 9.029064589823772025e-01
6.075610142817842279e+04 9.920741962289090221e-01
6.075610168823902495e+04 9.877959921471233251e-01
6.075610194829962711e+04 1.042812787143955866e+00
6.075610220836022199e+04 1.010600806796995599e+00
6.075610246842083143e+04 9.981408918761462967e-01
6.075610272848142631e+04 9.979448177561495159e-01
6.075610298854202847e+04 1.025369349910525418e+00
6.075610324860263063e+04 1.017966142794498596e+00
6.075610350866323279e+04 1.003008361379511104e+00
6.075610376872383495e+04 9.930248987628040869e-01
6.075610402878442983e+04 1.025283818318078355e+00
6.075610428884503199e+04 1.001750518678497626e+00
6.075610454890563415e+04 9.630486282802436238e-01
6.075610480896622903e+04 9.678315423286825148e-01
6.075610506902683119e+04 9.981802929189846907e-01
6.075610532908743335e+04 9.413790595200300926e-01
6.075610558914803551e+04 1.039011773704786590e+00
6.075610584920863766e+04 1.058915211120187605e+00
6.075610610926923255e+04 9.427974921202456615e-01
6.075610636932984198e+04 9.564385271637475538e-01
6.075610662939043686e+04 9.911526212557014714e-01
6.075610688945103902e+04 1.039216759997139583e+00
6.075610714951164118e+04 9.822318552821361903e-01
6.075610740957223607e+04 9.567666781891249750e-01
6.075610766963283822e+04 9.972391684400988554e-01
6.075610792969343311e+04 1.168407897396299688e+00
6.075610818975403527e+04 1.002521486624929459e+00
6.075610844981464470e+04 1.028673235631611727e+00
6.075610870987523958e+04 9.695297351967758770e-01
6.075610896993584174e+04 9.558477107642620041e-01
6.075610922999644390e+04 1.047219046122889408e+00
6.075610949005704606e+04 9.426974175224392960e-01
6.075610975011764822e+04 1.055374713956215293e+00
6.075611001017824310e+04 9.776287712345809178e-01
6.075611027023884526e+04 1.001658770002210153e+00
6.075611053029944742e+04 9.701664914980095977e-01
6.075611079036004230e+04 1.042410772780380857e+00
6.075611105042064446e+04 1.015776017996603331e+00
6.075611131048124662e+04 1.032816955276660398e+00
6.075611157054184878e+04 1.004324644099668484e+00
6.075611183060245094e+04 9.628898095694992110e-01
6.075611209066305310e+04 9.818691340214635854e-01
6.075611235072365525e+04 9.873038773002830171e-01
6.075611261078425741e+04 1.083364939040572628e+00
6.075611287084485230e+04 1.020758353023579978e+00
6.075611313090545445e+04 9.802115414103648172e-01
6.075611339096604934e+04 1.001064723935620959e+00
6.075611365102665150e+04 9.834609491403176751e-01
6.075611391108725365e+04 9.380103520738298783e-01
6.075611417114785581e+04 1.072669720196478327e+00
6.075611443120845797e+04 1.021986617318958679e+00
6.075611469126906013e+04 1.023394427890338632e+00
6.075611495132966229e+04 1.013890504094937084e+00
6.075611521139026445e+04 9.849570984029842879e-01
6.075611547145085933e+04 1.039007464809591497e+00
6.075611573151146149e+04 1.006255007017448078e+00
6.075611599157206365e+04 1.001874051060053894e+00
6.075611625163265853e+04 9.842955629811444007e-01
6.075611651169326069e+04 9.877486733284891463e-01
6.075611677175386285e+04 1.025749862037711013e+00
6.075611703181446501e+04 9.842759978583978109e-01
6.075611729187506717e+04 9.980394228730489203e-01
6.075611755193566933e+04 1.040114291744381525e+00
6.075611781199626421e+04 9.622319305287190261e-01
6.075611807205687364e+04 9.747202804504279117e-01
6.075611833211747580e+04 9.863937220077987345e-01
6.075611859217807068e+04 9.349383663024566360e-01
6.075611885223867284e+04 1.020381302431873305e+00
6.075611911229926773e+04 9.973076665125671925e-01
6.075612077117233275e+04 9.996799670621356881e-01
6.075612103123303677e+04 9.920043371691774636e-01
6.075612129129374080e+04 9.658852146425495055e-01
6.075612155135445209e+04 9.884313552225613142e-01
6.075612181141516339e+04 1.040373779917710184e+00
6.075612207147586741e+04 1.008350720556054236e+00
6.075612233153657144e+04 9.912688195569545613e-01
6.075612259159728274e+04 1.041898159197750084e+00
6.075612285165798676e+04 1.032178672434481692e+00
6.075612311171869806e+04 9.452263955033689546e-01
6.075612337177940935e+04 1.040643234357509384e+00
6.075612363184010610e+04 9.652895554095975994e-01
6.075612389190081740e+04 1.039110105519493343e+00
6.075612415196152870e+04 1.126432081929769291e+00
6.075612441202222544e+04 9.593533365159787607e-01
6.075612467208293674e+04 1.040807807633697069e+00
6.075612493214364804e+04 9.531940781249663708e-01
6.075612519220435206e+04 9.864576737441073107e-01
6.075612545226506336e+04 9.955167243220155449e-01
6.075612571232576738e+04 9.784992316758476250e-01
6.075612597238647140e+04 9.431660835423846256e-01
6.075612623244718270e+04 9.779748371341296931e-01
6.075612649250789400e+04 9.956497836759109488e-01
6.075612675256859802e+04 1.058840567795797272e+00
6.075612701262930204e+04 1.012733359034861502e+00
6.075612727269001334e+04 1.016115947503946515e+00
6.075612753275071736e+04 9.824892791842972928e-01
6.075612779281142139e+04 9.735655904670541538e-01
6.075612805287213268e+04 1.009249468358002666e+00
6.075612831293283671e+04 9.981615034293228605e-01
6.075612857299354800e+04 1.006839638435776507e+00
6.075612883305425930e+04 1.014928816044211590e+00
6.075612909311495605e+04 9.889092088315526441e-01
6.075612935317566735e+04 9.682196150289803516e-01
6.075612961323637865e+04 1.019677241412133561e+00
6.075612987329708267e+04 9.298128426748033526e-01
6.075613013335779397e+04 9.499826963272131053e-01
6.075613039341849799e+04 9.396580187458470901e-01
6.075613065347920201e+04 1.048303518479363206e+00
6.075613091353991331e+04 9.373125105748787433e-01
6.075613117360061733e+04 1.008152824997963437e+00
6.075613143366133590e+04 9.937187132032024861e-01
6.075613169372203265e+04 1.017538814308266648e+00
6.075613195378274395e+04 1.015693053310343652e+00
6.075613221384345525e+04 1.008996326897563245e+00
6.075613247390415199e+04 9.975709888385340118e-01
6.075613273396486329e+04 9.628928824529676689e-01
6.075613299402557459e+04 1.030503293004499277e+00
6.075613325408627861e+04 9.893103904364958234e-01
6.075613351414698991e+04 1.030109098567085324e+00
6.075613377420769393e+04 1.039580710118024998e+00
6.075613403426840523e+04 1.002601807013636215e+00
6.075613429432910925e+04 1.037369596761808843e+00
6.075613455438982055e+04 1.096568278438464716e+00
6.075613481445053185e+04 9.470880310520783940e-01
6.075613507451122859e+04 9.946633948083350996e-01
6.075613533457193989e+04 1.000388279875458641e+00
6.075613559463265119e+04 9.377808571441719199e-01
6.075613585469334794e+04 9.877968308009809073e-01
6.075613611475405924e+04 1.022005965157772645e+00
6.075613637481477053e+04 9.801959365226067256e-01
6.075613663487548183e+04 1.001906242881970943e+00
6.075613689493618585e+04 1.014603129882117205e+00
6.075613715499688988e+04 1.033429511485347341e+00
6.075613741505760117e+04 1.017953540507445354e+00
6.075613767511830520e+04 1.019975675883815436e+00
6.075613793517901649e+04 9.700388345655042155e-01
6.075613819523972779e+04 1.043897291350208922e+00
6.075613845530043181e+04 9.544834254739530399e-01
6.075613871536113584e+04 9.915855125257685421e-01
6.075613897542184714e+04 1.015158171250968522e+00
6.075613923548255116e+04 9.958088226963072165e-01
6.075613949554325518e+04 9.738255918099423258e-01
6.075613975560396648e+04 9.972827098901040355e-01
6.075614001566467778e+04 1.044959075335540888e+00
6.075614027572538907e+04 9.821775349554103807e-01
6.075614053578608582e+04 9.911019446819836487e-01
6.075614079584679712e+04 1.019460856399253990e+00
6.075614105590750842e+04 9.985383438190702510e-01
6.075614131596821244e+04 1.005858306727414275e+00
6.075614157602892374e+04 1.034472692241704017e+00
6.075614183608962776e+04 9.794786940455905144e-01
6.075614209615033906e+04 9.402623669248187932e-01
6.075614235621104308e+04 1.019762782760679665e+00
6.075614261627174710e+04 1.026491470884284052e+00
6.075614287633246568e+04 1.021915360417135821e+00
6.075614313639316970e+04 9.552860086603190970e-01
6.075614339645387372e+04 9.221704227218143757e-01
6.075614365651458502e+04 9.954714332530711918e-01
6.075614391657528904e+04 9.810616593222249993e-01
6.075614417663600034e+04 9.639060719873321359e-01
6.075614443669670436e+04 1.064856360644868660e+00
6.075614469675741566e+04 1.012662320694516893e+00
6.075614495681812696e+04 9.712148897228688460e-01
6.075614521687882370e+04 9.958702232288771938e-01
6.075614547693953500e+04 9.811543431532115944e-01
6.075614573700024630e+04 1.010345967333322159e+00
6.075614599706095760e+04 9.158242969063232763e-01
6.075614625712166162e+04 9.557180970802656717e-01
6.075614651718236564e+04 9.417984678022708334e-01
6.075614677724307694e+04 9.931721392766530432e-01
6.075614703730378824e+04 1.038445821644538691e+00
6.075614729736448498e+04 1.020696818071792356e+00
6.075614755742519628e+04 1.006383454126443588e+00
6.075614781748590758e+04 1.030051157871738621e+00
6.075614807754661888e+04 1.019900292309754652e+00
6.075614833760732290e+04 9.554110723000474037e-01
6.075614859766802692e+04 1.045302464701898471e+00
6.075614885772873822e+04 9.878368121002182312e-01
6.075614911778944952e+04 9.393972699801778070e-01
