6.075585120116569306e+04 1.019376986951977981e+00
6.075585146121949219e+04 1.013625334674985057e+00
6.075585172127328406e+04 9.994812984803946865e-01
6.075585198132708319e+04 9.710785699906481216e-01
6.075585224138088233e+04 1.037115295278393967e+00
6.075585250143468147e+04 9.815399015736406829e-01
6.075585276148847333e+04 1.026937725371503074e+00
6.075585302154227247e+04 1.010644773246580419e+00
6.075585328159607161e+04 1.036114549929633144e+00
6.075585354164987803e+04 9.734360594091242547e-01
6.075585380170368444e+04 1.008597888625910821e+00
6.075585406175747630e+04 1.123104718065254914e+00
6.075585432181127544e+04 9.561420409574101775e-01
6.075585458186507458e+04 1.020332183181514862e+00
6.075585484191887372e+04 9.962376940874198006e-01
6.075585510197266558e+04 1.050007921807660338e+00
6.075585536202646472e+04 9.747121621506980027e-01
6.075585562208026386e+04 9.575719038704647579e-01
6.075585588213406299e+04 8.925629966267709658e-01
6.075585614218786213e+04 9.646513827515169615e-01
6.075585640224165400e+04 9.097306174050858729e-01
6.075585666229546041e+04 1.036860617705341880e+00
6.075585692234926682e+04 9.822873548253018283e-01
6.075585718240306596e+04 1.001918682238419844e+00
6.075585744245685783e+04 1.032583288101162955e+00
6.075585770251065696e+04 1.033084631802642761e+00
6.075585796256445610e+04 1.043086977020320383e+00
6.075585822261825524e+04 1.007572283197311291e+00
6.075585848267205438e+04 9.883205875208241897e-01
6.075585874272584624e+04 1.047725505264857304e+00
6.075585900277964538e+04 1.007617394060825733e+00
6.075585926283344452e+04 1.015568900020784815e+00
6.075585952288725093e+04 9.728589388243130687e-01
6.075585978294105735e+04 1.044562500386931880e+00
6.075586004299484921e+04 9.783359513457644541e-01
6.075586030304864835e+04 9.221953229099116855e-01
6.075586056310244749e+04 9.584106147931413799e-01
6.075586082315624662e+04 9.900432070078054592e-01
6.075586108321004576e+04 9.753131459598264330e-01
6.075586134326383763e+04 9.604306665392923215e-01
6.075586160331763676e+04 9.910704953886966262e-01
6.075586186337143590e+04 1.015544750541948371e+00
6.075586212342523504e+04 1.029678079932269341e+00
6.075586238347903418e+04 9.675735969821395166e-01
6.075586264353283332e+04 1.013786076229368449e+00
6.075586290358663973e+04 9.989604645398244553e-01
6.075586316364043887e+04 9.652200853180907814e-01
6.075586342369423801e+04 1.013449504751795960e+00
6.075586368374803715e+04 9.568392498620735820e-01
6.075586394380182901e+04 9.711940402069904055e-01
6.075586420385562815e+04 9.202954037109892793e-01
6.075586446390942729e+04 9.934446597952395486e-01
6.075586472396322642e+04 1.005744314224150893e+00
6.075586498401702556e+04 9.765364370068113642e-01
6.075586524407081743e+04 1.007451863159331218e+00
6.075586550412462384e+04 9.556356338361241543e-01
6.075586576417843025e+04 9.676217953334133037e-01
6.075586602423222939e+04 1.029841389768853643e+00
6.075586628428602853e+04 9.708089132016317624e-01
6.075586654433982039e+04 1.006675096067942476e+00
6.075586680439361953e+04 9.406875351210582936e-01
6.075586706444741867e+04 9.461444293953139573e-01
6.075586732450121781e+04 1.022722172602649193e+00
6.075586758455501695e+04 1.053364767701094440e+00
6.075586784460881609e+04 9.762391226157499657e-01
6.075586810466260795e+04 9.594922149239241138e-01
6.075586836471640709e+04 9.874896232196260781e-01
6.075586862477021350e+04 1.000472957951893616e+00
6.075586888482401991e+04 9.583765688159001650e-01
6.075586914487781905e+04 9.642070867962176939e-01
6.075586940493161092e+04 1.024666371972076995e+00
6.075586966498541005e+04 9.851951329653496625e-01
6.075586992503920919e+04 9.250161489139301363e-01
6.075587018509300833e+04 9.991088760192071705e-01
6.075587044514680747e+04 9.557846600161155060e-01
6.075587070520060661e+04 1.041198062051908346e+00
6.075587096525439847e+04 9.950199672491695235e-01
6.075587122530819761e+04 1.024063179214982133e+00
6.075587148536199675e+04 1.000349032272595196e+00
6.075587174541581044e+04 9.657912525448297814e-01
6.075587200546960958e+04 9.361501719713748448e-01
6.075587226552340871e+04 1.056458796896389662e+00
6.075587252557720058e+04 9.711032561762710236e-01
6.075587278563099972e+04 1.000862562721753557e+00
6.075587304568479885e+04 1.011756883534887574e+00
6.075587330573859799e+04 9.271218273517649600e-01
6.075587356579239713e+04 1.047781725577713097e+00
6.075587382584619627e+04 1.036328267234127187e+00
6.075587408589998813e+04 9.830173505910519971e-01
6.075587434595378727e+04 1.035507437742421155e+00
6.075587460600759368e+04 9.655917235408232324e-01
6.075587486606140010e+04 1.030638051216963058e+00
6.075587512611519924e+04 1.053329211574119961e+00
6.075587538616899838e+04 9.667356533722477607e-01
6.075587564622279751e+04 1.047277187222443562e+00
6.075587590627658938e+04 9.813434209028328858e-01
6.075587616633038851e+04 1.039200271789178398e+00
6.075587642638418765e+04 9.808866618298965889e-01
6.075587668643798679e+04 9.589585018236579383e-01
6.075587694649178593e+04 9.490585980521496490e-01
6.075587720654558507e+04 1.018438431264675925e+00
6.075587746659937693e+04 1.044448193000187208e+00
6.075587772665318334e+04 1.033698063722378713e+00
6.075587798670698976e+04 9.550996525491224354e-01
6.075587824676078890e+04 1.039247654414657385e+00
6.075587850681458804e+04 9.519997934936546002e-01
6.075587876686838717e+04 9.696101671074792705e-01
6.075587902692218631e+04 9.279931517582561407e-01
6.075587928697597818e+04 1.068898750007818643e+00
6.075587954702977731e+04 1.007463060470567884e+00
6.075588115586427011e+04 8.909641317255350135e-01
6.075588141592496686e+04 9.795310545004403124e-01
6.075588167598567088e+04 9.941912527791680887e-01
6.075588193604636763e+04 9.879821681778913067e-01
6.075588219610707165e+04 9.987311189294735270e-01
6.075588245616777567e+04 9.043972410708305265e-01
6.075588271622847242e+04 9.960148509253865523e-01
6.075588297628917644e+04 1.010164456147347956e+00
6.075588323634988046e+04 9.099014901297090008e-01
6.075588349641056993e+04 1.011258000558134196e+00
6.075588375647127395e+04 9.957195717520527234e-01
6.075588401653197798e+04 9.965747212349376216e-01
6.075588427659268200e+04 9.646393793959443519e-01
6.075588453665338602e+04 9.877551937234135826e-01
6.075588479671408277e+04 1.025112893775270928e+00
6.075588505677478679e+04 9.656577686540567251e-01
6.075588531683548354e+04 1.006263450882115551e+00
6.075588557689618756e+04 9.985909726734665259e-01
6.075588583695689158e+04 9.744081161533870716e-01
6.075588609701758833e+04 1.065497104060750377e+00
6.075588635707829235e+04 1.037769647693599806e+00
6.075588661713899637e+04 1.032556638984561737e+00
6.075588687719969312e+04 1.037239105892826529e+00
6.075588713726038986e+04 1.028060108508050741e+00
6.075588739732109389e+04 9.978836915897242310e-01
6.075588765738179791e+04 9.672030458373546136e-01
6.075588791744250193e+04 9.464005519098411812e-01
6.075588817750319868e+04 9.883628685087694210e-01
6.075588843756390270e+04 9.979653737834667249e-01
6.075588869762460672e+04 9.355835511816250616e-01
6.075588895768530347e+04 1.029256479931557333e+00
6.075588921774600749e+04 9.984000271413270289e-01
6.075588947780670424e+04 1.012184467716326974e+00
6.075588973786740826e+04 1.017412113849410327e+00
6.075588999792811228e+04 9.803824250461838918e-01
6.075589025798880903e+04 9.876429061355337380e-01
6.075589051804952032e+04 9.861062777513929234e-01
6.075589077811021707e+04 1.026013277599709728e+00
6.075589103817091382e+04 9.645828362600936678e-01
6.075589129823161784e+04 9.802071896200195145e-01
6.075589155829231458e+04 9.778640884998696103e-01
6.075589181835301861e+04 9.702384682526978832e-01
6.075589207841372263e+04 9.890422216262096944e-01
6.075589233847442665e+04 1.048707521033493961e+00
6.075589259853513067e+04 1.009140248909785598e+00
6.075589285859582742e+04 9.967605523171040316e-01
6.075589311865652417e+04 1.073232942609794183e+00
6.075589337871722819e+04 9.903347714324384210e-01
6.075589363877793221e+04 1.059680876588667831e+00
6.075589389883863623e+04 1.013828515592413382e+00
6.075589415889933298e+04 9.718950417395858521e-01
6.075589441896003700e+04 9.679282171780434485e-01
6.075589467902074102e+04 9.947233150428875792e-01
6.075589493908143777e+04 9.573530349289632868e-01
6.075589519914213452e+04 1.001638725637912231e+00
6.075589545920283854e+04 9.965586728708980546e-01
6.075589571926354256e+04 9.512190796098338730e-01
6.075589597932424658e+04 1.015165146907649252e+00
6.075589623938494333e+04 1.039855667573404974e+00
6.075589649944564735e+04 1.016654376339489740e+00
6.075589675950635137e+04 9.651227254735483818e-01
6.075589701956705539e+04 9.998116778344183775e-01
6.075589727962775942e+04 9.778627340217584951e-01
6.075589753968844889e+04 1.018170378236311624e+00
6.075589779974915291e+04 9.711490417556195576e-01
6.075589805980985693e+04 9.550440036971892255e-01
6.075589831987055368e+04 9.495531251470373801e-01
6.075589857993125770e+04 1.001500141640672137e+00
6.075589883999196172e+04 9.453997973995241777e-01
6.075589910005266574e+04 1.003683848771584008e+00
6.075589936011336977e+04 1.004518641033878668e+00
6.075589962017406651e+04 9.465028761698711657e-01
6.075589988023477054e+04 1.022424410279023865e+00
6.075590014029546728e+04 1.025724068597855698e+00
6.075590040035617130e+04 9.977257893517239573e-01
6.075590066041687533e+04 1.029940371213474259e+00
6.075590092047757207e+04 9.669915612863541066e-01
6.075590118053827609e+04 9.861311131522948470e-01
6.075590144059898012e+04 9.876976982592337029e-01
6.075590170065967686e+04 1.040047313415702002e+00
6.075590196072038816e+04 9.860771796347905793e-01
6.075590222078108491e+04 1.033542953200233372e+00
6.075590248084178893e+04 9.657397874411884908e-01
6.075590274090249295e+04 9.690620833540294354e-01
6.075590300096318242e+04 1.001343614545263438e+00
6.075590326102388644e+04 9.935328706259204390e-01
6.075590352108459047e+04 9.906060318803743270e-01
6.075590378114529449e+04 9.485977048549634194e-01
6.075590404120599851e+04 1.004008998052043466e+00
6.075590430126669526e+04 1.046218465719539248e+00
6.075590456132739928e+04 1.053892609194718277e+00
6.075590482138810330e+04 1.032518459859086857e+00
6.075590508144880732e+04 1.030115189392872388e+00
6.075590534150951135e+04 9.845523986953815809e-01
6.075590560157020809e+04 9.339198525197031087e-01
6.075590586163091211e+04 1.008053577263989808e+00
6.075590612169160886e+04 1.056132971925356934e+00
6.075590638175230561e+04 9.471301135485875600e-01
6.075590664181300963e+04 1.041631901178840858e+00
6.075590690187371365e+04 1.032809393145222021e+00
6.075590716193441767e+04 1.022920558740034069e+00
6.075590742199512169e+04 1.054367381290752581e+00
6.075590768205581844e+04 1.020877170956888902e+00
6.075590794211652246e+04 9.762499268723552337e-01
6.075590820217722649e+04 9.934502358109525977e-01
6.075590846223793051e+04 9.769966318873134492e-01
6.075590872229863453e+04 1.029204160406787638e+00
6.075590898235933128e+04 9.752131355658886225e-01
6.075590924242003530e+04 1.078368737829890511e+00
6.075590950248073932e+04 1.021797734575538907e+00
6.075591106051386305e+04 9.725432645609340954e-01
6.075591132057445793e+04 1.047556555726353533e+00
6.075591158063505281e+04 1.033870821326471123e+00
6.075591184069564770e+04 9.898183522012232727e-01
6.075591210075624258e+04 9.544525456462742419e-01
6.075591236081683746e+04 9.919890579942667319e-01
6.075591262087743235e+04 1.013597801724347436e+00
6.075591288093802723e+04 9.992771214045002015e-01
6.075591314099862211e+04 1.024021152123268052e+00
6.075591340105922427e+04 9.792055711973663978e-01
6.075591366111981915e+04 1.050997692507189107e+00
6.075591392118041404e+04 1.052262153640579401e+00
6.075591418124100892e+04 1.018983744584353479e+00
6.075591444130160380e+04 1.015650876480897358e+00
6.075591470136219868e+04 1.037388794055725150e+00
6.075591496142279357e+04 1.007494382585659487e+00
6.075591522148338845e+04 9.477754407377820822e-01
6.075591548154399061e+04 9.753620107440041931e-01
6.075591574160458549e+04 1.047694390609037463e+00
6.075591600166518037e+04 9.241889369266053089e-01
6.075591626172577526e+04 1.050765201514610725e+00
6.075591652178637742e+04 9.768471140530843311e-01
6.075591678184697230e+04 9.617078021630049989e-01
6.075591704190756718e+04 9.878054222164819320e-01
6.075591730196816206e+04 1.034538378772211331e+00
6.075591756202875695e+04 1.013843957778636007e+00
6.075591782208935183e+04 1.013454963426923650e+00
6.075591808214994671e+04 1.064526528215121282e+00
6.075591834221054160e+04 9.771050404729352268e-01
6.075591860227113648e+04 1.038225042365221729e+00
6.075591886233173136e+04 1.079031141506467062e+00
6.075591912239232624e+04 9.788480118868416735e-01
6.075591938245292840e+04 1.024609244041379652e+00
6.075591964251352329e+04 9.831128645215077011e-01
6.075591990257411817e+04 9.805149875313644570e-01
6.075592016263471305e+04 9.673289599121835947e-01
6.075592042269530793e+04 9.324137754004283574e-01
6.075592068275590282e+04 9.942716396570936421e-01
6.075592094281649770e+04 1.018060229260540739e+00
6.075592120287709986e+04 1.011404210653471303e+00
6.075592146293769474e+04 9.951623096378962030e-01
6.075592172299828962e+04 1.028016253450168227e+00
6.075592198305888451e+04 1.034476326029859283e+00
6.075592224311948667e+04 1.033624542166596827e+00
6.075592250318008155e+04 1.030626120101467036e+00
6.075592276324067643e+04 1.056924574257461780e+00
6.075592302330127131e+04 9.684749622200335972e-01
6.075592328336186620e+04 9.785231583118857435e-01
6.075592354342246108e+04 1.003124699328511893e+00
6.075592380348305596e+04 1.010329169350001166e+00
6.075592406354365812e+04 1.039847249099121740e+00
6.075592432360425300e+04 1.026099578196103312e+00
6.075592458366484789e+04 1.056637215021613674e+00
6.075592484372544277e+04 9.911829763320879616e-01
6.075592510378604493e+04 9.536043231679327548e-01
6.075592536384663981e+04 9.371000357443447504e-01
6.075592562390723469e+04 9.536720797188813492e-01
6.075592588396782958e+04 9.572259934177502760e-01
6.075592614402842446e+04 1.013784458587113413e+00
6.075592640408901934e+04 9.825325025910737198e-01
6.075592666414961423e+04 1.011518414936133370e+00
6.075592692421020911e+04 9.121973148162614287e-01
6.075592718427081127e+04 9.932316262809807172e-01
6.075592744433140615e+04 9.792432801766743911e-01
6.075592770439200103e+04 1.031207681639700890e+00
6.075592796445260319e+04 9.964062371613507940e-01
6.075592822451319807e+04 1.052682547493416720e+00
6.075592848457379296e+04 9.948616115137505211e-01
6.075592874463438784e+04 9.790535719616061394e-01
6.075592900469498272e+04 1.022082570087355036e+00
6.075592926475557761e+04 1.016562339421559047e+00
6.075592952481617249e+04 1.038633121452055219e+00
6.075592978487676737e+04 1.013596926739633863e+00
6.075593004493736953e+04 1.040006774507129306e+00
6.075593030499796441e+04 1.042444327261955239e+00
6.075593056505855930e+04 9.692931386010168460e-01
6.075593082511916145e+04 1.057870178089876712e+00
6.075593108517975634e+04 1.013020862483241302e+00
6.075593134524035122e+04 1.033781347308858178e+00
6.075593160530094610e+04 1.011314874622159632e+00
6.075593186536154099e+04 1.013507070785781394e+00
6.075593212542213587e+04 1.008365745955579929e+00
6.075593238548273075e+04 1.111902234343939977e+00
6.075593264554332563e+04 1.037696184685226619e+00
6.075593290560392779e+04 9.985477816105531312e-01
6.075593316566452268e+04 1.000598041052820575e+00
6.075593342572511756e+04 1.077763382034778283e+00
6.075593368578571244e+04 1.038982185318515050e+00
6.075593394584631460e+04 1.000869445995657303e+00
6.075593420590690948e+04 9.920136344338050804e-01
6.075593446596750437e+04 1.032124730335197471e+00
6.075593472602809925e+04 9.773511904295990593e-01
6.075593498608869413e+04 1.016426414532182410e+00
6.075593524614928901e+04 1.020709312863262497e+00
6.075593550620988390e+04 9.699408705476758596e-01
6.075593576627048606e+04 9.638748512292591997e-01
6.075593602633108094e+04 9.531388054753728856e-01
6.075593628639167582e+04 9.996970745601467812e-01
6.075593654645227070e+04 1.023712903934253626e+00
6.075593680651287286e+04 1.066181413982348669e+00
6.075593706657346775e+04 1.105045026794109209e+00
6.075593732663406263e+04 9.897173494085902412e-01
6.075593758669465751e+04 1.017206446836838918e+00
6.075593784675525239e+04 1.031484443030329379e+00
6.075593810681584728e+04 1.007274409844556295e+00
6.075593836687644216e+04 1.006696540579001820e+00
6.075593862693704432e+04 9.556026972904866357e-01
6.075593888699763920e+04 9.453859715422181509e-01
6.075593914705823408e+04 1.023063974515361130e+00
6.075593940711883624e+04 9.215520598922672946e-01
6.075594106598430517e+04 9.229647696152180059e-01
6.075594132604500919e+04 1.064460816931214637e+00
6.075594158610571321e+04 9.990388949648619787e-01
6.075594184616640996e+04 9.471618314252132631e-01
6.075594210622711398e+04 9.812894384399966086e-01
6.075594236628781800e+04 9.449681745378377684e-01
6.075594262634852203e+04 9.800246198029605171e-01
6.075594288640922605e+04 1.043048057213698865e+00
6.075594314646992279e+04 1.025063213323883060e+00
6.075594340653063409e+04 9.770758346186537713e-01
6.075594366659133811e+04 9.787810987635081617e-01
6.075594392665203486e+04 9.724643346958367074e-01
6.075594418671273888e+04 9.736781571688345460e-01
6.075594444677344291e+04 1.045788242531601187e+00
6.075594470683414693e+04 9.707907150754452319e-01
6.075594496689485095e+04 1.045377869251639780e+00
6.075594522695554770e+04 1.031723836361878144e+00
6.075594548701625172e+04 1.092141344243933831e+00
6.075594574707695574e+04 9.560049593493501474e-01
6.075594600713765976e+04 9.007044466308735675e-01
6.075594626719836378e+04 1.000137752681716119e+00
6.075594652725906053e+04 1.019079651458103086e+00
6.075594678731976455e+04 1.025771890645003515e+00
6.075594704738046858e+04 1.017718769755842967e+00
6.075594730744116532e+04 9.985135712963923993e-01
6.075594756750187662e+04 9.973389467424498278e-01
6.075594782756257337e+04 9.747288366085510303e-01
6.075594808762328466e+04 1.014284097724831968e+00
6.075594834768398869e+04 1.000999997843717404e+00
6.075594860774468543e+04 9.197406014266161778e-01
6.075594886780538945e+04 1.056513313928113318e+00
6.075594912786609348e+04 1.037595843500498827e+00
6.075594938792679750e+04 9.701187909997576186e-01
6.075594964798750152e+04 1.045174218540618760e+00
6.075594990804819827e+04 9.602415766090376392e-01
6.075595016810890229e+04 1.008208001981992341e+00
6.075595042816960631e+04 9.791816171050730100e-01
6.075595068823031033e+04 9.829763191836894398e-01
6.075595094829101436e+04 1.038305574410289367e+00
6.075595120835171110e+04 9.994030753919157517e-01
6.075595146841241512e+04 9.995389136628095583e-01
6.075595172847312642e+04 9.828770324354245691e-01
6.075595198853382317e+04 1.033026771515034969e+00
6.075595224859452719e+04 9.829930722046842373e-01
6.075595250865523121e+04 1.082365971436925367e+00
6.075595276871593524e+04 1.069285375957234052e+00
6.075595302877663926e+04 1.008059184983354672e+00
6.075595328883733600e+04 9.686701912138314663e-01
6.075595354889804003e+04 9.997225564363416694e-01
6.075595380895874405e+04 9.739572975347268180e-01
6.075595406901944807e+04 1.051147898119687785e+00
6.075595432908015209e+04 1.087321153696631626e+00
6.075595458914084884e+04 9.297313410306544679e-01
6.075595484920156014e+04 1.008771737333581386e+00
6.075595510926226416e+04 9.871471180110614752e-01
6.075595536932296091e+04 1.023486138031063586e+00
6.075595562938366493e+04 1.066391496129029504e+00
6.075595588944436895e+04 9.821410711154894280e-01
6.075595614950507297e+04 9.653892552122727011e-01
6.075595640956577699e+04 9.622323880428765852e-01
6.075595666962647374e+04 9.779630799732695889e-01
6.075595692968717776e+04 1.013706055079228951e+00
6.075595718974788178e+04 9.642737901207112383e-01
6.075595744980858581e+04 9.912984727800679963e-01
6.075595770986929710e+04 1.017927995077596126e+00
6.075595796992999385e+04 9.656724142445265446e-01
6.075595822999069787e+04 1.039297902929920081e+00
6.075595849005140190e+04 1.060256008344508949e+00
6.075595875011209864e+04 1.044808464902438283e+00
6.075595901017280994e+04 1.042798712651045845e+00
6.075595927023350669e+04 9.757964794688449572e-01
6.075595953029421071e+04 9.808556602121811796e-01
6.075595979035491473e+04 9.945815037834080385e-01
6.075596005041561148e+04 9.986932000107701102e-01
6.075596031047632277e+04 9.855422597842350418e-01
6.075596057053702680e+04 9.925682537031370600e-01
6.075596083059773082e+04 1.031464056401424134e+00
6.075596109065843484e+04 9.786409413509451483e-01
6.075596135071913159e+04 1.024341509674568051e+00
6.075596161077983561e+04 1.007714289060253732e+00
6.075596187084053963e+04 9.888891148612042326e-01
6.075596213090124365e+04 9.672711643425861983e-01
6.075596239096194768e+04 9.979943935248050124e-01
6.075596265102265170e+04 1.050946349909250621e+00
6.075596291108335572e+04 1.019715710068382908e+00
6.075596317114405974e+04 1.054903604705856202e+00
6.075596343120475649e+04 1.032285731601332746e+00
6.075596369126546051e+04 1.002902366189037719e+00
6.075596395132616453e+04 9.816697133115559470e-01
6.075596421138686856e+04 9.968989463312163402e-01
6.075596447144757258e+04 1.047430069172482270e+00
6.075596473150827660e+04 9.782292466216457871e-01
6.075596499156898062e+04 1.066165897612536551e+00
6.075596525162968464e+04 1.019344999259141460e+00
6.075596551169038867e+04 1.015881122699212158e+00
6.075596577175109269e+04 1.017781975410098072e+00
6.075596603181178943e+04 9.880012676172116315e-01
6.075596629187249346e+04 1.012537866502300377e+00
6.075596655193319748e+04 1.026480864095921541e+00
6.075596681199390150e+04 1.031540774518895365e+00
6.075596707205460552e+04 1.004670953360144336e+00
6.075596733211530955e+04 9.492036146957810727e-01
6.075596759217601357e+04 9.572467302100269304e-01
6.075596785223671759e+04 9.893442138485850634e-01
6.075596811229741434e+04 9.908425563467040398e-01
6.075596837235811836e+04 9.858138855679049462e-01
6.075596863241882238e+04 1.026197107127604147e+00
6.075596889247953368e+04 9.763163692303767904e-01
6.075596915254023770e+04 9.578550957744074168e-01
6.075596941260093445e+04 1.036193413395117613e+00
6.075597102105359954e+04 1.093377441003755779e+00
6.075597128111420170e+04 1.024818673753027820e+00
6.075597154117479658e+04 9.746039039284075667e-01
6.075597180123539147e+04 1.022148227237175355e+00
6.075597206129598635e+04 9.745380118977146067e-01
6.075597232135658123e+04 9.715890314200136268e-01
6.075597258141718339e+04 1.060199269542881684e+00
6.075597284147777827e+04 1.042305917678463034e+00
6.075597310153837316e+04 1.008759354809613429e+00
6.075597336159897532e+04 1.058095038582258951e+00
6.075597362165957020e+04 9.882653493041162474e-01
6.075597388172016508e+04 1.060204320160692992e+00
6.075597414178077452e+04 1.028501926911729925e+00
6.075597440184136940e+04 1.033999443962352327e+00
6.075597466190196428e+04 1.051586576979334442e+00
6.075597492196255916e+04 9.990182388623507492e-01
6.075597518202315405e+04 1.043993396601273549e+00
6.075597544208374893e+04 1.051009255429074418e+00
6.075597570214434381e+04 9.799453271417642997e-01
6.075597596220494597e+04 1.009907028203331336e+00
6.075597622226554813e+04 9.978503205321148650e-01
6.075597648232614301e+04 1.028896159133487087e+00
6.075597674238673790e+04 9.804211283518030617e-01
6.075597700244734006e+04 9.775572140458310688e-01
6.075597726250793494e+04 9.700786335400635174e-01
6.075597752256853710e+04 9.823988626443420635e-01
6.075597778262913198e+04 9.816332239663490000e-01
6.075597804268972686e+04 1.004596606132375669e+00
6.075597830275032175e+04 1.062720647664191942e+00
6.075597856281091663e+04 9.835615311808271199e-01
6.075597882287151151e+04 1.054015307786428934e+00
6.075597908293212095e+04 1.023755019364406937e+00
6.075597934299271583e+04 9.932891161126976565e-01
6.075597960305331071e+04 9.795971968075003478e-01
6.075597986311390559e+04 9.284172337890427285e-01
6.075598012317450775e+04 1.070058547571884677e+00
6.075598038323510264e+04 1.029782329436232491e+00
6.075598064329570479e+04 1.046423354395038308e+00
6.075598090335629968e+04 1.029702482439134759e+00
6.075598116341689456e+04 9.984631499744692773e-01
6.075598142347748944e+04 1.101001716971241384e+00
6.075598168353808433e+04 1.006538887413038985e+00
6.075598194359869376e+04 1.015129141417766112e+00
6.075598220365928864e+04 1.067454341265938522e+00
6.075598246371988353e+04 1.061315387274496258e+00
6.075598272378047841e+04 9.912963543764734542e-01
6.075598298384108057e+04 9.862680434005929309e-01
6.075598324390167545e+04 1.077556699250223682e+00
6.075598350396227761e+04 9.777180536389010745e-01
6.075598376402287249e+04 1.079866323506567527e+00
6.075598402408346738e+04 1.024523654278233886e+00
6.075598428414406226e+04 1.001061239410021564e+00
6.075598454420465714e+04 1.008681814088599804e+00
6.075598480426526658e+04 9.991445592780890950e-01
6.075598506432586146e+04 1.024055499473332631e+00
6.075598532438645634e+04 1.005742484574283946e+00
6.075598558444705122e+04 9.969303485289041644e-01
6.075598584450765338e+04 1.006098860073348922e+00
6.075598610456825554e+04 9.993337669074094931e-01
6.075598636462885042e+04 1.006465380970773982e+00
6.075598662468944531e+04 1.018326670801977585e+00
6.075598688475004019e+04 1.008266478075973138e+00
6.075598714481063507e+04 9.746531386487256032e-01
6.075598740487123723e+04 9.637683033841916158e-01
6.075598766493183211e+04 9.941358946945113573e-01
6.075598792499243427e+04 1.037215786303061993e+00
6.075598818505302916e+04 1.051655767270719855e+00
6.075598844511362404e+04 9.859090519733684221e-01
6.075598870517423347e+04 9.925465942102855710e-01
6.075598896523482836e+04 1.048707597530551539e+00
6.075598922529542324e+04 9.812001062920048255e-01
6.075598948535601812e+04 1.023560801016518251e+00
6.075598974541661300e+04 1.005753710527969025e+00
6.075599000547721516e+04 1.002920271500497229e+00
6.075599026553781005e+04 1.003052316420704360e+00
6.075599052559840493e+04 9.658709421377941196e-01
6.075599078565900709e+04 1.033716254507685894e+00
6.075599104571960197e+04 1.032881155092026049e+00
6.075599130578020413e+04 1.009929424915633422e+00
6.075599156584080629e+04 9.756929547417122484e-01
6.075599182590140117e+04 1.031907793389828409e+00
6.075599208596199605e+04 1.063393100762078047e+00
6.075599234602259094e+04 1.041377791020517751e+00
6.075599260608319310e+04 1.023181618951882310e+00
6.075599286614378798e+04 9.725976299524837776e-01
6.075599312620438286e+04 9.714959054337158895e-01
6.075599338626497774e+04 1.013261443329915856e+00
6.075599364632558718e+04 1.026616235497431084e+00
6.075599390638618206e+04 1.014891411517867770e+00
6.075599416644677694e+04 1.022424110274213760e+00
6.075599442650737910e+04 1.053240790704786711e+00
6.075599468656797399e+04 1.017848048314387466e+00
6.075599494662857614e+04 1.003063766519989963e+00
6.075599520668917103e+04 1.016489760022611266e+00
6.075599546674976591e+04 1.043771766821031566e+00
6.075599572681036079e+04 1.003634651648604992e+00
6.075599598687096295e+04 9.912118961532305761e-01
6.075599624693155783e+04 9.838950582279722967e-01
6.075599650699215999e+04 1.024281454530099778e+00
6.075599676705275488e+04 1.060940984369266316e+00
6.075599702711334976e+04 9.706959705892521661e-01
6.075599728717395192e+04 9.652489810725353170e-01
6.075599754723455408e+04 1.036530261829086141e+00
6.075599780729514896e+04 1.015688584405658679e+00
6.075599806735574384e+04 1.018336476631869214e+00
6.075599832741634600e+04 1.056093899141888670e+00
6.075599858747694088e+04 1.034011848662603539e+00
6.075599884753753577e+04 1.074986069644171316e+00
6.075599910759813065e+04 9.872811125602477533e-01
6.075599936765874008e+04 1.058355469805899451e+00
6.075600091310295102e+04 1.049814823436569844e+00
6.075600117316365504e+04 9.588849599700487447e-01
6.075600143322435179e+04 9.607069371111452982e-01
6.075600169328505581e+04 9.950591303343956362e-01
6.075600195334576711e+04 9.857820759098816499e-01
6.075600221340647113e+04 1.023544539075758708e+00
6.075600247346717515e+04 9.922239872778322312e-01
6.075600273352787190e+04 1.053194237427302893e+00
6.075600299358858319e+04 9.747887229502278927e-01
6.075600325364928722e+04 1.060123159373862700e+00
6.075600351370998396e+04 1.044124323752786854e+00
6.075600377377069526e+04 1.035650344830898018e+00
6.075600403383139928e+04 9.616508989994017043e-01
6.075600429389210331e+04 1.008503916418341584e+00
6.075600455395280733e+04 9.775447508541241781e-01
6.075600481401350407e+04 9.343686398833552786e-01
6.075600507407421537e+04 1.049232070211851831e+00
6.075600533413491939e+04 9.996408973656780717e-01
6.075600559419562342e+04 1.056030323008027905e+00
6.075600585425632744e+04 1.040859430609465397e+00
6.075600611431703146e+04 1.020456256463809996e+00
6.075600637437773548e+04 9.930224575028629985e-01
6.075600663443843951e+04 1.041668698857207698e+00
6.075600689449914353e+04 1.084001466812789305e+00
6.075600715455985483e+04 1.074927654232127550e+00
6.075600741462055157e+04 1.018755631592565436e+00
6.075600767468125559e+04 1.000670121047329886e+00
6.075600793474195962e+04 1.064470491769882399e+00
6.075600819480266364e+04 9.996904055513861076e-01
6.075600845486336766e+04 1.044905137879420520e+00
6.075600871492407168e+04 9.733775282273451346e-01
6.075600897498478298e+04 1.070303161656133595e+00
6.075600923504548700e+04 1.014675174908182598e+00
6.075600949510618375e+04 9.546133713933799836e-01
6.075600975516688777e+04 9.812256661442999572e-01
6.075601001522759907e+04 1.029939618439237758e+00
6.075601027528830309e+04 1.013074925662915904e+00
6.075601053534900711e+04 9.710418603862207565e-01
6.075601079540970386e+04 9.907412806465308863e-01
6.075601105547041516e+04 1.037749447652159596e+00
6.075601131553111918e+04 1.014918125894553880e+00
6.075601157559181593e+04 1.008455042113848066e+00
6.075601183565252722e+04 9.513460014207700821e-01
6.075601209571323125e+04 1.047381033150393659e+00
6.075601235577393527e+04 1.021606993099756888e+00
6.075601261583463929e+04 1.005063800275248331e+00
6.075601287589534331e+04 1.009608242422219249e+00
6.075601313595604734e+04 1.113715255474958088e+00
6.075601339601675136e+04 1.054648194542870954e+00
6.075601365607746266e+04 1.024682146720055087e+00
6.075601391613816668e+04 1.026764165994388467e+00
6.075601417619886342e+04 1.044797998237801284e+00
6.075601443625956745e+04 9.947069116614751794e-01
6.075601469632027874e+04 1.071647667498050627e+00
6.075601495638097549e+04 9.974718967509493828e-01
6.075601521644168679e+04 1.016665123892781075e+00
6.075601547650239081e+04 1.000389346355827325e+00
6.075601573656309483e+04 9.731627675881212580e-01
6.075601599662379886e+04 1.024151878478636091e+00
6.075601625668450288e+04 1.002267810247156721e+00
6.075601651674520690e+04 1.006793302717539973e+00
6.075601677680591092e+04 9.545996672753576107e-01
6.075601703686661494e+04 1.021257456344500492e+00
6.075601729692732624e+04 1.019092075126173391e+00
6.075601755698802299e+04 1.037632110934650687e+00
6.075601781704872701e+04 1.076474493659428155e+00
6.075601807710943831e+04 9.813076548571770807e-01
6.075601833717014233e+04 1.082111869809111226e+00
6.075601859723084635e+04 9.769688502634423788e-01
6.075601885729155038e+04 1.033435386006051004e+00
6.075601911735225440e+04 1.011847258365476510e+00
6.075601937741295842e+04 1.093088005448895395e+00
6.075601963747365517e+04 1.027294219927620045e+00
6.075601989753436646e+04 1.085796266454947423e+00
6.075602015759507049e+04 9.732301813204904395e-01
6.075602041765577451e+04 1.009837431403060259e+00
6.075602067771648581e+04 1.030135022183557458e+00
6.075602093777718255e+04 1.055783285803680638e+00
6.075602119783788658e+04 1.048072483594923776e+00
6.075602145789859787e+04 1.025120567437382668e+00
6.075602171795930190e+04 1.004862572743026261e+00
6.075602197802000592e+04 1.031251514521915436e+00
6.075602223808070994e+04 9.867642923823319867e-01
6.075602249814141396e+04 1.076811881101566337e+00
6.075602275820211798e+04 1.053808270686675375e+00
6.075602301826282201e+04 9.758750203974171367e-01
6.075602327832352603e+04 9.933371374558770395e-01
6.075602353838423005e+04 9.994746679713589765e-01
6.075602379844494135e+04 1.058242831733183786e+00
6.075602405850564537e+04 9.729681361353333946e-01
6.075602431856634212e+04 9.964120993971318230e-01
6.075602457862704614e+04 9.673626070540315425e-01
6.075602483868775744e+04 9.317477905951060402e-01
6.075602509874846146e+04 1.026751064464050289e+00
6.075602535880916548e+04 9.602754442281994374e-01
6.075602561886986950e+04 9.976972463194968554e-01
6.075602587893057353e+04 9.749674988759962080e-01
6.075602613899127755e+04 1.000939194046154945e+00
6.075602639905198885e+04 9.849599700547270187e-01
6.075602665911269287e+04 9.993946869302562375e-01
6.075602691917338962e+04 9.982703514927260269e-01
6.075602717923410091e+04 1.041950775923987660e+00
6.075602743929480494e+04 1.000777566964488718e+00
6.075602769935550168e+04 1.047136250882216180e+00
6.075602795941621298e+04 1.016270929616631458e+00
6.075602821947691700e+04 1.092195056286781707e+00
6.075602847953762102e+04 1.001335022795950103e+00
6.075602873959833232e+04 1.016022488909786858e+00
6.075602899965902907e+04 9.872257004001154801e-01
6.075602925971973309e+04 9.960247321022074329e-01
6.075603093119423283e+04 1.051784373268823902e+00
6.075603119125482772e+04 1.019461826962301476e+00
6.075603145131542988e+04 1.056918479967473790e+00
6.075603171137602476e+04 1.015104857779267622e+00
6.075603197143662692e+04 1.002856121258855815e+00
6.075603223149722908e+04 9.664638414515480669e-01
6.075603249155782396e+04 1.012419328220063086e+00
6.075603275161842612e+04 9.891222890275256363e-01
6.075603301167902100e+04 1.079864795687461188e+00
6.075603327173962316e+04 1.015991427750113640e+00
6.075603353180022532e+04 9.953770468880913658e-01
6.075603379186082020e+04 1.052487696044878795e+00
6.075603405192141508e+04 1.034145642014384414e+00
6.075603431198201724e+04 9.970901145077876171e-01
6.075603457204261213e+04 9.630784840720659767e-01
6.075603483210320701e+04 1.040667213208666064e+00
6.075603509216381644e+04 9.786064070788439428e-01
6.075603535222441133e+04 9.395022097633828340e-01
6.075603561228501349e+04 1.011443160136830777e+00
6.075603587234560837e+04 9.647971849824884538e-01
6.075603613240621053e+04 9.968280382519218996e-01
6.075603639246681269e+04 9.745868178818786198e-01
6.075603665252740757e+04 9.602408837681920550e-01
6.075603691258800245e+04 1.028601525220956603e+00
6.075603717264860461e+04 1.042053614126005279e+00
6.075603743270919949e+04 9.960225339541713963e-01
6.075603769276979438e+04 1.060628212480091870e+00
6.075603795283040381e+04 9.568431552393296124e-01
6.075603821289099869e+04 1.038847481683512930e+00
6.075603847295160085e+04 1.041258794050952341e+00
6.075603873301219573e+04 9.870966726608980668e-01
6.075603899307279789e+04 1.047603137579683263e+00
6.075603925313340005e+04 9.757667073037246119e-01
6.075603951319399494e+04 9.946979633873407334e-01
6.075603977325458982e+04 1.006136432331402597e+00
6.075604003331519198e+04 9.782833054727037014e-01
6.075604029337578686e+04 1.029854437553719304e+00
6.075604055343638902e+04 1.010174129583996994e+00
6.075604081349698390e+04 1.072466934777871694e+00
6.075604107355758606e+04 9.213360293527478317e-01
6.075604133361818822e+04 1.050129076693889996e+00
6.075604159367878310e+04 1.013969694083446837e+00
6.075604185373938526e+04 1.019560766739349589e+00
6.075604211379998742e+04 9.883729226444792904e-01
6.075604237386058230e+04 1.020172890696483980e+00
6.075604263392118446e+04 1.008505133480344762e+00
6.075604289398177934e+04 9.637256571782206738e-01
6.075604315404237423e+04 1.019564553174097998e+00
6.075604341410297639e+04 9.518692536737929366e-01
6.075604367416357127e+04 1.086292037319942283e+00
6.075604393422418070e+04 1.019589936798312779e+00
6.075604419428477559e+04 1.013172093425721343e+00
6.075604445434537047e+04 9.083036648527027523e-01
6.075604471440597990e+04 1.044582819715791588e+00
6.075604497446657479e+04 1.013597488300733707e+00
6.075604523452717694e+04 9.933823595835193920e-01
6.075604549458777183e+04 1.015302828756364129e+00
6.075604575464836671e+04 9.894234706417045500e-01
6.075604601470896887e+04 1.033857307944714199e+00
6.075604627476956375e+04 9.648781882590676817e-01
6.075604653483016591e+04 1.039261587952923005e+00
6.075604679489076807e+04 1.019369679950540064e+00
6.075604705495136295e+04 1.007749572350034706e+00
6.075604731501196511e+04 9.280206135472511830e-01
6.075604757507256727e+04 9.978403654527446820e-01
6.075604783513316943e+04 1.058395518368329347e+00
6.075604809519376431e+04 1.041146098811216225e+00
6.075604835525435919e+04 9.768479511444926322e-01
6.075604861531496135e+04 9.777388402404146861e-01
6.075604887537555624e+04 9.960662435776840296e-01
6.075604913543615839e+04 9.279245818034019821e-01
6.075604939549675328e+04 1.048780175154417682e+00
6.075604965555735544e+04 1.052066920445818843e+00
6.075604991561795759e+04 9.649319646617618984e-01
6.075605017567855248e+04 9.652088463801935525e-01
6.075605043573915464e+04 9.849013799016531623e-01
6.075605069579975680e+04 1.024282027739953582e+00
6.075605095586035168e+04 1.066714970500008741e+00
6.075605121592095384e+04 1.033431406029697852e+00
6.075605147598154872e+04 1.075800737561070086e+00
6.075605173604215088e+04 9.953818062727773919e-01
6.075605199610274576e+04 1.073189439948142310e+00
6.075605225616334792e+04 9.561130039379346357e-01
6.075605251622395008e+04 1.005100839176102268e+00
6.075605277628454496e+04 1.034407958156493335e+00
6.075605303634514712e+04 1.008326070446657008e+00
6.075605329640574200e+04 9.601529703307213337e-01
6.075605355646635144e+04 9.567422427337090030e-01
6.075605381652694632e+04 9.549561406097596405e-01
6.075605407658754848e+04 9.921329654135152554e-01
6.075605433664814336e+04 1.017637152600717743e+00
6.075605459670873825e+04 1.002781453254877331e+00
6.075605485676934040e+04 9.561188052313571717e-01
6.075605511682993529e+04 1.014598100321192575e+00
6.075605537689054472e+04 1.036823710905665274e+00
6.075605563695113960e+04 1.034919743505882117e+00
6.075605589701174176e+04 9.976761855303017956e-01
6.075605615707233665e+04 1.013882683424041087e+00
6.075605641713293880e+04 9.931322778413664842e-01
6.075605667719354096e+04 1.012814229540886402e+00
6.075605693725413585e+04 1.020502317485028954e+00
6.075605719731473800e+04 1.016886307174884152e+00
6.075605745737533289e+04 9.369983422340839585e-01
6.075605771743593505e+04 1.075415390845344543e+00
6.075605797749652993e+04 9.277967040818930755e-01
6.075605823755713209e+04 1.033288995296830493e+00
6.075605849761773425e+04 1.091593143094287344e+00
6.075605875767832913e+04 1.023275564637984525e+00
6.075605901773893129e+04 1.031919136272367643e+00
6.075605927779953345e+04 1.028662646341319542e+00
6.075606082322710427e+04 9.718033503903673598e-01
6.075606108328780829e+04 1.035554833117841911e+00
6.075606134334851231e+04 9.726752800053859449e-01
6.075606160340922361e+04 9.603604942277753631e-01
6.075606186346992035e+04 9.981811105487448099e-01
6.075606212353063165e+04 1.039196929999796293e+00
6.075606238359133567e+04 1.033169652766640523e+00
6.075606264365204697e+04 9.948539252812311773e-01
6.075606290371275099e+04 9.815768130552366966e-01
6.075606316377345502e+04 9.444699349602007077e-01
6.075606342383415904e+04 1.035746608276152170e+00
6.075606368389486306e+04 1.003661548943423965e+00
6.075606394395557436e+04 1.043323376204149833e+00
6.075606420401627838e+04 1.010298620212418896e+00
6.075606446407698240e+04 9.624019739841073173e-01
6.075606472413768643e+04 1.022442403682775502e+00
6.075606498419839772e+04 1.021368675726991304e+00
6.075606524425910175e+04 1.025360816788595697e+00
6.075606550431981304e+04 9.200803962528258939e-01
6.075606576438050979e+04 1.051188672766405263e+00
6.075606602444122109e+04 1.041528896799925219e+00
6.075606628450192511e+04 9.523414920995252331e-01
6.075606654456262913e+04 9.915194881468163413e-01
6.075606680462333316e+04 9.523643500615973645e-01
6.075606706468404445e+04 1.033103423630725937e+00
6.075606732474474848e+04 9.375201660792769065e-01
6.075606758480545250e+04 1.020010610922360339e+00
6.075606784486615652e+04 1.007568131133853795e+00
6.075606810492686054e+04 9.898186664519489364e-01
6.075606836498757184e+04 1.006117720288998596e+00
6.075606862504827586e+04 1.045764591761060736e+00
6.075606888510898716e+04 9.753230680213097470e-01
6.075606914516968391e+04 9.888793835925913100e-01
6.075606940523039520e+04 1.001227804374636099e+00
6.075606966529109923e+04 1.060336123535307706e+00
6.075606992535180325e+04 1.036666150280026288e+00
6.075607018541250727e+04 9.968351634965344488e-01
6.075607044547321857e+04 1.047680207009862752e+00
6.075607070553392259e+04 1.055657334689452664e+00
6.075607096559463389e+04 1.016318707421856260e+00
6.075607122565533064e+04 9.908150291390562803e-01
6.075607148571604193e+04 1.054353711390316972e+00
6.075607174577674596e+04 1.018160651946814710e+00
6.075607200583745725e+04 9.671039332106321496e-01
6.075607226589816128e+04 1.019271080177691191e+00
6.075607252595886530e+04 1.022779747192121613e+00
6.075607278601956932e+04 9.759010825016660728e-01
6.075607304608028062e+04 1.037170743336085277e+00
6.075607330614097737e+04 9.960930209635695531e-01
6.075607356620169594e+04 8.838536675321254643e-01
6.075607382626239269e+04 1.011246999634134447e+00
6.075607408632310398e+04 9.807581007664638584e-01
6.075607434638380801e+04 9.624096917446702815e-01
6.075607460644451203e+04 9.573460054480209536e-01
6.075607486650521605e+04 9.901586941862690061e-01
6.075607512656592735e+04 9.585140054283315392e-01
6.075607538662663137e+04 1.046263842148478673e+00
6.075607564668734267e+04 9.732960880693660721e-01
6.075607590674803942e+04 9.524880465348170011e-01
6.075607616680875071e+04 1.027272098692653790e+00
6.075607642686945474e+04 9.507839574418061046e-01
6.075607668693016603e+04 9.491652701129741354e-01
6.075607694699087006e+04 9.426551955506907721e-01
6.075607720705157408e+04 9.654059316473524444e-01
6.075607746711227810e+04 9.785577231409817722e-01
6.075607772717298940e+04 8.733568301987453264e-01
6.075607798723368614e+04 1.005084310775414380e+00
6.075607824729439744e+04 1.006817918156841074e+00
6.075607850735510146e+04 1.052820531559327089e+00
6.075607876741581276e+04 9.838940403346296826e-01
6.075607902747651679e+04 9.450384136398353174e-01
6.075607928753722081e+04 1.056368680598896770e+00
6.075607954759792483e+04 9.930489946889410335e-01
6.075607980765863613e+04 1.043885067525053501e+00
6.075608006771934015e+04 9.979819677934206323e-01
6.075608032778005145e+04 9.288083927263676154e-01
6.075608058784074819e+04 1.015070094700677661e+00
6.075608084790145949e+04 1.054103270796755920e+00
6.075608110796216351e+04 1.027634961158829796e+00
6.075608136802286754e+04 1.036625468474274170e+00
6.075608162808357156e+04 9.765423467634469779e-01
6.075608188814428286e+04 9.801180344287231394e-01
6.075608214820498688e+04 1.000499962259777220e+00
6.075608240826569818e+04 9.834704693968968625e-01
6.075608266832639492e+04 1.000877324883567621e+00
6.075608292838710622e+04 1.037947642207329491e+00
6.075608318844781024e+04 9.942763322292108574e-01
6.075608344850852154e+04 9.235998784875311118e-01
6.075608370856922556e+04 9.758519555219057340e-01
6.075608396862992959e+04 1.045065723842748984e+00
6.075608422869064088e+04 1.076348738118833470e+00
6.075608448875134491e+04 9.797852464338026035e-01
6.075608474881204893e+04 9.729631546223321825e-01
6.075608500887276023e+04 1.028833697278748627e+00
6.075608526893346425e+04 1.001078038648610447e+00
6.075608552899416827e+04 9.760317906563161783e-01
6.075608578905487957e+04 9.994730153339015377e-01
6.075608604911557632e+04 1.028592168403043239e+00
6.075608630917628761e+04 1.020446800466030757e+00
6.075608656923699164e+04 9.935684486068347976e-01
6.075608682929770293e+04 9.569330750403451935e-01
6.075608708935840696e+04 1.003646058207080527e+00
6.075608734941911098e+04 9.613373481406414234e-01
6.075608760947981500e+04 9.337342845069896979e-01
6.075608786954052630e+04 9.685278815351475723e-01
6.075608812960123760e+04 9.989014713034963799e-01
6.075608838966194162e+04 1.024875354275526007e+00
6.075608864972264564e+04 1.037925404730054568e+00
6.075608890978334966e+04 1.020531680713816280e+00
6.075608916984406096e+04 9.751502081077628725e-01
6.075609076569380704e+04 9.781678227619642341e-01
6.075609102575441648e+04 9.392943084821416821e-01
6.075609128581501136e+04 1.000699596772596456e+00
6.075609154587561352e+04 1.045914930929930931e+00
6.075609180593621568e+04 1.011769314588226054e+00
6.075609206599681784e+04 9.505573819757212606e-01
6.075609232605741272e+04 1.040474484418487666e+00
6.075609258611801488e+04 1.019391176918836184e+00
6.075609284617860976e+04 1.005985317176264493e+00
6.075609310623921192e+04 9.350444372073627441e-01
6.075609336629981408e+04 1.041587465417846969e+00
6.075609362636040896e+04 1.007366589813252000e+00
6.075609388642101840e+04 9.462598054980407847e-01
6.075609414648161328e+04 1.002333416151307555e+00
6.075609440654221544e+04 9.845460012859467147e-01
6.075609466660281760e+04 9.407730404055443252e-01
6.075609492666341976e+04 1.049014943689963619e+00
6.075609518672402191e+04 9.656845934938189657e-01
6.075609544678461680e+04 1.031323748074966407e+00
6.075609570684521896e+04 9.168161312789794293e-01
6.075609596690581384e+04 1.040456807735608447e+00
6.075609622696641600e+04 1.047345675405066956e+00
6.075609648702701088e+04 9.913144745439201877e-01
6.075609674708762032e+04 1.001625773155143451e+00
6.075609700714822247e+04 1.028025011272208245e+00
6.075609726720881736e+04 9.493338522697472026e-01
6.075609752726942679e+04 9.551741859489940589e-01
6.075609778733002167e+04 9.938796484064560399e-01
6.075609804739062383e+04 1.026964091250493816e+00
6.075609830745121872e+04 1.001365026387952994e+00
6.075609856751182087e+04 9.702973424491717624e-01
6.075609882757242303e+04 1.006428026842488999e+00
6.075609908763301792e+04 1.031248947625382550e+00
6.075609934769362008e+04 1.064599739343493612e+00
6.075609960775422223e+04 1.010267299105761074e+00
6.075609986781482439e+04 9.425914900084295667e-01
6.075610012787541928e+04 9.870781187580274230e-01
6.075610038793602143e+04 9.694113226915912485e-01
6.075610064799663087e+04 9.279227529329450164e-01
6.075610090805722575e+04 1.046244050975915885e+00
6.075610116811782791e+04 9.979658177923508289e-01
6.075610142817842279e+04 9.850597224362348525e-01
6.075610168823902495e+04 1.024905963632339212e+00
6.075610194829962711e+04 9.966664959319054828e-01
6.075610220836022199e+04 9.512321544348456559e-01
6.075610246842083143e+04 1.006123362015626466e+00
6.075610272848142631e+04 1.008272865215001701e+00
6.075610298854202847e+04 1.027464591719957188e+00
6.075610324860263063e+04 9.921120627985757778e-01
6.075610350866323279e+04 1.032545513571526685e+00
6.075610376872383495e+04 1.051478730138616591e+00
6.075610402878442983e+04 1.044814941542355102e+00
6.075610428884503199e+04 1.092822207819336366e+00
6.075610454890563415e+04 9.265589842786454700e-01
6.075610480896622903e+04 9.772884323134055640e-01
6.075610506902683119e+04 1.014395196629354068e+00
6.075610532908743335e+04 9.829397481518917790e-01
6.075610558914803551e+04 9.982009273455758613e-01
6.075610584920863766e+04 9.950258698852563199e-01
6.075610610926923255e+04 9.905363616098948887e-01
6.075610636932984198e+04 9.887162765432824241e-01
6.075610662939043686e+04 1.022873589740351807e+00
6.075610688945103902e+04 1.067413500713043417e+00
6.075610714951164118e+04 9.637141571611752555e-01
6.075610740957223607e+04 1.011272155026725850e+00
6.075610766963283822e+04 9.678964894277710673e-01
6.075610792969343311e+04 1.039316469319368164e+00
6.075610818975403527e+04 9.643641227783387171e-01
6.075610844981464470e+04 9.947375298064865534e-01
6.075610870987523958e+04 9.567236169357233866e-01
6.075610896993584174e+04 1.010354718366074600e+00
6.075610922999644390e+04 9.519949668829296163e-01
6.075610949005704606e+04 9.828110493734198982e-01
6.075610975011764822e+04 9.818902471878414584e-01
6.075611001017824310e+04 9.560350710532140583e-01
6.075611027023884526e+04 1.047407693697411490e+00
6.075611053029944742e+04 9.663939923346833716e-01
6.075611079036004230e+04 1.043558413430692777e+00
6.075611105042064446e+04 9.182062370406511853e-01
6.075611131048124662e+04 9.855504108910898564e-01
6.075611157054184878e+04 1.066024723674466435e+00
6.075611183060245094e+04 9.376782818486505411e-01
6.075611209066305310e+04 1.031508479804039480e+00
6.075611235072365525e+04 1.011250840059889189e+00
6.075611261078425741e+04 9.537622444889249929e-01
6.075611287084485230e+04 1.059303178397783096e+00
6.075611313090545445e+04 9.804305677889705306e-01
6.075611339096604934e+04 9.760751704771334358e-01
6.075611365102665150e+04 9.762030232108607208e-01
6.075611391108725365e+04 9.847721509771502069e-01
6.075611417114785581e+04 1.033971570226398295e+00
6.075611443120845797e+04 9.596724347033049884e-01
6.075611469126906013e+04 1.001020549595428077e+00
6.075611495132966229e+04 9.593170968286922617e-01
6.075611521139026445e+04 1.045500564067128435e+00
6.075611547145085933e+04 1.039493759192346545e+00
6.075611573151146149e+04 9.835852104614124514e-01
6.075611599157206365e+04 9.740031074220161234e-01
6.075611625163265853e+04 9.365643611137711710e-01
6.075611651169326069e+04 1.033619361439747308e+00
6.075611677175386285e+04 9.945424365382307119e-01
6.075611703181446501e+04 9.829490104299831721e-01
6.075611729187506717e+04 9.791151945533876910e-01
6.075611755193566933e+04 9.509362077247131007e-01
6.075611781199626421e+04 9.996714918947483541e-01
6.075611807205687364e+04 9.590720414874893684e-01
6.075611833211747580e+04 1.009432504280027176e+00
6.075611859217807068e+04 9.554018612827029910e-01
6.075611885223867284e+04 9.356491144358362044e-01
6.075611911229926773e+04 1.025525864325304459e+00
6.075612077117233275e+04 9.706317783463894733e-01
6.075612103123303677e+04 1.040791246505931023e+00
6.075612129129374080e+04 9.840999889147568069e-01
6.075612155135445209e+04 9.686238700451521577e-01
6.075612181141516339e+04 9.765298506927467814e-01
6.075612207147586741e+04 1.021984384956418968e+00
6.075612233153657144e+04 9.706854004287132076e-01
6.075612259159728274e+04 9.720618193165275756e-01
6.075612285165798676e+04 1.214075697558032463e+00
6.075612311171869806e+04 1.010354998877021737e+00
6.075612337177940935e+04 1.005688203575980433e+00
6.075612363184010610e+04 9.323071770581404794e-01
6.075612389190081740e+04 9.441382879960362740e-01
6.075612415196152870e+04 9.388884985493090030e-01
6.075612441202222544e+04 9.402550524531306797e-01
6.075612467208293674e+04 9.415095640730566373e-01
6.075612493214364804e+04 9.549841456665874029e-01
6.075612519220435206e+04 1.029799338656472552e+00
6.075612545226506336e+04 1.076717099912700037e+00
6.075612571232576738e+04 1.015296465437244500e+00
6.075612597238647140e+04 9.321903487048938119e-01
6.075612623244718270e+04 9.141992854344210828e-01
6.075612649250789400e+04 9.457205850098369115e-01
6.075612675256859802e+04 1.005001183990651192e+00
6.075612701262930204e+04 1.066484449438561688e+00
6.075612727269001334e+04 1.032522361212841577e+00
6.075612753275071736e+04 9.899833099843176054e-01
6.075612779281142139e+04 1.018244854454806836e+00
6.075612805287213268e+04 9.416323275419523631e-01
6.075612831293283671e+04 9.368403512993284110e-01
6.075612857299354800e+04 1.024936745875902222e+00
6.075612883305425930e+04 1.048475681451705777e+00
6.075612909311495605e+04 1.005069993265853112e+00
6.075612935317566735e+04 9.286380674243565059e-01
6.075612961323637865e+04 9.578710123458409331e-01
6.075612987329708267e+04 9.389776856069529387e-01
6.075613013335779397e+04 9.289969670646219813e-01
6.075613039341849799e+04 9.561161227840966337e-01
6.075613065347920201e+04 9.530489458884544574e-01
6.075613091353991331e+04 1.037839065385894433e+00
6.075613117360061733e+04 9.675720645627735594e-01
6.075613143366133590e+04 9.996807892874837176e-01
6.075613169372203265e+04 9.838948494156012359e-01
6.075613195378274395e+04 1.018068486107593706e+00
6.075613221384345525e+04 9.540043918932122891e-01
6.075613247390415199e+04 1.046854718493554381e+00
6.075613273396486329e+04 9.695520630103944271e-01
6.075613299402557459e+04 9.653597073490149949e-01
6.075613325408627861e+04 9.823668764515787188e-01
6.075613351414698991e+04 9.710252229047606765e-01
6.075613377420769393e+04 9.858880701098184929e-01
6.075613403426840523e+04 9.697250564233147463e-01
6.075613429432910925e+04 1.007988359382817611e+00
6.075613455438982055e+04 9.048309453170939598e-01
6.075613481445053185e+04 9.588151548982839500e-01
6.075613507451122859e+04 1.026376745284674596e+00
6.075613533457193989e+04 9.750484180624130470e-01
6.075613559463265119e+04 9.533813596589288952e-01
6.075613585469334794e+04 9.561839809388200662e-01
6.075613611475405924e+04 9.525371928103214536e-01
6.075613637481477053e+04 9.551506715836428629e-01
6.075613663487548183e+04 1.051321429900413440e+00
6.075613689493618585e+04 9.571683782102932136e-01
6.075613715499688988e+04 1.003154476300658571e+00
6.075613741505760117e+04 9.547578671314286280e-01
6.075613767511830520e+04 9.865385881749418884e-01
6.075613793517901649e+04 1.048630526329743295e+00
6.075613819523972779e+04 9.335993427435367309e-01
6.075613845530043181e+04 1.012729571773924420e+00
6.075613871536113584e+04 1.011790943371122298e+00
6.075613897542184714e+04 1.001705388109694672e+00
6.075613923548255116e+04 9.350131090788563748e-01
6.075613949554325518e+04 1.005801412580570320e+00
6.075613975560396648e+04 9.777886324458947565e-01
6.075614001566467778e+04 9.372631449593988862e-01
6.075614027572538907e+04 9.615684944088185304e-01
6.075614053578608582e+04 9.581150118485310951e-01
6.075614079584679712e+04 1.022662868531081903e+00
6.075614105590750842e+04 9.746562893167213248e-01
6.075614131596821244e+04 9.599259794419898739e-01
6.075614157602892374e+04 1.007610480301210254e+00
6.075614183608962776e+04 1.025884986593873283e+00
6.075614209615033906e+04 9.186386503711925222e-01
6.075614235621104308e+04 9.702037337933191452e-01
6.075614261627174710e+04 9.713151455954504021e-01
6.075614287633246568e+04 9.941160176388017522e-01
6.075614313639316970e+04 9.622146744572641630e-01
6.075614339645387372e+04 1.016523634901701723e+00
6.075614365651458502e+04 9.580004612557624366e-01
6.075614391657528904e+04 9.720253053138921961e-01
6.075614417663600034e+04 9.818108831929678315e-01
6.075614443669670436e+04 1.042203493937364778e+00
6.075614469675741566e+04 9.474556397861328971e-01
6.075614495681812696e+04 1.005538140457568508e+00
6.075614521687882370e+04 9.375032037859082346e-01
6.075614547693953500e+04 9.478606302573980846e-01
6.075614573700024630e+04 1.020471691989179641e+00
6.075614599706095760e+04 1.013104270726199241e+00
6.075614625712166162e+04 9.457282786238820904e-01
6.075614651718236564e+04 9.805737854742145876e-01
6.075614677724307694e+04 1.018262848267455167e+00
6.075614703730378824e+04 9.981481362341696473e-01
6.075614729736448498e+04 1.034977477433087101e+00
6.075614755742519628e+04 9.837880646663700324e-01
6.075614781748590758e+04 9.507769920095612282e-01
6.075614807754661888e+04 9.737311914961165327e-01
6.075614833760732290e+04 9.823224960018694940e-01
6.075614859766802692e+04 9.979399992925552798e-01
6.075614885772873822e+04 9.555405272944179629e-01
6.075614911778944952e+04 9.521771155784930496e-01
