6.075547523418369383e+04 1.022748371239029730e+00
6.075547549424438330e+04 9.437783898213730760e-01
6.075547575430508005e+04 9.610499324422290268e-01
6.075547601436576224e+04 9.411007794651706782e-01
6.075547627442645899e+04 1.053467059348076829e+00
6.075547653448714846e+04 1.012494902309115208e+00
6.075547679454784520e+04 1.052655469218302109e+00
6.075547705460853467e+04 1.030370213849887806e+00
6.075547731466922414e+04 1.007209133254588496e+00
6.075547757472991361e+04 1.024258709187010119e+00
6.075547783479061036e+04 1.049965311011157754e+00
6.075547809485129255e+04 9.360218308658981856e-01
6.075547835491198930e+04 1.044581494774524666e+00
6.075547861497267877e+04 1.040395744473295636e+00
6.075547887503337552e+04 1.090153445674253874e+00
6.075547913509406499e+04 1.012812873852525497e+00
6.075547939515475446e+04 1.015911175253565446e+00
6.075547965521544393e+04 1.014150619639513806e+00
6.075547991527614067e+04 1.059494678530081613e+00
6.075548017533683014e+04 1.001141322655288768e+00
6.075548043539752689e+04 9.976325915951939072e-01
6.075548069545820908e+04 9.918259729340817010e-01
6.075548095551890583e+04 1.034783492143511729e+00
6.075548121557959530e+04 9.282827041604537754e-01
6.075548147564028477e+04 1.034698937307497513e+00
6.075548173570098152e+04 9.455188534055598559e-01
6.075548199576167099e+04 9.961474161760455193e-01
6.075548225582236773e+04 9.880675222400121527e-01
6.075548251588305720e+04 1.006625616696946945e+00
6.075548277594374667e+04 1.036045776686480346e+00
6.075548303600443614e+04 1.025028484713058186e+00
6.075548329606513289e+04 9.834462851063973110e-01
6.075548355612582236e+04 1.017170437791591553e+00
6.075548381618651911e+04 1.018436943951562812e+00
6.075548407624720130e+04 9.612756752907857249e-01
6.075548433630789805e+04 8.954064868383924125e-01
6.075548459636858752e+04 9.367617445310237878e-01
6.075548485642928426e+04 1.016652338445370729e+00
6.075548511648997373e+04 9.853802141717930008e-01
6.075548537655066320e+04 1.069024787257476072e+00
6.075548563661135267e+04 9.972811333799965761e-01
6.075548589667204942e+04 1.047353586606427855e+00
6.075548615673273162e+04 1.025840592240471416e+00
6.075548641679342836e+04 9.894805837814307781e-01
6.075548667685411783e+04 9.887198470699827269e-01
6.075548693691481458e+04 1.038543347967031405e+00
6.075548719697551132e+04 1.029245456716918916e+00
6.075548745703619352e+04 9.506679210285575721e-01
6.075548771709689026e+04 9.700049659704483851e-01
6.075548797715757973e+04 9.886011722092112874e-01
6.075548823721827648e+04 9.757096193288807839e-01
6.075548849727896595e+04 9.545979705611897792e-01
6.075548875733965542e+04 9.099399515433199692e-01
6.075548901740034489e+04 9.779541577997200585e-01
6.075548927746104164e+04 9.476610026810138310e-01
6.075548953752172383e+04 9.762340861624421162e-01
6.075548979758242058e+04 1.072029201718197378e+00
6.075549005764311732e+04 1.004807815953541628e+00
6.075549031770380680e+04 1.009308909433626722e+00
6.075549057776450354e+04 9.878704691444453179e-01
6.075549083782518574e+04 1.002320810200726608e+00
6.075549109788588248e+04 1.004279907483328405e+00
6.075549135794657195e+04 9.632396508364335919e-01
6.075549161800726870e+04 1.039371706948684748e+00
6.075549187806795817e+04 1.021082930728685945e+00
6.075549213812864764e+04 1.017225232463697671e+00
6.075549239818933711e+04 1.036416281828170582e+00
6.075549265825003386e+04 1.014003355453735988e+00
6.075549291831072333e+04 1.050973115103324584e+00
6.075549317837142007e+04 9.647144760795333118e-01
6.075549343843210954e+04 9.879257164561110471e-01
6.075549369849279901e+04 1.050266909090273426e+00
6.075549395855349576e+04 1.066336690005369681e+00
6.075549421861417795e+04 1.041279671397740358e+00
6.075549447867487470e+04 9.975000812639092107e-01
6.075549473873556417e+04 1.020068076439998972e+00
6.075549499879626092e+04 1.003013977783329347e+00
6.075549525885695766e+04 1.032239558991100425e+00
6.075549551891763986e+04 1.041646474976879011e+00
6.075549577897833660e+04 9.403113817965750298e-01
6.075549603903902607e+04 9.773582599307076846e-01
6.075549629909972282e+04 1.083711915438950513e+00
6.075549655916041229e+04 9.798301148827953666e-01
6.075549681922110176e+04 1.098698651636314194e+00
6.075549707928179851e+04 1.037260657562355970e+00
6.075549733934248798e+04 1.004691715890648096e+00
6.075549759940317745e+04 9.681768950522974260e-01
6.075549785946386692e+04 1.042506582154438588e+00
6.075549811952456366e+04 1.007754102930311868e+00
6.075549837958525313e+04 9.687852278958786201e-01
6.075549863964594988e+04 9.908812318620958681e-01
6.075549889970663935e+04 9.844590687196251855e-01
6.075549915976732882e+04 1.019990779720703511e+00
6.075549941982802557e+04 1.010090310939033786e+00
6.075549967988871504e+04 9.261419317172606691e-01
6.075549993994941178e+04 9.981463379507884426e-01
6.075550020001009398e+04 1.051666173087441480e+00
6.075550046007079072e+04 1.003731722884986466e+00
6.075550072013148747e+04 1.066539033293863792e+00
6.075550098019216966e+04 9.914893823847943377e-01
6.075550124025286641e+04 1.007866008271107949e+00
6.075550150031355588e+04 1.066492018437435796e+00
6.075550176037425263e+04 9.953109984086464523e-01
6.075550202043494210e+04 1.089551253050592194e+00
6.075550228049563157e+04 9.046589766405440658e-01
6.075550254055632831e+04 1.042310281189635202e+00
6.075550280061701778e+04 9.714238247379933799e-01
6.075550306067771453e+04 9.553128976175420117e-01
6.075550332073840400e+04 9.708480078901930987e-01
6.075550358079909347e+04 9.824651241907004229e-01
6.075550513883041276e+04 1.008833964846442832e+00
6.075550539889110951e+04 9.975453983702139427e-01
6.075550565895179898e+04 9.364345370468956098e-01
6.075550591901248845e+04 9.712754440528320599e-01
6.075550617907318519e+04 9.747789264213680971e-01
6.075550643913387466e+04 9.963531688443100220e-01
6.075550669919457141e+04 1.022269137692717100e+00
6.075550695925526088e+04 9.634948652779715683e-01
6.075550721931595035e+04 9.823580213217829593e-01
6.075550747937664710e+04 1.012249991579570629e+00
6.075550773943733657e+04 9.887466681485402864e-01
6.075550799949803331e+04 1.016521925202538812e+00
6.075550825955872278e+04 9.439323744808637562e-01
6.075550851961941225e+04 9.972966302582353393e-01
6.075550877968010900e+04 1.010796153219529980e+00
6.075550903974079847e+04 1.026159632281086642e+00
6.075550929980148794e+04 1.020479893915976044e+00
6.075550955986217741e+04 9.459397874217071456e-01
6.075550981992287416e+04 9.607573720283558716e-01
6.075551007998357090e+04 9.369692786136019080e-01
6.075551034004426037e+04 9.974457368470923679e-01
6.075551060010494984e+04 1.043175793604833146e+00
6.075551086016564659e+04 9.648847156262293501e-01
6.075551112022633606e+04 9.983011082952010229e-01
6.075551138028703281e+04 1.008242327354123891e+00
6.075551164034772228e+04 1.055298658506295117e+00
6.075551190040841175e+04 9.837231422780707835e-01
6.075551216046910849e+04 9.938178607110618179e-01
6.075551242052979796e+04 9.760998371272869845e-01
6.075551268059049471e+04 9.977310697241594806e-01
6.075551294065118418e+04 9.725939799355511894e-01
6.075551320071187365e+04 9.821041412884188304e-01
6.075551346077257040e+04 1.049751424848383685e+00
6.075551372083325987e+04 1.072094401091925553e+00
6.075551398089394934e+04 9.969491310241618276e-01
6.075551424095464608e+04 1.023368244656314152e+00
6.075551450101533555e+04 1.003002295260989607e+00
6.075551476107603230e+04 9.776002173417845942e-01
6.075551502113672177e+04 9.785910282578705877e-01
6.075551528119741124e+04 9.565333958054209607e-01
6.075551554125810799e+04 9.752741669832113436e-01
6.075551580131879746e+04 9.558432183703523544e-01
6.075551606137949420e+04 9.630339228333021362e-01
6.075551632144019095e+04 9.844083316540723771e-01
6.075551658150087314e+04 1.041261200657130681e+00
6.075551684156156989e+04 9.671941387952501801e-01
6.075551710162226664e+04 9.382520416123903972e-01
6.075551736168294883e+04 9.701992897896555279e-01
6.075551762174364558e+04 9.861681666137475100e-01
6.075551788180433505e+04 1.051022381049691035e+00
6.075551814186503179e+04 9.907186721974744481e-01
6.075551840192572854e+04 9.998632305874545212e-01
6.075551866198641073e+04 1.076249757271730667e+00
6.075551892204710748e+04 1.005122386645301402e+00
6.075551918210780423e+04 9.394231614608754555e-01
6.075551944216849370e+04 9.972555744001486699e-01
6.075551970222919044e+04 9.827878013691794257e-01
6.075551996228987991e+04 9.573012211102499558e-01
6.075552022235056938e+04 9.506672829113755885e-01
6.075552048241126613e+04 1.028279851367945641e+00
6.075552074247194832e+04 1.036034198052348865e+00
6.075552100253265235e+04 9.853394330904257092e-01
6.075552126259334182e+04 1.053468730262544284e+00
6.075552152265403129e+04 9.898087220661559993e-01
6.075552178271472803e+04 9.379980157230353166e-01
6.075552204277541750e+04 1.043477202111173563e+00
6.075552230283610697e+04 1.056477304676135986e+00
6.075552256289680372e+04 1.067669457859308446e+00
6.075552282295750047e+04 1.021924482793887368e+00
6.075552308301818994e+04 9.710905133697901315e-01
6.075552334307887941e+04 9.685494379414004706e-01
6.075552360313957615e+04 1.000698330822440418e+00
6.075552386320026562e+04 9.803160036694504864e-01
6.075552412326096237e+04 9.664328559408436048e-01
6.075552438332165912e+04 9.230033669453645562e-01
6.075552464338234131e+04 9.662506575958387245e-01
6.075552490344303806e+04 1.007823519632080833e+00
6.075552516350373480e+04 1.055759928239012879e+00
6.075552542356441700e+04 9.904296311314558787e-01
6.075552568362511374e+04 1.036189546016406560e+00
6.075552594368581049e+04 1.020200520720317305e+00
6.075552620374649996e+04 9.604072721813002866e-01
6.075552646380719671e+04 1.018066495865548760e+00
6.075552672386788618e+04 1.019533497679377287e+00
6.075552698392857565e+04 9.147550265808205294e-01
6.075552724398927239e+04 9.634379096631066064e-01
6.075552750404996914e+04 9.931094766063183199e-01
6.075552776411065861e+04 1.006358217557056456e+00
6.075552802417134808e+04 1.000434960254611871e+00
6.075552828423204483e+04 1.007001965250416742e+00
6.075552854429273430e+04 9.344552053946245662e-01
6.075552880435342377e+04 9.741465780559311893e-01
6.075552906441412051e+04 9.179906321461125396e-01
6.075552932447480998e+04 9.484371862503867545e-01
6.075552958453550673e+04 9.648427975256052003e-01
6.075552984459620347e+04 9.924649623893215811e-01
6.075553010465688567e+04 9.720806054034293320e-01
6.075553036471758242e+04 1.022765231289537224e+00
6.075553062477827916e+04 9.676050537496595494e-01
6.075553088483896863e+04 9.355038761636910172e-01
6.075553114489966538e+04 9.557202186722780768e-01
6.075553140496035485e+04 1.002862808412766649e+00
6.075553166502104432e+04 1.056545863165359922e+00
6.075553192508174106e+04 9.184995971182996488e-01
6.075553218514243054e+04 9.353940238287433706e-01
6.075553244520312728e+04 9.492223957144654278e-01
6.075553270526381675e+04 1.001845729192436973e+00
6.075553296532451350e+04 9.086690932740307813e-01
6.075553322538520297e+04 1.060763626321327591e+00
6.075553348544589244e+04 1.000525159406588704e+00
6.075553503087646095e+04 8.941961426205962127e-01
6.075553529093715770e+04 1.041733949241710810e+00
6.075553555099784717e+04 9.637831497678982506e-01
6.075553581105853664e+04 9.282950089608511535e-01
6.075553607111923338e+04 9.365790660567229198e-01
6.075553633117992285e+04 1.017935026890702810e+00
6.075553659124061960e+04 9.624860487701303313e-01
6.075553685130131635e+04 9.559261980344836429e-01
6.075553711136199854e+04 1.006700258563936412e+00
6.075553737142269529e+04 9.979776105474611470e-01
6.075553763148339203e+04 1.053292236312128427e+00
6.075553789154408878e+04 9.744115917578880515e-01
6.075553815160477825e+04 9.474133668878271797e-01
6.075553841166546772e+04 1.030525373262457745e+00
6.075553867172616447e+04 1.042927703410698959e+00
6.075553893178685394e+04 1.036018198157581338e+00
6.075553919184754341e+04 9.772518178371892850e-01
6.075553945190824015e+04 1.000449909870989362e+00
6.075553971196892962e+04 1.036720170117479745e+00
6.075553997202962637e+04 1.083976111630778005e+00
6.075554023209032312e+04 1.050590075102625143e+00
6.075554049215101259e+04 9.866440845284240035e-01
6.075554075221170206e+04 1.026756166112699820e+00
6.075554101227239880e+04 9.814723789827222156e-01
6.075554127233309555e+04 9.864621203539389871e-01
6.075554153239378502e+04 9.113450915491173587e-01
6.075554179245447449e+04 1.008095363691601465e+00
6.075554205251517124e+04 9.157715405777219209e-01
6.075554231257586798e+04 9.844375171987325146e-01
6.075554257263655018e+04 9.781890790305579619e-01
6.075554283269725420e+04 9.276489752706951197e-01
6.075554309275794367e+04 1.012420240028461649e+00
6.075554335281863314e+04 1.034252526360188718e+00
6.075554361287932988e+04 9.729132107888919245e-01
6.075554387294001936e+04 1.034936928861244887e+00
6.075554413300071610e+04 9.489533099135719629e-01
6.075554439306140557e+04 9.874652215782335762e-01
6.075554465312210232e+04 1.007119505697214201e+00
6.075554491318279906e+04 9.576669924259983979e-01
6.075554517324348853e+04 1.091406616875553404e+00
6.075554543330417800e+04 9.997217432983702690e-01
6.075554569336487475e+04 1.029831627779252079e+00
6.075554595342557150e+04 9.898688840173074377e-01
6.075554621348626097e+04 9.382897646415383486e-01
6.075554647354695044e+04 9.653737507507701432e-01
6.075554673360764718e+04 1.000905489361144429e+00
6.075554699366834393e+04 9.746891866794067383e-01
6.075554725372902612e+04 9.909392441660834772e-01
6.075554751378972287e+04 1.003521483461143671e+00
6.075554777385041962e+04 1.005553771726386936e+00
6.075554803391111636e+04 1.049300562040105245e+00
6.075554829397180583e+04 9.627391628577899318e-01
6.075554855403249530e+04 1.001441526051136455e+00
6.075554881409319205e+04 1.011576808831702978e+00
6.075554907415388152e+04 9.976216251911281807e-01
6.075554933421457827e+04 9.952320667147821487e-01
6.075554959427527501e+04 1.033118685085231858e+00
6.075554985433596448e+04 1.009035065314395574e+00
6.075555011439665395e+04 1.001090918102267802e+00
6.075555037445735070e+04 8.927412514536213761e-01
6.075555063451804017e+04 9.877144814536097384e-01
6.075555089457873692e+04 9.299663405985834075e-01
6.075555115463942639e+04 1.001709301309136491e+00
6.075555141470012313e+04 9.030612119104451940e-01
6.075555167476081988e+04 9.640695391764988464e-01
6.075555193482150935e+04 1.006840156830712596e+00
6.075555219488219882e+04 9.419293466371584378e-01
6.075555245494289557e+04 9.417083219495373525e-01
6.075555271500359231e+04 9.878603478049753361e-01
6.075555297506428906e+04 9.966671033408233127e-01
6.075555323512497125e+04 9.339748740106572633e-01
6.075555349518566800e+04 1.045991625527833868e+00
6.075555375524636474e+04 9.812456873920897271e-01
6.075555401530705421e+04 1.062115149154384541e+00
6.075555427536775096e+04 9.712997974286499137e-01
6.075555453542844043e+04 9.599999783027642897e-01
6.075555479548913718e+04 9.785379232261006699e-01
6.075555505554983392e+04 1.006191565664590337e+00
6.075555531561051612e+04 9.710736731265405819e-01
6.075555557567121286e+04 9.892206730347620214e-01
6.075555583573190961e+04 9.620712042596886171e-01
6.075555609579260636e+04 1.010223290190767065e+00
6.075555635585329583e+04 9.053739129236592076e-01
6.075555661591398530e+04 9.569764267511809974e-01
6.075555687597468204e+04 9.675973445566735665e-01
6.075555713603537879e+04 9.667171411713354479e-01
6.075555739609607554e+04 9.360620788568215778e-01
6.075555765615676501e+04 1.012527469137035174e+00
6.075555791621745448e+04 1.047550589616139005e+00
6.075555817627815122e+04 9.995235069561113628e-01
6.075555843633884797e+04 9.945972014185218146e-01
6.075555869639953016e+04 9.651412229117972696e-01
6.075555895646022691e+04 9.608032695087338482e-01
6.075555921652092366e+04 1.010026132927115627e+00
6.075555947658162040e+04 9.752620342270639231e-01
6.075555973664230987e+04 9.589709342843548701e-01
6.075555999670299934e+04 1.030507684003329594e+00
6.075556025676369609e+04 9.181987805750133624e-01
6.075556051682439283e+04 1.020633410455099810e+00
6.075556077688508958e+04 9.613980787104050574e-01
6.075556103694577905e+04 1.007706738032039473e+00
6.075556129700646852e+04 9.235723534218401864e-01
6.075556155706716527e+04 9.332653869757046028e-01
6.075556181712786201e+04 9.676327252046670324e-01
6.075556207718854421e+04 1.006523843929109763e+00
6.075556233724924095e+04 1.001171532676680354e+00
6.075556259730993770e+04 1.029963741543083788e+00
6.075556285737063445e+04 1.030544900854689194e+00
6.075556311743133119e+04 1.034390182908506484e+00
6.075556337749201339e+04 9.972306271550273049e-01
6.075556504896522529e+04 9.970269166887226753e-01
6.075556530902591476e+04 9.642981451471193122e-01
6.075556556908661150e+04 1.028521347781474748e+00
6.075556582914730097e+04 1.039682079318175134e+00
6.075556608920799772e+04 1.109247386255508339e+00
6.075556634926869447e+04 9.241865384745704404e-01
6.075556660932938394e+04 9.569607091668217436e-01
6.075556686939008068e+04 9.803620110557914602e-01
6.075556712945077015e+04 9.769065472700826369e-01
6.075556738951146690e+04 1.022043760902814791e+00
6.075556764957216365e+04 1.055387854593599295e+00
6.075556790963285312e+04 9.747351316170226321e-01
6.075556816969354986e+04 9.893796191723241984e-01
6.075556842975423933e+04 1.003256494980303559e+00
6.075556868981492880e+04 9.848281976116631808e-01
6.075556894987563282e+04 9.432045871455123631e-01
6.075556920993632230e+04 9.846822336099229078e-01
6.075556946999701904e+04 9.457126989081086066e-01
6.075556973005770851e+04 9.818065624698840699e-01
6.075556999011839798e+04 9.664017733126486487e-01
6.075557025017909473e+04 1.007273355190667852e+00
6.075557051023979147e+04 1.003435997194977336e+00
6.075557077030048822e+04 9.604930021545931007e-01
6.075557103036117769e+04 9.613728372689038792e-01
6.075557129042186716e+04 9.411459332122471544e-01
6.075557155048256391e+04 1.034631207290553689e+00
6.075557181054326065e+04 9.731120533425344776e-01
6.075557207060395740e+04 9.876593048749379156e-01
6.075557233066464687e+04 1.043940858706368102e+00
6.075557259072533634e+04 1.026836489642995565e+00
6.075557285078603309e+04 1.015517355037133473e+00
6.075557311084672983e+04 9.882405412688813895e-01
6.075557337090741930e+04 9.651797563936933555e-01
6.075557363096811605e+04 1.031109879389467965e+00
6.075557389102880552e+04 9.931117658538337611e-01
6.075557415108950227e+04 9.743719273887825327e-01
6.075557441115019901e+04 9.741371847598320199e-01
6.075557467121088848e+04 9.948648922507516978e-01
6.075557493127158523e+04 1.019537193549308496e+00
6.075557519133227470e+04 9.891467902111447108e-01
6.075557545139297144e+04 9.728252788412050656e-01
6.075557571145366819e+04 1.004120900070073708e+00
6.075557597151435766e+04 1.001484019274879511e+00
6.075557623157505441e+04 9.925999856579051928e-01
6.075557649163575115e+04 9.957578041769662436e-01
6.075557675169643335e+04 1.050648172385922230e+00
6.075557701175713009e+04 1.022266910869374268e+00
6.075557727181782684e+04 1.029950711751179915e+00
6.075557753187852359e+04 9.661777838924080486e-01
6.075557779193922033e+04 1.014722630439208961e+00
6.075557805199990980e+04 9.659921285208656894e-01
6.075557831206059927e+04 9.555504517719249913e-01
6.075557857212129602e+04 1.049920294272649768e+00
6.075557883218199277e+04 1.025369520140381185e+00
6.075557909224268951e+04 9.551545489750887796e-01
6.075557935230337898e+04 9.540442889137906723e-01
6.075557961236407573e+04 9.509789316904668777e-01
6.075557987242476520e+04 9.755143395219183500e-01
6.075558013248546195e+04 9.432407176288566397e-01
6.075558039254615869e+04 1.004411285435779178e+00
6.075558065260684816e+04 9.716939398589885535e-01
6.075558091266754491e+04 9.526427650663452651e-01
6.075558117272824165e+04 9.823530927510534250e-01
6.075558143278892385e+04 1.000554683964812952e+00
6.075558169284962059e+04 1.003564626948006300e+00
6.075558195291031734e+04 9.789678211819285991e-01
6.075558221297101409e+04 9.861682477679811765e-01
6.075558247303171083e+04 9.912889195865548508e-01
6.075558273309240030e+04 1.017086969654185102e+00
6.075558299315309705e+04 1.039185003322043110e+00
6.075558325321378652e+04 9.658485990390500708e-01
6.075558351327448327e+04 9.896153254746110628e-01
6.075558377333518001e+04 9.733003965277782221e-01
6.075558403339586948e+04 9.284908167119190203e-01
6.075558429345656623e+04 9.470346104644488117e-01
6.075558455351726298e+04 1.016863657403303645e+00
6.075558481357794517e+04 9.630303485541739095e-01
6.075558507363864192e+04 1.010917092301404807e+00
6.075558533369933866e+04 9.755758265657425987e-01
6.075558559376003541e+04 9.410565106511165068e-01
6.075558585382073215e+04 9.464969345381961663e-01
6.075558611388142162e+04 9.665702787323542378e-01
6.075558637394211837e+04 9.864744402794337619e-01
6.075558663400280784e+04 9.853666774297630271e-01
6.075558689406350459e+04 9.785563332903607359e-01
6.075558715412420133e+04 1.004404557522407204e+00
6.075558741418489080e+04 9.629386033019624591e-01
6.075558767424558755e+04 9.883095132709561748e-01
6.075558793430628430e+04 1.001974590869883164e+00
6.075558819436697377e+04 9.614381138368138791e-01
6.075558845442767051e+04 1.004968286218059559e+00
6.075558871448835998e+04 9.925737056359598132e-01
6.075558897454905673e+04 9.625508381488699916e-01
6.075558923460975348e+04 9.479672227373461268e-01
6.075558949467044295e+04 9.782722650383763874e-01
6.075558975473113969e+04 9.918601232425450220e-01
6.075559001479183644e+04 1.085024788193378331e+00
6.075559027485253318e+04 9.768528811253014421e-01
6.075559053491322265e+04 9.527903582746404254e-01
6.075559079497391212e+04 9.756946104980523948e-01
6.075559105503460887e+04 9.655658041755025289e-01
6.075559131509530562e+04 1.001126370052416670e+00
6.075559157515600236e+04 9.740669513443243055e-01
6.075559183521669911e+04 9.905610705863242549e-01
6.075559209527738858e+04 1.032805616910966950e+00
6.075559235533808533e+04 1.028168270109111937e+00
6.075559261539877480e+04 9.941453195097237350e-01
6.075559287545946427e+04 9.962754127069964882e-01
6.075559313552016101e+04 9.765014539881144984e-01
6.075559339558085776e+04 1.073592159815409230e+00
6.075559494101491873e+04 9.181023027351529198e-01
6.075559520107561548e+04 1.052824029064477251e+00
6.075559546113631222e+04 1.044438332688029325e+00
6.075559572119700897e+04 1.042934895657782191e+00
6.075559598125769844e+04 1.029001306365046053e+00
6.075559624131839519e+04 1.010605343651333810e+00
6.075559650137908466e+04 9.768982012518471203e-01
6.075559676143977413e+04 9.261172927761506246e-01
6.075559702150047087e+04 9.521783436805213441e-01
6.075559728156116762e+04 1.005615297567858502e+00
6.075559754162186437e+04 9.938083492593057233e-01
6.075559780168256111e+04 9.920408205679067670e-01
6.075559806174325058e+04 9.576496486711211231e-01
6.075559832180394733e+04 1.002504509125644816e+00
6.075559858186464407e+04 1.007042360751081445e+00
6.075559884192533355e+04 9.984851832735656130e-01
6.075559910198603029e+04 9.768362537008308255e-01
6.075559936204671976e+04 9.918363088806629868e-01
6.075559962210741651e+04 1.015646176456809213e+00
6.075559988216811325e+04 1.052634607594205463e+00
6.075560014222880272e+04 1.027955995226543351e+00
6.075560040228950675e+04 9.977458004435043604e-01
6.075560066235019622e+04 1.020600128197423739e+00
6.075560092241089296e+04 9.528368426818593084e-01
6.075560118247158971e+04 9.841259687274505064e-01
6.075560144253227918e+04 9.526425231936767046e-01
6.075560170259296865e+04 9.979356348788249731e-01
6.075560196265366540e+04 9.734961837715676580e-01
6.075560222271436214e+04 9.955425778725681685e-01
6.075560248277505889e+04 1.004990520847792057e+00
6.075560274283574836e+04 1.024985868578774717e+00
6.075560300289644510e+04 9.924603599648885721e-01
6.075560326295714185e+04 9.668847565900098306e-01
6.075560352301783860e+04 9.920995018243770058e-01
6.075560378307853534e+04 9.519334374721486469e-01
6.075560404313922481e+04 9.495713744371452325e-01
6.075560430319992156e+04 1.038960727883648572e+00
6.075560456326061831e+04 9.750283439819853459e-01
6.075560482332130050e+04 9.756574605561422198e-01
6.075560508338199725e+04 9.918422419725678729e-01
6.075560534344269399e+04 9.931683471824388487e-01
6.075560560350339074e+04 9.534360363686603668e-01
6.075560586356408749e+04 1.021791099815133164e+00
6.075560612362477696e+04 1.025530588412703281e+00
6.075560638368547370e+04 9.735257143622682019e-01
6.075560664374617045e+04 1.026038058070948500e+00
6.075560690380686719e+04 9.939116314811216046e-01
6.075560716386756394e+04 1.041680877992007259e+00
6.075560742392825341e+04 1.033706787634648627e+00
6.075560768398895016e+04 1.003954669887305196e+00
6.075560794404964690e+04 1.045196383127461770e+00
6.075560820411032910e+04 1.004698964395388749e+00
6.075560846417102584e+04 9.734333145215554595e-01
6.075560872423172259e+04 9.808047761204000681e-01
6.075560898429241934e+04 9.880956675683210122e-01
6.075560924435311608e+04 8.982915462814029528e-01
6.075560950441380555e+04 1.006497436255084921e+00
6.075560976447450230e+04 9.905077458154512016e-01
6.075561002453519905e+04 1.061417120981772433e+00
6.075561028459589579e+04 1.000460642521440846e+00
6.075561054465659254e+04 9.809890106431883305e-01
6.075561080471728201e+04 1.025269485917589485e+00
6.075561106477797875e+04 1.007720053039873553e+00
6.075561132483867550e+04 1.004243992072324065e+00
6.075561158489937225e+04 9.898277822662832071e-01
6.075561184496006899e+04 1.022631113942881420e+00
6.075561210502075846e+04 9.826590994719425209e-01
6.075561236508144793e+04 9.577333159123765371e-01
6.075561262514214468e+04 1.028902339716425640e+00
6.075561288520283415e+04 1.002647366860597300e+00
6.075561314526353090e+04 1.005334608988602607e+00
6.075561340532422764e+04 9.715848943299488782e-01
6.075561366538492439e+04 1.064731459034518490e+00
6.075561392544562113e+04 9.413891292999910787e-01
6.075561418550631060e+04 1.020307753460479416e+00
6.075561444556700735e+04 9.851092414898531269e-01
6.075561470562770410e+04 9.715271868433978941e-01
6.075561496568840084e+04 1.020495864730114999e+00
6.075561522574909759e+04 9.997176536028580252e-01
6.075561548580978706e+04 1.032653307798004461e+00
6.075561574587048381e+04 9.683219763093691146e-01
6.075561600593118055e+04 9.785407067033695672e-01
6.075561626599187002e+04 9.823006967210600182e-01
6.075561652605256677e+04 1.026361215298186691e+00
6.075561678611326352e+04 9.378500298516653233e-01
6.075561704617396026e+04 9.682007976375479608e-01
6.075561730623465701e+04 9.837820429936471323e-01
6.075561756629534648e+04 9.762135446543092065e-01
6.075561782635604322e+04 1.008220577146483388e+00
6.075561808641673269e+04 9.662324321477879785e-01
6.075561834647742944e+04 9.749535135538309749e-01
6.075561860653812619e+04 9.909044236348020229e-01
6.075561886659881566e+04 9.863582129809790322e-01
6.075561912665951240e+04 9.731400989099988630e-01
6.075561938672020915e+04 1.072355950834499305e+00
6.075561964678089862e+04 1.018375172240945759e+00
6.075561990684160264e+04 1.052030602977948481e+00
6.075562016690229211e+04 9.943257217823494587e-01
6.075562042696298886e+04 1.054005803173757139e+00
6.075562068702368560e+04 1.017464462837122774e+00
6.075562094708437508e+04 1.012387822422006867e+00
6.075562120714507182e+04 1.059929985013931208e+00
6.075562146720576857e+04 9.358546807365348830e-01
6.075562172726646531e+04 9.829228062209122152e-01
6.075562198732716206e+04 9.062110604778588208e-01
6.075562224738785153e+04 9.973583072335003852e-01
6.075562250744854828e+04 1.073587517317654561e+00
6.075562276750924502e+04 9.901895647510926546e-01
6.075562302756994177e+04 1.007829671391237802e+00
6.075562328763063852e+04 1.033837574692008321e+00
6.075562490904599690e+04 9.935816136647926955e-01
6.075562516909990518e+04 1.009087580686610197e+00
6.075562542915379890e+04 1.058229533122692745e+00
6.075562568920769263e+04 9.813767958861594476e-01
6.075562594926160091e+04 1.000600210176200155e+00
6.075562620931549463e+04 1.004527199732817122e+00
6.075562646936939564e+04 9.729821728816212545e-01
6.075562672942329664e+04 1.017238426929446105e+00
6.075562698947719036e+04 9.882445777396497988e-01
6.075562724953109864e+04 9.406671353408398994e-01
6.075562750958499237e+04 9.700961938938004181e-01
6.075562776963889337e+04 9.993713694899261091e-01
6.075562802969280165e+04 9.923253688252787752e-01
6.075562828974669537e+04 9.942502189742927765e-01
6.075562854980059637e+04 9.968179259068017384e-01
6.075562880985449738e+04 1.009095498078254050e+00
6.075562906990839110e+04 1.009313985802591684e+00
6.075562932996229938e+04 1.021389461865790160e+00
6.075562959001619311e+04 9.839824135548611572e-01
6.075562985007009411e+04 9.860406116117872433e-01
6.075563011012399511e+04 9.877423077932989681e-01
6.075563037017788884e+04 9.693218521363514695e-01
6.075563063023179711e+04 9.389003365925104871e-01
6.075563089028569084e+04 9.854600146492645818e-01
6.075563115033958456e+04 9.590327432077144776e-01
6.075563141039349284e+04 1.051529873027439832e+00
6.075563167044738657e+04 1.067471112167774017e+00
6.075563193050128757e+04 9.571187648803308745e-01
6.075563219055518857e+04 1.022041132079918313e+00
6.075563245060908230e+04 9.504505569375945040e-01
6.075563271066299058e+04 1.015736656169338836e+00
6.075563297071688430e+04 1.046735561263957059e+00
6.075563323077078530e+04 9.268926701625584963e-01
6.075563349082468631e+04 9.750193440735310801e-01
6.075563375087858003e+04 9.754665898134822211e-01
6.075563401093248831e+04 9.564290862078632660e-01
6.075563427098638203e+04 9.619757755955040679e-01
6.075563453104027576e+04 1.002958225584178020e+00
6.075563479109418404e+04 1.004853220651280798e+00
6.075563505114807776e+04 9.423317338857192249e-01
6.075563531120197877e+04 9.693832794519950946e-01
6.075563557125588704e+04 1.023633220061053395e+00
6.075563583130978077e+04 9.541254866560116010e-01
6.075563609136368905e+04 9.820805930151483842e-01
6.075563635141758277e+04 1.003724973276418186e+00
6.075563661147148377e+04 9.990022446271603629e-01
6.075563687152538478e+04 9.823160299542222917e-01
6.075563713157927850e+04 9.972391096882911032e-01
6.075563739163318678e+04 1.024733537944883643e+00
6.075563765168708051e+04 9.583004160730761445e-01
6.075563791174097423e+04 1.034396020256426185e+00
6.075563817179488251e+04 9.435329684088352709e-01
6.075563843184877624e+04 9.989070756717232102e-01
6.075563869190267724e+04 1.052990682324244531e+00
6.075563895195657824e+04 9.553458405620502969e-01
6.075563921201047197e+04 9.985284929545547028e-01
6.075563947206438024e+04 9.573844917471494576e-01
6.075563973211827397e+04 1.000623421388547873e+00
6.075563999217217497e+04 1.002210311063605808e+00
6.075564025222608325e+04 1.022000273539527937e+00
6.075564051227997697e+04 9.803577901746249879e-01
6.075564077233388525e+04 1.000458651129838783e+00
6.075564103238777898e+04 9.839932748685960018e-01
6.075564129244167270e+04 9.607344144214580162e-01
6.075564155249558098e+04 9.416193955841878349e-01
6.075564181254947471e+04 9.464011007037670398e-01
6.075564207260337571e+04 9.852377806678679351e-01
6.075564233265727671e+04 1.013764518518887270e+00
6.075564259271117044e+04 9.749108596461819598e-01
6.075564285276507871e+04 1.055412158257513333e+00
6.075564311281897244e+04 1.027286844841771352e+00
6.075564337287286617e+04 1.040768242521732168e+00
6.075564363292677444e+04 9.775449367998927386e-01
6.075564389298066817e+04 1.026905580897000236e+00
6.075564415303458372e+04 1.001588267674964783e+00
6.075564441308847745e+04 9.995835768083008999e-01
6.075564467314237118e+04 1.074346488154916512e+00
6.075564493319627945e+04 1.024742693303604124e+00
6.075564519325017318e+04 9.876187400251975612e-01
6.075564545330407418e+04 9.871418078760971770e-01
6.075564571335797518e+04 9.918405256263214120e-01
6.075564597341186891e+04 1.002671487719892784e+00
6.075564623346577719e+04 1.016105476109544048e+00
6.075564649351967091e+04 9.718247164414102190e-01
6.075564675357356464e+04 9.238504401013523104e-01
6.075564701362747292e+04 9.727424844215648569e-01
6.075564727368136664e+04 9.817808911668747252e-01
6.075564753373527492e+04 9.810722976906238735e-01
6.075564779378917592e+04 9.892572131750961839e-01
6.075564805384306965e+04 1.018003105523775709e+00
6.075564831389697792e+04 9.979308394842755225e-01
6.075564857395087165e+04 1.011337712904356367e+00
6.075564883400477265e+04 1.040250596724370036e+00
6.075564909405867365e+04 1.018002160754761576e+00
6.075564935411256738e+04 9.916091517870498917e-01
6.075564961416647566e+04 9.848620596964557938e-01
6.075564987422036938e+04 1.003428301812557155e+00
6.075565013427426311e+04 1.013088908052652393e+00
6.075565039432817866e+04 1.011331072643764095e+00
6.075565065438207239e+04 1.024639456327883114e+00
6.075565091443597339e+04 9.064257980668635195e-01
6.075565117448987439e+04 9.388821932527897651e-01
6.075565143454376812e+04 1.014605191775212356e+00
6.075565169459767640e+04 9.887282727801771642e-01
6.075565195465157012e+04 1.002875916791424959e+00
6.075565221470547112e+04 1.008786803894094586e+00
6.075565247475937213e+04 1.002001666312512418e+00
6.075565273481326585e+04 1.008327246111232922e+00
6.075565299486718141e+04 1.041725882828725469e+00
6.075565325492107513e+04 1.039167145450261565e+00
6.075565492676799477e+04 9.558192512007522845e-01
6.075565518682868424e+04 1.028666771410540193e+00
6.075565544688938098e+04 9.751635036252559452e-01
6.075565570695007773e+04 1.009596624542937082e+00
6.075565596701077448e+04 9.859824490377638861e-01
6.075565622707147122e+04 1.079912363702061784e+00
6.075565648713216069e+04 9.995166805471067395e-01
6.075565674719285744e+04 1.061759410601605502e+00
6.075565700725356146e+04 9.811104300838867642e-01
6.075565726731425821e+04 1.026744722532722420e+00
6.075565752737495495e+04 1.043811009211830898e+00
6.075565778743564442e+04 1.002027553738886523e+00
6.075565804749634117e+04 1.015725651363775572e+00
6.075565830755703792e+04 9.722181057576252394e-01
6.075565856761772739e+04 9.841007196216653430e-01
6.075565882767842413e+04 1.039543190593465116e+00
6.075565908773912088e+04 9.822186052881164420e-01
6.075565934779981762e+04 1.020119057988606137e+00
6.075565960786051437e+04 1.049612972354157403e+00
6.075565986792121112e+04 9.310441881786457596e-01
6.075566012798190786e+04 1.007715476110266017e+00
6.075566038804260461e+04 9.798959619610216887e-01
6.075566064810330136e+04 1.020231508833678857e+00
6.075566090816399810e+04 1.001044842837673476e+00
6.075566116822468757e+04 1.011964309161609510e+00
6.075566142828538432e+04 9.902085755262177713e-01
6.075566168834608106e+04 1.065164373432439193e+00
6.075566194840677781e+04 9.525723327162328724e-01
6.075566220846748183e+04 1.017507154504320832e+00
6.075566246852817130e+04 9.715002804591263974e-01
6.075566272858886805e+04 1.028111760034944089e+00
6.075566298864956480e+04 1.062463136551010434e+00
6.075566324871025427e+04 9.641911804761665872e-01
6.075566350877095101e+04 1.051476891121117863e+00
6.075566376883164776e+04 9.760810513982356440e-01
6.075566402889234450e+04 9.930469393654515198e-01
6.075566428895304125e+04 9.917023761888474898e-01
6.075566454901373800e+04 1.065228752510548382e+00
6.075566480907443474e+04 1.011343371747673636e+00
6.075566506913513149e+04 9.909175983839947355e-01
6.075566532919582824e+04 9.594807255098138921e-01
6.075566558925652498e+04 1.002493644846591536e+00
6.075566584931721445e+04 9.937792956706443803e-01
6.075566610937791120e+04 9.775254097972786438e-01
6.075566636943860794e+04 9.503680620614988195e-01
6.075566662949930469e+04 9.797683083181928376e-01
6.075566688956000144e+04 9.379066987817232803e-01
6.075566714962069818e+04 1.037659732415820102e+00
6.075566740968139493e+04 9.992942428766411478e-01
6.075566766974209168e+04 9.293846042974788224e-01
6.075566792980278115e+04 1.059854842380120399e+00
6.075566818986347789e+04 1.017778087865073955e+00
6.075566844992417464e+04 1.076752459540338824e+00
6.075566870998487866e+04 9.835788057610194146e-01
6.075566897004557541e+04 1.039259917366593511e+00
6.075566923010626488e+04 1.003994092045848996e+00
6.075566949016696162e+04 1.009916205499599373e+00
6.075566975022765837e+04 1.056142178302589718e+00
6.075567001028834784e+04 9.998385301657030100e-01
6.075567027034905186e+04 9.677589406528964711e-01
6.075567053040974133e+04 1.040605585897429464e+00
6.075567079047044535e+04 1.008932179641892413e+00
6.075567105053114210e+04 9.965162190260904440e-01
6.075567131059183157e+04 1.047659630980992684e+00
6.075567157065252832e+04 1.087785214137920731e+00
6.075567183071322506e+04 1.036588360951351984e+00
6.075567209077392181e+04 1.095931035590529845e+00
6.075567235083461856e+04 1.013143693806587420e+00
6.075567261089531530e+04 9.846070820057364337e-01
6.075567287095601205e+04 1.036602342317658687e+00
6.075567313101670879e+04 9.449566067672242609e-01
6.075567339107740554e+04 1.010364639831625055e+00
6.075567365113810229e+04 9.843697886648221651e-01
6.075567391119879176e+04 9.465476424584060577e-01
6.075567417125948850e+04 1.013147792717010498e+00
6.075567443132019253e+04 9.916774099834820833e-01
6.075567469138088200e+04 9.956972189375842275e-01
6.075567495144157874e+04 1.001509239887742320e+00
6.075567521150227549e+04 1.026743949413152057e+00
6.075567547156297223e+04 1.038809586582517319e+00
6.075567573162366898e+04 9.980688041688718926e-01
6.075567599168436573e+04 1.092874350717687237e+00
6.075567625174506247e+04 9.810032488648902094e-01
6.075567651180575922e+04 1.045673702623869605e+00
6.075567677186645597e+04 1.022505684525393255e+00
6.075567703192715271e+04 1.014936522078460301e+00
6.075567729198784218e+04 1.022328392947101428e+00
6.075567755204853893e+04 9.805516918584614716e-01
6.075567781210924295e+04 9.464690987316605186e-01
6.075567807216993242e+04 1.028870574597504417e+00
6.075567833223062917e+04 1.027038501322699027e+00
6.075567859229132591e+04 1.039311203319347898e+00
6.075567885235202266e+04 1.025936547134359555e+00
6.075567911241271941e+04 1.043290605471909993e+00
6.075567937247341615e+04 1.071639450093403445e+00
6.075567963253411290e+04 1.022958609029702925e+00
6.075567989259480964e+04 1.059963248763944321e+00
6.075568015265550639e+04 1.017192122215045957e+00
6.075568041271620314e+04 1.008325738118991843e+00
6.075568067277689261e+04 1.051815642342904811e+00
6.075568093283759663e+04 1.006472493509406485e+00
6.075568119289829338e+04 9.869494224048667164e-01
6.075568145295898285e+04 9.879885109724545478e-01
6.075568171301968687e+04 9.986072097042851814e-01
6.075568197308037634e+04 1.004430121926755293e+00
6.075568223314107308e+04 1.023807435415952760e+00
6.075568249320177711e+04 9.850475943015655211e-01
6.075568275326246658e+04 9.742122746351159490e-01
6.075568301332316332e+04 1.009753860008520299e+00
6.075568327338386007e+04 1.067967596271312214e+00
6.075568483179301256e+04 1.057465229981251920e+00
6.075568509184680443e+04 1.021028234370419119e+00
6.075568535190059629e+04 1.017001564894947530e+00
6.075568561195438815e+04 9.998596484906424608e-01
6.075568587200818729e+04 1.095822143433362594e+00
6.075568613206199370e+04 1.028714412001352496e+00
6.075568639211578557e+04 9.807888620837003080e-01
6.075568665216957743e+04 1.075669065215370868e+00
6.075568691222336929e+04 1.042524231914870425e+00
6.075568717227716115e+04 1.027585245100730571e+00
6.075568743233096029e+04 1.066157957551034041e+00
6.075568769238475215e+04 1.052410400356504683e+00
6.075568795243854402e+04 1.059984456574394995e+00
6.075568821249233588e+04 9.965458660531902879e-01
6.075568847254613502e+04 1.090986513484114573e+00
6.075568873259992688e+04 1.071694866390509704e+00
6.075568899265372602e+04 1.008411361397724360e+00
6.075568925270752516e+04 9.728166777376721086e-01
6.075568951276131702e+04 1.046693712493724560e+00
6.075568977281511616e+04 1.008071945495899069e+00
6.075569003286890802e+04 1.056974076141860897e+00
6.075569029292269988e+04 9.901031438657421635e-01
6.075569055297649174e+04 9.974218939446505283e-01
6.075569081303029088e+04 1.035466339895546373e+00
6.075569107308408275e+04 1.006935179839156591e+00
6.075569133313787461e+04 1.038959279909645206e+00
6.075569159319166647e+04 9.819488037034439509e-01
6.075569185324547288e+04 9.784557438928338513e-01
6.075569211329927202e+04 1.028287915687832621e+00
6.075569237335306389e+04 1.031577779464767586e+00
6.075569263340685575e+04 1.097091580290088686e+00
6.075569289346064761e+04 9.811453077233154296e-01
6.075569315351444675e+04 9.987915230693225066e-01
6.075569341356823861e+04 9.956339382944320304e-01
6.075569367362203047e+04 1.011405940395806669e+00
6.075569393367582234e+04 1.010509155846206264e+00
6.075569419372962147e+04 9.946245453105784229e-01
6.075569445378341334e+04 1.100328379511502197e+00
6.075569471383720520e+04 9.899115844275732101e-01
6.075569497389100434e+04 1.005246080846400103e+00
6.075569523394481075e+04 9.555677661877571838e-01
6.075569549399860261e+04 1.006133890022325783e+00
6.075569575405239448e+04 1.038633083565341897e+00
6.075569601410618634e+04 1.036450415069934960e+00
6.075569627415998548e+04 1.017222371501036227e+00
6.075569653421377734e+04 1.012715888331003011e+00
6.075569679426756920e+04 1.048393937474410897e+00
6.075569705432136107e+04 1.010442257494749585e+00
6.075569731437516020e+04 9.652695320292304926e-01
6.075569757442895207e+04 9.777799700968829999e-01
6.075569783448274393e+04 9.354655975874690554e-01
6.075569809453654307e+04 1.012043141252039646e+00
6.075569835459034948e+04 9.602671957976038897e-01
6.075569861464414134e+04 1.043582147647676317e+00
6.075569887469793321e+04 9.699326001190762270e-01
6.075569913475172507e+04 1.032712232751197057e+00
6.075569939480552421e+04 1.058670138136106775e+00
6.075569965485931607e+04 1.000525765655048804e+00
6.075569991491310793e+04 1.012808935847154368e+00
6.075570017496689979e+04 1.008696139421807692e+00
6.075570043502069893e+04 9.781822884465332102e-01
6.075570069507449080e+04 1.010167857876650865e+00
6.075570095512828993e+04 1.014833643761217541e+00
6.075570121518208907e+04 9.685651811268556344e-01
6.075570147523588821e+04 9.896466855926459028e-01
6.075570173528968007e+04 1.003176545179556234e+00
6.075570199534347194e+04 1.027494781517905631e+00
6.075570225539727107e+04 1.032211935899378874e+00
6.075570251545106294e+04 1.016146952986044738e+00
6.075570277550485480e+04 1.003207977049014099e+00
6.075570303555864666e+04 9.730072333092282255e-01
6.075570329561244580e+04 9.896564853178090315e-01
6.075570355566623766e+04 1.047580415499285378e+00
6.075570381572002952e+04 9.731649274394121862e-01
6.075570407577382866e+04 9.920765330947197702e-01
6.075570433582763508e+04 1.015192322400001235e+00
6.075570459588142694e+04 9.983739566619230787e-01
6.075570485593521880e+04 1.045807991814364346e+00
6.075570511598901066e+04 1.037453341470826906e+00
6.075570537604280980e+04 1.051625832519498038e+00
6.075570563609660167e+04 1.027109872648558131e+00
6.075570589615039353e+04 1.023266609277138528e+00
6.075570615620419267e+04 1.046648690706898810e+00
6.075570641625798453e+04 1.023625710257474619e+00
6.075570667631177639e+04 1.010621905172682355e+00
6.075570693636557553e+04 1.022294998299597690e+00
6.075570719641938194e+04 1.040328222243550149e+00
6.075570745647317381e+04 9.407852354999038935e-01
6.075570771652696567e+04 1.056562575557143280e+00
6.075570797658076481e+04 1.020622053534358642e+00
6.075570823663455667e+04 1.037318305482212155e+00
6.075570849668834853e+04 1.013190149154344688e+00
6.075570875674214039e+04 1.036245415886572596e+00
6.075570901679593953e+04 1.042360857594841983e+00
6.075570927684973140e+04 9.992237696501935496e-01
6.075570953690352326e+04 9.948157918118398779e-01
6.075570979695732240e+04 1.049515512442908083e+00
6.075571005701112153e+04 1.000434193803005689e+00
6.075571031706492067e+04 1.061870760188096119e+00
6.075571057711871254e+04 1.021183494282536186e+00
6.075571083717251167e+04 1.016428265371589701e+00
6.075571109722630354e+04 9.619829050672203952e-01
6.075571135728009540e+04 9.460147236441511787e-01
6.075571161733389454e+04 1.011069000461462641e+00
6.075571187738768640e+04 9.947020630911268535e-01
6.075571213744147826e+04 1.014234070094490958e+00
6.075571239749527740e+04 1.045220184871476832e+00
6.075571265754906926e+04 1.006372133612622566e+00
6.075571291760286840e+04 9.962180759975052258e-01
6.075571317765666754e+04 9.845142361093029981e-01
6.075571474868715450e+04 1.019288720990094488e+00
6.075571500874785124e+04 1.022384394367469973e+00
6.075571526880854799e+04 1.062606427117900765e+00
6.075571552886924474e+04 1.028327333092925677e+00
6.075571578892994148e+04 1.026036997587792099e+00
6.075571604899063823e+04 1.044727331229094336e+00
6.075571630905133497e+04 1.060772412106228524e+00
6.075571656911203172e+04 1.058254071124995033e+00
6.075571682917273574e+04 1.007281488468359631e+00
6.075571708923342521e+04 9.538033312920809470e-01
6.075571734929412196e+04 1.026256448257904630e+00
6.075571760935482598e+04 1.052254403946005779e+00
6.075571786941552273e+04 9.736352693619924059e-01
6.075571812947621947e+04 1.003831760187318123e+00
6.075571838953690894e+04 1.031935697302935884e+00
6.075571864959761297e+04 9.657956141354320234e-01
6.075571890965830971e+04 1.005137171090318082e+00
6.075571916971899918e+04 1.061660575863278666e+00
6.075571942977970320e+04 9.630940734772800438e-01
6.075571968984039995e+04 1.037306889865198478e+00
6.075571994990109670e+04 1.011913225731622568e+00
6.075572020996180072e+04 1.029652484848001315e+00
6.075572047002249019e+04 9.785408192763205282e-01
6.075572073008318694e+04 1.068390708189848715e+00
6.075572099014388368e+04 9.920265717880883960e-01
6.075572125020458770e+04 1.022217274261270958e+00
6.075572151026528445e+04 1.005369229441763101e+00
6.075572177032597392e+04 1.026795866037358840e+00
6.075572203038667794e+04 1.048544984752036280e+00
6.075572229044737469e+04 1.047932045222292885e+00
6.075572255050806416e+04 1.061591611607562768e+00
6.075572281056877546e+04 1.022919997120717017e+00
6.075572307062946493e+04 1.043586758786244850e+00
6.075572333069016167e+04 1.013886521925392081e+00
6.075572359075086570e+04 9.977112942443169263e-01
6.075572385081155517e+04 9.721929128285926591e-01
6.075572411087225191e+04 9.387563456863925460e-01
6.075572437093294866e+04 1.051250340008372364e+00
6.075572463099365268e+04 1.038731370570595614e+00
6.075572489105434943e+04 9.782336309242029015e-01
6.075572515111503890e+04 9.727834095762253330e-01
6.075572541117574292e+04 1.048197349289108793e+00
6.075572567123643967e+04 9.901658393031046446e-01
6.075572593129713641e+04 1.047452744184556694e+00
6.075572619135784043e+04 1.070557796168078557e+00
6.075572645141852990e+04 1.022448856075823587e+00
6.075572671147922665e+04 9.803488479181980964e-01
6.075572697153993067e+04 9.751959279128025182e-01
6.075572723160062014e+04 1.005005288427310850e+00
6.075572749166131689e+04 1.015505448104132791e+00
6.075572775172202091e+04 9.632933687568477898e-01
6.075572801178271766e+04 9.282246087756881314e-01
6.075572827184341440e+04 1.032676356893694969e+00
6.075572853190411115e+04 9.401785284698176426e-01
6.075572879196480790e+04 1.035889509166650013e+00
6.075572905202550464e+04 1.002476703386436352e+00
6.075572931208620867e+04 9.747921261840021279e-01
6.075572957214690541e+04 9.739458355858003902e-01
6.075572983220759488e+04 9.961914187516974772e-01
6.075573009226829890e+04 1.028798870514569863e+00
6.075573035232899565e+04 1.003685203909899348e+00
6.075573061238968512e+04 9.951794431596336921e-01
6.075573087245038914e+04 1.037550480310517109e+00
6.075573113251108589e+04 1.017703020803073954e+00
6.075573139257178264e+04 9.972076979969015653e-01
6.075573165263248666e+04 1.040186030776568238e+00
6.075573191269317613e+04 1.011300256243029994e+00
6.075573217275387287e+04 9.973238507136936715e-01
6.075573243281457690e+04 1.043838876237548563e+00
6.075573269287527364e+04 9.643455661217568142e-01
6.075573295293597039e+04 1.052913674114355658e+00
6.075573321299666713e+04 9.462995499124290388e-01
6.075573347305736388e+04 1.039142145234815073e+00
6.075573373311806063e+04 9.876208574307565602e-01
6.075573399317875737e+04 1.001437028917004035e+00
6.075573425323946140e+04 1.049616339717355240e+00
6.075573451330015087e+04 9.770657460102629699e-01
6.075573477336085489e+04 1.008431599928918398e+00
6.075573503342155163e+04 1.038871437397080655e+00
6.075573529348224110e+04 9.680510905666235288e-01
6.075573555354294513e+04 1.037529233080991986e+00
6.075573581360364187e+04 1.066991218699021804e+00
6.075573607366434589e+04 9.995152605852106742e-01
6.075573633372504264e+04 9.688926600973890579e-01
6.075573659378573211e+04 1.019293331572681982e+00
6.075573685384643613e+04 1.004968150252201875e+00
6.075573711390713288e+04 1.003539997233419134e+00
6.075573737396782963e+04 9.941646742461642816e-01
6.075573763402853365e+04 9.785489836718447298e-01
6.075573789408922312e+04 1.072528709524552815e+00
6.075573815414991986e+04 9.673019952598613802e-01
6.075573841421062389e+04 1.004151970955756257e+00
6.075573867427131336e+04 9.778711373579058730e-01
6.075573893433201010e+04 1.009959291965907724e+00
6.075573919439271413e+04 1.008332570389412819e+00
6.075573945445341087e+04 1.015039706934236508e+00
6.075573971451411489e+04 1.021280538967989093e+00
6.075573997457480436e+04 9.783577004973831315e-01
6.075574023463550111e+04 1.014175764469827934e+00
6.075574049469620513e+04 9.824744495008542744e-01
6.075574075475690188e+04 9.871664444410204187e-01
6.075574101481759863e+04 9.882665523255377282e-01
6.075574127487829537e+04 1.018040695047450317e+00
6.075574153493899212e+04 1.006037754997925582e+00
6.075574179499969614e+04 1.019161117655631887e+00
6.075574205506038561e+04 1.042050801743343857e+00
6.075574231512108236e+04 9.539809828716681039e-01
6.075574257518178638e+04 1.020009018654365995e+00
6.075574283524248312e+04 1.046586170565175111e+00
6.075574309530317987e+04 9.960402142171334017e-01
6.075574483016229351e+04 1.011102749074655138e+00
6.075574509021608537e+04 1.007576975386843987e+00
6.075574535026989179e+04 1.009706718634514333e+00
6.075574561032369093e+04 9.214388317921572424e-01
6.075574587037748279e+04 1.033037162094023964e+00
6.075574613043128193e+04 1.021948053594141204e+00
6.075574639048507379e+04 1.006353860268520251e+00
6.075574665053887293e+04 9.831825563025347048e-01
6.075574691059266479e+04 9.459541471159244042e-01
6.075574717064645665e+04 9.837604753533428781e-01
6.075574743070025579e+04 1.010842144400061926e+00
6.075574769075404765e+04 1.025527886289146373e+00
6.075574795080784679e+04 9.593700724979740135e-01
6.075574821086163865e+04 1.013863415204398821e+00
6.075574847091544507e+04 9.570340575218885260e-01
6.075574873096924421e+04 9.286843151600913115e-01
6.075574899102303607e+04 1.007078777831737160e+00
6.075574925107683521e+04 9.562218507766520048e-01
6.075574951113062707e+04 1.046704031558619352e+00
6.075574977118442621e+04 1.013794927199457963e+00
6.075575003123821807e+04 9.927441294906911295e-01
6.075575029129201721e+04 1.023103491246372787e+00
6.075575055134580907e+04 9.824839268166053463e-01
6.075575081139960093e+04 1.007093861638133303e+00
6.075575107145340007e+04 1.054109772838165204e+00
6.075575133150719921e+04 1.030257733464999381e+00
6.075575159156100563e+04 1.043723783804501037e+00
6.075575185161479749e+04 1.014949913470295506e+00
6.075575211166859663e+04 1.038005136747256918e+00
6.075575237172238849e+04 1.007761262077002229e+00
6.075575263177618035e+04 9.682040781115168748e-01
6.075575289182997949e+04 1.006139074817422818e+00
6.075575315188377135e+04 1.023487910150186142e+00
6.075575341193757049e+04 9.964104841283867309e-01
6.075575367199136235e+04 9.936889055613543631e-01
6.075575393204516149e+04 9.967123263216134399e-01
6.075575419209895335e+04 1.048790344695032406e+00
6.075575445215275249e+04 1.012240721943417299e+00
6.075575471220655891e+04 1.031626885283969841e+00
6.075575497226035077e+04 9.730042301230179547e-01
6.075575523231414991e+04 1.011498144606279626e+00
6.075575549236794177e+04 9.452030591526578984e-01
6.075575575242174091e+04 1.001872182747468365e+00
6.075575601247553277e+04 9.809230609024989223e-01
6.075575627252933191e+04 9.341951590370766167e-01
6.075575653258312377e+04 9.855293993878305736e-01
6.075575679263691563e+04 1.066781889893212876e+00
6.075575705269071477e+04 1.012381148379939866e+00
6.075575731274451391e+04 1.028849017135195831e+00
6.075575757279832033e+04 9.665403013564503043e-01
6.075575783285211219e+04 1.005011908126800302e+00
6.075575809290591133e+04 9.577401424629178317e-01
6.075575835295970319e+04 9.855232348848007584e-01
6.075575861301350233e+04 9.475979615874002837e-01
6.075575887306729419e+04 1.036910379712407515e+00
6.075575913312109333e+04 9.786714089513207648e-01
6.075575939317488519e+04 1.044490293961866989e+00
6.075575965322867705e+04 1.043892355201615940e+00
6.075575991328247619e+04 9.890839523616092865e-01
6.075576017333626805e+04 1.040931303084645654e+00
6.075576043339007447e+04 1.004960221526534525e+00
6.075576069344387361e+04 9.778959803118048022e-01
6.075576095349767274e+04 9.918422662899769593e-01
6.075576121355146461e+04 9.942876901287754920e-01
6.075576147360526375e+04 1.069488419532006462e+00
6.075576173365905561e+04 1.016621965212550771e+00
6.075576199371285475e+04 9.875318327589179823e-01
6.075576225376664661e+04 9.865296257485678399e-01
6.075576251382044575e+04 1.000806289155253603e+00
6.075576277387423761e+04 1.029693219756189659e+00
6.075576303392802947e+04 9.572217724139294726e-01
6.075576329398183589e+04 1.005677322608671931e+00
6.075576355403563502e+04 1.060484262898182095e+00
6.075576381408943416e+04 1.073184699793642283e+00
6.075576407414322603e+04 9.591445872891648516e-01
6.075576433419702516e+04 1.024244602904686552e+00
6.075576459425081703e+04 9.889069007177631043e-01
6.075576485430461616e+04 9.584017123694031914e-01
6.075576511435840803e+04 1.005818510462000770e+00
6.075576537441220717e+04 1.047699085068680924e+00
6.075576563446599903e+04 1.007368136835252059e+00
6.075576589451979817e+04 9.854974135455395468e-01
6.075576615457359003e+04 1.017892982177710293e+00
6.075576641462739644e+04 1.015074923736836610e+00
6.075576667468119558e+04 1.007614510410863806e+00
6.075576693473499472e+04 1.062006046945110027e+00
6.075576719478878658e+04 9.746433606954054696e-01
6.075576745484258572e+04 1.062634969104874427e+00
6.075576771489637758e+04 9.652973212577210527e-01
6.075576797495017672e+04 1.058030818822814245e+00
6.075576823500396858e+04 9.332951718900800442e-01
6.075576849505776045e+04 1.045471016525297170e+00
6.075576875511155959e+04 1.025011144336674951e+00
6.075576901516535145e+04 1.013094993100557062e+00
6.075576927521915786e+04 9.984750811156952732e-01
6.075576953527295700e+04 1.041350949082729960e+00
6.075576979532675614e+04 1.042471328921336982e+00
6.075577005538054800e+04 9.871682433874089391e-01
6.075577031543434714e+04 9.814266071827030258e-01
6.075577057548813900e+04 1.004349040829964013e+00
6.075577083554193814e+04 9.742583604338268533e-01
6.075577109559573000e+04 1.010873332122156798e+00
6.075577135564952914e+04 1.051410807324031138e+00
6.075577161570332100e+04 1.035805921432377152e+00
6.075577187575712014e+04 9.332278413994279376e-01
6.075577213581091200e+04 9.805036218563969452e-01
6.075577239586471842e+04 1.033283337392673751e+00
6.075577265591851756e+04 9.640770383805177257e-01
6.075577291597231670e+04 1.025679165783074387e+00
6.075577317602610856e+04 1.001660327468991696e+00
