6.075585120116569306e+04 1.012402599309910611e+00
6.075585146121949219e+04 1.016131751116579940e+00
6.075585172127328406e+04 9.858230233463507464e-01
6.075585198132708319e+04 9.836950914997344420e-01
6.075585224138088233e+04 1.020794768011118681e+00
6.075585250143468147e+04 9.420928639667970339e-01
6.075585276148847333e+04 1.010259953678214861e+00
6.075585302154227247e+04 9.845947897637956636e-01
6.075585328159607161e+04 1.088663342643458654e+00
6.075585354164987803e+04 1.038553169290405531e+00
6.075585380170368444e+04 9.941190899554602778e-01
6.075585406175747630e+04 9.907776351117635327e-01
6.075585432181127544e+04 9.853285666942175336e-01
6.075585458186507458e+04 9.456578394494664641e-01
6.075585484191887372e+04 1.000583988357171661e+00
6.075585510197266558e+04 9.975976718412304933e-01
6.075585536202646472e+04 1.034568261207827300e+00
6.075585562208026386e+04 1.040131001244606113e+00
6.075585588213406299e+04 1.020257366661898812e+00
6.075585614218786213e+04 1.025193724807442530e+00
6.075585640224165400e+04 1.037282676811458471e+00
6.075585666229546041e+04 1.025538234465886989e+00
6.075585692234926682e+04 1.009646099163061805e+00
6.075585718240306596e+04 9.985459947492286714e-01
6.075585744245685783e+04 1.000408627219274482e+00
6.075585770251065696e+04 1.025963121204515049e+00
6.075585796256445610e+04 1.007304080193796469e+00
6.075585822261825524e+04 1.054847666883931057e+00
6.075585848267205438e+04 1.001055063567250158e+00
6.075585874272584624e+04 9.975878034037737319e-01
6.075585900277964538e+04 9.729336752437084401e-01
6.075585926283344452e+04 1.015067465664687640e+00
6.075585952288725093e+04 9.762360346228698971e-01
6.075585978294105735e+04 1.016894302029927699e+00
6.075586004299484921e+04 9.381835745026684270e-01
6.075586030304864835e+04 9.990461142413186169e-01
6.075586056310244749e+04 9.651409305583178444e-01
6.075586082315624662e+04 9.822765259683792216e-01
6.075586108321004576e+04 1.008598750937633737e+00
6.075586134326383763e+04 9.644617140638740427e-01
6.075586160331763676e+04 1.058816156543946452e+00
6.075586186337143590e+04 9.548727792022245753e-01
6.075586212342523504e+04 9.622892278651573594e-01
6.075586238347903418e+04 9.734121271788983565e-01
6.075586264353283332e+04 9.843125922876656553e-01
6.075586290358663973e+04 9.817867329984611979e-01
6.075586316364043887e+04 1.029710556999163584e+00
6.075586342369423801e+04 1.018388815059023678e+00
6.075586368374803715e+04 9.834637193220967522e-01
6.075586394380182901e+04 1.007502720811162211e+00
6.075586420385562815e+04 1.008524156561143137e+00
6.075586446390942729e+04 9.901105902053969343e-01
6.075586472396322642e+04 9.938012598849249590e-01
6.075586498401702556e+04 1.018730630640883206e+00
6.075586524407081743e+04 1.006518281778687074e+00
6.075586550412462384e+04 1.014117123113049468e+00
6.075586576417843025e+04 1.061377830171644110e+00
6.075586602423222939e+04 9.685338634312775641e-01
6.075586628428602853e+04 9.592608346562399024e-01
6.075586654433982039e+04 1.056782943967280897e+00
6.075586680439361953e+04 9.800729468292072033e-01
6.075586706444741867e+04 1.043144681529778017e+00
6.075586732450121781e+04 1.002783621684142590e+00
6.075586758455501695e+04 1.008627649216888855e+00
6.075586784460881609e+04 9.703415188003482461e-01
6.075586810466260795e+04 1.002287931916938213e+00
6.075586836471640709e+04 1.025704831880602130e+00
6.075586862477021350e+04 9.873696637685848154e-01
6.075586888482401991e+04 1.047041759903578617e+00
6.075586914487781905e+04 1.036699361534262120e+00
6.075586940493161092e+04 1.004204583745448076e+00
6.075586966498541005e+04 1.004257677094444023e+00
6.075586992503920919e+04 1.005193703885184142e+00
6.075587018509300833e+04 9.453880108038343888e-01
6.075587044514680747e+04 1.010965011502535482e+00
6.075587070520060661e+04 1.042627293419572165e+00
6.075587096525439847e+04 9.883886735144233882e-01
6.075587122530819761e+04 9.934151906270409782e-01
6.075587148536199675e+04 9.646224478341048902e-01
6.075587174541581044e+04 1.012288850245448124e+00
6.075587200546960958e+04 9.269852202795700880e-01
6.075587226552340871e+04 9.910488639814035716e-01
6.075587252557720058e+04 9.793008859843072011e-01
6.075587278563099972e+04 9.884805497451659706e-01
6.075587304568479885e+04 1.004300253612846916e+00
6.075587330573859799e+04 9.660749681661479071e-01
6.075587356579239713e+04 1.019462905420229326e+00
6.075587382584619627e+04 1.022747931875111149e+00
6.075587408589998813e+04 9.918432048741896434e-01
6.075587434595378727e+04 9.602642225537081355e-01
6.075587460600759368e+04 1.022941938052992272e+00
6.075587486606140010e+04 9.958702547594685539e-01
6.075587512611519924e+04 1.030633509333856335e+00
6.075587538616899838e+04 9.795024503252892645e-01
6.075587564622279751e+04 9.400947855254323526e-01
6.075587590627658938e+04 1.030840307853529314e+00
6.075587616633038851e+04 1.041291107933368654e+00
6.075587642638418765e+04 9.780537426087998476e-01
6.075587668643798679e+04 1.001317654593705031e+00
6.075587694649178593e+04 1.003176143962390077e+00
6.075587720654558507e+04 1.013230073866182579e+00
6.075587746659937693e+04 9.532343840240125044e-01
6.075587772665318334e+04 9.518714676064025104e-01
6.075587798670698976e+04 9.822233748064392866e-01
6.075587824676078890e+04 1.005501090001546638e+00
6.075587850681458804e+04 1.005776768268050070e+00
6.075587876686838717e+04 1.003861967841298330e+00
6.075587902692218631e+04 9.683595536339288934e-01
6.075587928697597818e+04 9.995416447384638525e-01
6.075587954702977731e+04 9.496556815810236474e-01
6.075588115586427011e+04 9.805069672236311762e-01
6.075588141592496686e+04 1.013359291165253140e+00
6.075588167598567088e+04 9.705254578303067481e-01
6.075588193604636763e+04 9.757761975637794238e-01
6.075588219610707165e+04 1.021095897441691047e+00
6.075588245616777567e+04 9.677984249817328521e-01
6.075588271622847242e+04 1.039981020388069277e+00
6.075588297628917644e+04 9.708250574610467476e-01
6.075588323634988046e+04 1.014448495585384080e+00
6.075588349641056993e+04 1.027965373791816184e+00
6.075588375647127395e+04 1.022969927323422068e+00
6.075588401653197798e+04 9.989992944031386157e-01
6.075588427659268200e+04 1.019621035125408914e+00
6.075588453665338602e+04 1.033978660532992144e+00
6.075588479671408277e+04 9.865770359570116277e-01
6.075588505677478679e+04 9.758186817712565242e-01
6.075588531683548354e+04 9.837482539642469215e-01
6.075588557689618756e+04 9.827427306702120058e-01
6.075588583695689158e+04 1.018772500284743199e+00
6.075588609701758833e+04 9.777904874641368815e-01
6.075588635707829235e+04 1.005200444300951235e+00
6.075588661713899637e+04 1.001158237390623373e+00
6.075588687719969312e+04 1.007864884615362833e+00
6.075588713726038986e+04 9.291964109954122808e-01
6.075588739732109389e+04 9.695954266855836279e-01
6.075588765738179791e+04 9.749696636109104197e-01
6.075588791744250193e+04 9.866416498008282465e-01
6.075588817750319868e+04 9.768809225459417211e-01
6.075588843756390270e+04 1.005725164083359546e+00
6.075588869762460672e+04 9.873910888830537136e-01
6.075588895768530347e+04 9.900672191618804518e-01
6.075588921774600749e+04 9.702596399988712150e-01
6.075588947780670424e+04 1.000150484998616029e+00
6.075588973786740826e+04 1.007569628986002330e+00
6.075588999792811228e+04 1.008945237409511808e+00
6.075589025798880903e+04 9.759054985336420573e-01
6.075589051804952032e+04 9.839798864612806506e-01
6.075589077811021707e+04 9.953634958856184545e-01
6.075589103817091382e+04 9.967127891879029589e-01
6.075589129823161784e+04 1.014827452281239939e+00
6.075589155829231458e+04 9.868450970234196040e-01
6.075589181835301861e+04 9.716858856139282130e-01
6.075589207841372263e+04 9.606405846602855680e-01
6.075589233847442665e+04 9.867176070748395755e-01
6.075589259853513067e+04 1.043364489534372330e+00
6.075589285859582742e+04 1.008866400144537767e+00
6.075589311865652417e+04 9.882377571985353493e-01
6.075589337871722819e+04 1.025704506322058673e+00
6.075589363877793221e+04 1.010052320787379054e+00
6.075589389883863623e+04 9.811979749687418373e-01
6.075589415889933298e+04 1.020939432313934914e+00
6.075589441896003700e+04 1.021973135315571879e+00
6.075589467902074102e+04 1.022142711482612931e+00
6.075589493908143777e+04 1.016798325677227943e+00
6.075589519914213452e+04 9.965920979873340579e-01
6.075589545920283854e+04 9.757461214241397451e-01
6.075589571926354256e+04 1.062463631534158237e+00
6.075589597932424658e+04 9.836937121224830216e-01
6.075589623938494333e+04 1.010141044970616520e+00
6.075589649944564735e+04 9.712900061365224991e-01
6.075589675950635137e+04 1.043003555483290823e+00
6.075589701956705539e+04 9.655215193033237497e-01
6.075589727962775942e+04 9.096470256095388063e-01
6.075589753968844889e+04 9.925113168439431144e-01
6.075589779974915291e+04 9.900053342758212693e-01
6.075589805980985693e+04 9.990845416381120003e-01
6.075589831987055368e+04 9.710919128249301258e-01
6.075589857993125770e+04 9.780351528005425399e-01
6.075589883999196172e+04 9.421087635525241533e-01
6.075589910005266574e+04 1.027432641704611127e+00
6.075589936011336977e+04 9.840750549304475570e-01
6.075589962017406651e+04 9.639347135087860119e-01
6.075589988023477054e+04 9.837014044374615684e-01
6.075590014029546728e+04 1.004161546981906072e+00
6.075590040035617130e+04 1.031490803635976006e+00
6.075590066041687533e+04 9.969867557104412636e-01
6.075590092047757207e+04 9.179502640099727051e-01
6.075590118053827609e+04 1.005875848664090189e+00
6.075590144059898012e+04 9.845071357094403730e-01
6.075590170065967686e+04 9.961889196724518225e-01
6.075590196072038816e+04 9.881391747502235035e-01
6.075590222078108491e+04 1.016086792565139341e+00
6.075590248084178893e+04 9.714481372785589430e-01
6.075590274090249295e+04 9.855916561074119508e-01
6.075590300096318242e+04 9.968967195311004836e-01
6.075590326102388644e+04 9.812285866135709300e-01
6.075590352108459047e+04 1.014598935113950384e+00
6.075590378114529449e+04 9.670409607430489052e-01
6.075590404120599851e+04 1.007252373830579861e+00
6.075590430126669526e+04 1.026371499907768214e+00
6.075590456132739928e+04 1.022314199999723394e+00
6.075590482138810330e+04 9.698345500837523003e-01
6.075590508144880732e+04 1.014678223255097711e+00
6.075590534150951135e+04 9.816278077095760279e-01
6.075590560157020809e+04 9.874183158102691760e-01
6.075590586163091211e+04 9.282923501981200642e-01
6.075590612169160886e+04 1.006587926498656804e+00
6.075590638175230561e+04 9.832552781011412169e-01
6.075590664181300963e+04 9.731641026715348586e-01
6.075590690187371365e+04 1.047421846480296903e+00
6.075590716193441767e+04 1.012731374001888174e+00
6.075590742199512169e+04 1.019103869920525485e+00
6.075590768205581844e+04 1.039107260060726512e+00
6.075590794211652246e+04 1.001521370663665422e+00
6.075590820217722649e+04 9.719730057021457315e-01
6.075590846223793051e+04 9.348086448944799010e-01
6.075590872229863453e+04 9.934840060953342711e-01
6.075590898235933128e+04 1.057797366004102901e+00
6.075590924242003530e+04 9.871505485043318151e-01
6.075590950248073932e+04 9.568178916593634842e-01
6.075591106051386305e+04 9.972037100399030463e-01
6.075591132057445793e+04 9.676362123257010728e-01
6.075591158063505281e+04 1.026034277760446312e+00
6.075591184069564770e+04 1.006973077165328023e+00
6.075591210075624258e+04 1.012440682609431652e+00
6.075591236081683746e+04 1.020529875590480362e+00
6.075591262087743235e+04 1.001367169140446656e+00
6.075591288093802723e+04 9.771368129025419513e-01
6.075591314099862211e+04 9.450441827852569254e-01
6.075591340105922427e+04 1.002258726801332545e+00
6.075591366111981915e+04 9.796034692348347672e-01
6.075591392118041404e+04 1.020369819174144599e+00
6.075591418124100892e+04 1.027388312141585436e+00
6.075591444130160380e+04 9.595403401727229387e-01
6.075591470136219868e+04 9.882152554141384604e-01
6.075591496142279357e+04 1.037218399912239519e+00
6.075591522148338845e+04 9.537440972418292917e-01
6.075591548154399061e+04 1.002574374445585059e+00
6.075591574160458549e+04 9.652307194367859555e-01
6.075591600166518037e+04 1.003367248133142153e+00
6.075591626172577526e+04 9.754609516722352325e-01
6.075591652178637742e+04 9.413532006047619083e-01
6.075591678184697230e+04 1.003962547647391013e+00
6.075591704190756718e+04 1.002865690812962507e+00
6.075591730196816206e+04 9.854247184959156192e-01
6.075591756202875695e+04 9.829473830823812763e-01
6.075591782208935183e+04 9.731645046103192254e-01
6.075591808214994671e+04 9.688871289729181768e-01
6.075591834221054160e+04 9.919303931563400178e-01
6.075591860227113648e+04 1.029120724332267534e+00
6.075591886233173136e+04 9.554740889487360889e-01
6.075591912239232624e+04 9.723246471854790629e-01
6.075591938245292840e+04 1.005097868576769748e+00
6.075591964251352329e+04 9.802249287289269697e-01
6.075591990257411817e+04 1.023933355930963796e+00
6.075592016263471305e+04 9.684283969208334897e-01
6.075592042269530793e+04 9.977874156042957354e-01
6.075592068275590282e+04 9.920839317715669514e-01
6.075592094281649770e+04 9.505460682996950128e-01
6.075592120287709986e+04 9.946514544951695624e-01
6.075592146293769474e+04 9.928657537762527463e-01
6.075592172299828962e+04 1.024563770553021502e+00
6.075592198305888451e+04 1.039109577458063205e+00
6.075592224311948667e+04 9.533802375181970046e-01
6.075592250318008155e+04 1.025410405871551855e+00
6.075592276324067643e+04 9.823549346267416160e-01
6.075592302330127131e+04 9.911149046992039358e-01
6.075592328336186620e+04 1.024041479307899127e+00
6.075592354342246108e+04 1.004553733467321797e+00
6.075592380348305596e+04 1.046579828120453248e+00
6.075592406354365812e+04 9.720298706573320402e-01
6.075592432360425300e+04 1.036859184419993030e+00
6.075592458366484789e+04 1.037833765614724957e+00
6.075592484372544277e+04 1.040775046890076716e+00
6.075592510378604493e+04 9.374730241217358317e-01
6.075592536384663981e+04 9.744068403056783678e-01
6.075592562390723469e+04 1.021329634000172959e+00
6.075592588396782958e+04 1.029397987053997987e+00
6.075592614402842446e+04 9.261362281918693595e-01
6.075592640408901934e+04 9.815022910703072867e-01
6.075592666414961423e+04 1.036955577516127658e+00
6.075592692421020911e+04 9.764802761520082752e-01
6.075592718427081127e+04 9.830815370974366196e-01
6.075592744433140615e+04 1.015986802203391548e+00
6.075592770439200103e+04 1.071333009667232661e+00
6.075592796445260319e+04 9.936336799934090136e-01
6.075592822451319807e+04 1.021900718212037651e+00
6.075592848457379296e+04 1.009391044858422237e+00
6.075592874463438784e+04 1.033193025309752100e+00
6.075592900469498272e+04 9.720164347263827720e-01
6.075592926475557761e+04 9.678200961849596773e-01
6.075592952481617249e+04 9.827980571718230030e-01
6.075592978487676737e+04 9.900524338138929625e-01
6.075593004493736953e+04 9.700274459163130691e-01
6.075593030499796441e+04 9.946073530654411243e-01
6.075593056505855930e+04 1.019353117246131868e+00
6.075593082511916145e+04 9.988049164466162866e-01
6.075593108517975634e+04 9.909101061669094435e-01
6.075593134524035122e+04 9.822519465585706211e-01
6.075593160530094610e+04 9.846667932662963585e-01
6.075593186536154099e+04 9.818330732488920187e-01
6.075593212542213587e+04 9.907956883528377112e-01
6.075593238548273075e+04 1.028464352086316591e+00
6.075593264554332563e+04 9.895748284150036600e-01
6.075593290560392779e+04 9.323266175940226885e-01
6.075593316566452268e+04 1.036814245922925259e+00
6.075593342572511756e+04 1.031632300004626801e+00
6.075593368578571244e+04 1.049237569868380016e+00
6.075593394584631460e+04 9.994984244537172824e-01
6.075593420590690948e+04 1.008643419041583611e+00
6.075593446596750437e+04 9.525374366203227527e-01
6.075593472602809925e+04 9.659461953439861803e-01
6.075593498608869413e+04 9.767304043296171079e-01
6.075593524614928901e+04 9.988413598547002392e-01
6.075593550620988390e+04 1.024987852080429196e+00
6.075593576627048606e+04 9.910438162967588616e-01
6.075593602633108094e+04 1.060960676273407399e+00
6.075593628639167582e+04 9.641947790905543991e-01
6.075593654645227070e+04 9.607634310602186645e-01
6.075593680651287286e+04 9.835582830115149333e-01
6.075593706657346775e+04 9.726710155292168647e-01
6.075593732663406263e+04 1.000796542852576687e+00
6.075593758669465751e+04 1.019820585387284595e+00
6.075593784675525239e+04 9.815313060820278768e-01
6.075593810681584728e+04 9.414820076064515098e-01
6.075593836687644216e+04 1.021356221465122616e+00
6.075593862693704432e+04 1.003672233995820173e+00
6.075593888699763920e+04 1.000817227000065035e+00
6.075593914705823408e+04 9.761054662821680994e-01
6.075593940711883624e+04 9.871514693901966009e-01
6.075594106598430517e+04 1.037094000185845077e+00
6.075594132604500919e+04 1.001190372368497394e+00
6.075594158610571321e+04 9.543182277171261552e-01
6.075594184616640996e+04 9.669673566898190353e-01
6.075594210622711398e+04 9.775319925547253375e-01
6.075594236628781800e+04 9.755550104051377014e-01
6.075594262634852203e+04 1.017298227829778856e+00
6.075594288640922605e+04 9.899593081978593778e-01
6.075594314646992279e+04 9.701735275233125400e-01
6.075594340653063409e+04 9.840995378584170838e-01
6.075594366659133811e+04 9.228560113050303659e-01
6.075594392665203486e+04 9.415085312280588870e-01
6.075594418671273888e+04 1.028430769300752834e+00
6.075594444677344291e+04 1.016968137386992321e+00
6.075594470683414693e+04 1.023914126954251769e+00
6.075594496689485095e+04 1.052931601083019197e+00
6.075594522695554770e+04 9.489546909932674579e-01
6.075594548701625172e+04 9.631346452612971065e-01
6.075594574707695574e+04 1.049886855501013905e+00
6.075594600713765976e+04 9.645201270384803349e-01
6.075594626719836378e+04 9.575468568538570979e-01
6.075594652725906053e+04 1.025438478155803690e+00
6.075594678731976455e+04 9.661316780281608008e-01
6.075594704738046858e+04 9.889856324316236291e-01
6.075594730744116532e+04 1.015483267132872180e+00
6.075594756750187662e+04 9.842003204899444357e-01
6.075594782756257337e+04 1.009934459487807690e+00
6.075594808762328466e+04 1.019579615761904812e+00
6.075594834768398869e+04 1.027756448884963980e+00
6.075594860774468543e+04 9.907919299668448421e-01
6.075594886780538945e+04 9.752789842786250274e-01
6.075594912786609348e+04 1.009797435955129163e+00
6.075594938792679750e+04 9.890923651098347813e-01
6.075594964798750152e+04 9.573767263201226063e-01
6.075594990804819827e+04 1.019794585560029443e+00
6.075595016810890229e+04 9.860247509008280842e-01
6.075595042816960631e+04 1.006263870820226725e+00
6.075595068823031033e+04 9.746738030883892456e-01
6.075595094829101436e+04 1.043509900682768610e+00
6.075595120835171110e+04 9.611109485090503224e-01
6.075595146841241512e+04 9.882446693095792156e-01
6.075595172847312642e+04 1.017695675920216924e+00
6.075595198853382317e+04 9.391257756581644633e-01
6.075595224859452719e+04 1.047661522291938985e+00
6.075595250865523121e+04 1.020764931739034820e+00
6.075595276871593524e+04 1.029317983252569180e+00
6.075595302877663926e+04 9.751330788818247663e-01
6.075595328883733600e+04 9.935685912537043363e-01
6.075595354889804003e+04 9.884420719307716041e-01
6.075595380895874405e+04 1.014423628206857497e+00
6.075595406901944807e+04 9.454193932332848327e-01
6.075595432908015209e+04 1.011053637405539218e+00
6.075595458914084884e+04 1.011376552212543523e+00
6.075595484920156014e+04 1.089883447565649144e+00
6.075595510926226416e+04 9.951801340296082543e-01
6.075595536932296091e+04 9.597846532228754279e-01
6.075595562938366493e+04 9.911113784923868408e-01
6.075595588944436895e+04 9.788503538695754180e-01
6.075595614950507297e+04 1.003352884210941376e+00
6.075595640956577699e+04 9.586906817731533081e-01
6.075595666962647374e+04 1.001128212323300293e+00
6.075595692968717776e+04 9.847618088359350041e-01
6.075595718974788178e+04 1.013965911263376540e+00
6.075595744980858581e+04 9.502728166256754205e-01
6.075595770986929710e+04 9.956483485642887432e-01
6.075595796992999385e+04 1.006005241174526610e+00
6.075595822999069787e+04 1.011309316228639510e+00
6.075595849005140190e+04 9.902991393882156768e-01
6.075595875011209864e+04 9.879657754147983528e-01
6.075595901017280994e+04 9.672213869224165483e-01
6.075595927023350669e+04 9.887742816391181799e-01
6.075595953029421071e+04 1.015191801253473747e+00
6.075595979035491473e+04 9.967019218001553771e-01
6.075596005041561148e+04 9.923194356940132632e-01
6.075596031047632277e+04 9.893937463848598846e-01
6.075596057053702680e+04 9.895210718283030671e-01
6.075596083059773082e+04 1.028090677709857070e+00
6.075596109065843484e+04 9.737420494364024126e-01
6.075596135071913159e+04 1.013448890355699517e+00
6.075596161077983561e+04 1.017267226944802649e+00
6.075596187084053963e+04 9.702461124031142026e-01
6.075596213090124365e+04 9.763715040263476475e-01
6.075596239096194768e+04 1.014677092407551884e+00
6.075596265102265170e+04 9.930403740294064807e-01
6.075596291108335572e+04 9.802540057915259952e-01
6.075596317114405974e+04 9.843370714441663782e-01
6.075596343120475649e+04 1.015034148805880054e+00
6.075596369126546051e+04 9.985941324242504358e-01
6.075596395132616453e+04 1.039489112765342282e+00
6.075596421138686856e+04 9.967992054294685378e-01
6.075596447144757258e+04 9.912222102132577373e-01
6.075596473150827660e+04 9.773519929613168067e-01
6.075596499156898062e+04 1.026115628384981715e+00
6.075596525162968464e+04 1.002539126047754747e+00
6.075596551169038867e+04 9.786898260189264009e-01
6.075596577175109269e+04 1.022608929328669758e+00
6.075596603181178943e+04 9.799209926200374010e-01
6.075596629187249346e+04 1.035046103076495916e+00
6.075596655193319748e+04 9.961913083330535823e-01
6.075596681199390150e+04 1.044285840776613128e+00
6.075596707205460552e+04 9.801578264972717891e-01
6.075596733211530955e+04 9.260393321688166202e-01
6.075596759217601357e+04 1.015726593692944268e+00
6.075596785223671759e+04 1.031439933161749423e+00
6.075596811229741434e+04 9.659942732238679941e-01
6.075596837235811836e+04 1.035591559725001165e+00
6.075596863241882238e+04 1.013137291920908956e+00
6.075596889247953368e+04 9.923929151136793303e-01
6.075596915254023770e+04 1.002356437965261637e+00
6.075596941260093445e+04 1.027942465507983183e+00
6.075597102105359954e+04 9.343686079998801963e-01
6.075597128111420170e+04 1.009498407729557012e+00
6.075597154117479658e+04 9.845769558099414231e-01
6.075597180123539147e+04 9.886312851603230589e-01
6.075597206129598635e+04 1.009892708547543760e+00
6.075597232135658123e+04 1.014210817043225132e+00
6.075597258141718339e+04 9.894144139182734499e-01
6.075597284147777827e+04 9.776038214171430818e-01
6.075597310153837316e+04 1.004807190001099304e+00
6.075597336159897532e+04 1.018658281418681089e+00
6.075597362165957020e+04 9.798766397307896447e-01
6.075597388172016508e+04 9.979888013322520957e-01
6.075597414178077452e+04 1.011679071250038087e+00
6.075597440184136940e+04 9.385732211527204605e-01
6.075597466190196428e+04 1.021729948146771427e+00
6.075597492196255916e+04 9.554559519076232244e-01
6.075597518202315405e+04 9.769227531767722406e-01
6.075597544208374893e+04 9.940358798540144258e-01
6.075597570214434381e+04 1.016483226692351804e+00
6.075597596220494597e+04 9.553991956470689884e-01
6.075597622226554813e+04 9.336003927544845871e-01
6.075597648232614301e+04 9.629236239993809177e-01
6.075597674238673790e+04 1.017833294114832476e+00
6.075597700244734006e+04 9.763028347787728878e-01
6.075597726250793494e+04 9.958623973470852597e-01
6.075597752256853710e+04 9.924751239408745596e-01
6.075597778262913198e+04 1.011355249807100565e+00
6.075597804268972686e+04 9.862921425749083815e-01
6.075597830275032175e+04 1.019130592264315460e+00
6.075597856281091663e+04 9.820372658274522104e-01
6.075597882287151151e+04 9.866442715390736362e-01
6.075597908293212095e+04 9.727249324540834241e-01
6.075597934299271583e+04 1.032729395498377611e+00
6.075597960305331071e+04 1.006680599578036128e+00
6.075597986311390559e+04 9.456121199101895636e-01
6.075598012317450775e+04 9.682718261155002226e-01
6.075598038323510264e+04 9.558731994127093179e-01
6.075598064329570479e+04 9.644221042854547177e-01
6.075598090335629968e+04 1.057637195182267842e+00
6.075598116341689456e+04 9.756577400271120304e-01
6.075598142347748944e+04 1.057182774007678461e+00
6.075598168353808433e+04 9.856451528781382532e-01
6.075598194359869376e+04 1.009950125876350580e+00
6.075598220365928864e+04 1.029458665924614325e+00
6.075598246371988353e+04 9.995619045204000575e-01
6.075598272378047841e+04 9.798606374915468376e-01
6.075598298384108057e+04 1.024353461630916673e+00
6.075598324390167545e+04 9.844781199084633450e-01
6.075598350396227761e+04 9.463168906721697304e-01
6.075598376402287249e+04 9.558461928237894645e-01
6.075598402408346738e+04 9.860129673681228279e-01
6.075598428414406226e+04 9.951385914355783679e-01
6.075598454420465714e+04 9.714902253583984626e-01
6.075598480426526658e+04 9.646127503404309245e-01
6.075598506432586146e+04 1.030536386855787079e+00
6.075598532438645634e+04 1.005023248147848935e+00
6.075598558444705122e+04 9.814590691837770109e-01
6.075598584450765338e+04 1.015700397667274713e+00
6.075598610456825554e+04 1.040679585451295575e+00
6.075598636462885042e+04 9.502263237755738112e-01
6.075598662468944531e+04 1.018579028448640234e+00
6.075598688475004019e+04 9.567716004526695128e-01
6.075598714481063507e+04 9.947534849390504696e-01
6.075598740487123723e+04 9.934134781482556464e-01
6.075598766493183211e+04 9.774458105281199627e-01
6.075598792499243427e+04 1.032129446541681261e+00
6.075598818505302916e+04 9.887510866732652781e-01
6.075598844511362404e+04 1.005651074459835037e+00
6.075598870517423347e+04 9.965222159082465225e-01
6.075598896523482836e+04 1.022300356205398941e+00
6.075598922529542324e+04 9.673672330290358223e-01
6.075598948535601812e+04 1.009389282314848479e+00
6.075598974541661300e+04 9.786821557141629491e-01
6.075599000547721516e+04 1.005463723163398937e+00
6.075599026553781005e+04 9.915685072209758921e-01
6.075599052559840493e+04 9.843553039082973966e-01
6.075599078565900709e+04 9.544439494249205014e-01
6.075599104571960197e+04 1.003443046835899022e+00
6.075599130578020413e+04 9.780537248312743959e-01
6.075599156584080629e+04 1.023432925070342447e+00
6.075599182590140117e+04 9.853652103217542813e-01
6.075599208596199605e+04 9.668770396251756827e-01
6.075599234602259094e+04 9.752540863322807230e-01
6.075599260608319310e+04 1.012107393350916817e+00
6.075599286614378798e+04 1.057053317892974409e+00
6.075599312620438286e+04 1.017878386521196443e+00
6.075599338626497774e+04 1.010910494367987633e+00
6.075599364632558718e+04 9.923380158113764837e-01
6.075599390638618206e+04 9.812496469263296550e-01
6.075599416644677694e+04 9.537966915480908803e-01
6.075599442650737910e+04 1.015133947035563811e+00
6.075599468656797399e+04 9.828076624769875869e-01
6.075599494662857614e+04 1.010937138270878499e+00
6.075599520668917103e+04 9.802933094875798670e-01
6.075599546674976591e+04 1.031615034495116490e+00
6.075599572681036079e+04 1.002361289557392787e+00
6.075599598687096295e+04 1.010389993541562115e+00
6.075599624693155783e+04 9.923036988267552871e-01
6.075599650699215999e+04 1.017339686823524714e+00
6.075599676705275488e+04 1.047805679540353863e+00
6.075599702711334976e+04 1.036733948404739536e+00
6.075599728717395192e+04 1.007028343995648667e+00
6.075599754723455408e+04 1.007959781476075456e+00
6.075599780729514896e+04 1.016290287418914584e+00
6.075599806735574384e+04 9.532920669968388827e-01
6.075599832741634600e+04 9.785415364148037920e-01
6.075599858747694088e+04 9.693120800896701805e-01
6.075599884753753577e+04 1.026352817655695304e+00
6.075599910759813065e+04 1.011366996098489679e+00
6.075599936765874008e+04 9.739311108215821244e-01
6.075600091310295102e+04 9.777325784641157647e-01
6.075600117316365504e+04 1.025003093382742092e+00
6.075600143322435179e+04 1.021069117315170915e+00
6.075600169328505581e+04 1.102612218948715972e+00
6.075600195334576711e+04 1.025932819260520379e+00
6.075600221340647113e+04 1.007237599700335995e+00
6.075600247346717515e+04 1.001007922484594248e+00
6.075600273352787190e+04 1.051246411936864744e+00
6.075600299358858319e+04 9.730542181932171353e-01
6.075600325364928722e+04 9.951504226274526799e-01
6.075600351370998396e+04 9.960932054905466959e-01
6.075600377377069526e+04 9.745807518766769206e-01
6.075600403383139928e+04 1.015288113027302597e+00
6.075600429389210331e+04 1.048006035760914223e+00
6.075600455395280733e+04 1.019813664255723840e+00
6.075600481401350407e+04 9.923287613245855843e-01
6.075600507407421537e+04 9.925736307301729067e-01
6.075600533413491939e+04 1.034214688057858655e+00
6.075600559419562342e+04 9.707165724033427479e-01
6.075600585425632744e+04 9.692294063654336433e-01
6.075600611431703146e+04 9.816977664911076262e-01
6.075600637437773548e+04 1.003551514434001035e+00
6.075600663443843951e+04 1.089047259845388638e+00
6.075600689449914353e+04 9.905831717713013962e-01
6.075600715455985483e+04 9.818096817344350580e-01
6.075600741462055157e+04 9.830915480336336332e-01
6.075600767468125559e+04 9.680209550045562050e-01
6.075600793474195962e+04 1.000940258614061884e+00
6.075600819480266364e+04 1.021575994833854972e+00
6.075600845486336766e+04 1.024744658041684575e+00
6.075600871492407168e+04 1.063159912687814401e+00
6.075600897498478298e+04 9.785491500672285348e-01
6.075600923504548700e+04 9.785175555889797927e-01
6.075600949510618375e+04 9.727400258292753232e-01
6.075600975516688777e+04 9.661306291321215545e-01
6.075601001522759907e+04 1.027638884033185152e+00
6.075601027528830309e+04 1.010687750127728490e+00
6.075601053534900711e+04 9.523837523368818836e-01
6.075601079540970386e+04 1.064956075665489443e+00
6.075601105547041516e+04 1.001693840293925719e+00
6.075601131553111918e+04 1.055831166054844727e+00
6.075601157559181593e+04 9.973571530025856502e-01
6.075601183565252722e+04 1.032198444505360690e+00
6.075601209571323125e+04 9.630542299511568594e-01
6.075601235577393527e+04 1.019676325888337454e+00
6.075601261583463929e+04 1.015145418386078635e+00
6.075601287589534331e+04 1.016852303807093794e+00
6.075601313595604734e+04 9.700783218418814746e-01
6.075601339601675136e+04 1.072025236379177793e+00
6.075601365607746266e+04 1.050289387028484844e+00
6.075601391613816668e+04 9.702899213977252968e-01
6.075601417619886342e+04 9.378252828020275933e-01
6.075601443625956745e+04 9.582803790414943235e-01
6.075601469632027874e+04 9.734076208655680906e-01
6.075601495638097549e+04 1.014491037041488575e+00
6.075601521644168679e+04 1.009684255910704209e+00
6.075601547650239081e+04 9.925240568897825133e-01
6.075601573656309483e+04 1.033912707297308886e+00
6.075601599662379886e+04 9.773796986116236596e-01
6.075601625668450288e+04 1.010133942836357157e+00
6.075601651674520690e+04 9.734636613462563925e-01
6.075601677680591092e+04 1.028944737359353212e+00
6.075601703686661494e+04 9.878034346664835708e-01
6.075601729692732624e+04 1.010659109805677858e+00
6.075601755698802299e+04 9.955659757201871241e-01
6.075601781704872701e+04 9.863472159947900275e-01
6.075601807710943831e+04 9.929369668987262365e-01
6.075601833717014233e+04 1.102938072636194811e+00
6.075601859723084635e+04 1.017281528360025389e+00
6.075601885729155038e+04 9.866651136939311728e-01
6.075601911735225440e+04 1.015869472644333360e+00
6.075601937741295842e+04 9.944747763644075089e-01
6.075601963747365517e+04 1.012273566570589090e+00
6.075601989753436646e+04 9.962173054945236972e-01
6.075602015759507049e+04 1.073167201759672285e+00
6.075602041765577451e+04 9.713047942715481442e-01
6.075602067771648581e+04 1.032687442957833213e+00
6.075602093777718255e+04 1.040154052517046290e+00
6.075602119783788658e+04 1.043271967718398141e+00
6.075602145789859787e+04 1.007290317865988882e+00
6.075602171795930190e+04 9.798413812345625473e-01
6.075602197802000592e+04 1.058276059003540936e+00
6.075602223808070994e+04 9.544642914338273831e-01
6.075602249814141396e+04 9.780571311658368128e-01
6.075602275820211798e+04 1.031140100450904651e+00
6.075602301826282201e+04 1.015398467286686035e+00
6.075602327832352603e+04 1.008943201958270031e+00
6.075602353838423005e+04 9.795711095900531129e-01
6.075602379844494135e+04 1.034184902365469672e+00
6.075602405850564537e+04 9.934842282392346569e-01
6.075602431856634212e+04 1.014508179688180967e+00
6.075602457862704614e+04 1.002348547501066056e+00
6.075602483868775744e+04 1.007604540011843408e+00
6.075602509874846146e+04 1.012809850138491896e+00
6.075602535880916548e+04 9.884207573743041264e-01
6.075602561886986950e+04 9.953838003565353976e-01
6.075602587893057353e+04 1.025260405916779360e+00
6.075602613899127755e+04 1.015349302600824233e+00
6.075602639905198885e+04 9.942178355931711176e-01
6.075602665911269287e+04 1.009405059884823208e+00
6.075602691917338962e+04 9.945636841597281785e-01
6.075602717923410091e+04 1.032291479679498414e+00
6.075602743929480494e+04 1.006782079809834141e+00
6.075602769935550168e+04 1.022768552508465323e+00
6.075602795941621298e+04 9.942139739859430225e-01
6.075602821947691700e+04 1.069952569406845910e+00
6.075602847953762102e+04 1.001774125464372167e+00
6.075602873959833232e+04 1.060958997670833792e+00
6.075602899965902907e+04 1.057324288354656083e+00
6.075602925971973309e+04 1.023875135861035401e+00
6.075603093119423283e+04 1.040395401844198542e+00
6.075603119125482772e+04 1.023522142085242725e+00
6.075603145131542988e+04 1.093679723947619697e+00
6.075603171137602476e+04 9.987207612013485614e-01
6.075603197143662692e+04 9.370262362157050218e-01
6.075603223149722908e+04 9.951695345406981197e-01
6.075603249155782396e+04 1.028196222217418798e+00
6.075603275161842612e+04 1.024638883692010172e+00
6.075603301167902100e+04 1.024350621466955102e+00
6.075603327173962316e+04 1.015543274877716007e+00
6.075603353180022532e+04 1.015646372229512817e+00
6.075603379186082020e+04 9.898197251489442294e-01
6.075603405192141508e+04 1.032519118338754760e+00
6.075603431198201724e+04 1.012462452989284278e+00
6.075603457204261213e+04 9.924498934465053601e-01
6.075603483210320701e+04 1.013121609330129402e+00
6.075603509216381644e+04 1.014461643036069560e+00
6.075603535222441133e+04 9.867241361449456960e-01
6.075603561228501349e+04 9.991303188993905238e-01
6.075603587234560837e+04 9.748139785535693269e-01
6.075603613240621053e+04 1.011421303425699358e+00
6.075603639246681269e+04 9.556792823651052426e-01
6.075603665252740757e+04 1.042061587421513336e+00
6.075603691258800245e+04 1.013776748320581955e+00
6.075603717264860461e+04 9.885587057817872836e-01
6.075603743270919949e+04 1.071943362862046722e+00
6.075603769276979438e+04 9.944620287848557894e-01
6.075603795283040381e+04 9.905205738113826985e-01
6.075603821289099869e+04 1.038338586434860433e+00
6.075603847295160085e+04 9.577021944453389946e-01
6.075603873301219573e+04 1.013362052598107965e+00
6.075603899307279789e+04 1.013787019849983428e+00
6.075603925313340005e+04 1.025667084965333764e+00
6.075603951319399494e+04 1.024007454429374020e+00
6.075603977325458982e+04 9.775945412733365592e-01
6.075604003331519198e+04 9.953722677074458014e-01
6.075604029337578686e+04 9.910543133980779240e-01
6.075604055343638902e+04 1.005507437122171943e+00
6.075604081349698390e+04 1.020084992723379713e+00
6.075604107355758606e+04 9.801213627323117628e-01
6.075604133361818822e+04 9.885823338244729142e-01
6.075604159367878310e+04 1.037358872400749199e+00
6.075604185373938526e+04 1.035321075232324306e+00
6.075604211379998742e+04 1.002557541065402624e+00
6.075604237386058230e+04 1.007243779103336401e+00
6.075604263392118446e+04 9.913749958713855559e-01
6.075604289398177934e+04 1.009010096656180355e+00
6.075604315404237423e+04 1.004570151204520645e+00
6.075604341410297639e+04 1.020777933541889171e+00
6.075604367416357127e+04 9.501315440859625649e-01
6.075604393422418070e+04 1.055823031327615125e+00
6.075604419428477559e+04 1.053116106040658861e+00
6.075604445434537047e+04 1.017026152047851184e+00
6.075604471440597990e+04 1.014755439717029084e+00
6.075604497446657479e+04 9.206841574901958314e-01
6.075604523452717694e+04 9.685176111236052376e-01
6.075604549458777183e+04 9.530634866670044669e-01
6.075604575464836671e+04 1.070450769156166659e+00
6.075604601470896887e+04 9.795541175525662725e-01
6.075604627476956375e+04 9.878366576261686793e-01
6.075604653483016591e+04 1.031509105193035403e+00
6.075604679489076807e+04 9.899414467068191614e-01
6.075604705495136295e+04 1.026380374496688397e+00
6.075604731501196511e+04 1.023819645188186467e+00
6.075604757507256727e+04 9.720981458223718619e-01
6.075604783513316943e+04 1.043343068458238765e+00
6.075604809519376431e+04 9.849714172213339669e-01
6.075604835525435919e+04 1.013190780029445293e+00
6.075604861531496135e+04 9.831068176704079731e-01
6.075604887537555624e+04 1.052251208294114670e+00
6.075604913543615839e+04 1.031864064381537771e+00
6.075604939549675328e+04 1.013520884452184578e+00
6.075604965555735544e+04 9.984129670798093104e-01
6.075604991561795759e+04 1.004793568930985037e+00
6.075605017567855248e+04 1.055810730969382494e+00
6.075605043573915464e+04 1.036240329496882939e+00
6.075605069579975680e+04 1.021340904232222124e+00
6.075605095586035168e+04 1.009255747413626558e+00
6.075605121592095384e+04 1.044826705959212010e+00
6.075605147598154872e+04 9.618064820714654628e-01
6.075605173604215088e+04 9.803915766913454677e-01
6.075605199610274576e+04 1.005884318311601966e+00
6.075605225616334792e+04 9.776966461919014417e-01
6.075605251622395008e+04 9.474492703992890563e-01
6.075605277628454496e+04 1.048851477281048661e+00
6.075605303634514712e+04 9.964072072306564554e-01
6.075605329640574200e+04 1.029527711522067124e+00
6.075605355646635144e+04 1.008040565566590940e+00
6.075605381652694632e+04 9.691966944980920928e-01
6.075605407658754848e+04 1.012490590629157694e+00
6.075605433664814336e+04 1.009943722490782347e+00
6.075605459670873825e+04 9.865640607465195888e-01
6.075605485676934040e+04 9.758209436345146592e-01
6.075605511682993529e+04 9.623337777629830114e-01
6.075605537689054472e+04 9.920634467974797088e-01
6.075605563695113960e+04 9.974423058971911837e-01
6.075605589701174176e+04 1.047371333542755689e+00
6.075605615707233665e+04 1.043383155085007452e+00
6.075605641713293880e+04 9.853277053700352228e-01
6.075605667719354096e+04 1.003087431006644659e+00
6.075605693725413585e+04 9.856289785241020285e-01
6.075605719731473800e+04 1.006707765040478764e+00
6.075605745737533289e+04 9.758768793195469193e-01
6.075605771743593505e+04 1.052515028170295075e+00
6.075605797749652993e+04 9.829109068695441875e-01
6.075605823755713209e+04 1.030394755659959305e+00
6.075605849761773425e+04 1.064243157064234779e+00
6.075605875767832913e+04 1.004563230109002170e+00
6.075605901773893129e+04 1.019789631544238073e+00
6.075605927779953345e+04 9.666567900532286872e-01
6.075606082322710427e+04 1.015647726821997665e+00
6.075606108328780829e+04 9.830918109550766948e-01
6.075606134334851231e+04 9.647427831508527118e-01
6.075606160340922361e+04 1.019288261065921297e+00
6.075606186346992035e+04 1.012653521236094534e+00
6.075606212353063165e+04 1.061948499105713761e+00
6.075606238359133567e+04 1.000342927130641657e+00
6.075606264365204697e+04 9.884494914180905756e-01
6.075606290371275099e+04 9.943914852739054178e-01
6.075606316377345502e+04 1.024093313704527164e+00
6.075606342383415904e+04 1.030193758759567757e+00
6.075606368389486306e+04 1.003859590774435206e+00
6.075606394395557436e+04 9.641563274437739972e-01
6.075606420401627838e+04 1.044454622442187786e+00
6.075606446407698240e+04 9.917753929415195069e-01
6.075606472413768643e+04 9.552581886382038867e-01
6.075606498419839772e+04 1.020627228457826829e+00
6.075606524425910175e+04 1.000492692767720015e+00
6.075606550431981304e+04 1.013703284892507606e+00
6.075606576438050979e+04 9.891264447340668564e-01
6.075606602444122109e+04 1.020529582381386025e+00
6.075606628450192511e+04 9.800392106982690477e-01
6.075606654456262913e+04 1.018013414542446649e+00
6.075606680462333316e+04 9.969567968749590836e-01
6.075606706468404445e+04 9.954690277476979654e-01
6.075606732474474848e+04 1.022351310506839361e+00
6.075606758480545250e+04 1.016202170170968699e+00
6.075606784486615652e+04 9.710709149191737444e-01
6.075606810492686054e+04 1.065375964130087505e+00
6.075606836498757184e+04 9.814754705129764556e-01
6.075606862504827586e+04 1.057882683228915432e+00
6.075606888510898716e+04 1.013246572696588022e+00
6.075606914516968391e+04 1.033542234242658564e+00
6.075606940523039520e+04 1.030026450425874929e+00
6.075606966529109923e+04 1.042752844762740549e+00
6.075606992535180325e+04 1.015890422336393817e+00
6.075607018541250727e+04 1.014385494167199253e+00
6.075607044547321857e+04 1.002610752478069189e+00
6.075607070553392259e+04 9.796803395322833952e-01
6.075607096559463389e+04 1.002462369674940401e+00
6.075607122565533064e+04 9.919687531698839766e-01
6.075607148571604193e+04 1.006050200711717357e+00
6.075607174577674596e+04 1.025144531109201118e+00
6.075607200583745725e+04 1.053893573254137239e+00
6.075607226589816128e+04 9.634305627420683971e-01
6.075607252595886530e+04 1.024752206290310053e+00
6.075607278601956932e+04 1.023907585902176898e+00
6.075607304608028062e+04 1.019168802758647407e+00
6.075607330614097737e+04 9.934415040933114449e-01
6.075607356620169594e+04 9.788850819830341443e-01
6.075607382626239269e+04 9.677563389409511441e-01
6.075607408632310398e+04 9.835895592988058711e-01
6.075607434638380801e+04 9.893626532275504593e-01
6.075607460644451203e+04 1.028029274177295838e+00
6.075607486650521605e+04 9.642833471256394562e-01
6.075607512656592735e+04 9.799803482031571589e-01
6.075607538662663137e+04 9.900329935187029973e-01
6.075607564668734267e+04 1.041138483754437072e+00
6.075607590674803942e+04 1.006793553277539388e+00
6.075607616680875071e+04 9.580417816577565526e-01
6.075607642686945474e+04 1.010961518558267880e+00
6.075607668693016603e+04 9.836752573138289879e-01
6.075607694699087006e+04 1.026287989734580020e+00
6.075607720705157408e+04 1.017023214232558370e+00
6.075607746711227810e+04 1.078416853166808353e+00
6.075607772717298940e+04 1.039737123798799123e+00
6.075607798723368614e+04 9.886499465940723486e-01
6.075607824729439744e+04 1.006732241920438975e+00
6.075607850735510146e+04 1.005651023279851008e+00
6.075607876741581276e+04 1.017979509233968294e+00
6.075607902747651679e+04 1.000571533500075772e+00
6.075607928753722081e+04 9.872648642637515959e-01
6.075607954759792483e+04 9.927792507853467896e-01
6.075607980765863613e+04 9.701445522239224850e-01
6.075608006771934015e+04 1.021907453763183149e+00
6.075608032778005145e+04 9.789989573866003658e-01
6.075608058784074819e+04 1.022588499177223387e+00
6.075608084790145949e+04 9.590174999860333616e-01
6.075608110796216351e+04 9.935270831131627345e-01
6.075608136802286754e+04 1.036168734812373371e+00
6.075608162808357156e+04 1.024617638104688533e+00
6.075608188814428286e+04 9.895975528703674362e-01
6.075608214820498688e+04 9.689814384602042363e-01
6.075608240826569818e+04 1.033784694911900948e+00
6.075608266832639492e+04 9.480767193805141879e-01
6.075608292838710622e+04 1.017665548157988153e+00
6.075608318844781024e+04 1.027911549285348336e+00
6.075608344850852154e+04 9.648584904090341530e-01
6.075608370856922556e+04 9.991742687489201247e-01
6.075608396862992959e+04 1.041880356125451490e+00
6.075608422869064088e+04 9.960621683637822521e-01
6.075608448875134491e+04 1.056702476266985880e+00
6.075608474881204893e+04 1.007953704457459798e+00
6.075608500887276023e+04 9.469638864606205741e-01
6.075608526893346425e+04 1.006652250441140595e+00
6.075608552899416827e+04 1.092232711412920887e+00
6.075608578905487957e+04 9.911523480709655276e-01
6.075608604911557632e+04 1.059627221085645665e+00
6.075608630917628761e+04 9.751093285293171986e-01
6.075608656923699164e+04 1.006066695990243787e+00
6.075608682929770293e+04 9.968824132369931146e-01
6.075608708935840696e+04 1.010420421138541247e+00
6.075608734941911098e+04 9.900785906226025057e-01
6.075608760947981500e+04 9.592484136464287658e-01
6.075608786954052630e+04 1.045022952763218216e+00
6.075608812960123760e+04 1.027060150457686616e+00
6.075608838966194162e+04 1.043394208799500733e+00
6.075608864972264564e+04 9.676218413981706457e-01
6.075608890978334966e+04 1.033613430563563806e+00
6.075608916984406096e+04 9.838976039778306593e-01
6.075609076569380704e+04 9.792344860960486841e-01
6.075609102575441648e+04 9.860667928359585499e-01
6.075609128581501136e+04 1.019623964947946160e+00
6.075609154587561352e+04 1.052685808619653107e+00
6.075609180593621568e+04 1.054742733943836219e+00
6.075609206599681784e+04 1.036458877341063456e+00
6.075609232605741272e+04 9.957047500032423226e-01
6.075609258611801488e+04 9.955380920511569531e-01
6.075609284617860976e+04 9.675261449777573519e-01
6.075609310623921192e+04 9.887216694313687437e-01
6.075609336629981408e+04 1.020103605853993622e+00
6.075609362636040896e+04 1.003709026900598600e+00
6.075609388642101840e+04 1.005588985262156898e+00
6.075609414648161328e+04 1.014030623124317465e+00
6.075609440654221544e+04 1.041925138676642604e+00
6.075609466660281760e+04 9.623913926090938986e-01
6.075609492666341976e+04 9.982658422321770697e-01
6.075609518672402191e+04 1.002168425184744027e+00
6.075609544678461680e+04 1.002496466779269291e+00
6.075609570684521896e+04 1.049114216572037961e+00
6.075609596690581384e+04 1.025492869478339175e+00
6.075609622696641600e+04 1.031034960783137056e+00
6.075609648702701088e+04 1.042737752320349376e+00
6.075609674708762032e+04 9.629064247601610838e-01
6.075609700714822247e+04 1.008247658015963610e+00
6.075609726720881736e+04 9.895841513251646404e-01
6.075609752726942679e+04 9.881058467133274625e-01
6.075609778733002167e+04 9.887686029547725353e-01
6.075609804739062383e+04 9.953270496641277720e-01
6.075609830745121872e+04 9.950411652964559206e-01
6.075609856751182087e+04 1.039919858481294979e+00
6.075609882757242303e+04 9.301669716356422146e-01
6.075609908763301792e+04 9.436852100734057780e-01
6.075609934769362008e+04 1.006873261605369052e+00
6.075609960775422223e+04 1.021747986398887864e+00
6.075609986781482439e+04 1.044748882899320996e+00
6.075610012787541928e+04 9.743091643047113726e-01
6.075610038793602143e+04 1.021822105935410230e+00
6.075610064799663087e+04 1.027561660757539075e+00
6.075610090805722575e+04 1.038145731143241157e+00
6.075610116811782791e+04 9.798692129025362574e-01
6.075610142817842279e+04 1.001289275545476087e+00
6.075610168823902495e+04 1.034538110290196267e+00
6.075610194829962711e+04 9.959065082996650942e-01
6.075610220836022199e+04 1.055228790333110789e+00
6.075610246842083143e+04 9.974281971427780835e-01
6.075610272848142631e+04 1.009585223820795630e+00
6.075610298854202847e+04 1.026294551603809779e+00
6.075610324860263063e+04 9.680294132632184523e-01
6.075610350866323279e+04 1.008307667555630616e+00
6.075610376872383495e+04 1.014850157511052009e+00
6.075610402878442983e+04 1.016312065588689251e+00
6.075610428884503199e+04 1.001392129799903774e+00
6.075610454890563415e+04 9.873403181783712013e-01
6.075610480896622903e+04 1.011032944695187563e+00
6.075610506902683119e+04 9.733671883381443957e-01
6.075610532908743335e+04 9.554748422720504841e-01
6.075610558914803551e+04 1.001957473339916804e+00
6.075610584920863766e+04 1.001235004838344045e+00
6.075610610926923255e+04 9.901869093253248266e-01
6.075610636932984198e+04 9.530810106996587816e-01
6.075610662939043686e+04 9.499797669210292561e-01
6.075610688945103902e+04 1.017595057128307889e+00
6.075610714951164118e+04 9.928510782540327373e-01
6.075610740957223607e+04 9.671388690042412861e-01
6.075610766963283822e+04 9.739275563852581863e-01
6.075610792969343311e+04 1.144206556257517882e+00
6.075610818975403527e+04 9.844533428461831326e-01
6.075610844981464470e+04 1.008697770339373134e+00
6.075610870987523958e+04 1.025513203354876612e+00
6.075610896993584174e+04 9.819993216889841836e-01
6.075610922999644390e+04 1.016937276214813890e+00
6.075610949005704606e+04 9.790894214029750575e-01
6.075610975011764822e+04 9.975469894264957782e-01
6.075611001017824310e+04 9.670286332113308125e-01
6.075611027023884526e+04 1.017328313555156738e+00
6.075611053029944742e+04 9.611147705770044514e-01
6.075611079036004230e+04 1.039290181911244559e+00
6.075611105042064446e+04 1.057516629425199195e+00
6.075611131048124662e+04 1.035062072359840268e+00
6.075611157054184878e+04 1.023947516720234319e+00
6.075611183060245094e+04 9.769927803875614325e-01
6.075611209066305310e+04 9.748500669580899558e-01
6.075611235072365525e+04 9.672559798502573525e-01
6.075611261078425741e+04 1.028508922190300767e+00
6.075611287084485230e+04 9.948341337367421211e-01
6.075611313090545445e+04 1.008418484963594874e+00
6.075611339096604934e+04 9.699996296525494888e-01
6.075611365102665150e+04 1.066753155147712517e+00
6.075611391108725365e+04 9.466928957239557629e-01
6.075611417114785581e+04 1.040901106504150464e+00
6.075611443120845797e+04 1.045484729393974632e+00
6.075611469126906013e+04 1.046865038436914919e+00
6.075611495132966229e+04 9.968870252805061005e-01
6.075611521139026445e+04 9.848495893230396758e-01
6.075611547145085933e+04 1.033975109827485639e+00
6.075611573151146149e+04 1.005825131401330452e+00
6.075611599157206365e+04 9.736424120347729749e-01
6.075611625163265853e+04 9.755411787983526706e-01
6.075611651169326069e+04 1.062024731146148371e+00
6.075611677175386285e+04 1.044836032746878196e+00
6.075611703181446501e+04 9.976993657335845311e-01
6.075611729187506717e+04 9.643666943733065766e-01
6.075611755193566933e+04 9.972092419935405516e-01
6.075611781199626421e+04 9.982769364737039686e-01
6.075611807205687364e+04 9.187933814086919337e-01
6.075611833211747580e+04 9.679414942827968549e-01
6.075611859217807068e+04 9.807073267442020237e-01
6.075611885223867284e+04 9.905181138144406594e-01
6.075611911229926773e+04 9.875487838213021785e-01
6.075612077117233275e+04 1.026503811185165649e+00
6.075612103123303677e+04 1.014080550177231865e+00
6.075612129129374080e+04 9.879762600686547991e-01
6.075612155135445209e+04 9.729019933026873401e-01
6.075612181141516339e+04 1.004990663834579134e+00
6.075612207147586741e+04 9.883405115102452676e-01
6.075612233153657144e+04 1.007698814742373994e+00
6.075612259159728274e+04 9.858514331169098144e-01
6.075612285165798676e+04 1.055121557864568960e+00
6.075612311171869806e+04 9.712737779651370307e-01
6.075612337177940935e+04 1.016623320836778754e+00
6.075612363184010610e+04 9.619805232958971164e-01
6.075612389190081740e+04 1.009373021360599809e+00
6.075612415196152870e+04 1.064973000316957519e+00
6.075612441202222544e+04 9.536383022341285987e-01
6.075612467208293674e+04 9.714198174115489248e-01
6.075612493214364804e+04 9.911189344822053382e-01
6.075612519220435206e+04 9.833723248497348024e-01
6.075612545226506336e+04 9.793972955441109240e-01
6.075612571232576738e+04 1.013691646003465952e+00
6.075612597238647140e+04 9.774976506130038656e-01
6.075612623244718270e+04 1.014979001761380895e+00
6.075612649250789400e+04 9.804233335581605813e-01
6.075612675256859802e+04 1.036316286290089650e+00
6.075612701262930204e+04 1.001162341516073528e+00
6.075612727269001334e+04 1.019111691618616478e+00
6.075612753275071736e+04 1.010448778904169398e+00
6.075612779281142139e+04 9.771774807665217777e-01
6.075612805287213268e+04 1.013192343360727943e+00
6.075612831293283671e+04 1.007168171281245916e+00
6.075612857299354800e+04 1.015038260132783865e+00
6.075612883305425930e+04 1.014517958695013711e+00
6.075612909311495605e+04 9.947584572143973736e-01
6.075612935317566735e+04 9.686465604465859247e-01
6.075612961323637865e+04 9.907318861619439643e-01
6.075612987329708267e+04 9.306152671734229109e-01
6.075613013335779397e+04 9.338663976133059208e-01
6.075613039341849799e+04 9.541469505176299881e-01
6.075613065347920201e+04 9.994329938977840611e-01
6.075613091353991331e+04 9.432523364056437654e-01
6.075613117360061733e+04 1.009884373670741464e+00
6.075613143366133590e+04 1.008638494848602241e+00
6.075613169372203265e+04 9.995577935347383924e-01
6.075613195378274395e+04 1.026542172262354446e+00
6.075613221384345525e+04 1.008003934034966687e+00
6.075613247390415199e+04 9.905391616807154298e-01
6.075613273396486329e+04 9.715910562399909800e-01
6.075613299402557459e+04 9.925545426440900432e-01
6.075613325408627861e+04 9.801479977504220509e-01
6.075613351414698991e+04 1.028319817087804067e+00
6.075613377420769393e+04 1.005961861162200544e+00
6.075613403426840523e+04 9.481661074688461088e-01
6.075613429432910925e+04 9.575148872966157132e-01
6.075613455438982055e+04 1.023440105749442441e+00
6.075613481445053185e+04 9.492159544051577136e-01
6.075613507451122859e+04 1.003456783829002719e+00
6.075613533457193989e+04 1.028647817123182762e+00
6.075613559463265119e+04 9.659190489627637044e-01
6.075613585469334794e+04 1.002661806565520841e+00
6.075613611475405924e+04 9.672725032352352814e-01
6.075613637481477053e+04 1.008222796754603579e+00
6.075613663487548183e+04 9.821829370566814710e-01
6.075613689493618585e+04 1.031712801255181944e+00
6.075613715499688988e+04 1.008462378339043841e+00
6.075613741505760117e+04 1.010648841788410968e+00
6.075613767511830520e+04 1.040092682166072091e+00
6.075613793517901649e+04 9.672565687353422703e-01
6.075613819523972779e+04 1.034132914422284832e+00
6.075613845530043181e+04 9.901875564584234901e-01
6.075613871536113584e+04 9.961175440693570415e-01
6.075613897542184714e+04 9.832507786276831752e-01
6.075613923548255116e+04 1.006197209037218432e+00
6.075613949554325518e+04 9.775613692725942938e-01
6.075613975560396648e+04 1.013865785069555603e+00
6.075614001566467778e+04 1.054385988687309705e+00
6.075614027572538907e+04 9.644594193562020523e-01
6.075614053578608582e+04 9.514623347193834624e-01
6.075614079584679712e+04 1.026900837195377392e+00
6.075614105590750842e+04 1.022098855064293321e+00
6.075614131596821244e+04 1.019158173296295766e+00
6.075614157602892374e+04 9.646971582093970543e-01
6.075614183608962776e+04 9.979666671041699244e-01
6.075614209615033906e+04 9.673969609139875248e-01
6.075614235621104308e+04 9.879555351742855818e-01
6.075614261627174710e+04 9.999720830361685797e-01
6.075614287633246568e+04 1.002245099675835638e+00
6.075614313639316970e+04 9.418267354928234747e-01
6.075614339645387372e+04 9.538704386204917007e-01
6.075614365651458502e+04 9.914399834017030289e-01
6.075614391657528904e+04 9.702804193179495051e-01
6.075614417663600034e+04 9.409508396034664823e-01
6.075614443669670436e+04 1.029362505885673240e+00
6.075614469675741566e+04 9.791622878940346997e-01
6.075614495681812696e+04 1.000953759546763022e+00
6.075614521687882370e+04 9.589406804149873675e-01
6.075614547693953500e+04 9.809787786280440569e-01
6.075614573700024630e+04 9.665523062965689638e-01
6.075614599706095760e+04 9.462089556831241310e-01
6.075614625712166162e+04 9.830466458542402863e-01
6.075614651718236564e+04 9.764055097397106309e-01
6.075614677724307694e+04 1.036741614593129857e+00
6.075614703730378824e+04 1.021608807208430614e+00
6.075614729736448498e+04 1.026884734646595909e+00
6.075614755742519628e+04 9.758931914604759283e-01
6.075614781748590758e+04 1.010350603960572080e+00
6.075614807754661888e+04 9.704057156907053283e-01
6.075614833760732290e+04 9.819665863537488937e-01
6.075614859766802692e+04 1.019569161925283352e+00
6.075614885772873822e+04 9.458982126215607078e-01
6.075614911778944952e+04 9.969824982580945960e-01
