6.075547523418369383e+04 1.013563725951682537e+00
6.075547549424438330e+04 8.493999092910086146e-01
6.075547575430508005e+04 9.608663814409222903e-01
6.075547601436576224e+04 8.961688082175723880e-01
6.075547627442645899e+04 9.992955644275981486e-01
6.075547653448714846e+04 1.009666511417444790e+00
6.075547679454784520e+04 8.583745202535573160e-01
6.075547705460853467e+04 9.536632860244458332e-01
6.075547731466922414e+04 9.564404489596700643e-01
6.075547757472991361e+04 8.657778659356649698e-01
6.075547783479061036e+04 9.874971444141350529e-01
6.075547809485129255e+04 1.018334268098330497e+00
6.075547835491198930e+04 8.987088795115522055e-01
6.075547861497267877e+04 9.798510400935642739e-01
6.075547887503337552e+04 1.008623624063465174e+00
6.075547913509406499e+04 8.125321137905159308e-01
6.075547939515475446e+04 1.106396182764804781e+00
6.075547965521544393e+04 1.110300140982019679e+00
6.075547991527614067e+04 9.425814513956003449e-01
6.075548017533683014e+04 9.330670243058032387e-01
6.075548043539752689e+04 9.978513333111002082e-01
6.075548069545820908e+04 8.654836039063722453e-01
6.075548095551890583e+04 9.204052375211680959e-01
6.075548121557959530e+04 9.226067479196768950e-01
6.075548147564028477e+04 9.818357335604482872e-01
6.075548173570098152e+04 1.003675960792759003e+00
6.075548199576167099e+04 1.032340781282215625e+00
6.075548225582236773e+04 8.851680370783263641e-01
6.075548251588305720e+04 9.921168851038618675e-01
6.075548277594374667e+04 9.850467507188853666e-01
6.075548303600443614e+04 9.319921490901810213e-01
6.075548329606513289e+04 1.013839338505905241e+00
6.075548355612582236e+04 9.895395846707162324e-01
6.075548381618651911e+04 8.646377838026030327e-01
6.075548407624720130e+04 9.377647962725901287e-01
6.075548433630789805e+04 9.996828055137183533e-01
6.075548459636858752e+04 1.033804125843704069e+00
6.075548485642928426e+04 9.029880013971778308e-01
6.075548511648997373e+04 9.580378810188384664e-01
6.075548537655066320e+04 1.042528763119205282e+00
6.075548563661135267e+04 1.010819243456188676e+00
6.075548589667204942e+04 1.101683315286131393e+00
6.075548615673273162e+04 9.341969737865221113e-01
6.075548641679342836e+04 1.050938357475424079e+00
6.075548667685411783e+04 9.801035321327584704e-01
6.075548693691481458e+04 8.849113323157252742e-01
6.075548719697551132e+04 9.691116895434374046e-01
6.075548745703619352e+04 1.086220469182281656e+00
6.075548771709689026e+04 9.291333779215398270e-01
6.075548797715757973e+04 1.007068514754585697e+00
6.075548823721827648e+04 1.007444167188740636e+00
6.075548849727896595e+04 9.732951677220635922e-01
6.075548875733965542e+04 1.021078341550297974e+00
6.075548901740034489e+04 9.753272147295789507e-01
6.075548927746104164e+04 8.781072499399792397e-01
6.075548953752172383e+04 8.654455292128011568e-01
6.075548979758242058e+04 8.884392789442810967e-01
6.075549005764311732e+04 8.795464529357466255e-01
6.075549031770380680e+04 1.020563977974846548e+00
6.075549057776450354e+04 8.894608011887394916e-01
6.075549083782518574e+04 1.040835850353257541e+00
6.075549109788588248e+04 1.022418661612151558e+00
6.075549135794657195e+04 9.099063591173663923e-01
6.075549161800726870e+04 9.883730496832617840e-01
6.075549187806795817e+04 9.596591089744223035e-01
6.075549213812864764e+04 1.116560633866152452e+00
6.075549239818933711e+04 9.485504796306876152e-01
6.075549265825003386e+04 9.058256032098529476e-01
6.075549291831072333e+04 1.103481305235284315e+00
6.075549317837142007e+04 1.081227575576584332e+00
6.075549343843210954e+04 1.000104955073698454e+00
6.075549369849279901e+04 1.021573241443475277e+00
6.075549395855349576e+04 1.055740297287099505e+00
6.075549421861417795e+04 9.060675552500851992e-01
6.075549447867487470e+04 9.009043604985521592e-01
6.075549473873556417e+04 9.613840344274054983e-01
6.075549499879626092e+04 9.231433861917266448e-01
6.075549525885695766e+04 1.019737167721686877e+00
6.075549551891763986e+04 1.070880227696963338e+00
6.075549577897833660e+04 1.045331291725591250e+00
6.075549603903902607e+04 8.568520378256073711e-01
6.075549629909972282e+04 9.197626543112357167e-01
6.075549655916041229e+04 9.875653074977521761e-01
6.075549681922110176e+04 9.379113822144259371e-01
6.075549707928179851e+04 8.883529360503582550e-01
6.075549733934248798e+04 1.054491970335392104e+00
6.075549759940317745e+04 9.572507500115428059e-01
6.075549785946386692e+04 8.356818058789616810e-01
6.075549811952456366e+04 9.800279812913522681e-01
6.075549837958525313e+04 1.033789677809955343e+00
6.075549863964594988e+04 9.351651478249186633e-01
6.075549889970663935e+04 1.023709306182144507e+00
6.075549915976732882e+04 9.125036910001473878e-01
6.075549941982802557e+04 9.721723863972796531e-01
6.075549967988871504e+04 9.169924212552869047e-01
6.075549993994941178e+04 9.274633057395638147e-01
6.075550020001009398e+04 1.058421502222338439e+00
6.075550046007079072e+04 1.072872863458256054e+00
6.075550072013148747e+04 9.093495664334564355e-01
6.075550098019216966e+04 9.994983326925951372e-01
6.075550124025286641e+04 8.879544625701860650e-01
6.075550150031355588e+04 8.448543021104540918e-01
6.075550176037425263e+04 9.324504137188484032e-01
6.075550202043494210e+04 1.050983622006289364e+00
6.075550228049563157e+04 9.929154132935509303e-01
6.075550254055632831e+04 1.002780612542075733e+00
6.075550280061701778e+04 9.857708391807104009e-01
6.075550306067771453e+04 9.221968256057623270e-01
6.075550332073840400e+04 1.039702248799697415e+00
6.075550358079909347e+04 8.518296306139466756e-01
6.075550513883041276e+04 1.017041545816158576e+00
6.075550539889110951e+04 9.231362884987205364e-01
6.075550565895179898e+04 1.020991509415575926e+00
6.075550591901248845e+04 9.761453686160177501e-01
6.075550617907318519e+04 9.205655536733333699e-01
6.075550643913387466e+04 8.548192065414118579e-01
6.075550669919457141e+04 8.676887447767707151e-01
6.075550695925526088e+04 7.713676571715952779e-01
6.075550721931595035e+04 9.683111097600193284e-01
6.075550747937664710e+04 8.560723315283653712e-01
6.075550773943733657e+04 9.592917660603914598e-01
6.075550799949803331e+04 8.881382097321866009e-01
6.075550825955872278e+04 8.922719026262063702e-01
6.075550851961941225e+04 8.420124941918349926e-01
6.075550877968010900e+04 1.092503756627149381e+00
6.075550903974079847e+04 8.542840380221798924e-01
6.075550929980148794e+04 9.700090217485846100e-01
6.075550955986217741e+04 9.514666032857901357e-01
6.075550981992287416e+04 1.080068169223544539e+00
6.075551007998357090e+04 9.475785735353473571e-01
6.075551034004426037e+04 9.995388941766262247e-01
6.075551060010494984e+04 1.020613876797979547e+00
6.075551086016564659e+04 9.767930080213653721e-01
6.075551112022633606e+04 1.007278534011220472e+00
6.075551138028703281e+04 1.017366148776747581e+00
6.075551164034772228e+04 1.021632550413875018e+00
6.075551190040841175e+04 1.039724707992041308e+00
6.075551216046910849e+04 1.008229168839436252e+00
6.075551242052979796e+04 1.015547324274365781e+00
6.075551268059049471e+04 8.694422310597814674e-01
6.075551294065118418e+04 9.348140503410906632e-01
6.075551320071187365e+04 1.046944778686607291e+00
6.075551346077257040e+04 1.052921510346373157e+00
6.075551372083325987e+04 1.024027854681943017e+00
6.075551398089394934e+04 1.144801610719218710e+00
6.075551424095464608e+04 9.578204450720015917e-01
6.075551450101533555e+04 9.127274941626322136e-01
6.075551476107603230e+04 1.046609928622476149e+00
6.075551502113672177e+04 9.188791584926225831e-01
6.075551528119741124e+04 9.931671892514315481e-01
6.075551554125810799e+04 9.308038337676973750e-01
6.075551580131879746e+04 9.830847828821526191e-01
6.075551606137949420e+04 9.960630074968990222e-01
6.075551632144019095e+04 1.057389048917301233e+00
6.075551658150087314e+04 9.924445994320142406e-01
6.075551684156156989e+04 1.080521034758398002e+00
6.075551710162226664e+04 9.664297549955609412e-01
6.075551736168294883e+04 9.053444348810737452e-01
6.075551762174364558e+04 9.700684824242002957e-01
6.075551788180433505e+04 8.629069910860900361e-01
6.075551814186503179e+04 9.539928993476658459e-01
6.075551840192572854e+04 9.626090664875062153e-01
6.075551866198641073e+04 1.017911502248354694e+00
6.075551892204710748e+04 1.017404365330976779e+00
6.075551918210780423e+04 9.084582741201931988e-01
6.075551944216849370e+04 1.007078921162026131e+00
6.075551970222919044e+04 9.470693752662809883e-01
6.075551996228987991e+04 9.500077822069340483e-01
6.075552022235056938e+04 9.308716993784625915e-01
6.075552048241126613e+04 9.346356003332095819e-01
6.075552074247194832e+04 9.743211198447582211e-01
6.075552100253265235e+04 9.457074954810220646e-01
6.075552126259334182e+04 9.256794637325441721e-01
6.075552152265403129e+04 8.712945617630956097e-01
6.075552178271472803e+04 8.609849267304865439e-01
6.075552204277541750e+04 9.796750135586282937e-01
6.075552230283610697e+04 9.554189326564134221e-01
6.075552256289680372e+04 9.534534090010416962e-01
6.075552282295750047e+04 9.721838028733220671e-01
6.075552308301818994e+04 9.843371532668955259e-01
6.075552334307887941e+04 9.134697658460042557e-01
6.075552360313957615e+04 9.888584212419951891e-01
6.075552386320026562e+04 8.704714922415780487e-01
6.075552412326096237e+04 8.494843804114078356e-01
6.075552438332165912e+04 9.432640223262332979e-01
6.075552464338234131e+04 7.830642227728202842e-01
6.075552490344303806e+04 1.002780984763480321e+00
6.075552516350373480e+04 9.428678321565863163e-01
6.075552542356441700e+04 9.372538645999127782e-01
6.075552568362511374e+04 1.016775322906859236e+00
6.075552594368581049e+04 8.331440824667597500e-01
6.075552620374649996e+04 9.104804817872410583e-01
6.075552646380719671e+04 8.856938319645975000e-01
6.075552672386788618e+04 1.019409630753353335e+00
6.075552698392857565e+04 9.321456328527479851e-01
6.075552724398927239e+04 1.104544926563322038e+00
6.075552750404996914e+04 8.377155215424048063e-01
6.075552776411065861e+04 1.003000959938195269e+00
6.075552802417134808e+04 9.628859682448271951e-01
6.075552828423204483e+04 1.015802412100329510e+00
6.075552854429273430e+04 8.011495435802725718e-01
6.075552880435342377e+04 9.289214965989921469e-01
6.075552906441412051e+04 9.779591413124740784e-01
6.075552932447480998e+04 1.014710802824210001e+00
6.075552958453550673e+04 9.398249535033820212e-01
6.075552984459620347e+04 9.815204157748413927e-01
6.075553010465688567e+04 9.680830976123749876e-01
6.075553036471758242e+04 9.846947653030042602e-01
6.075553062477827916e+04 9.242166442817579819e-01
6.075553088483896863e+04 1.021686766047543715e+00
6.075553114489966538e+04 9.583171259926700492e-01
6.075553140496035485e+04 9.009434766683089846e-01
6.075553166502104432e+04 9.112180175447477382e-01
6.075553192508174106e+04 9.127133285117405848e-01
6.075553218514243054e+04 9.334685717409038075e-01
6.075553244520312728e+04 9.304105737329682047e-01
6.075553270526381675e+04 1.078955570751876980e+00
6.075553296532451350e+04 8.757897823601997755e-01
6.075553322538520297e+04 9.006785804634426240e-01
6.075553348544589244e+04 9.307913460714414278e-01
6.075553503087646095e+04 9.327868009554757256e-01
6.075553529093715770e+04 9.841918057324385849e-01
6.075553555099784717e+04 9.168088632896791434e-01
6.075553581105853664e+04 9.209197226383631918e-01
6.075553607111923338e+04 1.081738405259243807e+00
6.075553633117992285e+04 9.444906419730010327e-01
6.075553659124061960e+04 1.001434436691637231e+00
6.075553685130131635e+04 9.139791232999361359e-01
6.075553711136199854e+04 9.374278531697777250e-01
6.075553737142269529e+04 9.932074420075133192e-01
6.075553763148339203e+04 9.737211843719127957e-01
6.075553789154408878e+04 9.361569183111411174e-01
6.075553815160477825e+04 8.858800007473295324e-01
6.075553841166546772e+04 9.055112099544462279e-01
6.075553867172616447e+04 8.767520742306154080e-01
6.075553893178685394e+04 9.764402444387657587e-01
6.075553919184754341e+04 9.258821610725622708e-01
6.075553945190824015e+04 9.157850839736030313e-01
6.075553971196892962e+04 9.144575646971161431e-01
6.075553997202962637e+04 1.126777228038360557e+00
6.075554023209032312e+04 9.326023190703216503e-01
6.075554049215101259e+04 9.851993521549681221e-01
6.075554075221170206e+04 1.059339292167002844e+00
6.075554101227239880e+04 9.491864697476123380e-01
6.075554127233309555e+04 9.741949145795134601e-01
6.075554153239378502e+04 9.517295808546522018e-01
6.075554179245447449e+04 1.091848573840189518e+00
6.075554205251517124e+04 9.452926112371260459e-01
6.075554231257586798e+04 1.098560359349661342e+00
6.075554257263655018e+04 1.096288762363127445e+00
6.075554283269725420e+04 1.060588461179536424e+00
6.075554309275794367e+04 1.000453154590098981e+00
6.075554335281863314e+04 1.078448769610838465e+00
6.075554361287932988e+04 9.481302377123977942e-01
6.075554387294001936e+04 1.052791971617538014e+00
6.075554413300071610e+04 1.071706439150335699e+00
6.075554439306140557e+04 9.105082233731612851e-01
6.075554465312210232e+04 1.107247626518401695e+00
6.075554491318279906e+04 9.492180595855685965e-01
6.075554517324348853e+04 9.622691850984688156e-01
6.075554543330417800e+04 9.874088222900420098e-01
6.075554569336487475e+04 1.014297460691542252e+00
6.075554595342557150e+04 1.091980744750171928e+00
6.075554621348626097e+04 1.024420510064028011e+00
6.075554647354695044e+04 1.026871933402750070e+00
6.075554673360764718e+04 9.852646976822673208e-01
6.075554699366834393e+04 1.001198649506068739e+00
6.075554725372902612e+04 1.018193111716405364e+00
6.075554751378972287e+04 1.050280914262401444e+00
6.075554777385041962e+04 1.021138228162436601e+00
6.075554803391111636e+04 1.064997188188527399e+00
6.075554829397180583e+04 9.278004886845089283e-01
6.075554855403249530e+04 1.071320129137661725e+00
6.075554881409319205e+04 1.033932165732837305e+00
6.075554907415388152e+04 9.245854142396080499e-01
6.075554933421457827e+04 9.944317946507094108e-01
6.075554959427527501e+04 1.002248855824232621e+00
6.075554985433596448e+04 1.066976400303955463e+00
6.075555011439665395e+04 1.069409112254654737e+00
6.075555037445735070e+04 9.695826486155599833e-01
6.075555063451804017e+04 9.426781413595010095e-01
6.075555089457873692e+04 1.038393272141871826e+00
6.075555115463942639e+04 1.042489213843561080e+00
6.075555141470012313e+04 9.947213163355402843e-01
6.075555167476081988e+04 1.044392484379614849e+00
6.075555193482150935e+04 1.010397012556095486e+00
6.075555219488219882e+04 9.863052748787514146e-01
6.075555245494289557e+04 9.719595111466500237e-01
6.075555271500359231e+04 1.036348336203224862e+00
6.075555297506428906e+04 9.934857199280346940e-01
6.075555323512497125e+04 9.963679066789433714e-01
6.075555349518566800e+04 1.051491811490756545e+00
6.075555375524636474e+04 1.113027684171186360e+00
6.075555401530705421e+04 1.091211942427904313e+00
6.075555427536775096e+04 1.055255563436411359e+00
6.075555453542844043e+04 8.821937477237008496e-01
6.075555479548913718e+04 9.896913113879570734e-01
6.075555505554983392e+04 9.904023896474692945e-01
6.075555531561051612e+04 9.312902346570979262e-01
6.075555557567121286e+04 1.012374199313648582e+00
6.075555583573190961e+04 9.398429375163668276e-01
6.075555609579260636e+04 1.039099777120951140e+00
6.075555635585329583e+04 1.170102160293908344e+00
6.075555661591398530e+04 1.098650277191621338e+00
6.075555687597468204e+04 1.128047804076218963e+00
6.075555713603537879e+04 1.010663029768242405e+00
6.075555739609607554e+04 1.119733451679101988e+00
6.075555765615676501e+04 1.013696825394776013e+00
6.075555791621745448e+04 1.142500461960974878e+00
6.075555817627815122e+04 9.348340519886731981e-01
6.075555843633884797e+04 9.815009520464692550e-01
6.075555869639953016e+04 1.023336738248483035e+00
6.075555895646022691e+04 1.009875913782129819e+00
6.075555921652092366e+04 1.098783725950479573e+00
6.075555947658162040e+04 1.107242320918407463e+00
6.075555973664230987e+04 9.554515741363005521e-01
6.075555999670299934e+04 9.918804768889040169e-01
6.075556025676369609e+04 9.982138699083035194e-01
6.075556051682439283e+04 9.448809512696699775e-01
6.075556077688508958e+04 1.046671284162845827e+00
6.075556103694577905e+04 9.756687819014807639e-01
6.075556129700646852e+04 9.967734463635030684e-01
6.075556155706716527e+04 1.066172412334735586e+00
6.075556181712786201e+04 9.367680459927958392e-01
6.075556207718854421e+04 1.049301516736192541e+00
6.075556233724924095e+04 1.004233624899196764e+00
6.075556259730993770e+04 1.007678879171748587e+00
6.075556285737063445e+04 9.817778459005510605e-01
6.075556311743133119e+04 1.055594340662289854e+00
6.075556337749201339e+04 9.674665548108137836e-01
6.075556504896522529e+04 9.494513891410745199e-01
6.075556530902591476e+04 1.060145467052443280e+00
6.075556556908661150e+04 1.023743272257432224e+00
6.075556582914730097e+04 1.022761510279523556e+00
6.075556608920799772e+04 1.018972099498408168e+00
6.075556634926869447e+04 8.693267779194522316e-01
6.075556660932938394e+04 9.495098092946518964e-01
6.075556686939008068e+04 9.291693882642629854e-01
6.075556712945077015e+04 1.044664385065112722e+00
6.075556738951146690e+04 1.100662120138496958e+00
6.075556764957216365e+04 9.761462890456359398e-01
6.075556790963285312e+04 9.922761328395014457e-01
6.075556816969354986e+04 9.732476552032287564e-01
6.075556842975423933e+04 9.291387813379331506e-01
6.075556868981492880e+04 1.016346738930334448e+00
6.075556894987563282e+04 8.602046572287153081e-01
6.075556920993632230e+04 1.020343338793115562e+00
6.075556946999701904e+04 1.015668962964708877e+00
6.075556973005770851e+04 9.579769139070527517e-01
6.075556999011839798e+04 1.080076326999218184e+00
6.075557025017909473e+04 1.097572475740762998e+00
6.075557051023979147e+04 1.061362773511351776e+00
6.075557077030048822e+04 9.896049744427888317e-01
6.075557103036117769e+04 9.629260232312519818e-01
6.075557129042186716e+04 9.675607994002021206e-01
6.075557155048256391e+04 9.954211015930300999e-01
6.075557181054326065e+04 9.764010932174155277e-01
6.075557207060395740e+04 1.082301941649930432e+00
6.075557233066464687e+04 9.924701696202288259e-01
6.075557259072533634e+04 9.912348246481397229e-01
6.075557285078603309e+04 1.035177458974487097e+00
6.075557311084672983e+04 9.000117439364175853e-01
6.075557337090741930e+04 9.737091556505698131e-01
6.075557363096811605e+04 9.811280134326125779e-01
6.075557389102880552e+04 1.002127039145900511e+00
6.075557415108950227e+04 1.094943774733159847e+00
6.075557441115019901e+04 1.046474107071672988e+00
6.075557467121088848e+04 1.059721522590613141e+00
6.075557493127158523e+04 1.015676674763401399e+00
6.075557519133227470e+04 9.965774973005327997e-01
6.075557545139297144e+04 8.690672250866592341e-01
6.075557571145366819e+04 1.049295325143033697e+00
6.075557597151435766e+04 1.116336012323587701e+00
6.075557623157505441e+04 1.057065712977944827e+00
6.075557649163575115e+04 1.035256701165637949e+00
6.075557675169643335e+04 1.005872567871165302e+00
6.075557701175713009e+04 1.110431255817211360e+00
6.075557727181782684e+04 8.650104367015949425e-01
6.075557753187852359e+04 9.519806855378755150e-01
6.075557779193922033e+04 8.912595644103225023e-01
6.075557805199990980e+04 1.044501966897035894e+00
6.075557831206059927e+04 1.143686596020772051e+00
6.075557857212129602e+04 1.038707177845537899e+00
6.075557883218199277e+04 9.788645989033213368e-01
6.075557909224268951e+04 1.044879583055796202e+00
6.075557935230337898e+04 1.009475198476877278e+00
6.075557961236407573e+04 1.008562772994583412e+00
6.075557987242476520e+04 1.033459880609964410e+00
6.075558013248546195e+04 9.989546350132673114e-01
6.075558039254615869e+04 9.632890162066580775e-01
6.075558065260684816e+04 1.017823923308560863e+00
6.075558091266754491e+04 1.003734742633197730e+00
6.075558117272824165e+04 1.078040680232368986e+00
6.075558143278892385e+04 1.009551157946447564e+00
6.075558169284962059e+04 9.756186996237711240e-01
6.075558195291031734e+04 9.930739677153467282e-01
6.075558221297101409e+04 8.922641575336004438e-01
6.075558247303171083e+04 9.218656133884479686e-01
6.075558273309240030e+04 9.841088638670546507e-01
6.075558299315309705e+04 1.040770609034497030e+00
6.075558325321378652e+04 1.122397708836598840e+00
6.075558351327448327e+04 9.741980754939107978e-01
6.075558377333518001e+04 1.100669152950574992e+00
6.075558403339586948e+04 9.679229281992076661e-01
6.075558429345656623e+04 9.998035767128540252e-01
6.075558455351726298e+04 9.749717883728852286e-01
6.075558481357794517e+04 9.270289619820991645e-01
6.075558507363864192e+04 1.018308606733415278e+00
6.075558533369933866e+04 8.724113137712785626e-01
6.075558559376003541e+04 9.515473819822495294e-01
6.075558585382073215e+04 9.775325025459216111e-01
6.075558611388142162e+04 9.468414322958245144e-01
6.075558637394211837e+04 1.065969744102986949e+00
6.075558663400280784e+04 9.169211522758853317e-01
6.075558689406350459e+04 1.052678655100213412e+00
6.075558715412420133e+04 1.064034383874584710e+00
6.075558741418489080e+04 1.081805789325330114e+00
6.075558767424558755e+04 1.028981371397034827e+00
6.075558793430628430e+04 9.500496353618794743e-01
6.075558819436697377e+04 1.053828886233339368e+00
6.075558845442767051e+04 1.047516534702697788e+00
6.075558871448835998e+04 9.599626017283187096e-01
6.075558897454905673e+04 1.017368256552910966e+00
6.075558923460975348e+04 9.417627735862861282e-01
6.075558949467044295e+04 1.004288948062327824e+00
6.075558975473113969e+04 9.667030551994143517e-01
6.075559001479183644e+04 9.441704476990464556e-01
6.075559027485253318e+04 1.004780042552612773e+00
6.075559053491322265e+04 9.168335934539724175e-01
6.075559079497391212e+04 8.842683868624870991e-01
6.075559105503460887e+04 9.527945312250841736e-01
6.075559131509530562e+04 9.402879686106629942e-01
6.075559157515600236e+04 8.932145829725243180e-01
6.075559183521669911e+04 9.693129459032898687e-01
6.075559209527738858e+04 1.042486899727864680e+00
6.075559235533808533e+04 9.848484909505528240e-01
6.075559261539877480e+04 1.004293374986973131e+00
6.075559287545946427e+04 1.113827815568081192e+00
6.075559313552016101e+04 9.928428814628786903e-01
6.075559339558085776e+04 1.056841024674374019e+00
6.075559494101491873e+04 9.508543895564527393e-01
6.075559520107561548e+04 8.632182544290689652e-01
6.075559546113631222e+04 1.002483330795303607e+00
6.075559572119700897e+04 9.251068005061867661e-01
6.075559598125769844e+04 9.670369276648448364e-01
6.075559624131839519e+04 9.149183737816937168e-01
6.075559650137908466e+04 9.935204531631391944e-01
6.075559676143977413e+04 9.749092232934002400e-01
6.075559702150047087e+04 1.066066022606666053e+00
6.075559728156116762e+04 9.764130541314623990e-01
6.075559754162186437e+04 1.048973733557938548e+00
6.075559780168256111e+04 9.987823624910907583e-01
6.075559806174325058e+04 9.731712938344899699e-01
6.075559832180394733e+04 1.082594487193736965e+00
6.075559858186464407e+04 9.885308506846494092e-01
6.075559884192533355e+04 9.480866575351690750e-01
6.075559910198603029e+04 1.007550417714246471e+00
6.075559936204671976e+04 9.363039646029949203e-01
6.075559962210741651e+04 1.022229864811555533e+00
6.075559988216811325e+04 9.441662605617209270e-01
6.075560014222880272e+04 9.647854034241907240e-01
6.075560040228950675e+04 1.011473004257954500e+00
6.075560066235019622e+04 1.010589246770054128e+00
6.075560092241089296e+04 9.801015704538690310e-01
6.075560118247158971e+04 1.026488205620877725e+00
6.075560144253227918e+04 9.891526144311185709e-01
6.075560170259296865e+04 9.739396621100081530e-01
6.075560196265366540e+04 9.954887184639850117e-01
6.075560222271436214e+04 1.017233199409416144e+00
6.075560248277505889e+04 8.642812642466038975e-01
6.075560274283574836e+04 1.053330754300590977e+00
6.075560300289644510e+04 9.720016632080787922e-01
6.075560326295714185e+04 9.687450018091560144e-01
6.075560352301783860e+04 1.012076079089912373e+00
6.075560378307853534e+04 1.089299904346221703e+00
6.075560404313922481e+04 9.675424012051538902e-01
6.075560430319992156e+04 1.089076472889707325e+00
6.075560456326061831e+04 8.997996169497269880e-01
6.075560482332130050e+04 9.812513692543008981e-01
6.075560508338199725e+04 1.018352069758106104e+00
6.075560534344269399e+04 1.006167161924526265e+00
6.075560560350339074e+04 1.008546542554795256e+00
6.075560586356408749e+04 1.032760169031084807e+00
6.075560612362477696e+04 9.924143288204109181e-01
6.075560638368547370e+04 1.028749967065638593e+00
6.075560664374617045e+04 1.074535347301776245e+00
6.075560690380686719e+04 9.959715302651365176e-01
6.075560716386756394e+04 9.808080300447976629e-01
6.075560742392825341e+04 1.026515187648117333e+00
6.075560768398895016e+04 8.816455323968656055e-01
6.075560794404964690e+04 9.567852772382923199e-01
6.075560820411032910e+04 8.718655545010544072e-01
6.075560846417102584e+04 1.052854444810353174e+00
6.075560872423172259e+04 9.576277017491398036e-01
6.075560898429241934e+04 1.016199984798699107e+00
6.075560924435311608e+04 1.019096391169943328e+00
6.075560950441380555e+04 1.089331357123900057e+00
6.075560976447450230e+04 9.353483311823033164e-01
6.075561002453519905e+04 1.018409308191435603e+00
6.075561028459589579e+04 9.171258289907930905e-01
6.075561054465659254e+04 1.041684139835669543e+00
6.075561080471728201e+04 1.008203606326082413e+00
6.075561106477797875e+04 9.703798064122521883e-01
6.075561132483867550e+04 1.007813443421303967e+00
6.075561158489937225e+04 9.717966165059361838e-01
6.075561184496006899e+04 1.119385857760499814e+00
6.075561210502075846e+04 9.667502404535117666e-01
6.075561236508144793e+04 1.016270362688947548e+00
6.075561262514214468e+04 1.092376712616471179e+00
6.075561288520283415e+04 1.078238275828839132e+00
6.075561314526353090e+04 1.014061706653607509e+00
6.075561340532422764e+04 1.003105865634683402e+00
6.075561366538492439e+04 9.713680401064087588e-01
6.075561392544562113e+04 9.740690476017564992e-01
6.075561418550631060e+04 9.972676839363103785e-01
6.075561444556700735e+04 1.045076793042774010e+00
6.075561470562770410e+04 9.521022954642265335e-01
6.075561496568840084e+04 9.807030708260136009e-01
6.075561522574909759e+04 9.772666289582137011e-01
6.075561548580978706e+04 9.882213520291547315e-01
6.075561574587048381e+04 1.034105846516085281e+00
6.075561600593118055e+04 1.062794537094329916e+00
6.075561626599187002e+04 1.005997090545752926e+00
6.075561652605256677e+04 9.390574961017673639e-01
6.075561678611326352e+04 1.055380939003693452e+00
6.075561704617396026e+04 9.839586372163244832e-01
6.075561730623465701e+04 9.224328913870210034e-01
6.075561756629534648e+04 8.641435376678864300e-01
6.075561782635604322e+04 1.042484343415365444e+00
6.075561808641673269e+04 9.540336970749341283e-01
6.075561834647742944e+04 1.041551352362261929e+00
6.075561860653812619e+04 9.954761511933292173e-01
6.075561886659881566e+04 1.074278857479424865e+00
6.075561912665951240e+04 1.009513213209601190e+00
6.075561938672020915e+04 1.101095240435294498e+00
6.075561964678089862e+04 9.732111623190483618e-01
6.075561990684160264e+04 1.131037034267093677e+00
6.075562016690229211e+04 1.040721396380087649e+00
6.075562042696298886e+04 9.458420123970728843e-01
6.075562068702368560e+04 9.327421785423353207e-01
6.075562094708437508e+04 1.063092385783319882e+00
6.075562120714507182e+04 1.107958902762513187e+00
6.075562146720576857e+04 9.145331229173279119e-01
6.075562172726646531e+04 9.506064499446756910e-01
6.075562198732716206e+04 9.550294126040713705e-01
6.075562224738785153e+04 1.030221225698188636e+00
6.075562250744854828e+04 8.989354237905682332e-01
6.075562276750924502e+04 1.022053586139437309e+00
6.075562302756994177e+04 9.783297217203129614e-01
6.075562328763063852e+04 1.031102722631122015e+00
6.075562490904599690e+04 9.150748948548070860e-01
6.075562516909990518e+04 1.027423497481097847e+00
6.075562542915379890e+04 9.898927960104397794e-01
6.075562568920769263e+04 1.108943776460877828e+00
6.075562594926160091e+04 1.038188694400676182e+00
6.075562620931549463e+04 1.069815888630621270e+00
6.075562646936939564e+04 1.028508323367967936e+00
6.075562672942329664e+04 1.002723973006551805e+00
6.075562698947719036e+04 1.007303871575766951e+00
6.075562724953109864e+04 1.122609281388072366e+00
6.075562750958499237e+04 1.051256580840022714e+00
6.075562776963889337e+04 1.002181861481272751e+00
6.075562802969280165e+04 9.845992663215898943e-01
6.075562828974669537e+04 9.593134695616254426e-01
6.075562854980059637e+04 9.631143154931376404e-01
6.075562880985449738e+04 9.498450021303102009e-01
6.075562906990839110e+04 9.720566936747757625e-01
6.075562932996229938e+04 9.627123967460714526e-01
6.075562959001619311e+04 1.044457418257011883e+00
6.075562985007009411e+04 1.059233791394799562e+00
6.075563011012399511e+04 9.930455582885143739e-01
6.075563037017788884e+04 9.505472716530735111e-01
6.075563063023179711e+04 9.976926158252191756e-01
6.075563089028569084e+04 9.379263685013659035e-01
6.075563115033958456e+04 1.006495323559744470e+00
6.075563141039349284e+04 9.201400117528965028e-01
6.075563167044738657e+04 1.021229708159622440e+00
6.075563193050128757e+04 9.166634323490351344e-01
6.075563219055518857e+04 1.031944028040204797e+00
6.075563245060908230e+04 1.051245032578026040e+00
6.075563271066299058e+04 9.884851128788966212e-01
6.075563297071688430e+04 1.112362250712706002e+00
6.075563323077078530e+04 9.221501917580042784e-01
6.075563349082468631e+04 1.013098344243915649e+00
6.075563375087858003e+04 1.019697789128070964e+00
6.075563401093248831e+04 1.081842894803027422e+00
6.075563427098638203e+04 8.946098349057989285e-01
6.075563453104027576e+04 1.020395278089841762e+00
6.075563479109418404e+04 1.047889995666885898e+00
6.075563505114807776e+04 1.060124307682763778e+00
6.075563531120197877e+04 9.484457397342116458e-01
6.075563557125588704e+04 9.482622084799267048e-01
6.075563583130978077e+04 9.619389250498503463e-01
6.075563609136368905e+04 1.044529975240541697e+00
6.075563635141758277e+04 9.619824334524677001e-01
6.075563661147148377e+04 9.256166444470240728e-01
6.075563687152538478e+04 9.555459200852728374e-01
6.075563713157927850e+04 9.270581715722289173e-01
6.075563739163318678e+04 9.198167701037550659e-01
6.075563765168708051e+04 9.955011735982817189e-01
6.075563791174097423e+04 9.506208306095084160e-01
6.075563817179488251e+04 9.880326936410277483e-01
6.075563843184877624e+04 1.012528547583647631e+00
6.075563869190267724e+04 9.871744401102882094e-01
6.075563895195657824e+04 1.053957979456870087e+00
6.075563921201047197e+04 1.005588488150583437e+00
6.075563947206438024e+04 9.399465449665088679e-01
6.075563973211827397e+04 1.026769148880907867e+00
6.075563999217217497e+04 1.007603880220732107e+00
6.075564025222608325e+04 9.992654177570347018e-01
6.075564051227997697e+04 9.555823149880138256e-01
6.075564077233388525e+04 1.032209398970418857e+00
6.075564103238777898e+04 9.846147912784728451e-01
6.075564129244167270e+04 1.012328134804954871e+00
6.075564155249558098e+04 1.018656189444956173e+00
6.075564181254947471e+04 9.573111957975297681e-01
6.075564207260337571e+04 1.052614147012097545e+00
6.075564233265727671e+04 9.321564865813118939e-01
6.075564259271117044e+04 1.094308915542976157e+00
6.075564285276507871e+04 1.079778476609861704e+00
6.075564311281897244e+04 9.743193932481907238e-01
6.075564337287286617e+04 9.677005153364977019e-01
6.075564363292677444e+04 8.711825744927635951e-01
6.075564389298066817e+04 9.607665462951876512e-01
6.075564415303458372e+04 9.936332180471453279e-01
6.075564441308847745e+04 1.094276699282783483e+00
6.075564467314237118e+04 1.044146444424836950e+00
6.075564493319627945e+04 1.003581490455281555e+00
6.075564519325017318e+04 1.080684798630915822e+00
6.075564545330407418e+04 1.013953120659094820e+00
6.075564571335797518e+04 1.009485292761234776e+00
6.075564597341186891e+04 1.017190636562986361e+00
6.075564623346577719e+04 1.027377901160665186e+00
6.075564649351967091e+04 1.115486233533892424e+00
6.075564675357356464e+04 9.992736668965300773e-01
6.075564701362747292e+04 1.018706678628578555e+00
6.075564727368136664e+04 1.012793184560468074e+00
6.075564753373527492e+04 1.034904164741649479e+00
6.075564779378917592e+04 1.029407187122572953e+00
6.075564805384306965e+04 9.250927810368373416e-01
6.075564831389697792e+04 9.247727783072081653e-01
6.075564857395087165e+04 9.981369935677901761e-01
6.075564883400477265e+04 1.055330344600929893e+00
6.075564909405867365e+04 1.018442711907148857e+00
6.075564935411256738e+04 9.586765249234138198e-01
6.075564961416647566e+04 9.407074364507991282e-01
6.075564987422036938e+04 1.016105874440286660e+00
6.075565013427426311e+04 1.055064057562218993e+00
6.075565039432817866e+04 1.013375811452097652e+00
6.075565065438207239e+04 9.795467658366164843e-01
6.075565091443597339e+04 9.798639312570607274e-01
6.075565117448987439e+04 1.029570084675947905e+00
6.075565143454376812e+04 9.839374395195502609e-01
6.075565169459767640e+04 9.809004776591891961e-01
6.075565195465157012e+04 1.007850941947090018e+00
6.075565221470547112e+04 1.115150952116080285e+00
6.075565247475937213e+04 9.963829245495705589e-01
6.075565273481326585e+04 1.034143112089655148e+00
6.075565299486718141e+04 1.023035598374589572e+00
6.075565325492107513e+04 1.040392101208466258e+00
6.075565492676799477e+04 1.050413034405412116e+00
6.075565518682868424e+04 1.005938505290824958e+00
6.075565544688938098e+04 8.936870859494582264e-01
6.075565570695007773e+04 1.086559260311045438e+00
6.075565596701077448e+04 9.098315630358836392e-01
6.075565622707147122e+04 9.897660288761890302e-01
6.075565648713216069e+04 9.924154490116806615e-01
6.075565674719285744e+04 9.438805579509200738e-01
6.075565700725356146e+04 9.968064417686550716e-01
6.075565726731425821e+04 9.859972830917095310e-01
6.075565752737495495e+04 9.437966114052465105e-01
6.075565778743564442e+04 1.036199661926690441e+00
6.075565804749634117e+04 9.185918695258044053e-01
6.075565830755703792e+04 8.992944894845006365e-01
6.075565856761772739e+04 1.084298797402982739e+00
6.075565882767842413e+04 9.972463995221717559e-01
6.075565908773912088e+04 8.605671760727793274e-01
6.075565934779981762e+04 1.033568604278517267e+00
6.075565960786051437e+04 9.631344624345886674e-01
6.075565986792121112e+04 1.047821040993476505e+00
6.075566012798190786e+04 1.021709931988285414e+00
6.075566038804260461e+04 1.102438038435969547e+00
6.075566064810330136e+04 9.187569420897223615e-01
6.075566090816399810e+04 9.363789985457865450e-01
6.075566116822468757e+04 9.422837459778666824e-01
6.075566142828538432e+04 9.480564577569525753e-01
6.075566168834608106e+04 9.966026325154855314e-01
6.075566194840677781e+04 9.989368856308805666e-01
6.075566220846748183e+04 1.061010997948560686e+00
6.075566246852817130e+04 9.825362753576085684e-01
6.075566272858886805e+04 1.081497879923252858e+00
6.075566298864956480e+04 1.126656706815327036e+00
6.075566324871025427e+04 9.419197125518362634e-01
6.075566350877095101e+04 9.910334025135936198e-01
6.075566376883164776e+04 9.372028981852150720e-01
6.075566402889234450e+04 1.079526747723769331e+00
6.075566428895304125e+04 1.032205690633087203e+00
6.075566454901373800e+04 9.212187005667796802e-01
6.075566480907443474e+04 9.737253964117308369e-01
6.075566506913513149e+04 1.090841190606678834e+00
6.075566532919582824e+04 1.070822269497037960e+00
6.075566558925652498e+04 1.055675481503200119e+00
6.075566584931721445e+04 1.068346525879187547e+00
6.075566610937791120e+04 1.029373145842371828e+00
6.075566636943860794e+04 1.081655712239544709e+00
6.075566662949930469e+04 1.066404657857852989e+00
6.075566688956000144e+04 8.842428617726586504e-01
6.075566714962069818e+04 1.050174262901020006e+00
6.075566740968139493e+04 9.174581697697383742e-01
6.075566766974209168e+04 1.027504573871806715e+00
6.075566792980278115e+04 1.027984362634853488e+00
6.075566818986347789e+04 1.110558417080916849e+00
6.075566844992417464e+04 9.543041149438024062e-01
6.075566870998487866e+04 9.832040442271589020e-01
6.075566897004557541e+04 9.437973796926054648e-01
6.075566923010626488e+04 9.104989851228866282e-01
6.075566949016696162e+04 9.619508639092188007e-01
6.075566975022765837e+04 1.010441802923125465e+00
6.075567001028834784e+04 9.473989377995276628e-01
6.075567027034905186e+04 1.030896489210134215e+00
6.075567053040974133e+04 1.146636144337694674e+00
6.075567079047044535e+04 1.035736100957574291e+00
6.075567105053114210e+04 1.169897532207196278e+00
6.075567131059183157e+04 1.034803030786178857e+00
6.075567157065252832e+04 9.324943726143988254e-01
6.075567183071322506e+04 9.348906871522002504e-01
6.075567209077392181e+04 1.009206125397970499e+00
6.075567235083461856e+04 1.060121298263724032e+00
6.075567261089531530e+04 9.347579611724183835e-01
6.075567287095601205e+04 9.882201807874986255e-01
6.075567313101670879e+04 9.621433181450405048e-01
6.075567339107740554e+04 1.027554979712317129e+00
6.075567365113810229e+04 1.154899175106858245e+00
6.075567391119879176e+04 1.023656339815891325e+00
6.075567417125948850e+04 8.748324829469170671e-01
6.075567443132019253e+04 9.847605273107957746e-01
6.075567469138088200e+04 1.085983961326583147e+00
6.075567495144157874e+04 1.007624722406978535e+00
6.075567521150227549e+04 1.196435692360167113e+00
6.075567547156297223e+04 1.115469143443946543e+00
6.075567573162366898e+04 1.031923799626165872e+00
6.075567599168436573e+04 1.009667959256211667e+00
6.075567625174506247e+04 9.769245112720008617e-01
6.075567651180575922e+04 9.601830700087247150e-01
6.075567677186645597e+04 1.054873764952785731e+00
6.075567703192715271e+04 9.599621856982727408e-01
6.075567729198784218e+04 1.049214891792746407e+00
6.075567755204853893e+04 1.023530153868941639e+00
6.075567781210924295e+04 1.031879383772611458e+00
6.075567807216993242e+04 1.050138003853664515e+00
6.075567833223062917e+04 9.873760833168677697e-01
6.075567859229132591e+04 1.015129417497722342e+00
6.075567885235202266e+04 1.102316461149114302e+00
6.075567911241271941e+04 1.061680891549527050e+00
6.075567937247341615e+04 9.071065458153154681e-01
6.075567963253411290e+04 1.135917201133999077e+00
6.075567989259480964e+04 1.019696132137268396e+00
6.075568015265550639e+04 1.036958050369070072e+00
6.075568041271620314e+04 1.112143038441035792e+00
6.075568067277689261e+04 8.902953950336308653e-01
6.075568093283759663e+04 9.782944802823871910e-01
6.075568119289829338e+04 9.838426416358626581e-01
6.075568145295898285e+04 9.461316954858254302e-01
6.075568171301968687e+04 1.084857419111965759e+00
6.075568197308037634e+04 1.019160312627278353e+00
6.075568223314107308e+04 1.060611744239274401e+00
6.075568249320177711e+04 1.038561480641063461e+00
6.075568275326246658e+04 1.144200660222771226e+00
6.075568301332316332e+04 1.121141138816840410e+00
6.075568327338386007e+04 1.005625189377454154e+00
6.075568483179301256e+04 1.036424569434585274e+00
6.075568509184680443e+04 1.072321734353295808e+00
6.075568535190059629e+04 9.990443603706200548e-01
6.075568561195438815e+04 1.046440759263761455e+00
6.075568587200818729e+04 1.064292393830410965e+00
6.075568613206199370e+04 1.019162860525033576e+00
6.075568639211578557e+04 1.088800454359190928e+00
6.075568665216957743e+04 1.097600712853632032e+00
6.075568691222336929e+04 1.064540043370163502e+00
6.075568717227716115e+04 1.096168712715681171e+00
6.075568743233096029e+04 1.066593701317620324e+00
6.075568769238475215e+04 1.008876456600342975e+00
6.075568795243854402e+04 9.699306456586871406e-01
6.075568821249233588e+04 9.891515907561239107e-01
6.075568847254613502e+04 1.003328116048322283e+00
6.075568873259992688e+04 1.022847233961855062e+00
6.075568899265372602e+04 1.096493603079921053e+00
6.075568925270752516e+04 1.020065345335394724e+00
6.075568951276131702e+04 1.068707201021202424e+00
6.075568977281511616e+04 1.030813077532340305e+00
6.075569003286890802e+04 1.112470665135560921e+00
6.075569029292269988e+04 1.058752531100881189e+00
6.075569055297649174e+04 1.000963333474348183e+00
6.075569081303029088e+04 9.164506691721322484e-01
6.075569107308408275e+04 1.031438031283657963e+00
6.075569133313787461e+04 1.015782410800734281e+00
6.075569159319166647e+04 1.063021609302400972e+00
6.075569185324547288e+04 9.149186571310683469e-01
6.075569211329927202e+04 1.014566864983731165e+00
6.075569237335306389e+04 1.087921231506915776e+00
6.075569263340685575e+04 1.042898920586067035e+00
6.075569289346064761e+04 9.094223653950942454e-01
6.075569315351444675e+04 9.719713375552466728e-01
6.075569341356823861e+04 1.095686357784171339e+00
6.075569367362203047e+04 1.009493652826640941e+00
6.075569393367582234e+04 9.690962495297726909e-01
6.075569419372962147e+04 1.015537993138691197e+00
6.075569445378341334e+04 1.058970809557626458e+00
6.075569471383720520e+04 9.934109243157609459e-01
6.075569497389100434e+04 9.725899352597052738e-01
6.075569523394481075e+04 1.015576862445823014e+00
6.075569549399860261e+04 1.050854823561646612e+00
6.075569575405239448e+04 9.441689710988903084e-01
6.075569601410618634e+04 1.012960794614908844e+00
6.075569627415998548e+04 1.023979153729868363e+00
6.075569653421377734e+04 9.201748742924716895e-01
6.075569679426756920e+04 1.132116960255603155e+00
6.075569705432136107e+04 1.041542184457370901e+00
6.075569731437516020e+04 1.041121894854523999e+00
6.075569757442895207e+04 1.006324841426074146e+00
6.075569783448274393e+04 1.018638765535853974e+00
6.075569809453654307e+04 1.058996987888054964e+00
6.075569835459034948e+04 9.609951304536444860e-01
6.075569861464414134e+04 1.058222476058018779e+00
6.075569887469793321e+04 1.081481572608018471e+00
6.075569913475172507e+04 1.039319006852104321e+00
6.075569939480552421e+04 9.979015574060942084e-01
6.075569965485931607e+04 9.980348505184741814e-01
6.075569991491310793e+04 9.855733220108966464e-01
6.075570017496689979e+04 1.034551012323162045e+00
6.075570043502069893e+04 1.084014949371958192e+00
6.075570069507449080e+04 9.592095438334951041e-01
6.075570095512828993e+04 1.029756359749739003e+00
6.075570121518208907e+04 1.085379535227820602e+00
6.075570147523588821e+04 9.651658670524232431e-01
6.075570173528968007e+04 1.052622138545163732e+00
6.075570199534347194e+04 1.031134538982710236e+00
6.075570225539727107e+04 1.013183901651203644e+00
6.075570251545106294e+04 1.035363281852983652e+00
6.075570277550485480e+04 1.028782419342610943e+00
6.075570303555864666e+04 1.085702750024960750e+00
6.075570329561244580e+04 1.057673385530170762e+00
6.075570355566623766e+04 1.061051968809432422e+00
6.075570381572002952e+04 9.550822065003201633e-01
6.075570407577382866e+04 1.013824501897037988e+00
6.075570433582763508e+04 1.012997717981893642e+00
6.075570459588142694e+04 1.106223990648826927e+00
6.075570485593521880e+04 1.047602885013618312e+00
6.075570511598901066e+04 9.127209000076738077e-01
6.075570537604280980e+04 1.015581835417537215e+00
6.075570563609660167e+04 1.023125509418879808e+00
6.075570589615039353e+04 1.119289876886015556e+00
6.075570615620419267e+04 1.090451238650043564e+00
6.075570641625798453e+04 9.965650151581507687e-01
6.075570667631177639e+04 9.619693476105714014e-01
6.075570693636557553e+04 1.021112368183115571e+00
6.075570719641938194e+04 1.115449140237048331e+00
6.075570745647317381e+04 1.050566363844824602e+00
6.075570771652696567e+04 9.315899461200102261e-01
6.075570797658076481e+04 1.026237517119929832e+00
6.075570823663455667e+04 1.051767381939967327e+00
6.075570849668834853e+04 1.041778805018692022e+00
6.075570875674214039e+04 1.049623929865403094e+00
6.075570901679593953e+04 1.019300012239033437e+00
6.075570927684973140e+04 1.129629029203434332e+00
6.075570953690352326e+04 1.039413952367021832e+00
6.075570979695732240e+04 1.041713101989097723e+00
6.075571005701112153e+04 1.049761504140434676e+00
6.075571031706492067e+04 1.076711458353228457e+00
6.075571057711871254e+04 1.080177645842463452e+00
6.075571083717251167e+04 9.506763006344289835e-01
6.075571109722630354e+04 1.068791197015113603e+00
6.075571135728009540e+04 8.949665872735084182e-01
6.075571161733389454e+04 1.024640959143856556e+00
6.075571187738768640e+04 9.810457884161973841e-01
6.075571213744147826e+04 1.012068086637518238e+00
6.075571239749527740e+04 9.053869064277370038e-01
6.075571265754906926e+04 9.704068885420140678e-01
6.075571291760286840e+04 1.152730111501219845e+00
6.075571317765666754e+04 9.689650353530663285e-01
6.075571474868715450e+04 9.874077301989554467e-01
6.075571500874785124e+04 1.058618468117993761e+00
6.075571526880854799e+04 9.860520277158800750e-01
6.075571552886924474e+04 1.075389188259865403e+00
6.075571578892994148e+04 1.082275930900450600e+00
6.075571604899063823e+04 9.810779934249733714e-01
6.075571630905133497e+04 1.058787894042040989e+00
6.075571656911203172e+04 1.054424941527062121e+00
6.075571682917273574e+04 9.880158769220128701e-01
6.075571708923342521e+04 9.301709603776553426e-01
6.075571734929412196e+04 9.189184662127506398e-01
6.075571760935482598e+04 1.026228776259494380e+00
6.075571786941552273e+04 9.692607540467736982e-01
6.075571812947621947e+04 1.057538675363068448e+00
6.075571838953690894e+04 9.573485957663967483e-01
6.075571864959761297e+04 9.347893319805020695e-01
6.075571890965830971e+04 9.882342118995924851e-01
6.075571916971899918e+04 9.079217611597982796e-01
6.075571942977970320e+04 1.031448058505794130e+00
6.075571968984039995e+04 1.002756278904162190e+00
6.075571994990109670e+04 1.013917813811537005e+00
6.075572020996180072e+04 1.146078840077433991e+00
6.075572047002249019e+04 9.813467055541975625e-01
6.075572073008318694e+04 1.176130975409469759e+00
6.075572099014388368e+04 1.043924025279744372e+00
6.075572125020458770e+04 9.919651925167345397e-01
6.075572151026528445e+04 9.288996826729675194e-01
6.075572177032597392e+04 9.430383843733616267e-01
6.075572203038667794e+04 9.807504118376103586e-01
6.075572229044737469e+04 9.489064854193187681e-01
6.075572255050806416e+04 1.088867405291796153e+00
6.075572281056877546e+04 1.014011133931973951e+00
6.075572307062946493e+04 1.058918662343002470e+00
6.075572333069016167e+04 1.110476717778606570e+00
6.075572359075086570e+04 1.068205745040283983e+00
6.075572385081155517e+04 1.034664123830542737e+00
6.075572411087225191e+04 9.471835819957203917e-01
6.075572437093294866e+04 1.122622799573225638e+00
6.075572463099365268e+04 1.091980226104446450e+00
6.075572489105434943e+04 1.079108896702266840e+00
6.075572515111503890e+04 1.089196639013255918e+00
6.075572541117574292e+04 1.065074334824088975e+00
6.075572567123643967e+04 1.132257723002777272e+00
6.075572593129713641e+04 1.077574539617373484e+00
6.075572619135784043e+04 1.016059917565671489e+00
6.075572645141852990e+04 1.006448944059854300e+00
6.075572671147922665e+04 1.090376068657488151e+00
6.075572697153993067e+04 1.047523992776669965e+00
6.075572723160062014e+04 1.065529564635945947e+00
6.075572749166131689e+04 1.094188757136033585e+00
6.075572775172202091e+04 1.139183386155455668e+00
6.075572801178271766e+04 1.053200926763136813e+00
6.075572827184341440e+04 9.441294356973087831e-01
6.075572853190411115e+04 1.057784558073725290e+00
6.075572879196480790e+04 9.745832634938244032e-01
6.075572905202550464e+04 1.091104930164460862e+00
6.075572931208620867e+04 9.469181486117405067e-01
6.075572957214690541e+04 1.050053499145235048e+00
6.075572983220759488e+04 1.011215942789896571e+00
6.075573009226829890e+04 1.044745939738789930e+00
6.075573035232899565e+04 1.079459492614100125e+00
6.075573061238968512e+04 1.060537999992956282e+00
6.075573087245038914e+04 1.073020677492432240e+00
6.075573113251108589e+04 1.102012843561044342e+00
6.075573139257178264e+04 1.069229735970789186e+00
6.075573165263248666e+04 1.024989464951260532e+00
6.075573191269317613e+04 9.706548497636242612e-01
6.075573217275387287e+04 1.020511383261187177e+00
6.075573243281457690e+04 1.120359511769317473e+00
6.075573269287527364e+04 9.831984994305009717e-01
6.075573295293597039e+04 1.097276992922596062e+00
6.075573321299666713e+04 1.079783778563865093e+00
6.075573347305736388e+04 1.062225994649373284e+00
6.075573373311806063e+04 1.027070138619668116e+00
6.075573399317875737e+04 1.160482497389988099e+00
6.075573425323946140e+04 1.051211878244748599e+00
6.075573451330015087e+04 9.944884961548259295e-01
6.075573477336085489e+04 1.037411186899563242e+00
6.075573503342155163e+04 9.844136695794118985e-01
6.075573529348224110e+04 9.467835221433666959e-01
6.075573555354294513e+04 9.418962533031384199e-01
6.075573581360364187e+04 9.778765323831958289e-01
6.075573607366434589e+04 1.160388453506748796e+00
6.075573633372504264e+04 1.038208475035412359e+00
6.075573659378573211e+04 1.000088298880046134e+00
6.075573685384643613e+04 1.036435995807280186e+00
6.075573711390713288e+04 9.543525201800429070e-01
6.075573737396782963e+04 9.828177498556642799e-01
6.075573763402853365e+04 9.243410278628059196e-01
6.075573789408922312e+04 1.037718251077995868e+00
6.075573815414991986e+04 9.569515824682061078e-01
6.075573841421062389e+04 1.103713964662153879e+00
6.075573867427131336e+04 1.047027834822074066e+00
6.075573893433201010e+04 1.010353241140375724e+00
6.075573919439271413e+04 9.658159555954020092e-01
6.075573945445341087e+04 1.058985659837856863e+00
6.075573971451411489e+04 9.770059282520208166e-01
6.075573997457480436e+04 9.779361438116439542e-01
6.075574023463550111e+04 1.068018399778497995e+00
6.075574049469620513e+04 1.016977879451634648e+00
6.075574075475690188e+04 1.055865856667569380e+00
6.075574101481759863e+04 1.099448796988419907e+00
6.075574127487829537e+04 1.065720988342412801e+00
6.075574153493899212e+04 1.066523611330477017e+00
6.075574179499969614e+04 9.865543188785437234e-01
6.075574205506038561e+04 1.091583227496331077e+00
6.075574231512108236e+04 9.294190644679013458e-01
6.075574257518178638e+04 9.927843417516211133e-01
6.075574283524248312e+04 1.101096814237509491e+00
6.075574309530317987e+04 9.574725593444058935e-01
6.075574483016229351e+04 8.864674064827056110e-01
6.075574509021608537e+04 1.018184001884093748e+00
6.075574535026989179e+04 8.716079086538369713e-01
6.075574561032369093e+04 8.967847869979176378e-01
6.075574587037748279e+04 1.040116477379536830e+00
6.075574613043128193e+04 1.040546712726644341e+00
6.075574639048507379e+04 1.020204366556275000e+00
6.075574665053887293e+04 1.065349615018273521e+00
6.075574691059266479e+04 1.057380695364318113e+00
6.075574717064645665e+04 9.004547028485171412e-01
6.075574743070025579e+04 1.032230007630285940e+00
6.075574769075404765e+04 1.023895463885378998e+00
6.075574795080784679e+04 1.073989335009965185e+00
6.075574821086163865e+04 1.097777703215396361e+00
6.075574847091544507e+04 9.993172969945548489e-01
6.075574873096924421e+04 1.128959299535403193e+00
6.075574899102303607e+04 1.017372174492475523e+00
6.075574925107683521e+04 1.018472948854057369e+00
6.075574951113062707e+04 1.086073424161496215e+00
6.075574977118442621e+04 1.045477542554206662e+00
6.075575003123821807e+04 9.758431592694822854e-01
6.075575029129201721e+04 1.041321201127798801e+00
6.075575055134580907e+04 1.051513717169469286e+00
6.075575081139960093e+04 1.082999989976770827e+00
6.075575107145340007e+04 1.016792184998954074e+00
6.075575133150719921e+04 1.099270065807937957e+00
6.075575159156100563e+04 1.038870045903931061e+00
6.075575185161479749e+04 1.006101874351138292e+00
6.075575211166859663e+04 1.064150459733189447e+00
6.075575237172238849e+04 9.736701246149191968e-01
6.075575263177618035e+04 1.090985015444164929e+00
6.075575289182997949e+04 1.082185212919795969e+00
6.075575315188377135e+04 1.055663340758874913e+00
6.075575341193757049e+04 1.115698015650400832e+00
6.075575367199136235e+04 1.021019401045627273e+00
6.075575393204516149e+04 1.168424572520298410e+00
6.075575419209895335e+04 1.040613916419420359e+00
6.075575445215275249e+04 1.082063903920114312e+00
6.075575471220655891e+04 9.748183886127940179e-01
6.075575497226035077e+04 1.082816545411837250e+00
6.075575523231414991e+04 1.109239431582680124e+00
6.075575549236794177e+04 1.129160966970395474e+00
6.075575575242174091e+04 9.855207535733510049e-01
6.075575601247553277e+04 1.023827222456990649e+00
6.075575627252933191e+04 1.046022965874273236e+00
6.075575653258312377e+04 1.020083606257229381e+00
6.075575679263691563e+04 1.000683148570412850e+00
6.075575705269071477e+04 1.107239900291776991e+00
6.075575731274451391e+04 1.052857783668434966e+00
6.075575757279832033e+04 1.052219082490748248e+00
6.075575783285211219e+04 1.035645437115684464e+00
6.075575809290591133e+04 9.329146405411385956e-01
6.075575835295970319e+04 1.029439583817783443e+00
6.075575861301350233e+04 1.109331582466582145e+00
6.075575887306729419e+04 1.056685041740996533e+00
6.075575913312109333e+04 1.136924768011290832e+00
6.075575939317488519e+04 9.021646268156866544e-01
6.075575965322867705e+04 1.106644153794131169e+00
6.075575991328247619e+04 1.006952130032777726e+00
6.075576017333626805e+04 1.024968961546925739e+00
6.075576043339007447e+04 1.117052546897575827e+00
6.075576069344387361e+04 1.067983352456518986e+00
6.075576095349767274e+04 1.032549698468645971e+00
6.075576121355146461e+04 9.669999189480631419e-01
6.075576147360526375e+04 1.022120295393921241e+00
6.075576173365905561e+04 9.850673779615229941e-01
6.075576199371285475e+04 1.081087173501998233e+00
6.075576225376664661e+04 9.295529453144483201e-01
6.075576251382044575e+04 9.618634831518320105e-01
6.075576277387423761e+04 9.084117096785636614e-01
6.075576303392802947e+04 1.007150301404100112e+00
6.075576329398183589e+04 1.091114799413736014e+00
6.075576355403563502e+04 1.042615389290006744e+00
6.075576381408943416e+04 1.111580569439512223e+00
6.075576407414322603e+04 9.888850701056151049e-01
6.075576433419702516e+04 9.567745849011113357e-01
6.075576459425081703e+04 1.017195801880355965e+00
6.075576485430461616e+04 1.062078466056191495e+00
6.075576511435840803e+04 9.252880660122958512e-01
6.075576537441220717e+04 1.088916224542211930e+00
6.075576563446599903e+04 1.128829578479047635e+00
6.075576589451979817e+04 1.131583412303025282e+00
6.075576615457359003e+04 9.288156975837694729e-01
6.075576641462739644e+04 9.953278549119971563e-01
6.075576667468119558e+04 9.065874006597675061e-01
6.075576693473499472e+04 1.071542192720821518e+00
6.075576719478878658e+04 9.992953231338118636e-01
6.075576745484258572e+04 1.031016734467327556e+00
6.075576771489637758e+04 1.026039975698820994e+00
6.075576797495017672e+04 1.037189912108091194e+00
6.075576823500396858e+04 1.075319265421001758e+00
6.075576849505776045e+04 1.033813153376154093e+00
6.075576875511155959e+04 1.059263851571895065e+00
6.075576901516535145e+04 1.072436408204151981e+00
6.075576927521915786e+04 1.085998645190070500e+00
6.075576953527295700e+04 1.013276744242091576e+00
6.075576979532675614e+04 1.073205880276984381e+00
6.075577005538054800e+04 1.095418227469920458e+00
6.075577031543434714e+04 1.018569947228180839e+00
6.075577057548813900e+04 9.769055586234510757e-01
6.075577083554193814e+04 9.079127671216582485e-01
6.075577109559573000e+04 9.972294002918977718e-01
6.075577135564952914e+04 1.030382135918061381e+00
6.075577161570332100e+04 1.015737620489581383e+00
6.075577187575712014e+04 1.027865342541194549e+00
6.075577213581091200e+04 1.055133318766788397e+00
6.075577239586471842e+04 9.560805876973105244e-01
6.075577265591851756e+04 1.125120170791555241e+00
6.075577291597231670e+04 1.072308057594126618e+00
6.075577317602610856e+04 1.032571531825470457e+00
