6.075585120116569306e+04 9.710510426372869208e-01
6.075585146121949219e+04 1.015601425298865879e+00
6.075585172127328406e+04 1.022500116328042052e+00
6.075585198132708319e+04 1.001534017002466026e+00
6.075585224138088233e+04 1.035334849558006365e+00
6.075585250143468147e+04 1.012023945237948697e+00
6.075585276148847333e+04 9.818891163093740326e-01
6.075585302154227247e+04 1.034398490493420697e+00
6.075585328159607161e+04 1.055748756396782451e+00
6.075585354164987803e+04 1.017745882954214753e+00
6.075585380170368444e+04 1.040166226855845588e+00
6.075585406175747630e+04 1.024225206314952841e+00
6.075585432181127544e+04 1.013898729710866586e+00
6.075585458186507458e+04 9.830578250048226385e-01
6.075585484191887372e+04 9.987282174664161571e-01
6.075585510197266558e+04 1.008738485990427813e+00
6.075585536202646472e+04 9.721505192038619736e-01
6.075585562208026386e+04 1.013684512731362730e+00
6.075585588213406299e+04 9.981865635541619097e-01
6.075585614218786213e+04 9.993548429209951900e-01
6.075585640224165400e+04 1.033731976647084716e+00
6.075585666229546041e+04 1.040319718774695312e+00
6.075585692234926682e+04 9.716895539616641209e-01
6.075585718240306596e+04 1.015767809282104750e+00
6.075585744245685783e+04 1.116471883167732271e+00
6.075585770251065696e+04 9.972584657928491580e-01
6.075585796256445610e+04 1.036774617614115046e+00
6.075585822261825524e+04 1.034476974085629220e+00
6.075585848267205438e+04 1.012755918822182188e+00
6.075585874272584624e+04 9.808847849145531095e-01
6.075585900277964538e+04 1.046384986949909557e+00
6.075585926283344452e+04 1.058098675621550022e+00
6.075585952288725093e+04 1.043128175488912568e+00
6.075585978294105735e+04 1.061055191252295860e+00
6.075586004299484921e+04 9.415671887804412110e-01
6.075586030304864835e+04 9.739283087110265358e-01
6.075586056310244749e+04 1.009633682927342901e+00
6.075586082315624662e+04 9.801579775765835167e-01
6.075586108321004576e+04 1.005148232489461613e+00
6.075586134326383763e+04 1.003470508666722383e+00
6.075586160331763676e+04 9.988528040549707887e-01
6.075586186337143590e+04 1.039134935131323711e+00
6.075586212342523504e+04 1.022617983033623945e+00
6.075586238347903418e+04 1.015556226584197974e+00
6.075586264353283332e+04 1.011231277567707698e+00
6.075586290358663973e+04 9.779440877307512547e-01
6.075586316364043887e+04 9.657690353009245054e-01
6.075586342369423801e+04 1.011881434406403546e+00
6.075586368374803715e+04 9.840167416021110558e-01
6.075586394380182901e+04 1.017635576006756359e+00
6.075586420385562815e+04 1.016116186411275102e+00
6.075586446390942729e+04 9.591505005005229734e-01
6.075586472396322642e+04 9.427519718835339901e-01
6.075586498401702556e+04 9.711877182127890418e-01
6.075586524407081743e+04 9.173620596780808212e-01
6.075586550412462384e+04 9.927458174369149235e-01
6.075586576417843025e+04 1.067370230236951212e+00
6.075586602423222939e+04 1.060003234320228360e+00
6.075586628428602853e+04 9.715585968211263301e-01
6.075586654433982039e+04 1.046853271328531898e+00
6.075586680439361953e+04 1.015905301195741295e+00
6.075586706444741867e+04 1.020889685266163527e+00
6.075586732450121781e+04 1.009558919599044424e+00
6.075586758455501695e+04 1.033705882944725207e+00
6.075586784460881609e+04 1.004044750170925093e+00
6.075586810466260795e+04 1.055629395195463394e+00
6.075586836471640709e+04 9.901789377758781763e-01
6.075586862477021350e+04 9.657393918231654828e-01
6.075586888482401991e+04 9.675247715032773144e-01
6.075586914487781905e+04 9.492841945357594069e-01
6.075586940493161092e+04 1.003251987819326674e+00
6.075586966498541005e+04 1.067793409260273663e+00
6.075586992503920919e+04 1.007682658654824870e+00
6.075587018509300833e+04 1.080453644605321006e+00
6.075587044514680747e+04 1.047263978983740795e+00
6.075587070520060661e+04 1.023821634491093313e+00
6.075587096525439847e+04 1.038931714417790975e+00
6.075587122530819761e+04 9.699986952257770856e-01
6.075587148536199675e+04 1.008013953541795793e+00
6.075587174541581044e+04 1.030663178173702788e+00
6.075587200546960958e+04 9.612460313844228832e-01
6.075587226552340871e+04 1.018123698881683525e+00
6.075587252557720058e+04 9.955019135963856236e-01
6.075587278563099972e+04 9.985151275751841249e-01
6.075587304568479885e+04 1.029480491053068381e+00
6.075587330573859799e+04 9.753356712182417176e-01
6.075587356579239713e+04 1.038322820536316193e+00
6.075587382584619627e+04 9.649687312150395657e-01
6.075587408589998813e+04 9.773067110550053282e-01
6.075587434595378727e+04 9.730137159216182274e-01
6.075587460600759368e+04 9.657765103528778150e-01
6.075587486606140010e+04 1.014237189582253951e+00
6.075587512611519924e+04 9.235841931894185342e-01
6.075587538616899838e+04 1.059714583647096697e+00
6.075587564622279751e+04 1.031569930904466803e+00
6.075587590627658938e+04 9.766570973438079006e-01
6.075587616633038851e+04 1.026992393124404268e+00
6.075587642638418765e+04 1.003285296435577179e+00
6.075587668643798679e+04 8.898040727509374248e-01
6.075587694649178593e+04 1.016382727277945763e+00
6.075587720654558507e+04 1.102604964263547815e+00
6.075587746659937693e+04 9.492803586711269226e-01
6.075587772665318334e+04 1.032230790509852003e+00
6.075587798670698976e+04 1.002491624397178871e+00
6.075587824676078890e+04 9.863732721929008296e-01
6.075587850681458804e+04 1.000872586984719481e+00
6.075587876686838717e+04 9.825461272240644250e-01
6.075587902692218631e+04 1.007514360519677910e+00
6.075587928697597818e+04 9.755274902163129092e-01
6.075587954702977731e+04 9.729653902787297470e-01
6.075588115586427011e+04 1.022313972164648588e+00
6.075588141592496686e+04 1.002159502358399124e+00
6.075588167598567088e+04 1.004468956271772129e+00
6.075588193604636763e+04 9.908832360400926520e-01
6.075588219610707165e+04 9.736289291859762107e-01
6.075588245616777567e+04 1.045626827537343040e+00
6.075588271622847242e+04 1.019809324607834800e+00
6.075588297628917644e+04 1.064918873514485442e+00
6.075588323634988046e+04 9.897320054614451301e-01
6.075588349641056993e+04 1.002924782817842475e+00
6.075588375647127395e+04 1.005269998123259789e+00
6.075588401653197798e+04 1.007973239241873875e+00
6.075588427659268200e+04 1.042864858980054210e+00
6.075588453665338602e+04 1.035589996901090881e+00
6.075588479671408277e+04 1.003813459878479586e+00
6.075588505677478679e+04 9.951811595225594775e-01
6.075588531683548354e+04 9.925369990209614857e-01
6.075588557689618756e+04 9.881265804678159848e-01
6.075588583695689158e+04 9.787137183155057985e-01
6.075588609701758833e+04 9.872270787923460578e-01
6.075588635707829235e+04 1.058560658905932650e+00
6.075588661713899637e+04 9.522733567311677527e-01
6.075588687719969312e+04 9.399882022161849537e-01
6.075588713726038986e+04 9.851712715426179656e-01
6.075588739732109389e+04 1.008764424722855990e+00
6.075588765738179791e+04 1.038051046953929024e+00
6.075588791744250193e+04 1.050446675206742508e+00
6.075588817750319868e+04 1.067129470798152457e+00
6.075588843756390270e+04 1.020691958765589824e+00
6.075588869762460672e+04 9.779527039677022859e-01
6.075588895768530347e+04 9.742227824379604550e-01
6.075588921774600749e+04 1.031465729133504095e+00
6.075588947780670424e+04 1.003444408285366407e+00
6.075588973786740826e+04 9.900891853948295962e-01
6.075588999792811228e+04 1.023968272180354022e+00
6.075589025798880903e+04 9.425332156616705870e-01
6.075589051804952032e+04 1.001292348392989640e+00
6.075589077811021707e+04 1.005972595556897220e+00
6.075589103817091382e+04 1.013582714536233498e+00
6.075589129823161784e+04 1.029306502173356952e+00
6.075589155829231458e+04 9.743288978874600215e-01
6.075589181835301861e+04 1.062930906912270546e+00
6.075589207841372263e+04 9.521294235792663319e-01
6.075589233847442665e+04 1.043436533804209532e+00
6.075589259853513067e+04 1.004889301747783570e+00
6.075589285859582742e+04 1.021112332371479026e+00
6.075589311865652417e+04 1.074816877386479019e+00
6.075589337871722819e+04 1.010253707853112193e+00
6.075589363877793221e+04 9.448792533810720373e-01
6.075589389883863623e+04 9.811832829622527674e-01
6.075589415889933298e+04 9.676308892568904474e-01
6.075589441896003700e+04 1.024353281211998867e+00
6.075589467902074102e+04 9.835732165803391380e-01
6.075589493908143777e+04 9.917298781283236941e-01
6.075589519914213452e+04 1.032017683974576716e+00
6.075589545920283854e+04 1.016411189165673079e+00
6.075589571926354256e+04 1.023232636134408180e+00
6.075589597932424658e+04 1.037910575370099231e+00
6.075589623938494333e+04 1.033854379015493485e+00
6.075589649944564735e+04 9.973682892188562299e-01
6.075589675950635137e+04 1.033355632787083422e+00
6.075589701956705539e+04 1.007608503438807812e+00
6.075589727962775942e+04 9.993521120576879246e-01
6.075589753968844889e+04 1.013056982198905942e+00
6.075589779974915291e+04 1.027168856127852914e+00
6.075589805980985693e+04 9.603692454006104162e-01
6.075589831987055368e+04 9.867543486000047714e-01
6.075589857993125770e+04 9.845704791031905101e-01
6.075589883999196172e+04 9.960138014553037156e-01
6.075589910005266574e+04 1.006723990960832094e+00
6.075589936011336977e+04 1.019961612455995592e+00
6.075589962017406651e+04 9.915242448474534953e-01
6.075589988023477054e+04 9.681292428309449249e-01
6.075590014029546728e+04 9.308169862322575039e-01
6.075590040035617130e+04 1.024883964437693029e+00
6.075590066041687533e+04 1.004118411260875421e+00
6.075590092047757207e+04 1.006654949335098248e+00
6.075590118053827609e+04 9.401184263610663505e-01
6.075590144059898012e+04 1.023211996754854969e+00
6.075590170065967686e+04 9.630096034913336878e-01
6.075590196072038816e+04 9.732856249373231794e-01
6.075590222078108491e+04 9.917122252787080594e-01
6.075590248084178893e+04 9.500730509964003812e-01
6.075590274090249295e+04 9.449218850401351899e-01
6.075590300096318242e+04 9.846282987514720642e-01
6.075590326102388644e+04 9.708413598530603039e-01
6.075590352108459047e+04 1.028222287383904421e+00
6.075590378114529449e+04 9.666217190775728829e-01
6.075590404120599851e+04 8.966973753085204502e-01
6.075590430126669526e+04 9.393852074392807783e-01
6.075590456132739928e+04 1.048603864142231279e+00
6.075590482138810330e+04 9.901578313706677070e-01
6.075590508144880732e+04 9.820912083639181667e-01
6.075590534150951135e+04 9.714994120467960181e-01
6.075590560157020809e+04 9.469102460197406090e-01
6.075590586163091211e+04 9.795974490881041996e-01
6.075590612169160886e+04 9.921315206917042939e-01
6.075590638175230561e+04 9.379000463839478607e-01
6.075590664181300963e+04 1.033208396982649324e+00
6.075590690187371365e+04 1.029019323832751409e+00
6.075590716193441767e+04 9.987756188672526347e-01
6.075590742199512169e+04 9.462099836281010479e-01
6.075590768205581844e+04 1.006551132002007964e+00
6.075590794211652246e+04 1.010661935671028022e+00
6.075590820217722649e+04 1.026456799820187005e+00
6.075590846223793051e+04 9.842922612781003222e-01
6.075590872229863453e+04 1.002809998729782048e+00
6.075590898235933128e+04 9.978966159823668969e-01
6.075590924242003530e+04 9.263762600162626093e-01
6.075590950248073932e+04 9.571436637271284464e-01
6.075591106051386305e+04 9.455278914640539156e-01
6.075591132057445793e+04 1.047762324259928102e+00
6.075591158063505281e+04 9.884753131789170144e-01
6.075591184069564770e+04 1.048194402864977226e+00
6.075591210075624258e+04 1.042835802651965738e+00
6.075591236081683746e+04 9.572506606201046653e-01
6.075591262087743235e+04 9.440526898841293812e-01
6.075591288093802723e+04 9.866367758718780356e-01
6.075591314099862211e+04 1.023089511286731312e+00
6.075591340105922427e+04 1.038929053289931348e+00
6.075591366111981915e+04 9.391451204585232748e-01
6.075591392118041404e+04 1.006992285513319318e+00
6.075591418124100892e+04 1.009541429914310617e+00
6.075591444130160380e+04 1.002759023766280233e+00
6.075591470136219868e+04 9.991540958492578506e-01
6.075591496142279357e+04 1.018524324947383874e+00
6.075591522148338845e+04 9.452207898242456219e-01
6.075591548154399061e+04 9.212207592631116437e-01
6.075591574160458549e+04 1.026074325533518516e+00
6.075591600166518037e+04 9.973970731100100240e-01
6.075591626172577526e+04 1.020381588406228168e+00
6.075591652178637742e+04 1.021123594866674589e+00
6.075591678184697230e+04 1.032038406318651402e+00
6.075591704190756718e+04 9.483518892776113818e-01
6.075591730196816206e+04 1.060558779452356548e+00
6.075591756202875695e+04 1.021020802577555120e+00
6.075591782208935183e+04 9.814451423197116942e-01
6.075591808214994671e+04 1.034386297410248012e+00
6.075591834221054160e+04 9.547816929631861571e-01
6.075591860227113648e+04 1.061655712892731973e+00
6.075591886233173136e+04 9.857538564882469823e-01
6.075591912239232624e+04 1.019874738210379217e+00
6.075591938245292840e+04 1.040782197525186525e+00
6.075591964251352329e+04 9.937635033862501910e-01
6.075591990257411817e+04 9.947290537763787688e-01
6.075592016263471305e+04 9.978353794048189229e-01
6.075592042269530793e+04 9.829299092386611925e-01
6.075592068275590282e+04 1.010184063030777235e+00
6.075592094281649770e+04 9.595962870175677173e-01
6.075592120287709986e+04 1.066763362828496708e+00
6.075592146293769474e+04 1.005235105585180255e+00
6.075592172299828962e+04 1.038153108475700082e+00
6.075592198305888451e+04 1.025080670396075977e+00
6.075592224311948667e+04 9.446857007835723907e-01
6.075592250318008155e+04 9.835498372309210424e-01
6.075592276324067643e+04 9.584196402280324989e-01
6.075592302330127131e+04 9.386339986649091527e-01
6.075592328336186620e+04 1.025847592603302383e+00
6.075592354342246108e+04 1.018207447911137153e+00
6.075592380348305596e+04 9.011561782073499449e-01
6.075592406354365812e+04 9.616757045234334278e-01
6.075592432360425300e+04 9.516379921010993392e-01
6.075592458366484789e+04 1.023658728492473191e+00
6.075592484372544277e+04 9.483669734956170494e-01
6.075592510378604493e+04 1.049636412564328269e+00
6.075592536384663981e+04 9.341518329049479652e-01
6.075592562390723469e+04 9.417417866913011526e-01
6.075592588396782958e+04 1.058389327469608565e+00
6.075592614402842446e+04 9.671086610131581773e-01
6.075592640408901934e+04 9.199476360195310010e-01
6.075592666414961423e+04 9.938286016736435080e-01
6.075592692421020911e+04 9.501505822385635236e-01
6.075592718427081127e+04 1.069053670869545059e+00
6.075592744433140615e+04 1.034845274202973675e+00
6.075592770439200103e+04 1.000849668410342064e+00
6.075592796445260319e+04 1.006499685810441136e+00
6.075592822451319807e+04 1.014000063238890581e+00
6.075592848457379296e+04 9.811991166404624432e-01
6.075592874463438784e+04 9.863401368379141054e-01
6.075592900469498272e+04 1.003124347312466469e+00
6.075592926475557761e+04 9.624996880872649374e-01
6.075592952481617249e+04 9.558612136179958085e-01
6.075592978487676737e+04 1.043285855107778159e+00
6.075593004493736953e+04 1.017144353134488144e+00
6.075593030499796441e+04 1.003788039206011673e+00
6.075593056505855930e+04 9.970886404400278735e-01
6.075593082511916145e+04 1.037108259870714866e+00
6.075593108517975634e+04 9.529942394732725530e-01
6.075593134524035122e+04 1.029448393418497920e+00
6.075593160530094610e+04 1.008781686782582510e+00
6.075593186536154099e+04 1.050839053278337598e+00
6.075593212542213587e+04 9.877507544284857000e-01
6.075593238548273075e+04 1.016310477354235520e+00
6.075593264554332563e+04 9.635015981877650404e-01
6.075593290560392779e+04 8.968289319561281170e-01
6.075593316566452268e+04 1.064784968578764701e+00
6.075593342572511756e+04 9.805080279754390116e-01
6.075593368578571244e+04 9.354703277524475391e-01
6.075593394584631460e+04 1.044199621156886248e+00
6.075593420590690948e+04 9.892256474793660326e-01
6.075593446596750437e+04 9.848162578120599475e-01
6.075593472602809925e+04 9.608717483916169311e-01
6.075593498608869413e+04 9.425853542661932760e-01
6.075593524614928901e+04 9.698622645242894746e-01
6.075593550620988390e+04 9.487777792676329591e-01
6.075593576627048606e+04 1.057096951802032780e+00
6.075593602633108094e+04 1.023566005840043980e+00
6.075593628639167582e+04 1.031412524498057648e+00
6.075593654645227070e+04 9.677417928331216723e-01
6.075593680651287286e+04 1.035098761781175547e+00
6.075593706657346775e+04 9.546154361758003581e-01
6.075593732663406263e+04 1.016608909654297843e+00
6.075593758669465751e+04 9.033999210869523289e-01
6.075593784675525239e+04 1.019665847998724617e+00
6.075593810681584728e+04 1.018364887102222394e+00
6.075593836687644216e+04 9.642254026799538247e-01
6.075593862693704432e+04 1.059174700825344928e+00
6.075593888699763920e+04 9.709789585746121388e-01
6.075593914705823408e+04 9.763741516472782545e-01
6.075593940711883624e+04 1.032519190773512507e+00
6.075594106598430517e+04 9.780815899546534409e-01
6.075594132604500919e+04 1.025441735622048434e+00
6.075594158610571321e+04 9.862911812204895323e-01
6.075594184616640996e+04 9.634296279186812528e-01
6.075594210622711398e+04 9.729115478007270834e-01
6.075594236628781800e+04 9.371092524961504022e-01
6.075594262634852203e+04 1.020869510231465771e+00
6.075594288640922605e+04 1.045097423819800087e+00
6.075594314646992279e+04 1.008761532129475613e+00
6.075594340653063409e+04 9.906142988185415721e-01
6.075594366659133811e+04 9.652417085934492658e-01
6.075594392665203486e+04 9.911691665307874599e-01
6.075594418671273888e+04 9.792822472128124289e-01
6.075594444677344291e+04 9.646651507273554804e-01
6.075594470683414693e+04 1.024350559331565824e+00
6.075594496689485095e+04 9.424702738927431822e-01
6.075594522695554770e+04 9.946239869895675545e-01
6.075594548701625172e+04 9.449009164188882925e-01
6.075594574707695574e+04 9.408279168453490549e-01
6.075594600713765976e+04 9.926529175939908800e-01
6.075594626719836378e+04 9.409486888054157117e-01
6.075594652725906053e+04 9.905652161884308526e-01
6.075594678731976455e+04 9.508273418688418799e-01
6.075594704738046858e+04 9.631548005325804018e-01
6.075594730744116532e+04 9.156192909793490209e-01
6.075594756750187662e+04 1.018366418037197851e+00
6.075594782756257337e+04 9.966100202436519728e-01
6.075594808762328466e+04 9.681009261160056223e-01
6.075594834768398869e+04 9.693908655620282477e-01
6.075594860774468543e+04 9.541737257631989211e-01
6.075594886780538945e+04 9.869719323227658103e-01
6.075594912786609348e+04 9.702409609869289131e-01
6.075594938792679750e+04 9.628414768332264062e-01
6.075594964798750152e+04 9.631524885444796569e-01
6.075594990804819827e+04 1.062452751042667565e+00
6.075595016810890229e+04 1.001477809326002610e+00
6.075595042816960631e+04 1.079464194362449003e+00
6.075595068823031033e+04 9.833666342537933369e-01
6.075595094829101436e+04 1.023818808998976593e+00
6.075595120835171110e+04 9.763542930096239525e-01
6.075595146841241512e+04 9.997260129363614301e-01
6.075595172847312642e+04 9.990334993709127920e-01
6.075595198853382317e+04 9.455098111014701434e-01
6.075595224859452719e+04 9.519491669626450880e-01
6.075595250865523121e+04 9.633772229256553077e-01
6.075595276871593524e+04 9.864200821721487156e-01
6.075595302877663926e+04 9.759823652754495704e-01
6.075595328883733600e+04 9.939956730768594317e-01
6.075595354889804003e+04 9.988140738143725939e-01
6.075595380895874405e+04 1.017606354331056950e+00
6.075595406901944807e+04 9.614910115869625962e-01
6.075595432908015209e+04 9.550536153990987209e-01
6.075595458914084884e+04 9.610264971965915004e-01
6.075595484920156014e+04 1.021567822822446070e+00
6.075595510926226416e+04 9.561045103826187885e-01
6.075595536932296091e+04 9.625113753795556670e-01
6.075595562938366493e+04 1.057619785561247028e+00
6.075595588944436895e+04 9.601609417294026949e-01
6.075595614950507297e+04 9.708342951980182267e-01
6.075595640956577699e+04 9.660074572801088388e-01
6.075595666962647374e+04 1.001605630320316243e+00
6.075595692968717776e+04 9.666961829019011798e-01
6.075595718974788178e+04 1.011707985744455085e+00
6.075595744980858581e+04 1.062219858051943744e+00
6.075595770986929710e+04 1.015262534172125752e+00
6.075595796992999385e+04 9.902837311332666204e-01
6.075595822999069787e+04 1.015759840039724970e+00
6.075595849005140190e+04 9.971291372435219236e-01
6.075595875011209864e+04 9.436722845351148692e-01
6.075595901017280994e+04 9.760081737162131787e-01
6.075595927023350669e+04 1.023368019144297092e+00
6.075595953029421071e+04 9.202407531380741856e-01
6.075595979035491473e+04 9.554126441196703068e-01
6.075596005041561148e+04 9.220764498009055288e-01
6.075596031047632277e+04 1.039862804889619241e+00
6.075596057053702680e+04 9.678778698418816218e-01
6.075596083059773082e+04 1.065648945104642920e+00
6.075596109065843484e+04 9.649371494935428117e-01
6.075596135071913159e+04 1.020929765363716824e+00
6.075596161077983561e+04 1.017374456708646457e+00
6.075596187084053963e+04 9.622164918651326948e-01
6.075596213090124365e+04 1.019290781262909285e+00
6.075596239096194768e+04 1.030124393145498418e+00
6.075596265102265170e+04 9.809170700046433433e-01
6.075596291108335572e+04 9.928191625212030580e-01
6.075596317114405974e+04 9.624322749316128744e-01
6.075596343120475649e+04 1.016988463491697914e+00
6.075596369126546051e+04 9.848210438265315725e-01
6.075596395132616453e+04 9.573615988423680445e-01
6.075596421138686856e+04 1.018800933922368923e+00
6.075596447144757258e+04 1.017150154716068622e+00
6.075596473150827660e+04 9.696660998623587435e-01
6.075596499156898062e+04 9.841920524040674856e-01
6.075596525162968464e+04 9.510392032510180949e-01
6.075596551169038867e+04 9.853464542287181382e-01
6.075596577175109269e+04 1.056922282124765911e+00
6.075596603181178943e+04 1.002602207225894659e+00
6.075596629187249346e+04 9.226282789673773133e-01
6.075596655193319748e+04 1.055972783447371333e+00
6.075596681199390150e+04 9.899826237502372672e-01
6.075596707205460552e+04 1.006650850657289764e+00
6.075596733211530955e+04 9.554034029146929452e-01
6.075596759217601357e+04 9.695497660562325537e-01
6.075596785223671759e+04 9.847558569777954407e-01
6.075596811229741434e+04 9.786928058839701183e-01
6.075596837235811836e+04 1.008767165901351071e+00
6.075596863241882238e+04 9.427710314858422924e-01
6.075596889247953368e+04 9.454984485018760321e-01
6.075596915254023770e+04 9.670308488849274076e-01
6.075596941260093445e+04 9.660315886041458411e-01
6.075597102105359954e+04 9.584475113689880921e-01
6.075597128111420170e+04 1.043107764175944308e+00
6.075597154117479658e+04 8.704077429844557789e-01
6.075597180123539147e+04 9.850539341326227660e-01
6.075597206129598635e+04 9.711380845406897278e-01
6.075597232135658123e+04 9.959681927301335946e-01
6.075597258141718339e+04 9.851497888553129023e-01
6.075597284147777827e+04 1.022025068193542330e+00
6.075597310153837316e+04 1.049081507296349747e+00
6.075597336159897532e+04 9.440223373732123946e-01
6.075597362165957020e+04 9.792083715040006409e-01
6.075597388172016508e+04 9.647441447045552732e-01
6.075597414178077452e+04 1.003786370420790552e+00
6.075597440184136940e+04 1.018210676566328798e+00
6.075597466190196428e+04 1.026407375891540852e+00
6.075597492196255916e+04 1.012022595776455924e+00
6.075597518202315405e+04 9.952415470131613651e-01
6.075597544208374893e+04 9.625016893790010464e-01
6.075597570214434381e+04 9.908761887526210677e-01
6.075597596220494597e+04 9.763886757085675772e-01
6.075597622226554813e+04 1.018305593433592282e+00
6.075597648232614301e+04 9.647051992762644135e-01
6.075597674238673790e+04 9.932838379007499219e-01
6.075597700244734006e+04 1.016930344724217061e+00
6.075597726250793494e+04 9.514475101241773869e-01
6.075597752256853710e+04 9.800715906960290047e-01
6.075597778262913198e+04 9.999271501322487543e-01
6.075597804268972686e+04 9.284338232732400886e-01
6.075597830275032175e+04 9.793777209010018359e-01
6.075597856281091663e+04 8.888507795952286239e-01
6.075597882287151151e+04 9.918571004857065221e-01
6.075597908293212095e+04 1.012564240474083332e+00
6.075597934299271583e+04 9.992642734649538339e-01
6.075597960305331071e+04 9.507325969276022581e-01
6.075597986311390559e+04 9.730477059637837600e-01
6.075598012317450775e+04 1.006995595058750359e+00
6.075598038323510264e+04 1.044517816084615358e+00
6.075598064329570479e+04 9.493178468428061789e-01
6.075598090335629968e+04 1.046819743673921277e+00
6.075598116341689456e+04 9.364205501000689713e-01
6.075598142347748944e+04 1.005039038012522257e+00
6.075598168353808433e+04 9.494944292718350276e-01
6.075598194359869376e+04 1.053161589989866309e+00
6.075598220365928864e+04 9.642051009639387438e-01
6.075598246371988353e+04 9.707895032385085443e-01
6.075598272378047841e+04 9.904284792955194705e-01
6.075598298384108057e+04 1.070563292950000633e+00
6.075598324390167545e+04 1.005744976765481580e+00
6.075598350396227761e+04 9.552558669285352577e-01
6.075598376402287249e+04 9.942589105927110982e-01
6.075598402408346738e+04 1.017191176741806702e+00
6.075598428414406226e+04 1.015819919033745133e+00
6.075598454420465714e+04 1.004142292863878350e+00
6.075598480426526658e+04 9.693487395722881761e-01
6.075598506432586146e+04 9.193173098137160659e-01
6.075598532438645634e+04 9.948427270741851958e-01
6.075598558444705122e+04 1.042317284446018011e+00
6.075598584450765338e+04 1.015749468700119174e+00
6.075598610456825554e+04 8.835679502325134438e-01
6.075598636462885042e+04 9.700476240248498971e-01
6.075598662468944531e+04 1.023823020023851837e+00
6.075598688475004019e+04 9.921645994524863621e-01
6.075598714481063507e+04 1.013150511161989398e+00
6.075598740487123723e+04 9.838813655074174491e-01
6.075598766493183211e+04 1.045034824891943881e+00
6.075598792499243427e+04 9.146327416786049769e-01
6.075598818505302916e+04 9.332986145498701758e-01
6.075598844511362404e+04 1.021150907612452974e+00
6.075598870517423347e+04 9.974868177348082954e-01
6.075598896523482836e+04 9.991267936550826123e-01
6.075598922529542324e+04 9.608893474084675423e-01
6.075598948535601812e+04 9.522337203492122759e-01
6.075598974541661300e+04 9.489977362347710166e-01
6.075599000547721516e+04 9.389506305053890722e-01
6.075599026553781005e+04 1.054991551651719206e+00
6.075599052559840493e+04 9.901530196006869122e-01
6.075599078565900709e+04 9.688642733276128238e-01
6.075599104571960197e+04 1.006988767914997585e+00
6.075599130578020413e+04 9.429023404524046192e-01
6.075599156584080629e+04 9.881021934839825382e-01
6.075599182590140117e+04 9.251285138414007125e-01
6.075599208596199605e+04 9.728375912250213364e-01
6.075599234602259094e+04 9.826550560699724990e-01
6.075599260608319310e+04 9.791704208346637683e-01
6.075599286614378798e+04 9.618548749118263075e-01
6.075599312620438286e+04 9.585651733969177135e-01
6.075599338626497774e+04 9.057991385384166483e-01
6.075599364632558718e+04 9.546526422772568798e-01
6.075599390638618206e+04 9.608389907368816152e-01
6.075599416644677694e+04 1.030769562939338746e+00
6.075599442650737910e+04 9.837214820070346866e-01
6.075599468656797399e+04 9.625921001666292165e-01
6.075599494662857614e+04 9.985673046126908314e-01
6.075599520668917103e+04 1.018203349730029572e+00
6.075599546674976591e+04 1.043120007311991060e+00
6.075599572681036079e+04 1.003653002781812020e+00
6.075599598687096295e+04 9.502378640601184534e-01
6.075599624693155783e+04 9.891360207395200055e-01
6.075599650699215999e+04 9.861876628515757748e-01
6.075599676705275488e+04 9.807686970959410555e-01
6.075599702711334976e+04 1.050787760405406557e+00
6.075599728717395192e+04 9.591022838371117132e-01
6.075599754723455408e+04 9.563332715775545445e-01
6.075599780729514896e+04 9.615286015738754299e-01
6.075599806735574384e+04 9.815061144691642481e-01
6.075599832741634600e+04 9.895076683187867816e-01
6.075599858747694088e+04 1.019312100134412091e+00
6.075599884753753577e+04 9.606311944072515319e-01
6.075599910759813065e+04 9.806653196798774674e-01
6.075599936765874008e+04 1.025738440200981039e+00
6.075600091310295102e+04 9.681589810940547380e-01
6.075600117316365504e+04 1.008859304556414482e+00
6.075600143322435179e+04 9.798854478668818091e-01
6.075600169328505581e+04 1.001140829800389875e+00
6.075600195334576711e+04 1.042135462457156603e+00
6.075600221340647113e+04 1.044517899165502417e+00
6.075600247346717515e+04 1.025425207745345402e+00
6.075600273352787190e+04 9.966895717779272745e-01
6.075600299358858319e+04 9.732486737395568133e-01
6.075600325364928722e+04 9.666705959577932550e-01
6.075600351370998396e+04 9.980818105539515095e-01
6.075600377377069526e+04 9.753489303068787475e-01
6.075600403383139928e+04 9.574655571997964243e-01
6.075600429389210331e+04 1.042459605219739238e+00
6.075600455395280733e+04 9.763222005826144301e-01
6.075600481401350407e+04 9.364639959627685251e-01
6.075600507407421537e+04 1.071687266032760544e+00
6.075600533413491939e+04 1.015411909588274986e+00
6.075600559419562342e+04 1.003890768394733124e+00
6.075600585425632744e+04 9.664565352055575209e-01
6.075600611431703146e+04 9.752948309364061208e-01
6.075600637437773548e+04 9.687935354508867558e-01
6.075600663443843951e+04 9.754404840669361754e-01
6.075600689449914353e+04 9.835485904511001021e-01
6.075600715455985483e+04 1.023850896135637623e+00
6.075600741462055157e+04 1.052668792897143213e+00
6.075600767468125559e+04 9.301191549581540041e-01
6.075600793474195962e+04 1.067355415169317645e+00
6.075600819480266364e+04 9.620715420233734161e-01
6.075600845486336766e+04 1.032928881857404946e+00
6.075600871492407168e+04 9.832486569231063678e-01
6.075600897498478298e+04 9.958045525338007353e-01
6.075600923504548700e+04 9.657164360863115249e-01
6.075600949510618375e+04 1.027974639851580996e+00
6.075600975516688777e+04 9.773856653451251653e-01
6.075601001522759907e+04 9.939641621914498959e-01
6.075601027528830309e+04 1.053234405505103277e+00
6.075601053534900711e+04 1.002317427672324346e+00
6.075601079540970386e+04 1.000703719695687832e+00
6.075601105547041516e+04 1.060279674533705085e+00
6.075601131553111918e+04 9.878291892306729771e-01
6.075601157559181593e+04 9.997880518230848335e-01
6.075601183565252722e+04 9.480101022623949047e-01
6.075601209571323125e+04 1.067651916720590011e+00
6.075601235577393527e+04 9.624533462002599071e-01
6.075601261583463929e+04 1.004470478946128509e+00
6.075601287589534331e+04 1.033346505772074986e+00
6.075601313595604734e+04 1.104566682167716030e+00
6.075601339601675136e+04 1.013337054625653044e+00
6.075601365607746266e+04 9.592588155297018249e-01
6.075601391613816668e+04 1.014221384535068937e+00
6.075601417619886342e+04 1.018129808901272693e+00
6.075601443625956745e+04 1.031797838171079285e+00
6.075601469632027874e+04 1.029583534047565863e+00
6.075601495638097549e+04 9.380501979525625034e-01
6.075601521644168679e+04 1.001007733745082007e+00
6.075601547650239081e+04 9.763901089556683566e-01
6.075601573656309483e+04 9.571395876843227235e-01
6.075601599662379886e+04 1.021120936156895587e+00
6.075601625668450288e+04 1.044643794327324571e+00
6.075601651674520690e+04 9.920724780050704794e-01
6.075601677680591092e+04 1.032369309347455077e+00
6.075601703686661494e+04 9.652268950604027120e-01
6.075601729692732624e+04 9.994411041470500079e-01
6.075601755698802299e+04 1.011758960110745953e+00
6.075601781704872701e+04 1.021646604936803371e+00
6.075601807710943831e+04 1.025401730754611940e+00
6.075601833717014233e+04 9.998493810036173102e-01
6.075601859723084635e+04 1.027520827289392980e+00
6.075601885729155038e+04 1.081913205466884298e+00
6.075601911735225440e+04 1.047775510370506424e+00
6.075601937741295842e+04 1.030016690204983876e+00
6.075601963747365517e+04 1.025825050444308939e+00
6.075601989753436646e+04 1.056183535453930844e+00
6.075602015759507049e+04 1.040165161374818181e+00
6.075602041765577451e+04 9.746957991074307603e-01
6.075602067771648581e+04 9.790473818353121471e-01
6.075602093777718255e+04 9.884410298528825134e-01
6.075602119783788658e+04 9.543171698271911696e-01
6.075602145789859787e+04 9.773916748145881073e-01
6.075602171795930190e+04 1.085717734225624342e+00
6.075602197802000592e+04 1.039682544661313823e+00
6.075602223808070994e+04 1.018938492723144851e+00
6.075602249814141396e+04 1.054362422194941917e+00
6.075602275820211798e+04 9.658046013109250483e-01
6.075602301826282201e+04 9.482559063316968739e-01
6.075602327832352603e+04 1.069048797244037674e+00
6.075602353838423005e+04 9.544799269509143258e-01
6.075602379844494135e+04 9.706239283635259563e-01
6.075602405850564537e+04 1.049599811109162673e+00
6.075602431856634212e+04 1.036556167582867616e+00
6.075602457862704614e+04 1.007044850227130306e+00
6.075602483868775744e+04 9.711630395737624877e-01
6.075602509874846146e+04 9.874402586431108020e-01
6.075602535880916548e+04 9.741782070716918929e-01
6.075602561886986950e+04 1.034499725203984477e+00
6.075602587893057353e+04 9.813927712001263570e-01
6.075602613899127755e+04 1.003586787029774996e+00
6.075602639905198885e+04 1.019907231869059849e+00
6.075602665911269287e+04 1.065115324905734351e+00
6.075602691917338962e+04 9.339346428691419622e-01
6.075602717923410091e+04 9.699335393858539156e-01
6.075602743929480494e+04 9.694053683403692778e-01
6.075602769935550168e+04 9.640365309450854570e-01
6.075602795941621298e+04 9.476072032599593964e-01
6.075602821947691700e+04 1.044687006958498587e+00
6.075602847953762102e+04 1.046530493058664968e+00
6.075602873959833232e+04 9.631125166354406186e-01
6.075602899965902907e+04 1.026550147436944282e+00
6.075602925971973309e+04 9.576814660310259963e-01
6.075603093119423283e+04 9.536372713999020645e-01
6.075603119125482772e+04 9.403797477570494667e-01
6.075603145131542988e+04 9.599289611130070732e-01
6.075603171137602476e+04 9.750698411044783631e-01
6.075603197143662692e+04 1.068295612153165708e+00
6.075603223149722908e+04 1.024409743301276876e+00
6.075603249155782396e+04 1.018654562163035626e+00
6.075603275161842612e+04 9.880758446081832069e-01
6.075603301167902100e+04 9.882315353605406472e-01
6.075603327173962316e+04 9.155747287177079530e-01
6.075603353180022532e+04 1.005456476417885270e+00
6.075603379186082020e+04 1.030562789499950282e+00
6.075603405192141508e+04 1.065829268960018172e+00
6.075603431198201724e+04 1.061941602147357111e+00
6.075603457204261213e+04 1.005632002244809531e+00
6.075603483210320701e+04 1.096480167347636980e+00
6.075603509216381644e+04 9.610864381427273173e-01
6.075603535222441133e+04 1.027528698056149548e+00
6.075603561228501349e+04 1.058500288794850919e+00
6.075603587234560837e+04 1.014840709321668477e+00
6.075603613240621053e+04 1.104287403246644983e+00
6.075603639246681269e+04 1.022400806229795567e+00
6.075603665252740757e+04 9.329834968943376827e-01
6.075603691258800245e+04 9.705909670949122159e-01
6.075603717264860461e+04 1.006565187104775605e+00
6.075603743270919949e+04 1.001622577302776040e+00
6.075603769276979438e+04 1.000248811451706965e+00
6.075603795283040381e+04 1.002873258999124495e+00
6.075603821289099869e+04 1.034650263890908306e+00
6.075603847295160085e+04 1.053922642549398159e+00
6.075603873301219573e+04 9.422859636904267200e-01
6.075603899307279789e+04 1.054984650891279463e+00
6.075603925313340005e+04 1.011805958251157156e+00
6.075603951319399494e+04 1.070150703914445778e+00
6.075603977325458982e+04 1.000661396501734135e+00
6.075604003331519198e+04 1.003250662035236607e+00
6.075604029337578686e+04 9.772809636476152972e-01
6.075604055343638902e+04 9.494323257775163505e-01
6.075604081349698390e+04 1.013243102853286004e+00
6.075604107355758606e+04 1.008764858130993591e+00
6.075604133361818822e+04 1.015123408121803461e+00
6.075604159367878310e+04 1.058276116375171494e+00
6.075604185373938526e+04 1.007447505791570608e+00
6.075604211379998742e+04 9.777312063443500678e-01
6.075604237386058230e+04 9.823124677174990271e-01
6.075604263392118446e+04 1.021290138456228958e+00
6.075604289398177934e+04 9.676664003238268918e-01
6.075604315404237423e+04 9.917635440529487534e-01
6.075604341410297639e+04 9.723051122268484558e-01
6.075604367416357127e+04 1.010571988081008676e+00
6.075604393422418070e+04 1.022087656632027830e+00
6.075604419428477559e+04 1.073488626149034175e+00
6.075604445434537047e+04 9.664630703068273210e-01
6.075604471440597990e+04 9.235848294827949667e-01
6.075604497446657479e+04 1.033773333727527666e+00
6.075604523452717694e+04 9.732445642458793511e-01
6.075604549458777183e+04 9.996075121844427702e-01
6.075604575464836671e+04 9.593873239830812416e-01
6.075604601470896887e+04 9.049992546594506360e-01
6.075604627476956375e+04 9.902618966214316032e-01
6.075604653483016591e+04 1.018829645264279771e+00
6.075604679489076807e+04 1.021346364106797466e+00
6.075604705495136295e+04 1.030550729905377993e+00
6.075604731501196511e+04 9.863589032254715949e-01
6.075604757507256727e+04 1.020308846725908491e+00
6.075604783513316943e+04 9.475419347459305142e-01
6.075604809519376431e+04 1.046812036169928906e+00
6.075604835525435919e+04 9.952230182914130197e-01
6.075604861531496135e+04 9.692035122977470385e-01
6.075604887537555624e+04 9.789876529011251050e-01
6.075604913543615839e+04 9.458086307512246771e-01
6.075604939549675328e+04 9.689772427269457422e-01
6.075604965555735544e+04 1.020455748761601056e+00
6.075604991561795759e+04 1.041375054224181751e+00
6.075605017567855248e+04 9.807783419987691209e-01
6.075605043573915464e+04 1.055064173398963634e+00
6.075605069579975680e+04 1.019909271206891566e+00
6.075605095586035168e+04 9.562555462389967786e-01
6.075605121592095384e+04 1.031450903155268994e+00
6.075605147598154872e+04 9.580914136350230370e-01
6.075605173604215088e+04 9.987793643442139935e-01
6.075605199610274576e+04 9.835096629326177675e-01
6.075605225616334792e+04 1.044477393092403172e+00
6.075605251622395008e+04 9.930331324123838899e-01
6.075605277628454496e+04 9.804097742537353222e-01
6.075605303634514712e+04 9.661712159280033685e-01
6.075605329640574200e+04 9.484209872134106156e-01
6.075605355646635144e+04 1.007594878680124761e+00
6.075605381652694632e+04 9.419979948443314433e-01
6.075605407658754848e+04 1.009411233663380703e+00
6.075605433664814336e+04 9.953133074494980859e-01
6.075605459670873825e+04 1.044609084026417722e+00
6.075605485676934040e+04 1.004935409475215202e+00
6.075605511682993529e+04 1.020648574508844719e+00
6.075605537689054472e+04 9.774368167891755999e-01
6.075605563695113960e+04 9.857972228293521155e-01
6.075605589701174176e+04 9.931983434311865144e-01
6.075605615707233665e+04 9.495422897494233405e-01
6.075605641713293880e+04 9.458918200670559662e-01
6.075605667719354096e+04 1.011641666466178702e+00
6.075605693725413585e+04 1.023008336490919268e+00
6.075605719731473800e+04 1.020629455889506598e+00
6.075605745737533289e+04 9.955397752515938725e-01
6.075605771743593505e+04 9.614594870030193086e-01
6.075605797749652993e+04 1.058923813932425739e+00
6.075605823755713209e+04 1.016912066388700575e+00
6.075605849761773425e+04 1.020682985051449165e+00
6.075605875767832913e+04 1.097266434072301511e+00
6.075605901773893129e+04 1.046330162099114114e+00
6.075605927779953345e+04 1.017024149028128432e+00
6.075606082322710427e+04 9.261411345719265942e-01
6.075606108328780829e+04 1.027857675229768342e+00
6.075606134334851231e+04 9.472341676157031154e-01
6.075606160340922361e+04 1.033499840218896848e+00
6.075606186346992035e+04 9.644424756046203751e-01
6.075606212353063165e+04 9.560877441660879938e-01
6.075606238359133567e+04 9.668590867150789192e-01
6.075606264365204697e+04 9.741559057312177972e-01
6.075606290371275099e+04 9.685092124541940795e-01
6.075606316377345502e+04 1.010304952260991707e+00
6.075606342383415904e+04 9.576818745838280300e-01
6.075606368389486306e+04 1.036868105688598440e+00
6.075606394395557436e+04 1.038966439435143441e+00
6.075606420401627838e+04 1.040072785157124091e+00
6.075606446407698240e+04 1.017387744940749794e+00
6.075606472413768643e+04 1.003537069342723687e+00
6.075606498419839772e+04 1.011211396964858622e+00
6.075606524425910175e+04 9.912021180229592110e-01
6.075606550431981304e+04 9.963910467066902088e-01
6.075606576438050979e+04 1.040812005153589626e+00
6.075606602444122109e+04 1.041523114737896938e+00
6.075606628450192511e+04 9.926578687543404778e-01
6.075606654456262913e+04 1.043850277768336055e+00
6.075606680462333316e+04 1.014558907611660787e+00
6.075606706468404445e+04 1.017816335185171450e+00
6.075606732474474848e+04 1.023759002900218151e+00
6.075606758480545250e+04 9.463221372001693332e-01
6.075606784486615652e+04 9.639352318883456228e-01
6.075606810492686054e+04 9.853287595001029020e-01
6.075606836498757184e+04 9.457150737503629001e-01
6.075606862504827586e+04 1.037400699478516541e+00
6.075606888510898716e+04 1.016282100140022404e+00
6.075606914516968391e+04 9.899282330154199894e-01
6.075606940523039520e+04 1.042087894628486833e+00
6.075606966529109923e+04 1.021624063632498247e+00
6.075606992535180325e+04 1.023836613311327470e+00
6.075607018541250727e+04 9.486927033568066658e-01
6.075607044547321857e+04 9.764761083045985224e-01
6.075607070553392259e+04 1.003747316507359599e+00
6.075607096559463389e+04 1.012624795066169092e+00
6.075607122565533064e+04 1.026828776195494175e+00
6.075607148571604193e+04 1.024542880355542307e+00
6.075607174577674596e+04 1.013206572924159721e+00
6.075607200583745725e+04 1.007346301612832562e+00
6.075607226589816128e+04 9.497539805618733233e-01
6.075607252595886530e+04 1.010462423162495460e+00
6.075607278601956932e+04 9.993615973482794512e-01
6.075607304608028062e+04 1.027566035369287034e+00
6.075607330614097737e+04 9.581955289784478413e-01
6.075607356620169594e+04 1.014856309527503830e+00
6.075607382626239269e+04 1.010012393177482926e+00
6.075607408632310398e+04 9.914066104734092777e-01
6.075607434638380801e+04 9.423244787303182157e-01
6.075607460644451203e+04 1.045042767688115992e+00
6.075607486650521605e+04 1.041712039489665953e+00
6.075607512656592735e+04 1.000474390415270642e+00
6.075607538662663137e+04 1.054145176069756662e+00
6.075607564668734267e+04 1.039129002486269382e+00
6.075607590674803942e+04 1.044986956765589170e+00
6.075607616680875071e+04 9.648144835112333340e-01
6.075607642686945474e+04 9.680392661257268827e-01
6.075607668693016603e+04 9.494120212745320586e-01
6.075607694699087006e+04 9.560048136403861418e-01
6.075607720705157408e+04 1.022626548474762309e+00
6.075607746711227810e+04 1.056061836746445826e+00
6.075607772717298940e+04 1.055146159189955357e+00
6.075607798723368614e+04 1.082197552479370550e+00
6.075607824729439744e+04 9.885785497805383848e-01
6.075607850735510146e+04 9.662000907145834594e-01
6.075607876741581276e+04 9.459756316316483282e-01
6.075607902747651679e+04 9.559579526881076816e-01
6.075607928753722081e+04 1.006413301169306829e+00
6.075607954759792483e+04 9.862071305894458684e-01
6.075607980765863613e+04 1.019447710222060710e+00
6.075608006771934015e+04 1.038265860534581142e+00
6.075608032778005145e+04 9.786654904993388193e-01
6.075608058784074819e+04 1.012397217000805760e+00
6.075608084790145949e+04 1.026594004302754159e+00
6.075608110796216351e+04 1.018524802872287527e+00
6.075608136802286754e+04 9.802860243922164596e-01
6.075608162808357156e+04 9.881448632690708056e-01
6.075608188814428286e+04 1.024038799262007471e+00
6.075608214820498688e+04 1.000237528326823000e+00
6.075608240826569818e+04 1.034088385650921760e+00
6.075608266832639492e+04 9.789805702685224764e-01
6.075608292838710622e+04 9.883617068009455942e-01
6.075608318844781024e+04 1.014517622826112797e+00
6.075608344850852154e+04 9.462955518373357133e-01
6.075608370856922556e+04 9.799056382621265104e-01
6.075608396862992959e+04 1.064601004700918896e+00
6.075608422869064088e+04 9.737678361705732755e-01
6.075608448875134491e+04 1.009665135052847162e+00
6.075608474881204893e+04 1.024361900516354895e+00
6.075608500887276023e+04 9.464444919734341655e-01
6.075608526893346425e+04 9.797732222465321827e-01
6.075608552899416827e+04 9.314873020542723259e-01
6.075608578905487957e+04 9.511510256826362086e-01
6.075608604911557632e+04 1.055941894131227521e+00
6.075608630917628761e+04 9.721394966826387707e-01
6.075608656923699164e+04 9.724564000931330554e-01
6.075608682929770293e+04 1.046628869391185601e+00
6.075608708935840696e+04 9.843852144336922017e-01
6.075608734941911098e+04 9.151369606970810588e-01
6.075608760947981500e+04 9.551868861576375824e-01
6.075608786954052630e+04 1.010495418212772556e+00
6.075608812960123760e+04 1.038220422544779531e+00
6.075608838966194162e+04 1.025429001375929294e+00
6.075608864972264564e+04 9.867272438390650713e-01
6.075608890978334966e+04 1.071332328405567136e+00
6.075608916984406096e+04 1.039317400954238080e+00
6.075609076569380704e+04 1.007927995615121031e+00
6.075609102575441648e+04 1.046152402947570170e+00
6.075609128581501136e+04 9.775832551290312145e-01
6.075609154587561352e+04 1.041330445370069580e+00
6.075609180593621568e+04 1.005613250916562285e+00
6.075609206599681784e+04 1.008811915245888535e+00
6.075609232605741272e+04 1.025520037661850292e+00
6.075609258611801488e+04 9.964188896135658391e-01
6.075609284617860976e+04 9.923167391720173480e-01
6.075609310623921192e+04 9.998610568547471322e-01
6.075609336629981408e+04 1.057178378109720596e+00
6.075609362636040896e+04 9.540862142746239227e-01
6.075609388642101840e+04 1.022403846963793939e+00
6.075609414648161328e+04 9.990723631276263728e-01
6.075609440654221544e+04 1.051700979477828479e+00
6.075609466660281760e+04 1.052538440804228648e+00
6.075609492666341976e+04 1.004771016066595690e+00
6.075609518672402191e+04 1.048483557631170404e+00
6.075609544678461680e+04 1.047766224543247748e+00
6.075609570684521896e+04 9.817977294669889554e-01
6.075609596690581384e+04 1.059547153344324588e+00
6.075609622696641600e+04 1.020271666177567704e+00
6.075609648702701088e+04 1.001818930467869073e+00
6.075609674708762032e+04 1.090236872411035396e+00
6.075609700714822247e+04 1.024313899042793130e+00
6.075609726720881736e+04 1.057420048058296924e+00
6.075609752726942679e+04 9.934036038703767391e-01
6.075609778733002167e+04 9.847143069902690726e-01
6.075609804739062383e+04 1.053697421705943604e+00
6.075609830745121872e+04 9.779071558155736366e-01
6.075609856751182087e+04 9.886889858872234260e-01
6.075609882757242303e+04 1.015876198986638945e+00
6.075609908763301792e+04 9.338726058515457451e-01
6.075609934769362008e+04 9.895499271706579281e-01
6.075609960775422223e+04 1.068779875129955759e+00
6.075609986781482439e+04 1.065191772237896517e+00
6.075610012787541928e+04 1.037889055142625194e+00
6.075610038793602143e+04 1.043455058779857447e+00
6.075610064799663087e+04 9.858351389257156150e-01
6.075610090805722575e+04 9.886597633299873955e-01
6.075610116811782791e+04 1.015189828266904071e+00
6.075610142817842279e+04 1.074442139313944944e+00
6.075610168823902495e+04 1.005704749285656785e+00
6.075610194829962711e+04 1.037984096705622417e+00
6.075610220836022199e+04 1.039139323450158914e+00
6.075610246842083143e+04 1.027038754021109224e+00
6.075610272848142631e+04 9.524609444174483297e-01
6.075610298854202847e+04 9.872248857299343872e-01
6.075610324860263063e+04 1.015429258366157494e+00
6.075610350866323279e+04 1.062895383236676761e+00
6.075610376872383495e+04 1.026356256802300582e+00
6.075610402878442983e+04 9.842077133301284642e-01
6.075610428884503199e+04 1.025335973155163893e+00
6.075610454890563415e+04 9.353762757657666516e-01
6.075610480896622903e+04 1.013396813119273432e+00
6.075610506902683119e+04 1.058450747166640227e+00
6.075610532908743335e+04 1.060400826993545431e+00
6.075610558914803551e+04 9.846112672420100909e-01
6.075610584920863766e+04 9.822554962644304277e-01
6.075610610926923255e+04 9.825250230825962605e-01
6.075610636932984198e+04 1.011732142686587066e+00
6.075610662939043686e+04 1.024139085289127227e+00
6.075610688945103902e+04 1.015535601469158999e+00
6.075610714951164118e+04 1.016017301957669261e+00
6.075610740957223607e+04 1.056793529926054021e+00
6.075610766963283822e+04 1.018618436982433151e+00
6.075610792969343311e+04 9.852506403519692979e-01
6.075610818975403527e+04 1.025239112690071064e+00
6.075610844981464470e+04 1.022760417822683454e+00
6.075610870987523958e+04 1.029209651350383226e+00
6.075610896993584174e+04 1.073641810904170324e+00
6.075610922999644390e+04 1.027805635443493459e+00
6.075610949005704606e+04 1.074464210198220471e+00
6.075610975011764822e+04 9.945417705014578669e-01
6.075611001017824310e+04 1.023974993463918848e+00
6.075611027023884526e+04 9.948163121947087850e-01
6.075611053029944742e+04 9.747110933044256242e-01
6.075611079036004230e+04 1.016625040067032026e+00
6.075611105042064446e+04 9.830906106921696308e-01
6.075611131048124662e+04 9.733015975649952356e-01
6.075611157054184878e+04 9.748851635570787710e-01
6.075611183060245094e+04 1.107947842216661538e+00
6.075611209066305310e+04 1.030875227661535609e+00
6.075611235072365525e+04 1.038951479820350299e+00
6.075611261078425741e+04 1.044913933310504417e+00
6.075611287084485230e+04 9.691867690646051026e-01
6.075611313090545445e+04 9.922004179064116691e-01
6.075611339096604934e+04 1.034294110021688917e+00
6.075611365102665150e+04 9.942032148748171094e-01
6.075611391108725365e+04 1.036732337532136006e+00
6.075611417114785581e+04 1.060271911115809429e+00
6.075611443120845797e+04 1.015748430363972332e+00
6.075611469126906013e+04 1.031775810868273746e+00
6.075611495132966229e+04 1.001323014933955369e+00
6.075611521139026445e+04 9.974932426328829704e-01
6.075611547145085933e+04 9.992934469740269998e-01
6.075611573151146149e+04 1.059724921621709948e+00
6.075611599157206365e+04 1.038039107136112360e+00
6.075611625163265853e+04 9.933350962061247014e-01
6.075611651169326069e+04 1.031424339927251133e+00
6.075611677175386285e+04 9.642603648990388798e-01
6.075611703181446501e+04 1.060873241885412543e+00
6.075611729187506717e+04 1.014410605572321211e+00
6.075611755193566933e+04 9.557601597675022820e-01
6.075611781199626421e+04 1.026007938569384992e+00
6.075611807205687364e+04 9.463493226957633286e-01
6.075611833211747580e+04 1.025415832255469839e+00
6.075611859217807068e+04 9.153737777740084125e-01
6.075611885223867284e+04 1.008395769583606993e+00
6.075611911229926773e+04 1.035393638190647891e+00
6.075612077117233275e+04 1.025551755336829629e+00
6.075612103123303677e+04 9.600017762609451832e-01
6.075612129129374080e+04 1.039097349578175900e+00
6.075612155135445209e+04 1.074185923374600726e+00
6.075612181141516339e+04 9.685437110639468772e-01
6.075612207147586741e+04 1.042336755662680803e+00
6.075612233153657144e+04 9.957215354882157365e-01
6.075612259159728274e+04 1.059814269333323900e+00
6.075612285165798676e+04 9.540057449543339896e-01
6.075612311171869806e+04 1.001602567663878229e+00
6.075612337177940935e+04 9.113551694508023049e-01
6.075612363184010610e+04 1.047490602457079811e+00
6.075612389190081740e+04 9.595278366428632300e-01
6.075612415196152870e+04 1.041953672970615807e+00
6.075612441202222544e+04 1.024829883809259545e+00
6.075612467208293674e+04 1.048529831373995247e+00
6.075612493214364804e+04 1.012077298471255604e+00
6.075612519220435206e+04 9.738914419918840437e-01
6.075612545226506336e+04 1.047303314568896360e+00
6.075612571232576738e+04 1.064137349031095026e+00
6.075612597238647140e+04 9.882965694794244582e-01
6.075612623244718270e+04 9.583540624565013433e-01
6.075612649250789400e+04 1.055395816593039049e+00
6.075612675256859802e+04 9.953312014124385820e-01
6.075612701262930204e+04 1.031941767554939160e+00
6.075612727269001334e+04 1.018775964420415736e+00
6.075612753275071736e+04 9.782164360877204645e-01
6.075612779281142139e+04 9.318502254611733537e-01
6.075612805287213268e+04 1.061013109879058947e+00
6.075612831293283671e+04 9.113853446863842134e-01
6.075612857299354800e+04 1.048341546402038693e+00
6.075612883305425930e+04 1.052882914663871627e+00
6.075612909311495605e+04 1.038479905228098854e+00
6.075612935317566735e+04 1.008638132438656632e+00
6.075612961323637865e+04 1.027265052747670770e+00
6.075612987329708267e+04 9.755394901636730287e-01
6.075613013335779397e+04 9.978360947036352124e-01
6.075613039341849799e+04 9.390829619211930046e-01
6.075613065347920201e+04 1.005322744788976763e+00
6.075613091353991331e+04 1.039379096982382622e+00
6.075613117360061733e+04 1.086673704873914792e+00
6.075613143366133590e+04 9.899557639225314842e-01
6.075613169372203265e+04 9.827024619199402622e-01
6.075613195378274395e+04 1.026649496278520646e+00
6.075613221384345525e+04 1.045495833121530493e+00
6.075613247390415199e+04 9.959238398428246208e-01
6.075613273396486329e+04 9.980017511980406875e-01
6.075613299402557459e+04 1.028400977784231340e+00
6.075613325408627861e+04 1.028616035836492415e+00
6.075613351414698991e+04 1.005681760313655637e+00
6.075613377420769393e+04 1.084692699858972764e+00
6.075613403426840523e+04 9.675108096352139642e-01
6.075613429432910925e+04 9.962002613719177502e-01
6.075613455438982055e+04 9.714051816693844987e-01
6.075613481445053185e+04 1.006427664639792940e+00
6.075613507451122859e+04 1.039297112075283414e+00
6.075613533457193989e+04 1.024112961775179853e+00
6.075613559463265119e+04 9.903724999159898568e-01
6.075613585469334794e+04 1.046057163222441355e+00
6.075613611475405924e+04 9.939237019970076359e-01
6.075613637481477053e+04 1.042936293279985049e+00
6.075613663487548183e+04 1.025007485768146598e+00
6.075613689493618585e+04 1.020061938371964017e+00
6.075613715499688988e+04 9.784482078481124834e-01
6.075613741505760117e+04 1.027649116916092620e+00
6.075613767511830520e+04 1.010433746308894598e+00
6.075613793517901649e+04 1.035919750663099714e+00
6.075613819523972779e+04 9.509838366554651534e-01
6.075613845530043181e+04 1.060410006124230087e+00
6.075613871536113584e+04 1.013688231715904831e+00
6.075613897542184714e+04 1.058748382046785341e+00
6.075613923548255116e+04 9.836956742499982642e-01
6.075613949554325518e+04 1.068533775604890268e+00
6.075613975560396648e+04 9.773402607466211700e-01
6.075614001566467778e+04 1.061569659456339076e+00
6.075614027572538907e+04 1.008529141576670618e+00
6.075614053578608582e+04 1.083370493755932973e+00
6.075614079584679712e+04 9.849833141272321679e-01
6.075614105590750842e+04 1.007320707710137153e+00
6.075614131596821244e+04 1.013167514124358570e+00
6.075614157602892374e+04 9.613027700395266884e-01
6.075614183608962776e+04 1.021269893962237774e+00
6.075614209615033906e+04 1.062099282270251965e+00
6.075614235621104308e+04 9.786504578751090699e-01
6.075614261627174710e+04 1.038140815696933617e+00
6.075614287633246568e+04 9.861584395322391394e-01
6.075614313639316970e+04 9.155695873888071157e-01
6.075614339645387372e+04 9.639027258282453214e-01
6.075614365651458502e+04 1.064361663488817999e+00
6.075614391657528904e+04 1.039669274543475019e+00
6.075614417663600034e+04 9.799094668286625343e-01
6.075614443669670436e+04 1.023506961411355443e+00
6.075614469675741566e+04 1.051526880650117235e+00
6.075614495681812696e+04 9.612532569184933928e-01
6.075614521687882370e+04 9.710575068274726052e-01
6.075614547693953500e+04 9.991652846301426472e-01
6.075614573700024630e+04 9.709532788960035798e-01
6.075614599706095760e+04 9.868531739559242011e-01
6.075614625712166162e+04 9.615156768473714921e-01
6.075614651718236564e+04 1.012250323888111536e+00
6.075614677724307694e+04 9.533893785315787905e-01
6.075614703730378824e+04 1.081267534867864422e+00
6.075614729736448498e+04 1.009603448519179381e+00
6.075614755742519628e+04 1.003892924344673698e+00
6.075614781748590758e+04 9.942729815284711004e-01
6.075614807754661888e+04 1.007362690847962261e+00
6.075614833760732290e+04 1.046629676944509368e+00
6.075614859766802692e+04 1.010856351585496915e+00
6.075614885772873822e+04 9.917436411409960018e-01
6.075614911778944952e+04 1.050267960445723903e+00
