6.075585120116569306e+04 1.023601128980389019e+00
6.075585146121949219e+04 9.975433825257427056e-01
6.075585172127328406e+04 9.929779110712960710e-01
6.075585198132708319e+04 9.918529257853193615e-01
6.075585224138088233e+04 9.898014848420781941e-01
6.075585250143468147e+04 9.855609090461410204e-01
6.075585276148847333e+04 1.014553983512214819e+00
6.075585302154227247e+04 1.015853636275810379e+00
6.075585328159607161e+04 1.002248083018377089e+00
6.075585354164987803e+04 1.006961960087771946e+00
6.075585380170368444e+04 1.029704936489075573e+00
6.075585406175747630e+04 1.006419309432574627e+00
6.075585432181127544e+04 1.066083757928583786e+00
6.075585458186507458e+04 9.852773325425412398e-01
6.075585484191887372e+04 9.885988888768628691e-01
6.075585510197266558e+04 1.049136092766502992e+00
6.075585536202646472e+04 1.027264955682186898e+00
6.075585562208026386e+04 9.984681545493171440e-01
6.075585588213406299e+04 1.007208703102574932e+00
6.075585614218786213e+04 1.006221674843121860e+00
6.075585640224165400e+04 1.007117369965562670e+00
6.075585666229546041e+04 1.023456016499646015e+00
6.075585692234926682e+04 9.907772234936800260e-01
6.075585718240306596e+04 9.905726296212923332e-01
6.075585744245685783e+04 9.979323462082310137e-01
6.075585770251065696e+04 1.005204556700584062e+00
6.075585796256445610e+04 9.782585474948147786e-01
6.075585822261825524e+04 9.755683543241060462e-01
6.075585848267205438e+04 9.872596082059688083e-01
6.075585874272584624e+04 1.011892464925477464e+00
6.075585900277964538e+04 9.950953102354401780e-01
6.075585926283344452e+04 9.908866663983764145e-01
6.075585952288725093e+04 1.004564909942733397e+00
6.075585978294105735e+04 1.011123256133750647e+00
6.075586004299484921e+04 1.008581948402035300e+00
6.075586030304864835e+04 1.008556180982149719e+00
6.075586056310244749e+04 9.960085170929972032e-01
6.075586082315624662e+04 1.025830882952585288e+00
6.075586108321004576e+04 1.014788151977141784e+00
6.075586134326383763e+04 9.997494148656105306e-01
6.075586160331763676e+04 1.006860203379750462e+00
6.075586186337143590e+04 1.018427038762105719e+00
6.075586212342523504e+04 9.976528174112957448e-01
6.075586238347903418e+04 1.013855196833253425e+00
6.075586264353283332e+04 9.996229292692138113e-01
6.075586290358663973e+04 1.003213185033815735e+00
6.075586316364043887e+04 9.937982417838272520e-01
6.075586342369423801e+04 9.890707344085480912e-01
6.075586368374803715e+04 9.892441297878646900e-01
6.075586394380182901e+04 9.978257022450782721e-01
6.075586420385562815e+04 1.003991629426592924e+00
6.075586446390942729e+04 1.000265194925325396e+00
6.075586472396322642e+04 1.006614437644291815e+00
6.075586498401702556e+04 1.016407665016114681e+00
6.075586524407081743e+04 9.910399925041468716e-01
6.075586550412462384e+04 9.815986950918486054e-01
6.075586576417843025e+04 1.029363514575425409e+00
6.075586602423222939e+04 9.976822306887719316e-01
6.075586628428602853e+04 9.782818588598345411e-01
6.075586654433982039e+04 9.600768684493534710e-01
6.075586680439361953e+04 1.008729790053588093e+00
6.075586706444741867e+04 1.023998947362386058e+00
6.075586732450121781e+04 1.004531431989105661e+00
6.075586758455501695e+04 1.004187641208277304e+00
6.075586784460881609e+04 1.000989642200149854e+00
6.075586810466260795e+04 1.022505715201553311e+00
6.075586836471640709e+04 1.012382174105056709e+00
6.075586862477021350e+04 9.804657246775674295e-01
6.075586888482401991e+04 1.007902058298381087e+00
6.075586914487781905e+04 9.868436399929924052e-01
6.075586940493161092e+04 9.886555644119175978e-01
6.075586966498541005e+04 1.018785015870965927e+00
6.075586992503920919e+04 9.940834176418377188e-01
6.075587018509300833e+04 9.924849887489065603e-01
6.075587044514680747e+04 9.880902039405392578e-01
6.075587070520060661e+04 1.002111246236122799e+00
6.075587096525439847e+04 1.002538983094888758e+00
6.075587122530819761e+04 9.969844613528244803e-01
6.075587148536199675e+04 9.961652689813897954e-01
6.075587174541581044e+04 1.007693474772187514e+00
6.075587200546960958e+04 1.013661380495604059e+00
6.075587226552340871e+04 1.015693492179656987e+00
6.075587252557720058e+04 9.728987700623332735e-01
6.075587278563099972e+04 9.880546328679981061e-01
6.075587304568479885e+04 9.973984854929960342e-01
6.075587330573859799e+04 9.840140862896157303e-01
6.075587356579239713e+04 1.035039430180070719e+00
6.075587382584619627e+04 1.000687261335017064e+00
6.075587408589998813e+04 9.833763083307781594e-01
6.075587434595378727e+04 9.894234389326653778e-01
6.075587460600759368e+04 1.015911569006880955e+00
6.075587486606140010e+04 9.998616092629373231e-01
6.075587512611519924e+04 9.979509303259146424e-01
6.075587538616899838e+04 9.743785840033067913e-01
6.075587564622279751e+04 9.976771832306542409e-01
6.075587590627658938e+04 1.014031729234161405e+00
6.075587616633038851e+04 9.964304469765670191e-01
6.075587642638418765e+04 9.965776837511954866e-01
6.075587668643798679e+04 9.995413424271955005e-01
6.075587694649178593e+04 1.001028817938437010e+00
6.075587720654558507e+04 9.992350446022567612e-01
6.075587746659937693e+04 1.024880301947010963e+00
6.075587772665318334e+04 9.996344201003968255e-01
6.075587798670698976e+04 9.979472134258725591e-01
6.075587824676078890e+04 1.020763526728429849e+00
6.075587850681458804e+04 9.983843590484149377e-01
6.075587876686838717e+04 1.000459753606810942e+00
6.075587902692218631e+04 1.010072147638761519e+00
6.075587928697597818e+04 9.993337782012138293e-01
6.075587954702977731e+04 1.010580319732200749e+00
6.075588115586427011e+04 9.982511823458370959e-01
6.075588141592496686e+04 1.018936273135093495e+00
6.075588167598567088e+04 9.753848719817408419e-01
6.075588193604636763e+04 1.005308707625274467e+00
6.075588219610707165e+04 1.018177260971809162e+00
6.075588245616777567e+04 9.933446122835711822e-01
6.075588271622847242e+04 1.009862864206957811e+00
6.075588297628917644e+04 1.008190024240032123e+00
6.075588323634988046e+04 9.690738357112642642e-01
6.075588349641056993e+04 9.898066109367912313e-01
6.075588375647127395e+04 9.831158128198239643e-01
6.075588401653197798e+04 9.775854926686367019e-01
6.075588427659268200e+04 9.938284272520712115e-01
6.075588453665338602e+04 9.978569799770916626e-01
6.075588479671408277e+04 1.014821302292372218e+00
6.075588505677478679e+04 9.789431047744618919e-01
6.075588531683548354e+04 9.828025309923490438e-01
6.075588557689618756e+04 9.977371051094213739e-01
6.075588583695689158e+04 1.002352882667707057e+00
6.075588609701758833e+04 9.916329403874150072e-01
6.075588635707829235e+04 1.006965874924675930e+00
6.075588661713899637e+04 9.972520888189961852e-01
6.075588687719969312e+04 9.737255195477968472e-01
6.075588713726038986e+04 9.885721954090906927e-01
6.075588739732109389e+04 9.960339534393423122e-01
6.075588765738179791e+04 1.018888064299572127e+00
6.075588791744250193e+04 9.906769179219998556e-01
6.075588817750319868e+04 9.930929131661616616e-01
6.075588843756390270e+04 1.024366528422794076e+00
6.075588869762460672e+04 1.016501097625410965e+00
6.075588895768530347e+04 9.772994381021551380e-01
6.075588921774600749e+04 9.936847281026506273e-01
6.075588947780670424e+04 1.017730406158756429e+00
6.075588973786740826e+04 1.005143820701715374e+00
6.075588999792811228e+04 9.889574441988954190e-01
6.075589025798880903e+04 1.006955736465726670e+00
6.075589051804952032e+04 9.832426140039054463e-01
6.075589077811021707e+04 9.941478239670584749e-01
6.075589103817091382e+04 9.888638073592419531e-01
6.075589129823161784e+04 1.009820242667837986e+00
6.075589155829231458e+04 9.682832681137421016e-01
6.075589181835301861e+04 1.012865446536650005e+00
6.075589207841372263e+04 9.922378490969842035e-01
6.075589233847442665e+04 9.751614405879974745e-01
6.075589259853513067e+04 1.031584204505156199e+00
6.075589285859582742e+04 9.520080339863402630e-01
6.075589311865652417e+04 9.799396700142783967e-01
6.075589337871722819e+04 9.936771840756979390e-01
6.075589363877793221e+04 9.873757404550184136e-01
6.075589389883863623e+04 9.853062046170741883e-01
6.075589415889933298e+04 1.000209910327862550e+00
6.075589441896003700e+04 9.971223792705857791e-01
6.075589467902074102e+04 1.005276682852171311e+00
6.075589493908143777e+04 1.015089038447688496e+00
6.075589519914213452e+04 9.908109472029941189e-01
6.075589545920283854e+04 9.975034409062988328e-01
6.075589571926354256e+04 1.009012959134225840e+00
6.075589597932424658e+04 9.827814799455025785e-01
6.075589623938494333e+04 1.024983039722404676e+00
6.075589649944564735e+04 9.928126774508713170e-01
6.075589675950635137e+04 1.012450779944190637e+00
6.075589701956705539e+04 1.005673243345062806e+00
6.075589727962775942e+04 9.966299027822770329e-01
6.075589753968844889e+04 1.007397118796409696e+00
6.075589779974915291e+04 9.785374097804649951e-01
6.075589805980985693e+04 9.920485828582557009e-01
6.075589831987055368e+04 1.018128751691116607e+00
6.075589857993125770e+04 1.014185965352598418e+00
6.075589883999196172e+04 9.991388679066162126e-01
6.075589910005266574e+04 9.802315925961334608e-01
6.075589936011336977e+04 9.674462593861760107e-01
6.075589962017406651e+04 9.967859216416020685e-01
6.075589988023477054e+04 1.020680769680944122e+00
6.075590014029546728e+04 9.901409337352550244e-01
6.075590040035617130e+04 1.006845743969579043e+00
6.075590066041687533e+04 9.924470183063878181e-01
6.075590092047757207e+04 9.902032340043163128e-01
6.075590118053827609e+04 1.000979054012646419e+00
6.075590144059898012e+04 9.950158405895750402e-01
6.075590170065967686e+04 1.007033713659915009e+00
6.075590196072038816e+04 9.815814496833613623e-01
6.075590222078108491e+04 9.861023224776050977e-01
6.075590248084178893e+04 1.003510299614862822e+00
6.075590274090249295e+04 9.932784874669440267e-01
6.075590300096318242e+04 9.850540341199404137e-01
6.075590326102388644e+04 9.772221452148105447e-01
6.075590352108459047e+04 9.964510507031069109e-01
6.075590378114529449e+04 1.001669092438583153e+00
6.075590404120599851e+04 1.016218109758427079e+00
6.075590430126669526e+04 9.999817970147049095e-01
6.075590456132739928e+04 1.007679609680148802e+00
6.075590482138810330e+04 9.834115664125854250e-01
6.075590508144880732e+04 1.004189114145258799e+00
6.075590534150951135e+04 1.005791772884040869e+00
6.075590560157020809e+04 9.918266182400629072e-01
6.075590586163091211e+04 1.010201177799746830e+00
6.075590612169160886e+04 9.802197584786276341e-01
6.075590638175230561e+04 9.808267423452163847e-01
6.075590664181300963e+04 9.746788765261088505e-01
6.075590690187371365e+04 9.953961384984040262e-01
6.075590716193441767e+04 9.731018866635079423e-01
6.075590742199512169e+04 9.935046577224320163e-01
6.075590768205581844e+04 9.908225691439267457e-01
6.075590794211652246e+04 1.005188569696217726e+00
6.075590820217722649e+04 1.016380358043243115e+00
6.075590846223793051e+04 9.731154202302435552e-01
6.075590872229863453e+04 1.003388310887024071e+00
6.075590898235933128e+04 9.889170162541038867e-01
6.075590924242003530e+04 9.969183741291149925e-01
6.075590950248073932e+04 9.985666287046675027e-01
6.075591106051386305e+04 9.907824027724532190e-01
6.075591132057445793e+04 9.909252484329224009e-01
6.075591158063505281e+04 1.009490774727039186e+00
6.075591184069564770e+04 9.950663601562276250e-01
6.075591210075624258e+04 9.601048774980812661e-01
6.075591236081683746e+04 9.728209904047775414e-01
6.075591262087743235e+04 9.951696411725718949e-01
6.075591288093802723e+04 1.016968535476068469e+00
6.075591314099862211e+04 1.001931260563015069e+00
6.075591340105922427e+04 9.840018649422211938e-01
6.075591366111981915e+04 9.920060258646309359e-01
6.075591392118041404e+04 1.010727812721169405e+00
6.075591418124100892e+04 1.026671409878040730e+00
6.075591444130160380e+04 9.704126839513198544e-01
6.075591470136219868e+04 9.854604124965432588e-01
6.075591496142279357e+04 9.875826649900133480e-01
6.075591522148338845e+04 1.010615535300541268e+00
6.075591548154399061e+04 9.761066700691924947e-01
6.075591574160458549e+04 9.818243037778867643e-01
6.075591600166518037e+04 9.888855910865598231e-01
6.075591626172577526e+04 1.001483585172635804e+00
6.075591652178637742e+04 9.808997041403192396e-01
6.075591678184697230e+04 9.990973793564315031e-01
6.075591704190756718e+04 1.000660239542836338e+00
6.075591730196816206e+04 9.939292727745419054e-01
6.075591756202875695e+04 9.523037040526077801e-01
6.075591782208935183e+04 9.806855035498782680e-01
6.075591808214994671e+04 1.022306474846088609e+00
6.075591834221054160e+04 9.812394121585780171e-01
6.075591860227113648e+04 9.762199725469429268e-01
6.075591886233173136e+04 1.014503775795071006e+00
6.075591912239232624e+04 1.024618377512165557e+00
6.075591938245292840e+04 9.678888080844260111e-01
6.075591964251352329e+04 9.968027428771285559e-01
6.075591990257411817e+04 9.466933488501537708e-01
6.075592016263471305e+04 1.025392299852416533e+00
6.075592042269530793e+04 9.902793502153248717e-01
6.075592068275590282e+04 1.020401447055821809e+00
6.075592094281649770e+04 9.892130012682196494e-01
6.075592120287709986e+04 9.890225915516128730e-01
6.075592146293769474e+04 9.852528835220017989e-01
6.075592172299828962e+04 9.990853928278373708e-01
6.075592198305888451e+04 9.980407276675601347e-01
6.075592224311948667e+04 1.004629384800330483e+00
6.075592250318008155e+04 9.868055185986395195e-01
6.075592276324067643e+04 1.013325468711214317e+00
6.075592302330127131e+04 9.959567670654611016e-01
6.075592328336186620e+04 9.893735880927403414e-01
6.075592354342246108e+04 9.846124533410678392e-01
6.075592380348305596e+04 1.012272477574746254e+00
6.075592406354365812e+04 9.944806987779051255e-01
6.075592432360425300e+04 9.820057565739092054e-01
6.075592458366484789e+04 9.892651253614774820e-01
6.075592484372544277e+04 9.837590974179784009e-01
6.075592510378604493e+04 9.968427211494030882e-01
6.075592536384663981e+04 9.941960504904739926e-01
6.075592562390723469e+04 1.006434868972561292e+00
6.075592588396782958e+04 1.008517603425630460e+00
6.075592614402842446e+04 9.851137645926795194e-01
6.075592640408901934e+04 1.009969462282639396e+00
6.075592666414961423e+04 9.928669425443290564e-01
6.075592692421020911e+04 9.934844635872500662e-01
6.075592718427081127e+04 9.942653502302607471e-01
6.075592744433140615e+04 1.008357471809516737e+00
6.075592770439200103e+04 9.673250231379872943e-01
6.075592796445260319e+04 9.982954102104163452e-01
6.075592822451319807e+04 9.784647310104970241e-01
6.075592848457379296e+04 9.936857254003395035e-01
6.075592874463438784e+04 9.981886132198539707e-01
6.075592900469498272e+04 9.864657438972540549e-01
6.075592926475557761e+04 1.019916986353768484e+00
6.075592952481617249e+04 9.844845365989488561e-01
6.075592978487676737e+04 9.950744424916464492e-01
6.075593004493736953e+04 9.651494601986861932e-01
6.075593030499796441e+04 9.811483207264256601e-01
6.075593056505855930e+04 9.889910894987078427e-01
6.075593082511916145e+04 9.733173676841089250e-01
6.075593108517975634e+04 9.886950210363587566e-01
6.075593134524035122e+04 9.923768389803419021e-01
6.075593160530094610e+04 9.978888419467377702e-01
6.075593186536154099e+04 1.020499322609873971e+00
6.075593212542213587e+04 9.850219306315037837e-01
6.075593238548273075e+04 9.821236810657772986e-01
6.075593264554332563e+04 1.006364713035726943e+00
6.075593290560392779e+04 9.804814415413937168e-01
6.075593316566452268e+04 9.923055979528437875e-01
6.075593342572511756e+04 1.005234056780838214e+00
6.075593368578571244e+04 9.756252195276369221e-01
6.075593394584631460e+04 9.816559674950839920e-01
6.075593420590690948e+04 1.005932091091656266e+00
6.075593446596750437e+04 9.545905449858707037e-01
6.075593472602809925e+04 1.011539029367180431e+00
6.075593498608869413e+04 9.995956120330448114e-01
6.075593524614928901e+04 9.938923353071622557e-01
6.075593550620988390e+04 1.009582462959349947e+00
6.075593576627048606e+04 1.007377861892011728e+00
6.075593602633108094e+04 9.972875595570354079e-01
6.075593628639167582e+04 1.003863736392939909e+00
6.075593654645227070e+04 9.741799086334211877e-01
6.075593680651287286e+04 9.924977657613389681e-01
6.075593706657346775e+04 1.004304421640648259e+00
6.075593732663406263e+04 9.769754039631981524e-01
6.075593758669465751e+04 9.777112837734753814e-01
6.075593784675525239e+04 9.901357659676137679e-01
6.075593810681584728e+04 1.001841242029532397e+00
6.075593836687644216e+04 1.005925568878312859e+00
6.075593862693704432e+04 9.934522543606415512e-01
6.075593888699763920e+04 9.970112594170025266e-01
6.075593914705823408e+04 1.026170227432131599e+00
6.075593940711883624e+04 9.799394459962291748e-01
6.075594106598430517e+04 1.007318683253061398e+00
6.075594132604500919e+04 9.962233402912442637e-01
6.075594158610571321e+04 1.000370759879984250e+00
6.075594184616640996e+04 1.015490199014299932e+00
6.075594210622711398e+04 1.008337064733013877e+00
6.075594236628781800e+04 1.000450847704287716e+00
6.075594262634852203e+04 9.945768604698197457e-01
6.075594288640922605e+04 9.968626486671497977e-01
6.075594314646992279e+04 9.981822119669829796e-01
6.075594340653063409e+04 9.904528142137167812e-01
6.075594366659133811e+04 9.867377342560658127e-01
6.075594392665203486e+04 9.971473189189532516e-01
6.075594418671273888e+04 9.967354504497432099e-01
6.075594444677344291e+04 1.002157022097073913e+00
6.075594470683414693e+04 9.769381632638979296e-01
6.075594496689485095e+04 1.013232693523383077e+00
6.075594522695554770e+04 1.010080324182899059e+00
6.075594548701625172e+04 9.894096893444029872e-01
6.075594574707695574e+04 9.702037444662777732e-01
6.075594600713765976e+04 1.000729605784123732e+00
6.075594626719836378e+04 9.832957459737077244e-01
6.075594652725906053e+04 9.832199438001725245e-01
6.075594678731976455e+04 1.000987951751062255e+00
6.075594704738046858e+04 9.981369624839928623e-01
6.075594730744116532e+04 9.910669107325678073e-01
6.075594756750187662e+04 9.716037706842843846e-01
6.075594782756257337e+04 9.685879103886809727e-01
6.075594808762328466e+04 9.880556432603069261e-01
6.075594834768398869e+04 9.775119783895176440e-01
6.075594860774468543e+04 9.953444966525799575e-01
6.075594886780538945e+04 1.001820313109002436e+00
6.075594912786609348e+04 1.002490082761339663e+00
6.075594938792679750e+04 9.840404766837685946e-01
6.075594964798750152e+04 9.829803519280403412e-01
6.075594990804819827e+04 9.737803071739590255e-01
6.075595016810890229e+04 9.927429123724866855e-01
6.075595042816960631e+04 9.850344574797517128e-01
6.075595068823031033e+04 1.022541164290711846e+00
6.075595094829101436e+04 1.009017371390595663e+00
6.075595120835171110e+04 9.898241007501719091e-01
6.075595146841241512e+04 9.698885066512725750e-01
6.075595172847312642e+04 9.882373497057010958e-01
6.075595198853382317e+04 9.958743648843059182e-01
6.075595224859452719e+04 9.791515907657584172e-01
6.075595250865523121e+04 1.004763333794445712e+00
6.075595276871593524e+04 9.686266285937378262e-01
6.075595302877663926e+04 9.867020965557683487e-01
6.075595328883733600e+04 9.883235734074991008e-01
6.075595354889804003e+04 9.783392813580340519e-01
6.075595380895874405e+04 9.863783238349740357e-01
6.075595406901944807e+04 9.906054063330168580e-01
6.075595432908015209e+04 9.769261000803675099e-01
6.075595458914084884e+04 9.830044319817771159e-01
6.075595484920156014e+04 1.002077004770410840e+00
6.075595510926226416e+04 9.871139525987419061e-01
6.075595536932296091e+04 1.016457558826282748e+00
6.075595562938366493e+04 9.848789900468498670e-01
6.075595588944436895e+04 9.940900898329531055e-01
6.075595614950507297e+04 1.014286419633899650e+00
6.075595640956577699e+04 9.804492830676069248e-01
6.075595666962647374e+04 9.920198209989929961e-01
6.075595692968717776e+04 9.960852844967361674e-01
6.075595718974788178e+04 1.002303534501894466e+00
6.075595744980858581e+04 9.808501597442317310e-01
6.075595770986929710e+04 9.918436001022777893e-01
6.075595796992999385e+04 9.827407067439374311e-01
6.075595822999069787e+04 1.005256748910427378e+00
6.075595849005140190e+04 9.912156464325397875e-01
6.075595875011209864e+04 9.772564105733886342e-01
6.075595901017280994e+04 1.015477242119175560e+00
6.075595927023350669e+04 1.006418070766158301e+00
6.075595953029421071e+04 1.000161833941076495e+00
6.075595979035491473e+04 9.972988898021567516e-01
6.075596005041561148e+04 9.806087609192315480e-01
6.075596031047632277e+04 1.015561556972479185e+00
6.075596057053702680e+04 9.885773206365117138e-01
6.075596083059773082e+04 1.011745202853064018e+00
6.075596109065843484e+04 9.956662092611244796e-01
6.075596135071913159e+04 9.683785064016244837e-01
6.075596161077983561e+04 9.887419606460413624e-01
6.075596187084053963e+04 9.982836239018241242e-01
6.075596213090124365e+04 1.003541187739454665e+00
6.075596239096194768e+04 9.988979762935595863e-01
6.075596265102265170e+04 9.733145011517609912e-01
6.075596291108335572e+04 9.936947262434474570e-01
6.075596317114405974e+04 9.965522521549747825e-01
6.075596343120475649e+04 9.846782922039649666e-01
6.075596369126546051e+04 1.042375703323186187e+00
6.075596395132616453e+04 1.000941342193037098e+00
6.075596421138686856e+04 9.653742353283721878e-01
6.075596447144757258e+04 9.890182601496123604e-01
6.075596473150827660e+04 9.851522896641390359e-01
6.075596499156898062e+04 1.004684138938006344e+00
6.075596525162968464e+04 9.698705508418526966e-01
6.075596551169038867e+04 1.002672076311641014e+00
6.075596577175109269e+04 9.876180272450760800e-01
6.075596603181178943e+04 9.982302610871869319e-01
6.075596629187249346e+04 1.013581667685001575e+00
6.075596655193319748e+04 1.002087549872798578e+00
6.075596681199390150e+04 1.013418081080898370e+00
6.075596707205460552e+04 9.994160531964344507e-01
6.075596733211530955e+04 9.871797357837075459e-01
6.075596759217601357e+04 9.993031297914104494e-01
6.075596785223671759e+04 1.001364645217208249e+00
6.075596811229741434e+04 9.728196913063866802e-01
6.075596837235811836e+04 1.000710202283239703e+00
6.075596863241882238e+04 1.007482305443962778e+00
6.075596889247953368e+04 9.598387891067063915e-01
6.075596915254023770e+04 9.774239022293313983e-01
6.075596941260093445e+04 9.878140686533922743e-01
6.075597102105359954e+04 9.924807388676382125e-01
6.075597128111420170e+04 9.969315131089505622e-01
6.075597154117479658e+04 9.999472009826457786e-01
6.075597180123539147e+04 9.850373160480385692e-01
6.075597206129598635e+04 9.918989467993357678e-01
6.075597232135658123e+04 9.868316287303581236e-01
6.075597258141718339e+04 1.004811952033400901e+00
6.075597284147777827e+04 9.761719618581985447e-01
6.075597310153837316e+04 9.710255239223415380e-01
6.075597336159897532e+04 9.785965500995086330e-01
6.075597362165957020e+04 1.004726525259798775e+00
6.075597388172016508e+04 9.936350922578114364e-01
6.075597414178077452e+04 1.006485911885199869e+00
6.075597440184136940e+04 1.013885703138003969e+00
6.075597466190196428e+04 9.862134074758066582e-01
6.075597492196255916e+04 9.776994090298329887e-01
6.075597518202315405e+04 9.901602356170062791e-01
6.075597544208374893e+04 9.849883624638446911e-01
6.075597570214434381e+04 9.850852548726233282e-01
6.075597596220494597e+04 1.006644663981922649e+00
6.075597622226554813e+04 9.831465358008470989e-01
6.075597648232614301e+04 9.944904085907674274e-01
6.075597674238673790e+04 9.830556273739066153e-01
6.075597700244734006e+04 1.003255645315775269e+00
6.075597726250793494e+04 9.868149802500389978e-01
6.075597752256853710e+04 9.955997647008583140e-01
6.075597778262913198e+04 9.759920715296050986e-01
6.075597804268972686e+04 9.897882019108938945e-01
6.075597830275032175e+04 1.005107469227053185e+00
6.075597856281091663e+04 1.012749289431271293e+00
6.075597882287151151e+04 9.922976148008293418e-01
6.075597908293212095e+04 9.994273715286333681e-01
6.075597934299271583e+04 9.900215397936545925e-01
6.075597960305331071e+04 9.873080369464244388e-01
6.075597986311390559e+04 9.750314333960684587e-01
6.075598012317450775e+04 1.017317353142078717e+00
6.075598038323510264e+04 9.814606741489709796e-01
6.075598064329570479e+04 9.709432283408204745e-01
6.075598090335629968e+04 9.968179384181272695e-01
6.075598116341689456e+04 9.990927512416134526e-01
6.075598142347748944e+04 9.968622682944702218e-01
6.075598168353808433e+04 9.865350058111896914e-01
6.075598194359869376e+04 9.912057182221920559e-01
6.075598220365928864e+04 1.007309539864470471e+00
6.075598246371988353e+04 9.782543966653426404e-01
6.075598272378047841e+04 9.842154692526541293e-01
6.075598298384108057e+04 9.867656628682982545e-01
6.075598324390167545e+04 1.006067842932475420e+00
6.075598350396227761e+04 9.855342991961437704e-01
6.075598376402287249e+04 9.941185835291221906e-01
6.075598402408346738e+04 9.799920657417264813e-01
6.075598428414406226e+04 1.003640899690526611e+00
6.075598454420465714e+04 9.792624634881429424e-01
6.075598480426526658e+04 1.009062269637617915e+00
6.075598506432586146e+04 9.936250960999134518e-01
6.075598532438645634e+04 1.006447294521959135e+00
6.075598558444705122e+04 9.914730745911658483e-01
6.075598584450765338e+04 9.838474759218929222e-01
6.075598610456825554e+04 9.754076416054375809e-01
6.075598636462885042e+04 9.849033626953387355e-01
6.075598662468944531e+04 1.003971818501635749e+00
6.075598688475004019e+04 9.816925838066684618e-01
6.075598714481063507e+04 9.697460784109367404e-01
6.075598740487123723e+04 9.950999382965135531e-01
6.075598766493183211e+04 1.012948988822214069e+00
6.075598792499243427e+04 9.642137064736816532e-01
6.075598818505302916e+04 1.012297597240877201e+00
6.075598844511362404e+04 9.885524961015305090e-01
6.075598870517423347e+04 9.897684796076432479e-01
6.075598896523482836e+04 9.890034180694102783e-01
6.075598922529542324e+04 9.976013029885014705e-01
6.075598948535601812e+04 9.856321882610301621e-01
6.075598974541661300e+04 9.838341691879608497e-01
6.075599000547721516e+04 9.880608351063623340e-01
6.075599026553781005e+04 9.906815051556333573e-01
6.075599052559840493e+04 9.641061976972873371e-01
6.075599078565900709e+04 9.983171855560152297e-01
6.075599104571960197e+04 1.021002163532528595e+00
6.075599130578020413e+04 9.970983118869031214e-01
6.075599156584080629e+04 9.893248454461915919e-01
6.075599182590140117e+04 9.988919940964674504e-01
6.075599208596199605e+04 9.946379603532004010e-01
6.075599234602259094e+04 9.731660150105343465e-01
6.075599260608319310e+04 1.006067567509918215e+00
6.075599286614378798e+04 9.867187744117500436e-01
6.075599312620438286e+04 9.827733971861881690e-01
6.075599338626497774e+04 9.924357546517290629e-01
6.075599364632558718e+04 9.884342841249494915e-01
6.075599390638618206e+04 9.972922784390556572e-01
6.075599416644677694e+04 1.001217392088077585e+00
6.075599442650737910e+04 9.809221575667957937e-01
6.075599468656797399e+04 1.018799732428822935e+00
6.075599494662857614e+04 9.960837773230070136e-01
6.075599520668917103e+04 9.916989801573852237e-01
6.075599546674976591e+04 1.002939736269403248e+00
6.075599572681036079e+04 9.925000346537126150e-01
6.075599598687096295e+04 9.639662393007675245e-01
6.075599624693155783e+04 1.003152257763139321e+00
6.075599650699215999e+04 9.978496476024417694e-01
6.075599676705275488e+04 9.881848275609198540e-01
6.075599702711334976e+04 9.775608132164546049e-01
6.075599728717395192e+04 1.007623859252845699e+00
6.075599754723455408e+04 9.897148958330328483e-01
6.075599780729514896e+04 9.814356510745534390e-01
6.075599806735574384e+04 1.002329537117564229e+00
6.075599832741634600e+04 9.864582453518908611e-01
6.075599858747694088e+04 9.835143593548858476e-01
6.075599884753753577e+04 1.003216404980202814e+00
6.075599910759813065e+04 9.925816075566941121e-01
6.075599936765874008e+04 9.968357569810458729e-01
6.075600091310295102e+04 1.031331023033498884e+00
6.075600117316365504e+04 9.855342528460706575e-01
6.075600143322435179e+04 1.004964862806017489e+00
6.075600169328505581e+04 1.019083802284284079e+00
6.075600195334576711e+04 9.917931898034301197e-01
6.075600221340647113e+04 1.001997007656498351e+00
6.075600247346717515e+04 9.965438081665236592e-01
6.075600273352787190e+04 9.998478067305872630e-01
6.075600299358858319e+04 9.853146500944577335e-01
6.075600325364928722e+04 9.938864453698872392e-01
6.075600351370998396e+04 9.922083063469041564e-01
6.075600377377069526e+04 1.004131040137959063e+00
6.075600403383139928e+04 9.977814824378952174e-01
6.075600429389210331e+04 1.034243310911133085e+00
6.075600455395280733e+04 1.021312621685769306e+00
6.075600481401350407e+04 1.005342493264173021e+00
6.075600507407421537e+04 1.025589183208871269e+00
6.075600533413491939e+04 9.946859484936970697e-01
6.075600559419562342e+04 1.009392241100510068e+00
6.075600585425632744e+04 9.958205584800708943e-01
6.075600611431703146e+04 1.009599318204926988e+00
6.075600637437773548e+04 1.001449130883214078e+00
6.075600663443843951e+04 9.884156460421016366e-01
6.075600689449914353e+04 9.647377504216957389e-01
6.075600715455985483e+04 9.885748715206060799e-01
6.075600741462055157e+04 1.012869384737151490e+00
6.075600767468125559e+04 1.001612717286016974e+00
6.075600793474195962e+04 1.008345435443971594e+00
6.075600819480266364e+04 9.935284950630424161e-01
6.075600845486336766e+04 1.006841509130515622e+00
6.075600871492407168e+04 1.020230149775590123e+00
6.075600897498478298e+04 1.028505221014290427e+00
6.075600923504548700e+04 9.807028991419449726e-01
6.075600949510618375e+04 1.016298874118009232e+00
6.075600975516688777e+04 9.964286442035370506e-01
6.075601001522759907e+04 9.937474950628127912e-01
6.075601027528830309e+04 1.015529223931350700e+00
6.075601053534900711e+04 9.950939949913227833e-01
6.075601079540970386e+04 9.970854145896845822e-01
6.075601105547041516e+04 1.022765996036836933e+00
6.075601131553111918e+04 1.014380665511799728e+00
6.075601157559181593e+04 1.033255017144047994e+00
6.075601183565252722e+04 9.921280918361601309e-01
6.075601209571323125e+04 9.961187275744672887e-01
6.075601235577393527e+04 9.961766427994181994e-01
6.075601261583463929e+04 1.004708452214436498e+00
6.075601287589534331e+04 1.022389331260503242e+00
6.075601313595604734e+04 9.887110848172975253e-01
6.075601339601675136e+04 9.940613507475224431e-01
6.075601365607746266e+04 9.988698924840271332e-01
6.075601391613816668e+04 1.014643444805183981e+00
6.075601417619886342e+04 9.976821672818223519e-01
6.075601443625956745e+04 1.012297910759223818e+00
6.075601469632027874e+04 1.002498667437715207e+00
6.075601495638097549e+04 9.907146781693958459e-01
6.075601521644168679e+04 1.004039903275042001e+00
6.075601547650239081e+04 9.937089502695788390e-01
6.075601573656309483e+04 1.003279671904202752e+00
6.075601599662379886e+04 1.004833285756654648e+00
6.075601625668450288e+04 1.007224546898559225e+00
6.075601651674520690e+04 9.769107622214630027e-01
6.075601677680591092e+04 1.002796097109596163e+00
6.075601703686661494e+04 9.927140281283390877e-01
6.075601729692732624e+04 9.950264406916955462e-01
6.075601755698802299e+04 9.804299222265083769e-01
6.075601781704872701e+04 1.006897183460614853e+00
6.075601807710943831e+04 1.042123125526609462e+00
6.075601833717014233e+04 1.007473309015300300e+00
6.075601859723084635e+04 9.858710279824843825e-01
6.075601885729155038e+04 9.949591334735948811e-01
6.075601911735225440e+04 9.968576630635348490e-01
6.075601937741295842e+04 9.920934985835097031e-01
6.075601963747365517e+04 9.850461542070115817e-01
6.075601989753436646e+04 9.672228703197001121e-01
6.075602015759507049e+04 9.813557478972760872e-01
6.075602041765577451e+04 1.011348450907221919e+00
6.075602067771648581e+04 9.987600585852829393e-01
6.075602093777718255e+04 1.005952310318866560e+00
6.075602119783788658e+04 9.861593283788083752e-01
6.075602145789859787e+04 1.008974594422461513e+00
6.075602171795930190e+04 1.016078527556564470e+00
6.075602197802000592e+04 1.001443877904772073e+00
6.075602223808070994e+04 1.004392508569720954e+00
6.075602249814141396e+04 1.027339577909357482e+00
6.075602275820211798e+04 9.836872090459555240e-01
6.075602301826282201e+04 9.835058056163199502e-01
6.075602327832352603e+04 1.028222590981801021e+00
6.075602353838423005e+04 9.897209932214848793e-01
6.075602379844494135e+04 1.004958309898991597e+00
6.075602405850564537e+04 9.724241479687977252e-01
6.075602431856634212e+04 9.958458904659556188e-01
6.075602457862704614e+04 1.014162056824673197e+00
6.075602483868775744e+04 9.859857388902044661e-01
6.075602509874846146e+04 1.001653091255810590e+00
6.075602535880916548e+04 1.009814478369183810e+00
6.075602561886986950e+04 1.000019259560494422e+00
6.075602587893057353e+04 9.860408880455449054e-01
6.075602613899127755e+04 1.007303541334004793e+00
6.075602639905198885e+04 9.949200330415340909e-01
6.075602665911269287e+04 1.005464744354350959e+00
6.075602691917338962e+04 1.006040879501345353e+00
6.075602717923410091e+04 1.001812739941520425e+00
6.075602743929480494e+04 9.935938447080843172e-01
6.075602769935550168e+04 9.818197421772127953e-01
6.075602795941621298e+04 1.007138166153791259e+00
6.075602821947691700e+04 1.011693799810948535e+00
6.075602847953762102e+04 9.997205909209508912e-01
6.075602873959833232e+04 1.009979156359796404e+00
6.075602899965902907e+04 9.936578189475553380e-01
6.075602925971973309e+04 9.867079451115559063e-01
6.075603093119423283e+04 9.995775379433980978e-01
6.075603119125482772e+04 1.007536137639705398e+00
6.075603145131542988e+04 9.929347923196173431e-01
6.075603171137602476e+04 9.977029214805653856e-01
6.075603197143662692e+04 9.910414672328764496e-01
6.075603223149722908e+04 1.010386896051169936e+00
6.075603249155782396e+04 1.027824261783243820e+00
6.075603275161842612e+04 1.011456282889980463e+00
6.075603301167902100e+04 9.929265621588160284e-01
6.075603327173962316e+04 9.898958000274199476e-01
6.075603353180022532e+04 9.839760887145266866e-01
6.075603379186082020e+04 1.003315205954646627e+00
6.075603405192141508e+04 9.911873088792458875e-01
6.075603431198201724e+04 9.997234991388506131e-01
6.075603457204261213e+04 1.007699310036859641e+00
6.075603483210320701e+04 1.002472404653228066e+00
6.075603509216381644e+04 1.021733163456080895e+00
6.075603535222441133e+04 1.008979447686489284e+00
6.075603561228501349e+04 9.895389862016541471e-01
6.075603587234560837e+04 1.009486570405603079e+00
6.075603613240621053e+04 1.001672164745071925e+00
6.075603639246681269e+04 9.974823086687023554e-01
6.075603665252740757e+04 9.864397286647190732e-01
6.075603691258800245e+04 1.010417197912165665e+00
6.075603717264860461e+04 1.003408036372394285e+00
6.075603743270919949e+04 1.011371860443845971e+00
6.075603769276979438e+04 1.003787285984979016e+00
6.075603795283040381e+04 1.009050512925836696e+00
6.075603821289099869e+04 9.732640635975511323e-01
6.075603847295160085e+04 9.994740780136430747e-01
6.075603873301219573e+04 1.018205739099871554e+00
6.075603899307279789e+04 1.006692534173128317e+00
6.075603925313340005e+04 1.013942910642379847e+00
6.075603951319399494e+04 9.857794779220333536e-01
6.075603977325458982e+04 1.008639297705257398e+00
6.075604003331519198e+04 1.011609281198793120e+00
6.075604029337578686e+04 1.015027170906006804e+00
6.075604055343638902e+04 9.985148761437825371e-01
6.075604081349698390e+04 1.006310066225060140e+00
6.075604107355758606e+04 1.048156217276912328e+00
6.075604133361818822e+04 1.010170156266106734e+00
6.075604159367878310e+04 1.005064079893679851e+00
6.075604185373938526e+04 1.005889261589286710e+00
6.075604211379998742e+04 1.001495353389808551e+00
6.075604237386058230e+04 1.013510340035016055e+00
6.075604263392118446e+04 1.005813840693395633e+00
6.075604289398177934e+04 9.987077389375765835e-01
6.075604315404237423e+04 1.010365276965076164e+00
6.075604341410297639e+04 1.008223024556788916e+00
6.075604367416357127e+04 9.942075243123075223e-01
6.075604393422418070e+04 9.929263345435224153e-01
6.075604419428477559e+04 9.921933532908246978e-01
6.075604445434537047e+04 1.002277859330119592e+00
6.075604471440597990e+04 9.975426991588661751e-01
6.075604497446657479e+04 9.987294759781609743e-01
6.075604523452717694e+04 9.985500837819075715e-01
6.075604549458777183e+04 1.011957448571510820e+00
6.075604575464836671e+04 1.010808666912781373e+00
6.075604601470896887e+04 1.005732001718575797e+00
6.075604627476956375e+04 1.005939275060933724e+00
6.075604653483016591e+04 9.793680666801650725e-01
6.075604679489076807e+04 1.007693797760797150e+00
6.075604705495136295e+04 1.000387102327709110e+00
6.075604731501196511e+04 9.985485290162580130e-01
6.075604757507256727e+04 1.009238165265751830e+00
6.075604783513316943e+04 9.926647406563412490e-01
6.075604809519376431e+04 1.018708012939433027e+00
6.075604835525435919e+04 9.982059280914229449e-01
6.075604861531496135e+04 1.013013292790847286e+00
6.075604887537555624e+04 9.819994530917796061e-01
6.075604913543615839e+04 1.008504439883374904e+00
6.075604939549675328e+04 1.008849485511362332e+00
6.075604965555735544e+04 1.015222538599217517e+00
6.075604991561795759e+04 9.735518368708255821e-01
6.075605017567855248e+04 1.004628716604281102e+00
6.075605043573915464e+04 1.008787219165226956e+00
6.075605069579975680e+04 9.860919304925823692e-01
6.075605095586035168e+04 1.026500655375361282e+00
6.075605121592095384e+04 9.957998552585395347e-01
6.075605147598154872e+04 9.985300089889121988e-01
6.075605173604215088e+04 1.016568663240189130e+00
6.075605199610274576e+04 1.003083419806181098e+00
6.075605225616334792e+04 1.011854571951636528e+00
6.075605251622395008e+04 9.954383442478269561e-01
6.075605277628454496e+04 1.004864317890648895e+00
6.075605303634514712e+04 9.919790659842899760e-01
6.075605329640574200e+04 1.005457400527321798e+00
6.075605355646635144e+04 9.980669839588097725e-01
6.075605381652694632e+04 9.850913470389217608e-01
6.075605407658754848e+04 1.021445085522151075e+00
6.075605433664814336e+04 1.017367078897236876e+00
6.075605459670873825e+04 1.024115563359008885e+00
6.075605485676934040e+04 9.960770805485519297e-01
6.075605511682993529e+04 1.011178758943184208e+00
6.075605537689054472e+04 1.012859058302020721e+00
6.075605563695113960e+04 9.995102933529316225e-01
6.075605589701174176e+04 9.830262952018229416e-01
6.075605615707233665e+04 1.003493298936808609e+00
6.075605641713293880e+04 1.007101678137863443e+00
6.075605667719354096e+04 1.012650252054401179e+00
6.075605693725413585e+04 9.950059531035688742e-01
6.075605719731473800e+04 1.009624590311605008e+00
6.075605745737533289e+04 1.014520025508772072e+00
6.075605771743593505e+04 1.002061173040974307e+00
6.075605797749652993e+04 9.853204102875441350e-01
6.075605823755713209e+04 9.927645293800434478e-01
6.075605849761773425e+04 1.017445906398546152e+00
6.075605875767832913e+04 1.015451139119536439e+00
6.075605901773893129e+04 1.031919223732572943e+00
6.075605927779953345e+04 9.822445134724950844e-01
6.075606082322710427e+04 1.007128759683758590e+00
6.075606108328780829e+04 1.018737940970570133e+00
6.075606134334851231e+04 1.032618979844786899e+00
6.075606160340922361e+04 9.963602438359833169e-01
6.075606186346992035e+04 9.930212335230744758e-01
6.075606212353063165e+04 9.879867177910451881e-01
6.075606238359133567e+04 9.943456458000824449e-01
6.075606264365204697e+04 1.036019644331867884e+00
6.075606290371275099e+04 9.963029049978807672e-01
6.075606316377345502e+04 9.928891082704712767e-01
6.075606342383415904e+04 1.006683932906466294e+00
6.075606368389486306e+04 1.011117126064609906e+00
6.075606394395557436e+04 9.897392012159477170e-01
6.075606420401627838e+04 1.015048490701133899e+00
6.075606446407698240e+04 9.874389686490743223e-01
6.075606472413768643e+04 1.010010588779141738e+00
6.075606498419839772e+04 1.001679725388913811e+00
6.075606524425910175e+04 9.873161219304058545e-01
6.075606550431981304e+04 9.806111172931702979e-01
6.075606576438050979e+04 1.002304533865107317e+00
6.075606602444122109e+04 1.016692586935231457e+00
6.075606628450192511e+04 9.977093944529951131e-01
6.075606654456262913e+04 9.994530528581619944e-01
6.075606680462333316e+04 9.896564711140407589e-01
6.075606706468404445e+04 1.023909343826294283e+00
6.075606732474474848e+04 1.017443228239423236e+00
6.075606758480545250e+04 1.026829968840353047e+00
6.075606784486615652e+04 1.011276187817454764e+00
6.075606810492686054e+04 1.008653120542508885e+00
6.075606836498757184e+04 1.027480992272648441e+00
6.075606862504827586e+04 9.893206664607943068e-01
6.075606888510898716e+04 1.024425239623624639e+00
6.075606914516968391e+04 1.012804543441164995e+00
6.075606940523039520e+04 1.025215331775932048e+00
6.075606966529109923e+04 1.017558694392318053e+00
6.075606992535180325e+04 1.008342250498907910e+00
6.075607018541250727e+04 1.007536245580211043e+00
6.075607044547321857e+04 1.023195265783092722e+00
6.075607070553392259e+04 1.011346198117469175e+00
6.075607096559463389e+04 9.906717360634434977e-01
6.075607122565533064e+04 1.010338537867741859e+00
6.075607148571604193e+04 1.010237259468319992e+00
6.075607174577674596e+04 1.021817134280154082e+00
6.075607200583745725e+04 9.977095015549621859e-01
6.075607226589816128e+04 1.027602723720562050e+00
6.075607252595886530e+04 1.022320217252212560e+00
6.075607278601956932e+04 1.003403922989982933e+00
6.075607304608028062e+04 1.022245092066333072e+00
6.075607330614097737e+04 9.969469385189196897e-01
6.075607356620169594e+04 1.003112088291006954e+00
6.075607382626239269e+04 9.951310061454745615e-01
6.075607408632310398e+04 1.015983695770754203e+00
6.075607434638380801e+04 9.972819695500968473e-01
6.075607460644451203e+04 9.810626045374425397e-01
6.075607486650521605e+04 1.017853409362457828e+00
6.075607512656592735e+04 1.008437648417150667e+00
6.075607538662663137e+04 1.004207925365713461e+00
6.075607564668734267e+04 1.006053943774796178e+00
6.075607590674803942e+04 9.850842479148983477e-01
6.075607616680875071e+04 1.002047659575085126e+00
6.075607642686945474e+04 1.013005294823063007e+00
6.075607668693016603e+04 1.005854357407865995e+00
6.075607694699087006e+04 9.661263318792359112e-01
6.075607720705157408e+04 1.006990534361461798e+00
6.075607746711227810e+04 1.003459403986428189e+00
6.075607772717298940e+04 1.027810409678134418e+00
6.075607798723368614e+04 1.011741612033330684e+00
6.075607824729439744e+04 1.003172006454972953e+00
6.075607850735510146e+04 1.017317299609920234e+00
6.075607876741581276e+04 1.027111619689063504e+00
6.075607902747651679e+04 9.888713986030062131e-01
6.075607928753722081e+04 9.741931552497556934e-01
6.075607954759792483e+04 9.973248354139088168e-01
6.075607980765863613e+04 9.807554736045874799e-01
6.075608006771934015e+04 1.007199072529890937e+00
6.075608032778005145e+04 1.009326579536124591e+00
6.075608058784074819e+04 1.017501778233733889e+00
6.075608084790145949e+04 1.009776613905279063e+00
6.075608110796216351e+04 1.002444916238348416e+00
6.075608136802286754e+04 1.002845534407990957e+00
6.075608162808357156e+04 9.863269597831630930e-01
6.075608188814428286e+04 1.024471647148818221e+00
6.075608214820498688e+04 9.878622921445620042e-01
6.075608240826569818e+04 1.032713383206300239e+00
6.075608266832639492e+04 9.843957026000470512e-01
6.075608292838710622e+04 1.002284113452015957e+00
6.075608318844781024e+04 1.012737619677964052e+00
6.075608344850852154e+04 9.859777526355064659e-01
6.075608370856922556e+04 1.022238444287683290e+00
6.075608396862992959e+04 9.925860371371226787e-01
6.075608422869064088e+04 1.019403042451447305e+00
6.075608448875134491e+04 9.979916185004011897e-01
6.075608474881204893e+04 1.009799357008752896e+00
6.075608500887276023e+04 1.000092558520093933e+00
6.075608526893346425e+04 1.013606537848303235e+00
6.075608552899416827e+04 9.771563819327307998e-01
6.075608578905487957e+04 1.002883482017246974e+00
6.075608604911557632e+04 9.964581093761286645e-01
6.075608630917628761e+04 1.015386105900497382e+00
6.075608656923699164e+04 1.018849678665737502e+00
6.075608682929770293e+04 1.013413291859068810e+00
6.075608708935840696e+04 9.868117678523193881e-01
6.075608734941911098e+04 1.002996985611543712e+00
6.075608760947981500e+04 1.009729608733051398e+00
6.075608786954052630e+04 9.895031889752394783e-01
6.075608812960123760e+04 1.007999399838463761e+00
6.075608838966194162e+04 9.960887676193388440e-01
6.075608864972264564e+04 1.034897042617198393e+00
6.075608890978334966e+04 9.947064989619476272e-01
6.075608916984406096e+04 1.018759341876765312e+00
6.075609076569380704e+04 9.864181814884778188e-01
6.075609102575441648e+04 1.018209999976555480e+00
6.075609128581501136e+04 1.002463214727424168e+00
6.075609154587561352e+04 9.884775091349009557e-01
6.075609180593621568e+04 1.012977780059400645e+00
6.075609206599681784e+04 1.016750581066981463e+00
6.075609232605741272e+04 1.002679101965960218e+00
6.075609258611801488e+04 1.001066878678220418e+00
6.075609284617860976e+04 1.005028475374685870e+00
6.075609310623921192e+04 1.019126043251316283e+00
6.075609336629981408e+04 1.014026303133340745e+00
6.075609362636040896e+04 1.010847289215736300e+00
6.075609388642101840e+04 1.003862166789387222e+00
6.075609414648161328e+04 9.948130052562276227e-01
6.075609440654221544e+04 1.029282571031338689e+00
6.075609466660281760e+04 9.885978688746956955e-01
6.075609492666341976e+04 1.005032672980439079e+00
6.075609518672402191e+04 1.000248826853117334e+00
6.075609544678461680e+04 9.919914970609639004e-01
6.075609570684521896e+04 1.000506526913196748e+00
6.075609596690581384e+04 1.025535480699706348e+00
6.075609622696641600e+04 1.019733690018218120e+00
6.075609648702701088e+04 1.026544966205951592e+00
6.075609674708762032e+04 1.001739470279046085e+00
6.075609700714822247e+04 9.965336902059753754e-01
6.075609726720881736e+04 1.005098392310307176e+00
6.075609752726942679e+04 1.012164243606853864e+00
6.075609778733002167e+04 1.018217897354905643e+00
6.075609804739062383e+04 1.014695597456794163e+00
6.075609830745121872e+04 9.787298213378099465e-01
6.075609856751182087e+04 1.008228989213932003e+00
6.075609882757242303e+04 1.014178727867230512e+00
6.075609908763301792e+04 1.023135577058071455e+00
6.075609934769362008e+04 1.021836947412169572e+00
6.075609960775422223e+04 9.937569685313661916e-01
6.075609986781482439e+04 1.015279969122705239e+00
6.075610012787541928e+04 1.012896113191757985e+00
6.075610038793602143e+04 1.015701370906387790e+00
6.075610064799663087e+04 1.010347851327189517e+00
6.075610090805722575e+04 9.944549233366886121e-01
6.075610116811782791e+04 9.817169267008909461e-01
6.075610142817842279e+04 9.939935978626991409e-01
6.075610168823902495e+04 9.989786289890921767e-01
6.075610194829962711e+04 9.923777790431996815e-01
6.075610220836022199e+04 1.003496321298360305e+00
6.075610246842083143e+04 1.000468825064709577e+00
6.075610272848142631e+04 9.966053325241435168e-01
6.075610298854202847e+04 1.018988545276415802e+00
6.075610324860263063e+04 1.009760458414329598e+00
6.075610350866323279e+04 1.005708356839316808e+00
6.075610376872383495e+04 1.019197775328215094e+00
6.075610402878442983e+04 1.001926794022333977e+00
6.075610428884503199e+04 1.018246587894517496e+00
6.075610454890563415e+04 9.912234568909094046e-01
6.075610480896622903e+04 9.963839833579347660e-01
6.075610506902683119e+04 1.012049755945995777e+00
6.075610532908743335e+04 9.932797883919222137e-01
6.075610558914803551e+04 9.949077003305263345e-01
6.075610584920863766e+04 1.035836508939057099e+00
6.075610610926923255e+04 1.027068169452967972e+00
6.075610636932984198e+04 1.022008373453026309e+00
6.075610662939043686e+04 1.003988088097705011e+00
6.075610688945103902e+04 1.036467932584220319e+00
6.075610714951164118e+04 9.798459820720338831e-01
6.075610740957223607e+04 1.015160236243443759e+00
6.075610766963283822e+04 1.009727658027608888e+00
6.075610792969343311e+04 9.947233025547176366e-01
6.075610818975403527e+04 1.011742655821974424e+00
6.075610844981464470e+04 1.003228110645955296e+00
6.075610870987523958e+04 9.959233966199743104e-01
6.075610896993584174e+04 9.938223032992647976e-01
6.075610922999644390e+04 9.883558608678874036e-01
6.075610949005704606e+04 1.003154219659130542e+00
6.075610975011764822e+04 1.014003403738235720e+00
6.075611001017824310e+04 1.002914676166054786e+00
6.075611027023884526e+04 9.813779110316143139e-01
6.075611053029944742e+04 1.008014600590711130e+00
6.075611079036004230e+04 1.020000226769530727e+00
6.075611105042064446e+04 9.951094072537972623e-01
6.075611131048124662e+04 1.031045010318013544e+00
6.075611157054184878e+04 1.025590166773027834e+00
6.075611183060245094e+04 1.014606113226887985e+00
6.075611209066305310e+04 1.010125464778520721e+00
6.075611235072365525e+04 1.001213577283414535e+00
6.075611261078425741e+04 1.012797229696176693e+00
6.075611287084485230e+04 1.002849763043918596e+00
6.075611313090545445e+04 1.019580045479262509e+00
6.075611339096604934e+04 1.031405684680405832e+00
6.075611365102665150e+04 9.887501229163228045e-01
6.075611391108725365e+04 1.009057660845908533e+00
6.075611417114785581e+04 1.006778107356125718e+00
6.075611443120845797e+04 1.006388637580106327e+00
6.075611469126906013e+04 1.010776242034085337e+00
6.075611495132966229e+04 1.014478002712493110e+00
6.075611521139026445e+04 1.015628583271529273e+00
6.075611547145085933e+04 1.015818466219505556e+00
6.075611573151146149e+04 9.960607452197131062e-01
6.075611599157206365e+04 1.012472275220241746e+00
6.075611625163265853e+04 1.012447871715412395e+00
6.075611651169326069e+04 1.002056030718206259e+00
6.075611677175386285e+04 1.009470026351883210e+00
6.075611703181446501e+04 1.007995699119509148e+00
6.075611729187506717e+04 1.011500223280397348e+00
6.075611755193566933e+04 1.009149314682284970e+00
6.075611781199626421e+04 1.019759904115283611e+00
6.075611807205687364e+04 1.010495592254891495e+00
6.075611833211747580e+04 1.021711639819275819e+00
6.075611859217807068e+04 1.030462460697549876e+00
6.075611885223867284e+04 9.986526168041514051e-01
6.075611911229926773e+04 9.932879258365470143e-01
6.075612077117233275e+04 9.964031898055386582e-01
6.075612103123303677e+04 1.007938798077375742e+00
6.075612129129374080e+04 1.018598916572083679e+00
6.075612155135445209e+04 1.011288233981196161e+00
6.075612181141516339e+04 1.008126679255386238e+00
6.075612207147586741e+04 9.757736016480964558e-01
6.075612233153657144e+04 9.987039094410130602e-01
6.075612259159728274e+04 9.963297310388556927e-01
6.075612285165798676e+04 1.010766845211152898e+00
6.075612311171869806e+04 1.017818578547017960e+00
6.075612337177940935e+04 9.780377291448079102e-01
6.075612363184010610e+04 1.017737345639999846e+00
6.075612389190081740e+04 1.011552855262398243e+00
6.075612415196152870e+04 1.011551374358290012e+00
6.075612441202222544e+04 1.017933615284546400e+00
6.075612467208293674e+04 1.015108163479980119e+00
6.075612493214364804e+04 1.013284834633589870e+00
6.075612519220435206e+04 9.873039766707634168e-01
6.075612545226506336e+04 1.000001171576282211e+00
6.075612571232576738e+04 1.010954484333025372e+00
6.075612597238647140e+04 9.981472438401112202e-01
6.075612623244718270e+04 1.040999416257076815e+00
6.075612649250789400e+04 1.020366082025513377e+00
6.075612675256859802e+04 1.008373641102492391e+00
6.075612701262930204e+04 1.009326773699585678e+00
6.075612727269001334e+04 1.012376842651908193e+00
6.075612753275071736e+04 1.005022289581486206e+00
6.075612779281142139e+04 1.027003504769546494e+00
6.075612805287213268e+04 1.007688622442405313e+00
6.075612831293283671e+04 1.009994845437153899e+00
6.075612857299354800e+04 1.001521083915290156e+00
6.075612883305425930e+04 1.018459817471891515e+00
6.075612909311495605e+04 9.953191389365417807e-01
6.075612935317566735e+04 9.852158501056759166e-01
6.075612961323637865e+04 1.016280723895108595e+00
6.075612987329708267e+04 1.010376685809570185e+00
6.075613013335779397e+04 1.001546868982969185e+00
6.075613039341849799e+04 1.030891837193998128e+00
6.075613065347920201e+04 1.028618891639112798e+00
6.075613091353991331e+04 1.015451768640004637e+00
6.075613117360061733e+04 1.000688807590789153e+00
6.075613143366133590e+04 9.843654015365959076e-01
6.075613169372203265e+04 9.951657637203213946e-01
6.075613195378274395e+04 1.002396656928652208e+00
6.075613221384345525e+04 9.949179543757316058e-01
6.075613247390415199e+04 1.000710614365190931e+00
6.075613273396486329e+04 1.010556195668061319e+00
6.075613299402557459e+04 1.013330573454308547e+00
6.075613325408627861e+04 1.011906194429554429e+00
6.075613351414698991e+04 1.019677751851982839e+00
6.075613377420769393e+04 1.017977501717636013e+00
6.075613403426840523e+04 1.003943908616157676e+00
6.075613429432910925e+04 1.006875852991204079e+00
6.075613455438982055e+04 9.925001262325309215e-01
6.075613481445053185e+04 1.011708580729472340e+00
6.075613507451122859e+04 1.028185165407974999e+00
6.075613533457193989e+04 1.013636815214480569e+00
6.075613559463265119e+04 9.933841810943285777e-01
6.075613585469334794e+04 9.891925177333176222e-01
6.075613611475405924e+04 1.004770205319778897e+00
6.075613637481477053e+04 1.004362536032296527e+00
6.075613663487548183e+04 1.006705196247767775e+00
6.075613689493618585e+04 1.014651144559544527e+00
6.075613715499688988e+04 1.019534699185790538e+00
6.075613741505760117e+04 1.008100082644091122e+00
6.075613767511830520e+04 1.009325691348200271e+00
6.075613793517901649e+04 1.003197947134584656e+00
6.075613819523972779e+04 9.997191733635735211e-01
6.075613845530043181e+04 1.025239941028920354e+00
6.075613871536113584e+04 9.877427568662949797e-01
6.075613897542184714e+04 1.020304767492892228e+00
6.075613923548255116e+04 9.943045992317351978e-01
6.075613949554325518e+04 1.007138742803292519e+00
6.075613975560396648e+04 1.008951759912995128e+00
6.075614001566467778e+04 1.011491845350899421e+00
6.075614027572538907e+04 1.009660432369208216e+00
6.075614053578608582e+04 1.015469955467617424e+00
6.075614079584679712e+04 1.026222920405241101e+00
6.075614105590750842e+04 1.006070035826232445e+00
6.075614131596821244e+04 1.019291318538119162e+00
6.075614157602892374e+04 9.733546156443553254e-01
6.075614183608962776e+04 1.014155167707982086e+00
6.075614209615033906e+04 1.012533010300101344e+00
6.075614235621104308e+04 9.947431569325340117e-01
6.075614261627174710e+04 9.950886425641606303e-01
6.075614287633246568e+04 9.833020821017335322e-01
6.075614313639316970e+04 9.689137964515081025e-01
6.075614339645387372e+04 1.009876041657788326e+00
6.075614365651458502e+04 1.009703429852249590e+00
6.075614391657528904e+04 9.971070524369856081e-01
6.075614417663600034e+04 9.948701009422975527e-01
6.075614443669670436e+04 9.986451828298525957e-01
6.075614469675741566e+04 1.019629201581518263e+00
6.075614495681812696e+04 9.943335429497291988e-01
6.075614521687882370e+04 9.954108130980753311e-01
6.075614547693953500e+04 1.011451634044637560e+00
6.075614573700024630e+04 1.010763588418523096e+00
6.075614599706095760e+04 1.003754266367354653e+00
6.075614625712166162e+04 9.975183034387631320e-01
6.075614651718236564e+04 1.008644868628103541e+00
6.075614677724307694e+04 1.016461438904984194e+00
6.075614703730378824e+04 9.936261052822260575e-01
6.075614729736448498e+04 9.899231821573604151e-01
6.075614755742519628e+04 1.016349134594013659e+00
6.075614781748590758e+04 1.023114747271356650e+00
6.075614807754661888e+04 1.016222315867587600e+00
6.075614833760732290e+04 9.781846508209990354e-01
6.075614859766802692e+04 9.918280300540549543e-01
6.075614885772873822e+04 1.016040240156271590e+00
6.075614911778944952e+04 9.920313198307499913e-01
