6.075547523418369383e+04 1.018386879658605970e+00
6.075547549424438330e+04 1.012517197825045345e+00
6.075547575430508005e+04 1.002101171545727532e+00
6.075547601436576224e+04 9.875310724398933537e-01
6.075547627442645899e+04 1.001427076082965772e+00
6.075547653448714846e+04 9.934661022533913810e-01
6.075547679454784520e+04 1.033064210026574115e+00
6.075547705460853467e+04 9.951308834771031009e-01
6.075547731466922414e+04 9.990968147815015854e-01
6.075547757472991361e+04 1.003500042390290448e+00
6.075547783479061036e+04 1.013640312069843841e+00
6.075547809485129255e+04 1.016290961728153475e+00
6.075547835491198930e+04 1.013137695242746439e+00
6.075547861497267877e+04 1.013238894215096719e+00
6.075547887503337552e+04 9.983963512180049626e-01
6.075547913509406499e+04 1.007719761491793875e+00
6.075547939515475446e+04 1.009363861161360010e+00
6.075547965521544393e+04 1.018789925171605937e+00
6.075547991527614067e+04 9.844620442389883097e-01
6.075548017533683014e+04 9.928542849084859290e-01
6.075548043539752689e+04 1.011056816580310214e+00
6.075548069545820908e+04 1.008016942951277750e+00
6.075548095551890583e+04 1.002859370284039819e+00
6.075548121557959530e+04 9.953883335326636495e-01
6.075548147564028477e+04 9.942016571563815353e-01
6.075548173570098152e+04 9.962238137026446783e-01
6.075548199576167099e+04 1.011844974157213084e+00
6.075548225582236773e+04 1.023285624845029496e+00
6.075548251588305720e+04 1.004770225098578607e+00
6.075548277594374667e+04 9.895889856947198693e-01
6.075548303600443614e+04 1.020392607137398544e+00
6.075548329606513289e+04 1.026580066568737459e+00
6.075548355612582236e+04 1.010562178215559825e+00
6.075548381618651911e+04 1.015639035736077611e+00
6.075548407624720130e+04 1.001848570976547448e+00
6.075548433630789805e+04 9.886409758702280337e-01
6.075548459636858752e+04 9.853103233456945720e-01
6.075548485642928426e+04 1.015532167952233333e+00
6.075548511648997373e+04 1.012290899643426778e+00
6.075548537655066320e+04 1.007197584550920455e+00
6.075548563661135267e+04 9.983826488600067162e-01
6.075548589667204942e+04 9.878953593908632591e-01
6.075548615673273162e+04 1.022484609168038183e+00
6.075548641679342836e+04 9.975602755511870923e-01
6.075548667685411783e+04 1.006629058776660424e+00
6.075548693691481458e+04 9.931087559135406417e-01
6.075548719697551132e+04 9.912127342154833931e-01
6.075548745703619352e+04 9.907404886959632062e-01
6.075548771709689026e+04 1.001241939295734795e+00
6.075548797715757973e+04 1.030700314382774652e+00
6.075548823721827648e+04 1.020360256129451582e+00
6.075548849727896595e+04 1.003113129700621275e+00
6.075548875733965542e+04 9.893402456173073789e-01
6.075548901740034489e+04 1.002513707523979836e+00
6.075548927746104164e+04 9.921806151476199043e-01
6.075548953752172383e+04 1.010721945830124868e+00
6.075548979758242058e+04 1.004185501187589979e+00
6.075549005764311732e+04 1.017219598986561335e+00
6.075549031770380680e+04 9.965418843594393561e-01
6.075549057776450354e+04 1.031282211176027586e+00
6.075549083782518574e+04 1.010578419402816674e+00
6.075549109788588248e+04 1.003332456870028588e+00
6.075549135794657195e+04 9.936200127213157263e-01
6.075549161800726870e+04 1.018206774533331638e+00
6.075549187806795817e+04 9.994245685371714316e-01
6.075549213812864764e+04 1.001855596688528749e+00
6.075549239818933711e+04 9.669503320587622408e-01
6.075549265825003386e+04 9.857429024200822232e-01
6.075549291831072333e+04 9.766063752014710886e-01
6.075549317837142007e+04 1.007387869253570045e+00
6.075549343843210954e+04 9.983638549502628079e-01
6.075549369849279901e+04 1.006788461517455602e+00
6.075549395855349576e+04 1.010006865214389205e+00
6.075549421861417795e+04 9.953026925240985312e-01
6.075549447867487470e+04 1.012480835562654446e+00
6.075549473873556417e+04 9.879482208486238815e-01
6.075549499879626092e+04 1.003352910951318622e+00
6.075549525885695766e+04 1.004950194313169121e+00
6.075549551891763986e+04 1.000136301510377024e+00
6.075549577897833660e+04 1.001141441903070639e+00
6.075549603903902607e+04 1.003368357324195825e+00
6.075549629909972282e+04 1.027750922496244446e+00
6.075549655916041229e+04 9.927560010109609534e-01
6.075549681922110176e+04 9.850098389138213228e-01
6.075549707928179851e+04 1.020821656618460915e+00
6.075549733934248798e+04 1.000361710393300241e+00
6.075549759940317745e+04 1.007346592044441991e+00
6.075549785946386692e+04 1.003020078434951001e+00
6.075549811952456366e+04 1.005476724663605825e+00
6.075549837958525313e+04 1.000961304413001018e+00
6.075549863964594988e+04 1.019002711787445170e+00
6.075549889970663935e+04 9.933399508353996099e-01
6.075549915976732882e+04 9.835314392628553559e-01
6.075549941982802557e+04 1.003429557431088748e+00
6.075549967988871504e+04 1.009237552815727135e+00
6.075549993994941178e+04 9.834989257628985460e-01
6.075550020001009398e+04 1.014887476608770767e+00
6.075550046007079072e+04 9.930970701545017709e-01
6.075550072013148747e+04 1.015863183892161237e+00
6.075550098019216966e+04 9.980117984313371382e-01
6.075550124025286641e+04 9.607211038310481399e-01
6.075550150031355588e+04 1.016862799283269503e+00
6.075550176037425263e+04 9.950326826884899889e-01
6.075550202043494210e+04 1.009992060468633435e+00
6.075550228049563157e+04 1.001970164361908555e+00
6.075550254055632831e+04 1.003944423641372374e+00
6.075550280061701778e+04 1.012313421137723157e+00
6.075550306067771453e+04 9.934727529660909440e-01
6.075550332073840400e+04 1.010672435912130851e+00
6.075550358079909347e+04 1.026651298431922932e+00
6.075550513883041276e+04 9.996030312009356322e-01
6.075550539889110951e+04 1.014526648008284848e+00
6.075550565895179898e+04 9.820611007687817251e-01
6.075550591901248845e+04 1.000748524126924499e+00
6.075550617907318519e+04 9.875886321237896670e-01
6.075550643913387466e+04 9.984417841811049632e-01
6.075550669919457141e+04 1.014665275042473169e+00
6.075550695925526088e+04 1.006011344542869113e+00
6.075550721931595035e+04 9.871057065337052183e-01
6.075550747937664710e+04 9.985155603600952556e-01
6.075550773943733657e+04 9.883937360020050855e-01
6.075550799949803331e+04 1.018562404448257519e+00
6.075550825955872278e+04 9.966133223587971823e-01
6.075550851961941225e+04 1.000041863232008721e+00
6.075550877968010900e+04 1.016015169523563744e+00
6.075550903974079847e+04 9.871513636560692584e-01
6.075550929980148794e+04 1.005234059259985546e+00
6.075550955986217741e+04 1.005762744013908527e+00
6.075550981992287416e+04 9.977060782291186092e-01
6.075551007998357090e+04 9.862175050291430711e-01
6.075551034004426037e+04 1.010454329291112785e+00
6.075551060010494984e+04 9.871518342468721396e-01
6.075551086016564659e+04 9.903948935339815796e-01
6.075551112022633606e+04 1.019608084762437805e+00
6.075551138028703281e+04 1.015554667129837663e+00
6.075551164034772228e+04 9.879159146918404799e-01
6.075551190040841175e+04 1.004707698412031336e+00
6.075551216046910849e+04 9.940988631127642972e-01
6.075551242052979796e+04 1.017310922991894628e+00
6.075551268059049471e+04 9.821917344581261311e-01
6.075551294065118418e+04 1.002706315759640088e+00
6.075551320071187365e+04 1.020990347524667774e+00
6.075551346077257040e+04 9.993319659386235010e-01
6.075551372083325987e+04 9.963965744113841838e-01
6.075551398089394934e+04 1.000261519368160990e+00
6.075551424095464608e+04 9.783876555821098275e-01
6.075551450101533555e+04 1.010292766450318735e+00
6.075551476107603230e+04 9.981879795103716368e-01
6.075551502113672177e+04 1.003798410446299805e+00
6.075551528119741124e+04 1.000010283087250373e+00
6.075551554125810799e+04 1.002428559819226406e+00
6.075551580131879746e+04 9.993697688127489709e-01
6.075551606137949420e+04 9.922087492721918256e-01
6.075551632144019095e+04 1.018820294665325532e+00
6.075551658150087314e+04 9.996180400410428213e-01
6.075551684156156989e+04 1.006619972701624066e+00
6.075551710162226664e+04 1.014106424108893734e+00
6.075551736168294883e+04 1.028577287124387007e+00
6.075551762174364558e+04 1.017794456659614877e+00
6.075551788180433505e+04 9.977307190857107599e-01
6.075551814186503179e+04 1.002060502299917832e+00
6.075551840192572854e+04 1.005703392634437421e+00
6.075551866198641073e+04 1.003225307579904690e+00
6.075551892204710748e+04 9.977337177544387536e-01
6.075551918210780423e+04 9.874780760338512930e-01
6.075551944216849370e+04 1.036271303782622999e+00
6.075551970222919044e+04 9.831043473906245778e-01
6.075551996228987991e+04 1.019586292543723793e+00
6.075552022235056938e+04 9.981940001874672896e-01
6.075552048241126613e+04 9.990960943018745155e-01
6.075552074247194832e+04 9.960583929553883387e-01
6.075552100253265235e+04 1.003092863064267037e+00
6.075552126259334182e+04 1.013091303911193952e+00
6.075552152265403129e+04 9.962500080707825667e-01
6.075552178271472803e+04 9.816355635277734804e-01
6.075552204277541750e+04 9.924431633304637845e-01
6.075552230283610697e+04 1.007259989410027146e+00
6.075552256289680372e+04 1.021519876554566553e+00
6.075552282295750047e+04 1.001607040798404125e+00
6.075552308301818994e+04 1.004347866835573200e+00
6.075552334307887941e+04 9.826092949181683966e-01
6.075552360313957615e+04 9.797490259388502709e-01
6.075552386320026562e+04 1.027445256296164455e+00
6.075552412326096237e+04 9.856860048105836603e-01
6.075552438332165912e+04 9.817154990204188802e-01
6.075552464338234131e+04 9.846351186949756640e-01
6.075552490344303806e+04 1.016110219896449784e+00
6.075552516350373480e+04 1.025228307894335167e+00
6.075552542356441700e+04 9.795593256577567187e-01
6.075552568362511374e+04 9.873958630908284961e-01
6.075552594368581049e+04 9.938828428922890090e-01
6.075552620374649996e+04 9.807317888019987384e-01
6.075552646380719671e+04 9.859768769446101144e-01
6.075552672386788618e+04 9.905409566400508181e-01
6.075552698392857565e+04 1.001027545022981746e+00
6.075552724398927239e+04 9.883726365553273663e-01
6.075552750404996914e+04 9.943303908016754011e-01
6.075552776411065861e+04 1.010821943519190080e+00
6.075552802417134808e+04 1.005069662885493598e+00
6.075552828423204483e+04 9.964245835634838455e-01
6.075552854429273430e+04 1.012715721059520346e+00
6.075552880435342377e+04 9.899259623320156853e-01
6.075552906441412051e+04 1.010430031169501808e+00
6.075552932447480998e+04 9.957864308986750235e-01
6.075552958453550673e+04 9.922607076037602836e-01
6.075552984459620347e+04 9.846474686192595582e-01
6.075553010465688567e+04 9.842978749304582831e-01
6.075553036471758242e+04 1.000537896806352300e+00
6.075553062477827916e+04 9.959799767706898344e-01
6.075553088483896863e+04 1.001500512129340548e+00
6.075553114489966538e+04 9.977553057346522092e-01
6.075553140496035485e+04 9.800717809329465569e-01
6.075553166502104432e+04 9.789807210673776572e-01
6.075553192508174106e+04 9.807392433123734987e-01
6.075553218514243054e+04 1.006458793144642483e+00
6.075553244520312728e+04 9.936339052878102596e-01
6.075553270526381675e+04 9.885971602124098423e-01
6.075553296532451350e+04 1.004053056297149027e+00
6.075553322538520297e+04 9.959422651179574704e-01
6.075553348544589244e+04 9.919662833751311526e-01
6.075553503087646095e+04 9.722169669049316454e-01
6.075553529093715770e+04 9.943735967705991108e-01
6.075553555099784717e+04 9.970654124876273672e-01
6.075553581105853664e+04 1.009943596824792067e+00
6.075553607111923338e+04 9.747176919950416574e-01
6.075553633117992285e+04 1.002432366650972240e+00
6.075553659124061960e+04 1.002695117840270544e+00
6.075553685130131635e+04 1.000692501081053454e+00
6.075553711136199854e+04 1.008786973953361699e+00
6.075553737142269529e+04 9.985113919962212981e-01
6.075553763148339203e+04 9.876356726237427441e-01
6.075553789154408878e+04 1.000945019806962488e+00
6.075553815160477825e+04 1.001938306048841820e+00
6.075553841166546772e+04 1.007948518858388542e+00
6.075553867172616447e+04 1.005713313277981413e+00
6.075553893178685394e+04 1.008912313461621135e+00
6.075553919184754341e+04 1.004752875324911754e+00
6.075553945190824015e+04 1.009449368825566795e+00
6.075553971196892962e+04 9.858739328638421728e-01
6.075553997202962637e+04 9.770127479240596768e-01
6.075554023209032312e+04 9.742512966892644677e-01
6.075554049215101259e+04 9.832945329387244859e-01
6.075554075221170206e+04 9.903702299904034723e-01
6.075554101227239880e+04 9.756613864216231446e-01
6.075554127233309555e+04 1.010906343303330956e+00
6.075554153239378502e+04 9.952406194569994868e-01
6.075554179245447449e+04 1.004054474141539144e+00
6.075554205251517124e+04 9.862435168502869942e-01
6.075554231257586798e+04 9.894715449096112003e-01
6.075554257263655018e+04 1.000049395071052061e+00
6.075554283269725420e+04 9.985389703275466822e-01
6.075554309275794367e+04 9.952598831115804234e-01
6.075554335281863314e+04 9.695850225038481485e-01
6.075554361287932988e+04 9.841249601765578170e-01
6.075554387294001936e+04 1.012343067230551341e+00
6.075554413300071610e+04 1.003417343095799552e+00
6.075554439306140557e+04 9.864146650110602321e-01
6.075554465312210232e+04 9.676111559903002313e-01
6.075554491318279906e+04 9.935237726092095434e-01
6.075554517324348853e+04 1.023818179304778475e+00
6.075554543330417800e+04 1.003987561658179928e+00
6.075554569336487475e+04 1.001560635973079982e+00
6.075554595342557150e+04 1.003759301731696585e+00
6.075554621348626097e+04 9.840878599772199253e-01
6.075554647354695044e+04 1.005669157297201854e+00
6.075554673360764718e+04 9.848492942871492906e-01
6.075554699366834393e+04 9.903182539991403077e-01
6.075554725372902612e+04 9.988659084169462243e-01
6.075554751378972287e+04 1.003334075059246322e+00
6.075554777385041962e+04 9.918844786419546145e-01
6.075554803391111636e+04 9.950976648223244236e-01
6.075554829397180583e+04 9.833765271484143922e-01
6.075554855403249530e+04 9.955581211005587461e-01
6.075554881409319205e+04 9.968067540507077329e-01
6.075554907415388152e+04 9.612583444945909106e-01
6.075554933421457827e+04 1.007271588719052202e+00
6.075554959427527501e+04 9.819971188168626908e-01
6.075554985433596448e+04 9.922899119348597141e-01
6.075555011439665395e+04 9.994209393897958149e-01
6.075555037445735070e+04 9.946974039837198633e-01
6.075555063451804017e+04 9.910711336638677871e-01
6.075555089457873692e+04 9.964876947955837450e-01
6.075555115463942639e+04 9.687325160113922085e-01
6.075555141470012313e+04 9.790346400626791512e-01
6.075555167476081988e+04 9.958704400628657361e-01
6.075555193482150935e+04 9.923168773162094336e-01
6.075555219488219882e+04 9.953257669754113079e-01
6.075555245494289557e+04 1.000084214741450150e+00
6.075555271500359231e+04 1.011092085904082394e+00
6.075555297506428906e+04 1.026823273223637534e+00
6.075555323512497125e+04 9.701535644976916339e-01
6.075555349518566800e+04 9.777385419379184262e-01
6.075555375524636474e+04 9.846902998229462023e-01
6.075555401530705421e+04 9.880487582074310993e-01
6.075555427536775096e+04 9.994167308514050330e-01
6.075555453542844043e+04 9.959058697775011737e-01
6.075555479548913718e+04 9.954661794078191184e-01
6.075555505554983392e+04 9.695841229893040758e-01
6.075555531561051612e+04 9.814899605910449853e-01
6.075555557567121286e+04 1.003916519319132394e+00
6.075555583573190961e+04 9.904055280485456469e-01
6.075555609579260636e+04 1.004798581986313444e+00
6.075555635585329583e+04 1.007034114662438640e+00
6.075555661591398530e+04 9.736957246937379962e-01
6.075555687597468204e+04 1.001260115735692402e+00
6.075555713603537879e+04 1.007193955738285185e+00
6.075555739609607554e+04 9.611846673742496794e-01
6.075555765615676501e+04 9.966637185618796302e-01
6.075555791621745448e+04 9.929377611973704276e-01
6.075555817627815122e+04 1.010200638466053347e+00
6.075555843633884797e+04 9.983323783757401815e-01
6.075555869639953016e+04 9.893326229853193210e-01
6.075555895646022691e+04 9.840025345654060951e-01
6.075555921652092366e+04 9.881317010291803538e-01
6.075555947658162040e+04 9.972822629659670035e-01
6.075555973664230987e+04 1.000528415674386995e+00
6.075555999670299934e+04 1.010954323154087620e+00
6.075556025676369609e+04 9.973552076907244990e-01
6.075556051682439283e+04 9.909673484500834961e-01
6.075556077688508958e+04 9.913798111305688332e-01
6.075556103694577905e+04 1.004969136775353711e+00
6.075556129700646852e+04 1.016214998634335398e+00
6.075556155706716527e+04 1.000950485859046335e+00
6.075556181712786201e+04 9.904594123207700607e-01
6.075556207718854421e+04 9.828658597321955348e-01
6.075556233724924095e+04 9.903344620202557680e-01
6.075556259730993770e+04 9.930448962859348416e-01
6.075556285737063445e+04 9.644122251951676716e-01
6.075556311743133119e+04 9.885348317982716182e-01
6.075556337749201339e+04 9.960682120442564402e-01
6.075556504896522529e+04 9.842660391389500552e-01
6.075556530902591476e+04 1.000355380478785472e+00
6.075556556908661150e+04 9.919902041656599723e-01
6.075556582914730097e+04 9.904689781810214200e-01
6.075556608920799772e+04 9.816979612524646681e-01
6.075556634926869447e+04 9.920043364846665712e-01
6.075556660932938394e+04 9.886878901009267251e-01
6.075556686939008068e+04 1.002292742254009328e+00
6.075556712945077015e+04 9.959969851570683597e-01
6.075556738951146690e+04 9.887558344668745391e-01
6.075556764957216365e+04 1.001287496704376778e+00
6.075556790963285312e+04 9.792476234189138040e-01
6.075556816969354986e+04 9.920387519170432711e-01
6.075556842975423933e+04 9.980435089488967071e-01
6.075556868981492880e+04 1.007591017382135190e+00
6.075556894987563282e+04 9.902080193019097143e-01
6.075556920993632230e+04 9.988663824222618892e-01
6.075556946999701904e+04 9.846013663568448093e-01
6.075556973005770851e+04 9.967370638713710651e-01
6.075556999011839798e+04 9.906778555509766493e-01
6.075557025017909473e+04 1.003330738201060113e+00
6.075557051023979147e+04 9.806759704786867093e-01
6.075557077030048822e+04 9.990133918188035533e-01
6.075557103036117769e+04 1.002073639959579321e+00
6.075557129042186716e+04 1.000391389963584343e+00
6.075557155048256391e+04 1.003609466227011859e+00
6.075557181054326065e+04 1.002194802883618063e+00
6.075557207060395740e+04 9.794255660103511341e-01
6.075557233066464687e+04 9.782182983152125644e-01
6.075557259072533634e+04 1.002066495506721999e+00
6.075557285078603309e+04 9.932663013474827274e-01
6.075557311084672983e+04 9.688876059818000153e-01
6.075557337090741930e+04 9.912539326984182164e-01
6.075557363096811605e+04 9.983928329380833411e-01
6.075557389102880552e+04 9.943015003286491682e-01
6.075557415108950227e+04 1.004977715541611527e+00
6.075557441115019901e+04 9.847058298891081529e-01
6.075557467121088848e+04 9.886114940362377146e-01
6.075557493127158523e+04 1.006545617629150957e+00
6.075557519133227470e+04 9.821789890322036864e-01
6.075557545139297144e+04 9.854504798335713689e-01
6.075557571145366819e+04 1.030562638658268471e+00
6.075557597151435766e+04 9.868338580823662332e-01
6.075557623157505441e+04 9.941659387529606651e-01
6.075557649163575115e+04 1.011263584095508650e+00
6.075557675169643335e+04 9.986692270017584194e-01
6.075557701175713009e+04 1.002564721076640186e+00
6.075557727181782684e+04 1.000361628175975515e+00
6.075557753187852359e+04 1.005675526883753168e+00
6.075557779193922033e+04 9.986199091266125816e-01
6.075557805199990980e+04 9.922649822211171422e-01
6.075557831206059927e+04 1.002382247113245528e+00
6.075557857212129602e+04 9.689801251217919908e-01
6.075557883218199277e+04 9.924848792059228764e-01
6.075557909224268951e+04 9.944020518594348657e-01
6.075557935230337898e+04 9.854482221488262139e-01
6.075557961236407573e+04 9.609924600113696203e-01
6.075557987242476520e+04 9.996884841455750959e-01
6.075558013248546195e+04 1.000778926407374758e+00
6.075558039254615869e+04 9.870721632161429948e-01
6.075558065260684816e+04 9.820767278221699259e-01
6.075558091266754491e+04 1.005262663543322832e+00
6.075558117272824165e+04 9.574018312727644586e-01
6.075558143278892385e+04 1.006232957498213620e+00
6.075558169284962059e+04 1.017768179815013108e+00
6.075558195291031734e+04 9.992977010657183579e-01
6.075558221297101409e+04 9.863019211487065174e-01
6.075558247303171083e+04 1.000217413816221645e+00
6.075558273309240030e+04 9.810958361170126762e-01
6.075558299315309705e+04 1.011408612218648750e+00
6.075558325321378652e+04 9.834459117082827717e-01
6.075558351327448327e+04 1.002647014660272173e+00
6.075558377333518001e+04 1.006834383136401501e+00
6.075558403339586948e+04 9.993776541472109143e-01
6.075558429345656623e+04 9.833816899463313499e-01
6.075558455351726298e+04 9.972533596418486912e-01
6.075558481357794517e+04 9.743887718535356735e-01
6.075558507363864192e+04 1.032800683396894570e+00
6.075558533369933866e+04 9.887448822881355071e-01
6.075558559376003541e+04 1.018897935462782289e+00
6.075558585382073215e+04 1.005135566088580790e+00
6.075558611388142162e+04 9.852370568724341249e-01
6.075558637394211837e+04 9.881319403770372212e-01
6.075558663400280784e+04 9.962172681079969339e-01
6.075558689406350459e+04 9.912673980769227677e-01
6.075558715412420133e+04 9.941048714304701051e-01
6.075558741418489080e+04 9.957593731541493076e-01
6.075558767424558755e+04 9.862463983452592897e-01
6.075558793430628430e+04 1.026738972199910060e+00
6.075558819436697377e+04 9.856676579335461597e-01
6.075558845442767051e+04 1.012905182320530839e+00
6.075558871448835998e+04 9.790251818472559542e-01
6.075558897454905673e+04 9.935822119783466189e-01
6.075558923460975348e+04 9.818457483027156485e-01
6.075558949467044295e+04 9.685216206533795447e-01
6.075558975473113969e+04 9.907921758100608489e-01
6.075559001479183644e+04 1.017677462361364249e+00
6.075559027485253318e+04 1.005360461600499633e+00
6.075559053491322265e+04 1.018129245920474046e+00
6.075559079497391212e+04 9.961201788131895940e-01
6.075559105503460887e+04 9.935002491054842899e-01
6.075559131509530562e+04 9.964347814080226629e-01
6.075559157515600236e+04 1.002384367082103322e+00
6.075559183521669911e+04 1.006864892856970117e+00
6.075559209527738858e+04 9.806408516575830792e-01
6.075559235533808533e+04 1.006877707028101421e+00
6.075559261539877480e+04 1.000365665097552093e+00
6.075559287545946427e+04 9.826353289628771970e-01
6.075559313552016101e+04 9.792373303044916710e-01
6.075559339558085776e+04 9.808310131037319968e-01
6.075559494101491873e+04 9.936477586323031463e-01
6.075559520107561548e+04 9.840890144146934304e-01
6.075559546113631222e+04 9.740757254310514757e-01
6.075559572119700897e+04 9.966247901451885660e-01
6.075559598125769844e+04 1.004404369020657439e+00
6.075559624131839519e+04 9.965606214030746646e-01
6.075559650137908466e+04 9.913115558478612366e-01
6.075559676143977413e+04 9.728063241709687947e-01
6.075559702150047087e+04 9.883674329111657997e-01
6.075559728156116762e+04 9.833745159621259946e-01
6.075559754162186437e+04 9.917551506007122875e-01
6.075559780168256111e+04 9.838126066601615705e-01
6.075559806174325058e+04 9.992843880386159672e-01
6.075559832180394733e+04 1.005663181624341540e+00
6.075559858186464407e+04 1.006379615377924752e+00
6.075559884192533355e+04 9.971904253748079539e-01
6.075559910198603029e+04 9.920521783638606150e-01
6.075559936204671976e+04 9.948802031119773348e-01
6.075559962210741651e+04 9.914594078616651984e-01
6.075559988216811325e+04 9.815404389728777934e-01
6.075560014222880272e+04 9.923065658237874009e-01
6.075560040228950675e+04 9.678123007319833215e-01
6.075560066235019622e+04 1.016262040264749533e+00
6.075560092241089296e+04 9.923797848751164663e-01
6.075560118247158971e+04 9.999663296758858344e-01
6.075560144253227918e+04 9.744368926636411965e-01
6.075560170259296865e+04 1.013806726164804051e+00
6.075560196265366540e+04 9.921988077334394918e-01
6.075560222271436214e+04 9.738506876220488495e-01
6.075560248277505889e+04 9.937660402682557681e-01
6.075560274283574836e+04 9.891653769034713939e-01
6.075560300289644510e+04 1.002590079318694372e+00
6.075560326295714185e+04 9.822044281369413099e-01
6.075560352301783860e+04 9.890041704313252691e-01
6.075560378307853534e+04 9.974874485788928213e-01
6.075560404313922481e+04 9.923645435098917833e-01
6.075560430319992156e+04 9.874257963324535314e-01
6.075560456326061831e+04 1.004993411722299390e+00
6.075560482332130050e+04 1.004390191596278958e+00
6.075560508338199725e+04 9.955049622533705955e-01
6.075560534344269399e+04 9.961516305608847377e-01
6.075560560350339074e+04 9.900194268433770706e-01
6.075560586356408749e+04 9.809413013764352041e-01
6.075560612362477696e+04 9.886661169129092874e-01
6.075560638368547370e+04 9.877925564203504649e-01
6.075560664374617045e+04 9.903983649992808003e-01
6.075560690380686719e+04 9.888465819861940176e-01
6.075560716386756394e+04 9.850434959905062238e-01
6.075560742392825341e+04 9.781342934629396746e-01
6.075560768398895016e+04 1.012497382394581535e+00
6.075560794404964690e+04 1.008793582872558714e+00
6.075560820411032910e+04 9.729757633515931925e-01
6.075560846417102584e+04 9.814348778736977641e-01
6.075560872423172259e+04 9.988524831724578945e-01
6.075560898429241934e+04 9.863917300968615409e-01
6.075560924435311608e+04 9.957159626602782865e-01
6.075560950441380555e+04 9.827834896372517060e-01
6.075560976447450230e+04 1.000626287973284123e+00
6.075561002453519905e+04 9.900161379347234281e-01
6.075561028459589579e+04 9.889764282985546995e-01
6.075561054465659254e+04 9.857056953695211288e-01
6.075561080471728201e+04 1.007892230708684611e+00
6.075561106477797875e+04 9.729352625857587977e-01
6.075561132483867550e+04 1.009716896773430239e+00
6.075561158489937225e+04 1.018958185544226458e+00
6.075561184496006899e+04 9.870277140980093789e-01
6.075561210502075846e+04 9.961826579762950162e-01
6.075561236508144793e+04 9.960974392351240603e-01
6.075561262514214468e+04 9.831123563582528924e-01
6.075561288520283415e+04 9.808311233740336643e-01
6.075561314526353090e+04 9.942098026057046845e-01
6.075561340532422764e+04 9.923771296562733379e-01
6.075561366538492439e+04 9.765805546497484668e-01
6.075561392544562113e+04 1.000050782157507534e+00
6.075561418550631060e+04 1.000208195367312092e+00
6.075561444556700735e+04 9.564690127701801492e-01
6.075561470562770410e+04 9.795922924135711529e-01
6.075561496568840084e+04 1.010901537439020670e+00
6.075561522574909759e+04 9.761940442682897068e-01
6.075561548580978706e+04 9.899754288803733759e-01
6.075561574587048381e+04 9.996461238884921663e-01
6.075561600593118055e+04 9.813283670144727910e-01
6.075561626599187002e+04 9.995595164154641443e-01
6.075561652605256677e+04 1.000670238628122988e+00
6.075561678611326352e+04 1.006312368388686984e+00
6.075561704617396026e+04 9.901830581251841457e-01
6.075561730623465701e+04 9.974676937708157887e-01
6.075561756629534648e+04 1.001274538532650915e+00
6.075561782635604322e+04 1.027971380855731365e+00
6.075561808641673269e+04 1.015964767675921143e+00
6.075561834647742944e+04 9.887162208897198878e-01
6.075561860653812619e+04 9.969660803133467697e-01
6.075561886659881566e+04 1.008680934583072286e+00
6.075561912665951240e+04 1.000383098306317997e+00
6.075561938672020915e+04 9.760247470278327064e-01
6.075561964678089862e+04 1.005497693413340388e+00
6.075561990684160264e+04 1.000782394010847565e+00
6.075562016690229211e+04 9.925462292759937855e-01
6.075562042696298886e+04 1.002588484568068150e+00
6.075562068702368560e+04 1.000494020262100658e+00
6.075562094708437508e+04 1.001010186755981524e+00
6.075562120714507182e+04 9.787197875325343022e-01
6.075562146720576857e+04 9.961330163945673055e-01
6.075562172726646531e+04 9.885882340800861146e-01
6.075562198732716206e+04 9.969973617972562874e-01
6.075562224738785153e+04 9.797500801049486840e-01
6.075562250744854828e+04 9.963462678880961043e-01
6.075562276750924502e+04 1.000842703186074711e+00
6.075562302756994177e+04 9.993746602643350796e-01
6.075562328763063852e+04 9.909519750922712866e-01
6.075562490904599690e+04 9.911146320780286345e-01
6.075562516909990518e+04 9.825983234237600783e-01
6.075562542915379890e+04 9.901167144029526801e-01
6.075562568920769263e+04 9.842480607942190041e-01
6.075562594926160091e+04 9.779313560027180774e-01
6.075562620931549463e+04 9.888203563117972106e-01
6.075562646936939564e+04 1.014030833456750269e+00
6.075562672942329664e+04 1.014512263555670479e+00
6.075562698947719036e+04 9.957450488683022849e-01
6.075562724953109864e+04 1.003660772290267511e+00
6.075562750958499237e+04 9.904891847942911554e-01
6.075562776963889337e+04 9.942360059650938719e-01
6.075562802969280165e+04 1.014688105815100050e+00
6.075562828974669537e+04 9.957950220314498724e-01
6.075562854980059637e+04 1.001097298676376202e+00
6.075562880985449738e+04 9.694509396047440442e-01
6.075562906990839110e+04 9.828666606327922661e-01
6.075562932996229938e+04 1.003276560397326822e+00
6.075562959001619311e+04 9.962984323995696112e-01
6.075562985007009411e+04 9.675011648519539209e-01
6.075563011012399511e+04 9.890121975624746042e-01
6.075563037017788884e+04 9.940410338692801107e-01
6.075563063023179711e+04 9.648191799252968659e-01
6.075563089028569084e+04 1.020048791230623086e+00
6.075563115033958456e+04 1.002989423597545615e+00
6.075563141039349284e+04 9.906104630973753267e-01
6.075563167044738657e+04 9.960070129722585763e-01
6.075563193050128757e+04 9.984284772295182186e-01
6.075563219055518857e+04 1.006426791164173107e+00
6.075563245060908230e+04 9.906241877272262686e-01
6.075563271066299058e+04 9.942476074502230032e-01
6.075563297071688430e+04 9.993319996906181446e-01
6.075563323077078530e+04 1.004642752310086040e+00
6.075563349082468631e+04 9.769244232803815375e-01
6.075563375087858003e+04 9.984989552180971728e-01
6.075563401093248831e+04 9.932992284291410900e-01
6.075563427098638203e+04 9.954666895265221749e-01
6.075563453104027576e+04 9.880913215425525253e-01
6.075563479109418404e+04 9.978493641808058312e-01
6.075563505114807776e+04 9.879369429000797176e-01
6.075563531120197877e+04 9.886135791161378972e-01
6.075563557125588704e+04 9.832119855055039270e-01
6.075563583130978077e+04 9.987126435621094256e-01
6.075563609136368905e+04 9.933707756679116541e-01
6.075563635141758277e+04 9.947189937274397709e-01
6.075563661147148377e+04 1.006297200276897286e+00
6.075563687152538478e+04 9.740064794421401384e-01
6.075563713157927850e+04 1.022726036254078430e+00
6.075563739163318678e+04 9.889546586995091593e-01
6.075563765168708051e+04 9.982534436914682896e-01
6.075563791174097423e+04 9.879575843649266442e-01
6.075563817179488251e+04 1.004604308491529485e+00
6.075563843184877624e+04 9.878403696429752801e-01
6.075563869190267724e+04 1.022657411163354846e+00
6.075563895195657824e+04 1.013599899716501662e+00
6.075563921201047197e+04 9.790489163515733173e-01
6.075563947206438024e+04 9.991563402218396339e-01
6.075563973211827397e+04 9.660172452859036030e-01
6.075563999217217497e+04 1.011041296958578695e+00
6.075564025222608325e+04 1.001614349505661528e+00
6.075564051227997697e+04 9.941288949866071700e-01
6.075564077233388525e+04 9.941838147926724822e-01
6.075564103238777898e+04 1.008145108502461529e+00
6.075564129244167270e+04 1.012140136655639955e+00
6.075564155249558098e+04 9.826660675463900763e-01
6.075564181254947471e+04 1.010324932534269360e+00
6.075564207260337571e+04 1.004938941096982008e+00
6.075564233265727671e+04 9.953949254903268207e-01
6.075564259271117044e+04 9.808620796711090550e-01
6.075564285276507871e+04 1.000185342820182788e+00
6.075564311281897244e+04 9.898499316280247040e-01
6.075564337287286617e+04 1.006880829090553542e+00
6.075564363292677444e+04 9.766914649568925189e-01
6.075564389298066817e+04 9.793066287352196753e-01
6.075564415303458372e+04 9.997261909126532453e-01
6.075564441308847745e+04 1.006755491669330427e+00
6.075564467314237118e+04 9.957721707288302859e-01
6.075564493319627945e+04 9.781439209410541791e-01
6.075564519325017318e+04 1.011690074330742650e+00
6.075564545330407418e+04 9.904693503801377252e-01
6.075564571335797518e+04 9.669354625702625272e-01
6.075564597341186891e+04 1.003554040396286595e+00
6.075564623346577719e+04 9.776271216745427983e-01
6.075564649351967091e+04 9.972909320331730942e-01
6.075564675357356464e+04 1.010843789955029104e+00
6.075564701362747292e+04 9.734769686716530090e-01
6.075564727368136664e+04 1.008049310174301105e+00
6.075564753373527492e+04 9.856078922411474208e-01
6.075564779378917592e+04 9.777667122246802567e-01
6.075564805384306965e+04 1.001679010484932020e+00
6.075564831389697792e+04 9.943182146124572851e-01
6.075564857395087165e+04 1.010229893537594181e+00
6.075564883400477265e+04 9.795418045956997277e-01
6.075564909405867365e+04 9.897925940132668021e-01
6.075564935411256738e+04 1.014830098272391457e+00
6.075564961416647566e+04 1.001191429109486331e+00
6.075564987422036938e+04 1.016899496611707754e+00
6.075565013427426311e+04 1.011671675086603495e+00
6.075565039432817866e+04 1.004523431121696841e+00
6.075565065438207239e+04 1.025332381408636140e+00
6.075565091443597339e+04 9.870872102873938791e-01
6.075565117448987439e+04 1.005796199742162944e+00
6.075565143454376812e+04 9.899552015152229822e-01
6.075565169459767640e+04 1.001527548126522449e+00
6.075565195465157012e+04 9.988022020140160384e-01
6.075565221470547112e+04 1.001430201929788044e+00
6.075565247475937213e+04 9.785411153489240732e-01
6.075565273481326585e+04 9.959428134222834128e-01
6.075565299486718141e+04 1.014011049840357837e+00
6.075565325492107513e+04 9.745191634603623809e-01
6.075565492676799477e+04 1.030174528274189871e+00
6.075565518682868424e+04 9.796844084511647788e-01
6.075565544688938098e+04 9.944168838183294890e-01
6.075565570695007773e+04 9.998201789003258178e-01
6.075565596701077448e+04 9.981853373415474628e-01
6.075565622707147122e+04 1.002476954457283798e+00
6.075565648713216069e+04 1.008156819459007147e+00
6.075565674719285744e+04 1.011348258175432280e+00
6.075565700725356146e+04 9.761915829232152841e-01
6.075565726731425821e+04 1.001587976212479525e+00
6.075565752737495495e+04 9.905039636705434969e-01
6.075565778743564442e+04 9.897558539942333811e-01
6.075565804749634117e+04 1.023779423910756048e+00
6.075565830755703792e+04 1.000302931130600648e+00
6.075565856761772739e+04 9.845972644694758191e-01
6.075565882767842413e+04 1.028289149376893308e+00
6.075565908773912088e+04 9.973416006969986203e-01
6.075565934779981762e+04 1.004862436003863824e+00
6.075565960786051437e+04 1.006061290582741297e+00
6.075565986792121112e+04 9.953388340608720908e-01
6.075566012798190786e+04 1.001086567863877397e+00
6.075566038804260461e+04 9.948439630734015049e-01
6.075566064810330136e+04 9.728758344097513389e-01
6.075566090816399810e+04 9.910645016769356053e-01
6.075566116822468757e+04 9.765274748079487699e-01
6.075566142828538432e+04 1.000632208678111867e+00
6.075566168834608106e+04 9.993291795954908352e-01
6.075566194840677781e+04 9.987179547758308074e-01
6.075566220846748183e+04 1.003444226221924085e+00
6.075566246852817130e+04 1.020019405798092471e+00
6.075566272858886805e+04 1.016182517369383032e+00
6.075566298864956480e+04 1.014713863714183484e+00
6.075566324871025427e+04 9.931127347687352946e-01
6.075566350877095101e+04 9.672481829233023909e-01
6.075566376883164776e+04 9.943932831251521831e-01
6.075566402889234450e+04 1.031224491925611941e+00
6.075566428895304125e+04 1.021624353048407929e+00
6.075566454901373800e+04 1.011979080910099915e+00
6.075566480907443474e+04 9.961475396737403676e-01
6.075566506913513149e+04 1.013948623318539743e+00
6.075566532919582824e+04 1.013439235896705481e+00
6.075566558925652498e+04 1.008428442107131007e+00
6.075566584931721445e+04 1.006606719078245504e+00
6.075566610937791120e+04 1.020419378577057667e+00
6.075566636943860794e+04 9.769926580570190700e-01
6.075566662949930469e+04 1.020502851939380839e+00
6.075566688956000144e+04 1.028443224677676016e+00
6.075566714962069818e+04 1.003039679662057093e+00
6.075566740968139493e+04 9.728585054918783559e-01
6.075566766974209168e+04 9.812572804576951135e-01
6.075566792980278115e+04 9.884063230138290246e-01
6.075566818986347789e+04 9.859304094748124747e-01
6.075566844992417464e+04 9.697305528299783317e-01
6.075566870998487866e+04 1.003926493933008590e+00
6.075566897004557541e+04 1.010190536457913124e+00
6.075566923010626488e+04 1.020317152600773269e+00
6.075566949016696162e+04 1.005219859208591915e+00
6.075566975022765837e+04 9.953805453897740518e-01
6.075567001028834784e+04 1.001778913893994538e+00
6.075567027034905186e+04 9.895596527879594317e-01
6.075567053040974133e+04 9.979531342579566200e-01
6.075567079047044535e+04 9.968254721625730008e-01
6.075567105053114210e+04 9.717061901457264561e-01
6.075567131059183157e+04 9.698253515096411093e-01
6.075567157065252832e+04 1.023734385424931892e+00
6.075567183071322506e+04 9.876710954459985148e-01
6.075567209077392181e+04 9.803829142935768237e-01
6.075567235083461856e+04 1.028417105457314795e+00
6.075567261089531530e+04 1.003585011912123015e+00
6.075567287095601205e+04 9.999947404135340889e-01
6.075567313101670879e+04 1.017080647270333094e+00
6.075567339107740554e+04 1.011508438933109044e+00
6.075567365113810229e+04 1.012842684558899586e+00
6.075567391119879176e+04 1.017453057256713311e+00
6.075567417125948850e+04 9.947045322959845448e-01
6.075567443132019253e+04 9.956055269038492916e-01
6.075567469138088200e+04 1.038191423159539939e+00
6.075567495144157874e+04 1.013002446994891281e+00
6.075567521150227549e+04 1.008721398220222998e+00
6.075567547156297223e+04 9.948196373023443506e-01
6.075567573162366898e+04 1.001564305129000410e+00
6.075567599168436573e+04 1.003698544572372509e+00
6.075567625174506247e+04 1.001258295643590701e+00
6.075567651180575922e+04 1.007760501251333096e+00
6.075567677186645597e+04 9.928105797272653854e-01
6.075567703192715271e+04 1.025287352457761036e+00
6.075567729198784218e+04 9.879495751354853139e-01
6.075567755204853893e+04 9.990032296156994285e-01
6.075567781210924295e+04 1.000639106865240713e+00
6.075567807216993242e+04 9.984322435444803467e-01
6.075567833223062917e+04 9.914330944044490446e-01
6.075567859229132591e+04 1.003819285651857074e+00
6.075567885235202266e+04 9.938231372530547114e-01
6.075567911241271941e+04 1.008827967549074112e+00
6.075567937247341615e+04 9.682123016229361445e-01
6.075567963253411290e+04 9.974129171327799082e-01
6.075567989259480964e+04 1.003392726562796655e+00
6.075568015265550639e+04 9.888511904726228208e-01
6.075568041271620314e+04 1.004495087133810305e+00
6.075568067277689261e+04 1.003980096563964475e+00
6.075568093283759663e+04 1.004895298093247069e+00
6.075568119289829338e+04 9.806844634594883425e-01
6.075568145295898285e+04 1.009883875436746070e+00
6.075568171301968687e+04 9.858042577049879185e-01
6.075568197308037634e+04 9.987455577283564923e-01
6.075568223314107308e+04 9.960741655118094950e-01
6.075568249320177711e+04 9.924254302840822550e-01
6.075568275326246658e+04 1.002396202089854693e+00
6.075568301332316332e+04 1.031304826452480672e+00
6.075568327338386007e+04 1.002879492860660582e+00
6.075568483179301256e+04 1.013961613809800433e+00
6.075568509184680443e+04 9.913267531706536628e-01
6.075568535190059629e+04 1.010485939691364132e+00
6.075568561195438815e+04 9.933338436160310536e-01
6.075568587200818729e+04 1.002892647198897924e+00
6.075568613206199370e+04 1.012536409975589580e+00
6.075568639211578557e+04 1.022787680760051110e+00
6.075568665216957743e+04 9.779083580870712167e-01
6.075568691222336929e+04 9.933779646249205619e-01
6.075568717227716115e+04 9.958808829904509663e-01
6.075568743233096029e+04 1.003080996212579512e+00
6.075568769238475215e+04 9.895682012447081233e-01
6.075568795243854402e+04 9.873746938667027351e-01
6.075568821249233588e+04 1.000133260538686564e+00
6.075568847254613502e+04 1.007202205078062685e+00
6.075568873259992688e+04 9.959848480806098303e-01
6.075568899265372602e+04 1.007730516182942404e+00
6.075568925270752516e+04 1.000331362934850477e+00
6.075568951276131702e+04 1.001460360073887168e+00
6.075568977281511616e+04 1.008909737850287813e+00
6.075569003286890802e+04 9.981082494155182339e-01
6.075569029292269988e+04 1.007340633071362124e+00
6.075569055297649174e+04 1.003006196982672460e+00
6.075569081303029088e+04 1.003722621428688955e+00
6.075569107308408275e+04 9.862305332637444355e-01
6.075569133313787461e+04 9.785482636415200330e-01
6.075569159319166647e+04 9.999349676423301414e-01
6.075569185324547288e+04 9.966142683464890295e-01
6.075569211329927202e+04 9.870018211033469990e-01
6.075569237335306389e+04 1.002808566391513390e+00
6.075569263340685575e+04 1.011687961311174888e+00
6.075569289346064761e+04 9.942789648962937488e-01
6.075569315351444675e+04 9.946748691387728991e-01
6.075569341356823861e+04 9.989509511982069823e-01
6.075569367362203047e+04 1.004775149872398021e+00
6.075569393367582234e+04 1.010553489659143267e+00
6.075569419372962147e+04 9.857161434347434525e-01
6.075569445378341334e+04 1.001232328071012256e+00
6.075569471383720520e+04 9.989587553635446149e-01
6.075569497389100434e+04 1.017705074479173799e+00
6.075569523394481075e+04 1.030053934528244453e+00
6.075569549399860261e+04 9.698555624106522943e-01
6.075569575405239448e+04 1.006201519708758374e+00
6.075569601410618634e+04 9.912948587097577535e-01
6.075569627415998548e+04 9.916233994205015945e-01
6.075569653421377734e+04 9.950644727006489054e-01
6.075569679426756920e+04 9.902417605343195595e-01
6.075569705432136107e+04 1.008500992058432910e+00
6.075569731437516020e+04 9.988418856424279291e-01
6.075569757442895207e+04 9.903739628439152121e-01
6.075569783448274393e+04 1.002467163185969845e+00
6.075569809453654307e+04 9.857625236614051545e-01
6.075569835459034948e+04 9.916453864563760101e-01
6.075569861464414134e+04 9.959611196206273886e-01
6.075569887469793321e+04 1.009928995788031525e+00
6.075569913475172507e+04 1.002116739048295679e+00
6.075569939480552421e+04 1.029383242688909572e+00
6.075569965485931607e+04 1.011513178294069171e+00
6.075569991491310793e+04 1.045290519563188081e+00
6.075570017496689979e+04 9.891026327247618433e-01
6.075570043502069893e+04 1.005771312926684313e+00
6.075570069507449080e+04 1.022647241576821298e+00
6.075570095512828993e+04 1.004288680216534502e+00
6.075570121518208907e+04 1.009943958660058039e+00
6.075570147523588821e+04 9.936279663872216172e-01
6.075570173528968007e+04 9.926282618439266070e-01
6.075570199534347194e+04 1.002935379287078987e+00
6.075570225539727107e+04 9.817404919360807058e-01
6.075570251545106294e+04 1.016436782042630327e+00
6.075570277550485480e+04 1.020371586465323333e+00
6.075570303555864666e+04 1.023391497733056710e+00
6.075570329561244580e+04 1.006056676024046803e+00
6.075570355566623766e+04 1.015279169856943220e+00
6.075570381572002952e+04 9.922722895690099243e-01
6.075570407577382866e+04 1.015792747161869070e+00
6.075570433582763508e+04 1.011063792678770001e+00
6.075570459588142694e+04 1.005297152710671993e+00
6.075570485593521880e+04 1.009085179712153391e+00
6.075570511598901066e+04 1.020177695161075704e+00
6.075570537604280980e+04 9.947188996383151682e-01
6.075570563609660167e+04 9.755218807356527133e-01
6.075570589615039353e+04 1.006898110102838917e+00
6.075570615620419267e+04 1.009630691691239868e+00
6.075570641625798453e+04 1.005630619904737344e+00
6.075570667631177639e+04 1.022225375410494186e+00
6.075570693636557553e+04 1.002167197537897847e+00
6.075570719641938194e+04 1.003264661571657612e+00
6.075570745647317381e+04 1.000222930311600811e+00
6.075570771652696567e+04 1.012651995597793730e+00
6.075570797658076481e+04 1.021697537610543272e+00
6.075570823663455667e+04 1.013162487022954306e+00
6.075570849668834853e+04 1.011120622216246767e+00
6.075570875674214039e+04 1.008611003875783396e+00
6.075570901679593953e+04 1.000014040738871124e+00
6.075570927684973140e+04 9.992648151408358714e-01
6.075570953690352326e+04 9.906171887887224026e-01
6.075570979695732240e+04 1.006332291156476932e+00
6.075571005701112153e+04 9.902374266721405416e-01
6.075571031706492067e+04 1.006905242416438417e+00
6.075571057711871254e+04 1.024615660861813105e+00
6.075571083717251167e+04 1.002267148947460162e+00
6.075571109722630354e+04 1.006769755265948474e+00
6.075571135728009540e+04 9.891042299713698194e-01
6.075571161733389454e+04 9.918847139874218399e-01
6.075571187738768640e+04 1.003037223595523830e+00
6.075571213744147826e+04 9.962447713056411525e-01
6.075571239749527740e+04 9.885621467308155497e-01
6.075571265754906926e+04 9.981114552189505051e-01
6.075571291760286840e+04 1.032312256611681578e+00
6.075571317765666754e+04 9.948329423153787765e-01
6.075571474868715450e+04 9.687375147822248067e-01
6.075571500874785124e+04 1.000421449084809566e+00
6.075571526880854799e+04 9.939097433433459194e-01
6.075571552886924474e+04 1.003930744852799206e+00
6.075571578892994148e+04 1.005261882534769224e+00
6.075571604899063823e+04 9.885617373280296549e-01
6.075571630905133497e+04 9.910874779079357211e-01
6.075571656911203172e+04 9.783807819807611716e-01
6.075571682917273574e+04 1.005850184699850436e+00
6.075571708923342521e+04 1.006333199193147010e+00
6.075571734929412196e+04 1.001663385232937964e+00
6.075571760935482598e+04 1.004851858261962771e+00
6.075571786941552273e+04 9.952046524657638393e-01
6.075571812947621947e+04 1.017418867912095459e+00
6.075571838953690894e+04 1.011384173967829092e+00
6.075571864959761297e+04 1.003284674980232660e+00
6.075571890965830971e+04 9.967671473223824741e-01
6.075571916971899918e+04 1.002506256037432708e+00
6.075571942977970320e+04 1.006049134148075952e+00
6.075571968984039995e+04 9.983026264256086302e-01
6.075571994990109670e+04 1.004301123361196035e+00
6.075572020996180072e+04 1.012689405567720913e+00
6.075572047002249019e+04 9.989261484692234516e-01
6.075572073008318694e+04 9.910643748009840825e-01
6.075572099014388368e+04 1.013022746967257248e+00
6.075572125020458770e+04 1.022640546997755973e+00
6.075572151026528445e+04 9.877985816326527724e-01
6.075572177032597392e+04 1.006045344375184891e+00
6.075572203038667794e+04 1.006564164870921152e+00
6.075572229044737469e+04 1.000745648377762365e+00
6.075572255050806416e+04 1.002012235875845425e+00
6.075572281056877546e+04 9.940021493014884468e-01
6.075572307062946493e+04 9.890087699818204126e-01
6.075572333069016167e+04 1.020953518543315841e+00
6.075572359075086570e+04 1.011650844880203293e+00
6.075572385081155517e+04 1.011647245918258164e+00
6.075572411087225191e+04 9.967237621107803980e-01
6.075572437093294866e+04 9.887670580498493234e-01
6.075572463099365268e+04 1.012350248282198439e+00
6.075572489105434943e+04 1.004811370871484089e+00
6.075572515111503890e+04 9.995649010786031852e-01
6.075572541117574292e+04 1.020098179231823776e+00
6.075572567123643967e+04 1.006856936108657452e+00
6.075572593129713641e+04 1.010510207570493924e+00
6.075572619135784043e+04 9.911393158833881056e-01
6.075572645141852990e+04 1.020790041027657136e+00
6.075572671147922665e+04 1.014838780711861066e+00
6.075572697153993067e+04 9.878230784754482574e-01
6.075572723160062014e+04 1.022255172160587922e+00
6.075572749166131689e+04 9.764174314305271718e-01
6.075572775172202091e+04 1.007407183127768890e+00
6.075572801178271766e+04 1.003892780421868691e+00
6.075572827184341440e+04 9.708438048014076394e-01
6.075572853190411115e+04 9.982802266363800525e-01
6.075572879196480790e+04 1.012363989286270138e+00
6.075572905202550464e+04 1.011941749049215300e+00
6.075572931208620867e+04 1.010158743412360449e+00
6.075572957214690541e+04 9.879444385906546167e-01
6.075572983220759488e+04 1.004583824546145365e+00
6.075573009226829890e+04 9.868876577188664401e-01
6.075573035232899565e+04 1.010737598854659192e+00
6.075573061238968512e+04 1.039310548837087289e+00
6.075573087245038914e+04 1.025628698075977230e+00
6.075573113251108589e+04 9.922157812333698423e-01
6.075573139257178264e+04 9.810359995390494081e-01
6.075573165263248666e+04 1.016658854090573882e+00
6.075573191269317613e+04 9.989741409058104926e-01
6.075573217275387287e+04 9.978411914625023860e-01
6.075573243281457690e+04 9.924598552417195352e-01
6.075573269287527364e+04 1.007726197052365436e+00
6.075573295293597039e+04 1.015841601036715280e+00
6.075573321299666713e+04 1.006651079580305863e+00
6.075573347305736388e+04 1.001704004853289920e+00
6.075573373311806063e+04 1.006619087184323691e+00
6.075573399317875737e+04 1.013365424679203208e+00
6.075573425323946140e+04 9.793934448135418469e-01
6.075573451330015087e+04 1.022802708034501462e+00
6.075573477336085489e+04 1.004725855219956721e+00
6.075573503342155163e+04 9.902844286942833474e-01
6.075573529348224110e+04 1.001250711925440573e+00
6.075573555354294513e+04 1.001525747898163177e+00
6.075573581360364187e+04 1.012095670897887878e+00
6.075573607366434589e+04 1.000176964942725011e+00
6.075573633372504264e+04 1.002826052337762341e+00
6.075573659378573211e+04 9.955507324385299839e-01
6.075573685384643613e+04 1.000021446992893415e+00
6.075573711390713288e+04 1.003761187152828915e+00
6.075573737396782963e+04 1.012742255236750655e+00
6.075573763402853365e+04 9.925153212433048822e-01
6.075573789408922312e+04 9.888072452759082420e-01
6.075573815414991986e+04 9.819908751347660170e-01
6.075573841421062389e+04 9.994739690632775675e-01
6.075573867427131336e+04 9.874823889663026932e-01
6.075573893433201010e+04 9.917401105833598685e-01
6.075573919439271413e+04 1.020871643552955899e+00
6.075573945445341087e+04 9.923316587900132824e-01
6.075573971451411489e+04 1.010826519589124617e+00
6.075573997457480436e+04 1.002912034350464721e+00
6.075574023463550111e+04 1.014887627445373308e+00
6.075574049469620513e+04 1.006770837491236303e+00
6.075574075475690188e+04 1.004879639208295927e+00
6.075574101481759863e+04 1.009980576237763383e+00
6.075574127487829537e+04 9.930988839013418223e-01
6.075574153493899212e+04 9.749028864147845086e-01
6.075574179499969614e+04 1.000386587345144296e+00
6.075574205506038561e+04 1.004402081319991646e+00
6.075574231512108236e+04 1.020487070758378412e+00
6.075574257518178638e+04 9.939135729247392526e-01
6.075574283524248312e+04 1.015253965432063588e+00
6.075574309530317987e+04 1.015236264389776322e+00
6.075574483016229351e+04 1.014237282733222001e+00
6.075574509021608537e+04 1.023497505195838153e+00
6.075574535026989179e+04 1.004422012592547819e+00
6.075574561032369093e+04 1.007909136032294706e+00
6.075574587037748279e+04 1.007315406171823469e+00
6.075574613043128193e+04 1.018403174977882797e+00
6.075574639048507379e+04 9.922373501219285963e-01
6.075574665053887293e+04 1.016589247118221850e+00
6.075574691059266479e+04 9.890166864507917710e-01
6.075574717064645665e+04 1.023476663547540078e+00
6.075574743070025579e+04 1.004083599827686468e+00
6.075574769075404765e+04 1.023651041389765037e+00
6.075574795080784679e+04 1.016933826279687869e+00
6.075574821086163865e+04 1.009269221737204347e+00
6.075574847091544507e+04 9.987216125255072852e-01
6.075574873096924421e+04 1.008604467953104100e+00
6.075574899102303607e+04 9.999665443872473025e-01
6.075574925107683521e+04 1.006119986798704957e+00
6.075574951113062707e+04 1.010336364196706249e+00
6.075574977118442621e+04 1.013362992423873843e+00
6.075575003123821807e+04 9.972684369951783090e-01
6.075575029129201721e+04 9.847313396538608377e-01
6.075575055134580907e+04 1.025688266768160606e+00
6.075575081139960093e+04 1.008462280164609925e+00
6.075575107145340007e+04 1.002252017267851958e+00
6.075575133150719921e+04 1.013004296245285651e+00
6.075575159156100563e+04 1.014488824792361132e+00
6.075575185161479749e+04 1.011773682430486598e+00
6.075575211166859663e+04 1.006389772770786672e+00
6.075575237172238849e+04 1.003951573159144850e+00
6.075575263177618035e+04 1.025398579099648932e+00
6.075575289182997949e+04 1.014866011215736386e+00
6.075575315188377135e+04 1.008322989163170869e+00
6.075575341193757049e+04 1.002243699299626867e+00
6.075575367199136235e+04 1.005712625242951352e+00
6.075575393204516149e+04 1.019893326956039736e+00
6.075575419209895335e+04 1.016735666452582398e+00
6.075575445215275249e+04 9.949982549658870079e-01
6.075575471220655891e+04 9.984410663155157684e-01
6.075575497226035077e+04 1.015582099646149983e+00
6.075575523231414991e+04 1.025691208208591609e+00
6.075575549236794177e+04 1.004686515802973412e+00
6.075575575242174091e+04 1.004954386303718916e+00
6.075575601247553277e+04 1.041541411008771956e+00
6.075575627252933191e+04 1.003946112791744838e+00
6.075575653258312377e+04 1.015436519839285845e+00
6.075575679263691563e+04 1.001839712124779291e+00
6.075575705269071477e+04 1.000010769022634083e+00
6.075575731274451391e+04 1.000669036917029020e+00
6.075575757279832033e+04 9.984549946861163150e-01
6.075575783285211219e+04 1.020823974575015836e+00
6.075575809290591133e+04 1.027702655674892274e+00
6.075575835295970319e+04 1.018815841327436633e+00
6.075575861301350233e+04 1.013590539046329786e+00
6.075575887306729419e+04 1.002031062584785026e+00
6.075575913312109333e+04 1.006503436893759318e+00
6.075575939317488519e+04 1.020038563187376734e+00
6.075575965322867705e+04 1.002650186162288515e+00
6.075575991328247619e+04 1.033830922214420633e+00
6.075576017333626805e+04 1.021304800416460212e+00
6.075576043339007447e+04 9.904827882346772805e-01
6.075576069344387361e+04 1.013457323684440636e+00
6.075576095349767274e+04 1.013213752988328498e+00
6.075576121355146461e+04 9.937678073753944963e-01
6.075576147360526375e+04 1.010579651802482104e+00
6.075576173365905561e+04 1.038951611759851845e+00
6.075576199371285475e+04 1.013629691648031184e+00
6.075576225376664661e+04 1.006327569521187071e+00
6.075576251382044575e+04 1.016556410665064192e+00
6.075576277387423761e+04 1.028883399237826790e+00
6.075576303392802947e+04 1.010273554568192234e+00
6.075576329398183589e+04 1.011951548513817301e+00
6.075576355403563502e+04 1.014414138114596131e+00
6.075576381408943416e+04 1.023217534845756393e+00
6.075576407414322603e+04 9.823605221354136940e-01
6.075576433419702516e+04 9.931177025210007336e-01
6.075576459425081703e+04 1.025846974766591702e+00
6.075576485430461616e+04 1.009843445884820223e+00
6.075576511435840803e+04 1.007711334146254911e+00
6.075576537441220717e+04 1.006327484399262451e+00
6.075576563446599903e+04 9.941905091936570349e-01
6.075576589451979817e+04 1.024403558231334443e+00
6.075576615457359003e+04 9.818727168069271150e-01
6.075576641462739644e+04 9.916325642323926548e-01
6.075576667468119558e+04 9.934305866279783404e-01
6.075576693473499472e+04 1.022592802466889550e+00
6.075576719478878658e+04 1.002549721432104635e+00
6.075576745484258572e+04 1.008476784664881221e+00
6.075576771489637758e+04 1.007196781970378652e+00
6.075576797495017672e+04 1.001662351063676182e+00
6.075576823500396858e+04 9.982563011648727391e-01
6.075576849505776045e+04 9.935697449075153731e-01
6.075576875511155959e+04 9.825125040085063155e-01
6.075576901516535145e+04 1.014934857079242692e+00
6.075576927521915786e+04 1.011753465817418984e+00
6.075576953527295700e+04 1.013126175446731114e+00
6.075576979532675614e+04 9.820842925566043435e-01
6.075577005538054800e+04 1.017659662808857446e+00
6.075577031543434714e+04 1.026137341772420219e+00
6.075577057548813900e+04 1.030609546602372806e+00
6.075577083554193814e+04 1.010052387799581286e+00
6.075577109559573000e+04 1.021888853289820931e+00
6.075577135564952914e+04 1.004685216415631466e+00
6.075577161570332100e+04 9.959755819563066437e-01
6.075577187575712014e+04 1.011009792997221268e+00
6.075577213581091200e+04 9.955178438904381810e-01
6.075577239586471842e+04 1.005678926246343252e+00
6.075577265591851756e+04 1.005681467044046817e+00
6.075577291597231670e+04 1.008399999122022717e+00
6.075577317602610856e+04 1.008600828798859705e+00
