6.075547523418369383e+04 1.013284397371439827e+00
6.075547549424438330e+04 1.010869195871693327e+00
6.075547575430508005e+04 9.774723666711239156e-01
6.075547601436576224e+04 9.836631270576747799e-01
6.075547627442645899e+04 9.738740539802884788e-01
6.075547653448714846e+04 1.003525435076628280e+00
6.075547679454784520e+04 1.022407003572470829e+00
6.075547705460853467e+04 9.553279946156775226e-01
6.075547731466922414e+04 1.002815761135998684e+00
6.075547757472991361e+04 9.703599588107866269e-01
6.075547783479061036e+04 9.907194860339153530e-01
6.075547809485129255e+04 1.020571874012009772e+00
6.075547835491198930e+04 1.007783267404102512e+00
6.075547861497267877e+04 9.725817855838242432e-01
6.075547887503337552e+04 1.007277875324875893e+00
6.075547913509406499e+04 9.673036927726039735e-01
6.075547939515475446e+04 9.887995643020897063e-01
6.075547965521544393e+04 9.968354228259207472e-01
6.075547991527614067e+04 9.758741768826465490e-01
6.075548017533683014e+04 1.040307445519795371e+00
6.075548043539752689e+04 1.014696422499772099e+00
6.075548069545820908e+04 1.020971168812740082e+00
6.075548095551890583e+04 1.008693070711038198e+00
6.075548121557959530e+04 9.751448163850574558e-01
6.075548147564028477e+04 9.762777997832635668e-01
6.075548173570098152e+04 9.909172617534414140e-01
6.075548199576167099e+04 9.984294064614279707e-01
6.075548225582236773e+04 9.811207317017238694e-01
6.075548251588305720e+04 9.924127892479366331e-01
6.075548277594374667e+04 9.880226621672204557e-01
6.075548303600443614e+04 9.801144960026015873e-01
6.075548329606513289e+04 9.685115172770084602e-01
6.075548355612582236e+04 9.692520662605345061e-01
6.075548381618651911e+04 9.584704781621908865e-01
6.075548407624720130e+04 9.790367901565368847e-01
6.075548433630789805e+04 1.006063440831225231e+00
6.075548459636858752e+04 9.935598384713558717e-01
6.075548485642928426e+04 9.807513393392430778e-01
6.075548511648997373e+04 9.804985453769536896e-01
6.075548537655066320e+04 1.033873300775231430e+00
6.075548563661135267e+04 9.950776701849487482e-01
6.075548589667204942e+04 9.793195693370492227e-01
6.075548615673273162e+04 9.715551189724193071e-01
6.075548641679342836e+04 9.805747552849854998e-01
6.075548667685411783e+04 9.611770392446641331e-01
6.075548693691481458e+04 9.897713493484485703e-01
6.075548719697551132e+04 9.751456625401758727e-01
6.075548745703619352e+04 9.508614743090397781e-01
6.075548771709689026e+04 1.012842457461039514e+00
6.075548797715757973e+04 9.852014368044236248e-01
6.075548823721827648e+04 9.778084660615037338e-01
6.075548849727896595e+04 9.850200689950617816e-01
6.075548875733965542e+04 1.018005769944418715e+00
6.075548901740034489e+04 9.793151170033442821e-01
6.075548927746104164e+04 1.012814725838987018e+00
6.075548953752172383e+04 9.804771647990535577e-01
6.075548979758242058e+04 9.756208070271239485e-01
6.075549005764311732e+04 9.779452420771442833e-01
6.075549031770380680e+04 1.006156383320262915e+00
6.075549057776450354e+04 9.643010549705319789e-01
6.075549083782518574e+04 9.981704963506361494e-01
6.075549109788588248e+04 1.005727823457913450e+00
6.075549135794657195e+04 9.842238791640376405e-01
6.075549161800726870e+04 9.863095421349147296e-01
6.075549187806795817e+04 1.013384213617474439e+00
6.075549213812864764e+04 9.385811322402202173e-01
6.075549239818933711e+04 1.024791711699497121e+00
6.075549265825003386e+04 9.839992355349086450e-01
6.075549291831072333e+04 9.896385371460478808e-01
6.075549317837142007e+04 9.928601134575133491e-01
6.075549343843210954e+04 1.001372188551527653e+00
6.075549369849279901e+04 1.001694075277060891e+00
6.075549395855349576e+04 9.893150228691298675e-01
6.075549421861417795e+04 1.004980976885322175e+00
6.075549447867487470e+04 9.943803883242859909e-01
6.075549473873556417e+04 9.929098357447957435e-01
6.075549499879626092e+04 9.455764461861310144e-01
6.075549525885695766e+04 9.883374434526680519e-01
6.075549551891763986e+04 9.527315936767868365e-01
6.075549577897833660e+04 9.684480040067621198e-01
6.075549603903902607e+04 1.002913431190881166e+00
6.075549629909972282e+04 9.806267188367034926e-01
6.075549655916041229e+04 9.722106643496429834e-01
6.075549681922110176e+04 9.955615139112863332e-01
6.075549707928179851e+04 9.574395799835582199e-01
6.075549733934248798e+04 9.727911772703090598e-01
6.075549759940317745e+04 1.021731527115407490e+00
6.075549785946386692e+04 9.588099408267736212e-01
6.075549811952456366e+04 9.819983271892980259e-01
6.075549837958525313e+04 9.637648733974518711e-01
6.075549863964594988e+04 9.459354909888603169e-01
6.075549889970663935e+04 9.920309840584213834e-01
6.075549915976732882e+04 9.831954050834721404e-01
6.075549941982802557e+04 1.015972773053719802e+00
6.075549967988871504e+04 1.006712127345132712e+00
6.075549993994941178e+04 9.651793645265782651e-01
6.075550020001009398e+04 9.547812150468403258e-01
6.075550046007079072e+04 9.891755072653151126e-01
6.075550072013148747e+04 9.761560022640660694e-01
6.075550098019216966e+04 1.003030385474415809e+00
6.075550124025286641e+04 9.937854611698750951e-01
6.075550150031355588e+04 9.834725890282958183e-01
6.075550176037425263e+04 1.011168654123322241e+00
6.075550202043494210e+04 9.649323870081352172e-01
6.075550228049563157e+04 9.812572217082196069e-01
6.075550254055632831e+04 1.010415531159159386e+00
6.075550280061701778e+04 9.441609223282212415e-01
6.075550306067771453e+04 9.470285111469660677e-01
6.075550332073840400e+04 1.007076827180660716e+00
6.075550358079909347e+04 9.541282964450842341e-01
6.075550513883041276e+04 9.894656142798459175e-01
6.075550539889110951e+04 9.890080229179702975e-01
6.075550565895179898e+04 9.566970049971433854e-01
6.075550591901248845e+04 9.756485572098598791e-01
6.075550617907318519e+04 9.764215760021472956e-01
6.075550643913387466e+04 1.017746462892010095e+00
6.075550669919457141e+04 1.001685818567319641e+00
6.075550695925526088e+04 9.909010273588679807e-01
6.075550721931595035e+04 1.011947342964415464e+00
6.075550747937664710e+04 9.976386315477236977e-01
6.075550773943733657e+04 9.995463821508482338e-01
6.075550799949803331e+04 9.827202412142995724e-01
6.075550825955872278e+04 1.022932965856341081e+00
6.075550851961941225e+04 9.908952350051694058e-01
6.075550877968010900e+04 9.634850739064625413e-01
6.075550903974079847e+04 9.935061712298257630e-01
6.075550929980148794e+04 1.010616333062914096e+00
6.075550955986217741e+04 9.763432764082843329e-01
6.075550981992287416e+04 1.002363955932948247e+00
6.075551007998357090e+04 9.732063621255564456e-01
6.075551034004426037e+04 9.852348242573472081e-01
6.075551060010494984e+04 9.949003483052325514e-01
6.075551086016564659e+04 9.730936728247393530e-01
6.075551112022633606e+04 9.991517000864992282e-01
6.075551138028703281e+04 1.017883167810466283e+00
6.075551164034772228e+04 9.733158186960462199e-01
6.075551190040841175e+04 9.754728453326372284e-01
6.075551216046910849e+04 9.859410545882945076e-01
6.075551242052979796e+04 9.872501513442047960e-01
6.075551268059049471e+04 1.003532165357461148e+00
6.075551294065118418e+04 1.003078545508147235e+00
6.075551320071187365e+04 9.898188420950584376e-01
6.075551346077257040e+04 9.789285903380884335e-01
6.075551372083325987e+04 1.009056961453538070e+00
6.075551398089394934e+04 1.006784394742933575e+00
6.075551424095464608e+04 1.007343484355091023e+00
6.075551450101533555e+04 9.924073745556566406e-01
6.075551476107603230e+04 9.960756573978466477e-01
6.075551502113672177e+04 1.035882204950455687e+00
6.075551528119741124e+04 1.017229400738323797e+00
6.075551554125810799e+04 9.943952664231987537e-01
6.075551580131879746e+04 9.909716087145842289e-01
6.075551606137949420e+04 1.015270174330285213e+00
6.075551632144019095e+04 1.029561679672347463e+00
6.075551658150087314e+04 9.768757177062100672e-01
6.075551684156156989e+04 9.785537823001742019e-01
6.075551710162226664e+04 9.996833299272070983e-01
6.075551736168294883e+04 1.009544335525516701e+00
6.075551762174364558e+04 1.028817109338296953e+00
6.075551788180433505e+04 1.007056873180617540e+00
6.075551814186503179e+04 9.855848379661241720e-01
6.075551840192572854e+04 9.900627148915113196e-01
6.075551866198641073e+04 9.826719805696910726e-01
6.075551892204710748e+04 1.022418830784656008e+00
6.075551918210780423e+04 1.010546876191913190e+00
6.075551944216849370e+04 9.905411011843835434e-01
6.075551970222919044e+04 9.712838523594393703e-01
6.075551996228987991e+04 1.009813773710487528e+00
6.075552022235056938e+04 9.947171238492422685e-01
6.075552048241126613e+04 9.811003823802407764e-01
6.075552074247194832e+04 1.002345802263512331e+00
6.075552100253265235e+04 9.750145483848406958e-01
6.075552126259334182e+04 9.918147703530764137e-01
6.075552152265403129e+04 1.013308758637558427e+00
6.075552178271472803e+04 1.044868493922387565e+00
6.075552204277541750e+04 9.914332570738129125e-01
6.075552230283610697e+04 1.003722605910544186e+00
6.075552256289680372e+04 1.008705865723430462e+00
6.075552282295750047e+04 9.645213067750894043e-01
6.075552308301818994e+04 1.020991591017482492e+00
6.075552334307887941e+04 9.984141973611343479e-01
6.075552360313957615e+04 9.890326769812302077e-01
6.075552386320026562e+04 1.007961983863949751e+00
6.075552412326096237e+04 9.982862989381694474e-01
6.075552438332165912e+04 1.000703612921334695e+00
6.075552464338234131e+04 9.933895056121314626e-01
6.075552490344303806e+04 9.997177482820861494e-01
6.075552516350373480e+04 9.977376810666577223e-01
6.075552542356441700e+04 9.939865794116901077e-01
6.075552568362511374e+04 1.025306509186012738e+00
6.075552594368581049e+04 9.932286965392288502e-01
6.075552620374649996e+04 1.010557953018004440e+00
6.075552646380719671e+04 9.906259185727186445e-01
6.075552672386788618e+04 1.016752284565893616e+00
6.075552698392857565e+04 1.008992938754278201e+00
6.075552724398927239e+04 1.017964794724227628e+00
6.075552750404996914e+04 1.000357206130085830e+00
6.075552776411065861e+04 1.009286085587517867e+00
6.075552802417134808e+04 9.970673222052774953e-01
6.075552828423204483e+04 1.007758323024785296e+00
6.075552854429273430e+04 9.874953757477963334e-01
6.075552880435342377e+04 1.023155369237057633e+00
6.075552906441412051e+04 1.001787955843366218e+00
6.075552932447480998e+04 9.553807208248389360e-01
6.075552958453550673e+04 9.919186619152291495e-01
6.075552984459620347e+04 9.961217418002709101e-01
6.075553010465688567e+04 1.010964433558039666e+00
6.075553036471758242e+04 9.846575325774187259e-01
6.075553062477827916e+04 9.946098477851996744e-01
6.075553088483896863e+04 9.768054294269660209e-01
6.075553114489966538e+04 1.049530055171639997e+00
6.075553140496035485e+04 1.005637309896520115e+00
6.075553166502104432e+04 9.901093532564263500e-01
6.075553192508174106e+04 9.622995372756636412e-01
6.075553218514243054e+04 9.824390366980816358e-01
6.075553244520312728e+04 9.894843689436446654e-01
6.075553270526381675e+04 1.026393783972692209e+00
6.075553296532451350e+04 9.943814551818027647e-01
6.075553322538520297e+04 9.718341798073959481e-01
6.075553348544589244e+04 1.002777359232849941e+00
6.075553503087646095e+04 1.006344628836266741e+00
6.075553529093715770e+04 1.028782263822880072e+00
6.075553555099784717e+04 1.000810129079468869e+00
6.075553581105853664e+04 1.009267858920566141e+00
6.075553607111923338e+04 9.953960301060129634e-01
6.075553633117992285e+04 1.020225626581231504e+00
6.075553659124061960e+04 9.952476076732508226e-01
6.075553685130131635e+04 1.003305796225609337e+00
6.075553711136199854e+04 9.931855640914840633e-01
6.075553737142269529e+04 9.709944068021711949e-01
6.075553763148339203e+04 9.716333606515877852e-01
6.075553789154408878e+04 1.001968174052448868e+00
6.075553815160477825e+04 1.005329468088273392e+00
6.075553841166546772e+04 1.006259238655964561e+00
6.075553867172616447e+04 9.730437913897055369e-01
6.075553893178685394e+04 9.580978676736009447e-01
6.075553919184754341e+04 9.880278768716264093e-01
6.075553945190824015e+04 9.921457728180735902e-01
6.075553971196892962e+04 9.629913743949094496e-01
6.075553997202962637e+04 1.050197825630177162e+00
6.075554023209032312e+04 9.972245740705505401e-01
6.075554049215101259e+04 9.872338698386602385e-01
6.075554075221170206e+04 9.924782641029511465e-01
6.075554101227239880e+04 9.888546096172045052e-01
6.075554127233309555e+04 1.020051225025173647e+00
6.075554153239378502e+04 9.934819256161731005e-01
6.075554179245447449e+04 1.007692475194216675e+00
6.075554205251517124e+04 9.981304930522124641e-01
6.075554231257586798e+04 1.030791033355725750e+00
6.075554257263655018e+04 1.006049739164857959e+00
6.075554283269725420e+04 1.025492768897088069e+00
6.075554309275794367e+04 1.006919208454615022e+00
6.075554335281863314e+04 1.007479701049033949e+00
6.075554361287932988e+04 9.758287624829339313e-01
6.075554387294001936e+04 1.038820253413015759e+00
6.075554413300071610e+04 9.918313226279708017e-01
6.075554439306140557e+04 1.023975296702650528e+00
6.075554465312210232e+04 1.007896841697603962e+00
6.075554491318279906e+04 9.677626396659249064e-01
6.075554517324348853e+04 9.869421688552677541e-01
6.075554543330417800e+04 9.830250000195187576e-01
6.075554569336487475e+04 1.028621272718797552e+00
6.075554595342557150e+04 1.007503722245725042e+00
6.075554621348626097e+04 1.016362738081832751e+00
6.075554647354695044e+04 1.030525031742112629e+00
6.075554673360764718e+04 1.021765463228905046e+00
6.075554699366834393e+04 1.018725156262853426e+00
6.075554725372902612e+04 1.039030843933055115e+00
6.075554751378972287e+04 1.002767843833970884e+00
6.075554777385041962e+04 9.687623976427180983e-01
6.075554803391111636e+04 1.011408803534789902e+00
6.075554829397180583e+04 1.010704436474433310e+00
6.075554855403249530e+04 9.524382928546079041e-01
6.075554881409319205e+04 1.011370593288694275e+00
6.075554907415388152e+04 9.432640005962203977e-01
6.075554933421457827e+04 9.864008998685065421e-01
6.075554959427527501e+04 9.827075363332279379e-01
6.075554985433596448e+04 1.029145465049634556e+00
6.075555011439665395e+04 1.016781050141863041e+00
6.075555037445735070e+04 1.003588189656064333e+00
6.075555063451804017e+04 9.952229234911600386e-01
6.075555089457873692e+04 1.028930263580213778e+00
6.075555115463942639e+04 9.669198045383197160e-01
6.075555141470012313e+04 1.009063422393895681e+00
6.075555167476081988e+04 1.040276045391754778e+00
6.075555193482150935e+04 1.001093710786289170e+00
6.075555219488219882e+04 1.002710305350910547e+00
6.075555245494289557e+04 1.002186533621043374e+00
6.075555271500359231e+04 1.037368756367020417e+00
6.075555297506428906e+04 9.966670026696158313e-01
6.075555323512497125e+04 9.855099690978791349e-01
6.075555349518566800e+04 1.032097606580268057e+00
6.075555375524636474e+04 1.004411260999506617e+00
6.075555401530705421e+04 1.004429576826884496e+00
6.075555427536775096e+04 9.719396605980603621e-01
6.075555453542844043e+04 9.970680885673038896e-01
6.075555479548913718e+04 9.969809535718989757e-01
6.075555505554983392e+04 1.012641840846581154e+00
6.075555531561051612e+04 9.994315913545724905e-01
6.075555557567121286e+04 9.966136425279175093e-01
6.075555583573190961e+04 1.024636786351042606e+00
6.075555609579260636e+04 1.006412275318437244e+00
6.075555635585329583e+04 1.007538227943031162e+00
6.075555661591398530e+04 9.924412374500266587e-01
6.075555687597468204e+04 1.019185692515851782e+00
6.075555713603537879e+04 1.012985974250776078e+00
6.075555739609607554e+04 1.016960145845004604e+00
6.075555765615676501e+04 1.031041309051119237e+00
6.075555791621745448e+04 9.544367125462382973e-01
6.075555817627815122e+04 9.873847444456006484e-01
6.075555843633884797e+04 1.013802288781513461e+00
6.075555869639953016e+04 1.011027036311149985e+00
6.075555895646022691e+04 9.817739362709171358e-01
6.075555921652092366e+04 9.969826131843090300e-01
6.075555947658162040e+04 1.006323847861937182e+00
6.075555973664230987e+04 1.007927408799725866e+00
6.075555999670299934e+04 9.852251723339140455e-01
6.075556025676369609e+04 1.007501011720819184e+00
6.075556051682439283e+04 1.017870673446992669e+00
6.075556077688508958e+04 1.018243641333877125e+00
6.075556103694577905e+04 9.999671758842945124e-01
6.075556129700646852e+04 1.006308060154168960e+00
6.075556155706716527e+04 1.020905861118649005e+00
6.075556181712786201e+04 1.044671358133931083e+00
6.075556207718854421e+04 9.802589423869160212e-01
6.075556233724924095e+04 1.003970630782311302e+00
6.075556259730993770e+04 1.003519550709428776e+00
6.075556285737063445e+04 9.997868242761756008e-01
6.075556311743133119e+04 1.041088322392167864e+00
6.075556337749201339e+04 9.668811379413637663e-01
6.075556504896522529e+04 1.011995962169194518e+00
6.075556530902591476e+04 1.011016642640294672e+00
6.075556556908661150e+04 9.954644776731540468e-01
6.075556582914730097e+04 1.030791949543830022e+00
6.075556608920799772e+04 9.964413177318374171e-01
6.075556634926869447e+04 1.002074586716613425e+00
6.075556660932938394e+04 1.027426945541999981e+00
6.075556686939008068e+04 1.011392505545463338e+00
6.075556712945077015e+04 9.958690571860820961e-01
6.075556738951146690e+04 9.576615290577046302e-01
6.075556764957216365e+04 1.019019368162806582e+00
6.075556790963285312e+04 1.015452462579507165e+00
6.075556816969354986e+04 1.031419906430657729e+00
6.075556842975423933e+04 9.894312501790758496e-01
6.075556868981492880e+04 1.006067630425949933e+00
6.075556894987563282e+04 9.772075481192147306e-01
6.075556920993632230e+04 1.001926242783807597e+00
6.075556946999701904e+04 1.013961926688873749e+00
6.075556973005770851e+04 9.920988539963303543e-01
6.075556999011839798e+04 1.001313381040071171e+00
6.075557025017909473e+04 1.011630528609587909e+00
6.075557051023979147e+04 9.812773294885503983e-01
6.075557077030048822e+04 9.893218096365757885e-01
6.075557103036117769e+04 1.045244784521432990e+00
6.075557129042186716e+04 1.040368525784192366e+00
6.075557155048256391e+04 1.032144956378643341e+00
6.075557181054326065e+04 9.913192777003356770e-01
6.075557207060395740e+04 9.876072124854341494e-01
6.075557233066464687e+04 1.015980890643468637e+00
6.075557259072533634e+04 9.896460895333059060e-01
6.075557285078603309e+04 1.000924187332872917e+00
6.075557311084672983e+04 1.009006050426610734e+00
6.075557337090741930e+04 1.042302852171199889e+00
6.075557363096811605e+04 1.036079919657990178e+00
6.075557389102880552e+04 1.005436490824105800e+00
6.075557415108950227e+04 1.048780286322026134e+00
6.075557441115019901e+04 9.810589844191479614e-01
6.075557467121088848e+04 1.033543287681295109e+00
6.075557493127158523e+04 1.034886888145004180e+00
6.075557519133227470e+04 1.017205653793203046e+00
6.075557545139297144e+04 9.756751304010352621e-01
6.075557571145366819e+04 9.775119677580600408e-01
6.075557597151435766e+04 9.929501831640891174e-01
6.075557623157505441e+04 9.620164459835354176e-01
6.075557649163575115e+04 1.042123688379076318e+00
6.075557675169643335e+04 1.005813888579068616e+00
6.075557701175713009e+04 1.014606251748132015e+00
6.075557727181782684e+04 9.855523552654812391e-01
6.075557753187852359e+04 9.790706361776952971e-01
6.075557779193922033e+04 1.017214331134134397e+00
6.075557805199990980e+04 1.047544651109139746e+00
6.075557831206059927e+04 9.869555236389692121e-01
6.075557857212129602e+04 9.911987427884573210e-01
6.075557883218199277e+04 1.023820073365997008e+00
6.075557909224268951e+04 9.865939426241738808e-01
6.075557935230337898e+04 1.034370703023940408e+00
6.075557961236407573e+04 9.891624821435908155e-01
6.075557987242476520e+04 9.970235702698658775e-01
6.075558013248546195e+04 1.039189153976585844e+00
6.075558039254615869e+04 9.944871450613240738e-01
6.075558065260684816e+04 1.008672696446903494e+00
6.075558091266754491e+04 1.033349545721696128e+00
6.075558117272824165e+04 9.906527885204909900e-01
6.075558143278892385e+04 9.727999057499703284e-01
6.075558169284962059e+04 1.043279114733504320e+00
6.075558195291031734e+04 1.012909399947873101e+00
6.075558221297101409e+04 1.014518123558900031e+00
6.075558247303171083e+04 1.002032716016950209e+00
6.075558273309240030e+04 1.007271618996639750e+00
6.075558299315309705e+04 9.912794512045267625e-01
6.075558325321378652e+04 9.460852829440147271e-01
6.075558351327448327e+04 1.000120074459512010e+00
6.075558377333518001e+04 1.018581888622838605e+00
6.075558403339586948e+04 1.008074297438086520e+00
6.075558429345656623e+04 1.006062949075808399e+00
6.075558455351726298e+04 1.012830415980873200e+00
6.075558481357794517e+04 1.024066874221179813e+00
6.075558507363864192e+04 9.778892065972784042e-01
6.075558533369933866e+04 1.012756265398002675e+00
6.075558559376003541e+04 1.017914126620843351e+00
6.075558585382073215e+04 9.910768660064465108e-01
6.075558611388142162e+04 1.024087571682921638e+00
6.075558637394211837e+04 1.046890474985670449e+00
6.075558663400280784e+04 1.022204081184421742e+00
6.075558689406350459e+04 1.045314703119108790e+00
6.075558715412420133e+04 1.031774978049704306e+00
6.075558741418489080e+04 1.021377067228473434e+00
6.075558767424558755e+04 1.008800682962036843e+00
6.075558793430628430e+04 1.009079913886996138e+00
6.075558819436697377e+04 9.988478950943138202e-01
6.075558845442767051e+04 9.693280977126889075e-01
6.075558871448835998e+04 1.010254268380941012e+00
6.075558897454905673e+04 1.022235879332245023e+00
6.075558923460975348e+04 9.868449432459907023e-01
6.075558949467044295e+04 1.007763917529133302e+00
6.075558975473113969e+04 1.002377562342007478e+00
6.075559001479183644e+04 9.905696560153183228e-01
6.075559027485253318e+04 9.865114581560761042e-01
6.075559053491322265e+04 9.848163441921399253e-01
6.075559079497391212e+04 9.846784947570184077e-01
6.075559105503460887e+04 9.750706283418208997e-01
6.075559131509530562e+04 1.044592563747656300e+00
6.075559157515600236e+04 9.991336110186589403e-01
6.075559183521669911e+04 1.016588005190274924e+00
6.075559209527738858e+04 1.028413800213054063e+00
6.075559235533808533e+04 9.937558767771860202e-01
6.075559261539877480e+04 1.005138442735018955e+00
6.075559287545946427e+04 1.034316953593840571e+00
6.075559313552016101e+04 1.012258548450870155e+00
6.075559339558085776e+04 1.010858086806157408e+00
6.075559494101491873e+04 9.894963775017786567e-01
6.075559520107561548e+04 1.006378135663450690e+00
6.075559546113631222e+04 1.024931250814140160e+00
6.075559572119700897e+04 9.902049738410723112e-01
6.075559598125769844e+04 9.895587735490647407e-01
6.075559624131839519e+04 9.982091359897833360e-01
6.075559650137908466e+04 9.900195015531704223e-01
6.075559676143977413e+04 9.869647625292963244e-01
6.075559702150047087e+04 1.025641185916261966e+00
6.075559728156116762e+04 1.043655829330099039e+00
6.075559754162186437e+04 1.000208722610623102e+00
6.075559780168256111e+04 1.040831821432296245e+00
6.075559806174325058e+04 9.998971599899226792e-01
6.075559832180394733e+04 1.039875052091431051e+00
6.075559858186464407e+04 1.026262301488723105e+00
6.075559884192533355e+04 1.020633682947700072e+00
6.075559910198603029e+04 1.046784914384372600e+00
6.075559936204671976e+04 1.017731508729960099e+00
6.075559962210741651e+04 9.802815444546102430e-01
6.075559988216811325e+04 1.034278810509685398e+00
6.075560014222880272e+04 1.023847050146540427e+00
6.075560040228950675e+04 1.007265976079433800e+00
6.075560066235019622e+04 1.029436006905034562e+00
6.075560092241089296e+04 9.935950310051256951e-01
6.075560118247158971e+04 1.005260482832513347e+00
6.075560144253227918e+04 1.001691996488223158e+00
6.075560170259296865e+04 1.048716504480762701e+00
6.075560196265366540e+04 9.942702401287996095e-01
6.075560222271436214e+04 9.874004524914479219e-01
6.075560248277505889e+04 1.019997715275943184e+00
6.075560274283574836e+04 9.946484017544220402e-01
6.075560300289644510e+04 9.976142494114006443e-01
6.075560326295714185e+04 1.008671796231940032e+00
6.075560352301783860e+04 1.006364391488964394e+00
6.075560378307853534e+04 1.021442411198359768e+00
6.075560404313922481e+04 9.971468428179786070e-01
6.075560430319992156e+04 1.006106330441180585e+00
6.075560456326061831e+04 9.947049848858211529e-01
6.075560482332130050e+04 1.020111216021128531e+00
6.075560508338199725e+04 1.025175221707890438e+00
6.075560534344269399e+04 9.935732996894698354e-01
6.075560560350339074e+04 9.942225786992948677e-01
6.075560586356408749e+04 9.747437529329580075e-01
6.075560612362477696e+04 9.878262837268516616e-01
6.075560638368547370e+04 1.023603379077655529e+00
6.075560664374617045e+04 1.002573408281943745e+00
6.075560690380686719e+04 1.001900454803487994e+00
6.075560716386756394e+04 9.904819472664780911e-01
6.075560742392825341e+04 1.013452465591941465e+00
6.075560768398895016e+04 1.024224170352646457e+00
6.075560794404964690e+04 1.017875936567731010e+00
6.075560820411032910e+04 9.912636354181535436e-01
6.075560846417102584e+04 1.011469638873690347e+00
6.075560872423172259e+04 9.921083979091862570e-01
6.075560898429241934e+04 1.041281162133232963e+00
6.075560924435311608e+04 1.012491442798785224e+00
6.075560950441380555e+04 1.021633547490290672e+00
6.075560976447450230e+04 9.660624008201995627e-01
6.075561002453519905e+04 9.838290480366973512e-01
6.075561028459589579e+04 1.056958581297102517e+00
6.075561054465659254e+04 9.774584379842053972e-01
6.075561080471728201e+04 9.978263884719972276e-01
6.075561106477797875e+04 9.937086932031111708e-01
6.075561132483867550e+04 1.022340562852085855e+00
6.075561158489937225e+04 9.885615362803003014e-01
6.075561184496006899e+04 1.024260204399054963e+00
6.075561210502075846e+04 1.011509814667203688e+00
6.075561236508144793e+04 1.012757770656657730e+00
6.075561262514214468e+04 1.016782208806290999e+00
6.075561288520283415e+04 1.001859989609538593e+00
6.075561314526353090e+04 1.007638889634993706e+00
6.075561340532422764e+04 1.005865797566495745e+00
6.075561366538492439e+04 1.036896698727782118e+00
6.075561392544562113e+04 1.005975176619395617e+00
6.075561418550631060e+04 1.047839111855472183e+00
6.075561444556700735e+04 9.864728841629479827e-01
6.075561470562770410e+04 1.034767547097051210e+00
6.075561496568840084e+04 1.018827231274191281e+00
6.075561522574909759e+04 9.985518700554971705e-01
6.075561548580978706e+04 1.030115118596873547e+00
6.075561574587048381e+04 1.036185629829545762e+00
6.075561600593118055e+04 9.815574795986816703e-01
6.075561626599187002e+04 1.032687872784498362e+00
6.075561652605256677e+04 1.003817675029387013e+00
6.075561678611326352e+04 1.032592864281372647e+00
6.075561704617396026e+04 1.001827755145558552e+00
6.075561730623465701e+04 1.026090327853808937e+00
6.075561756629534648e+04 9.782177007834729210e-01
6.075561782635604322e+04 1.008668843931845638e+00
6.075561808641673269e+04 1.012941116411919529e+00
6.075561834647742944e+04 1.004217943553461501e+00
6.075561860653812619e+04 1.055884546394605161e+00
6.075561886659881566e+04 9.987682869442223721e-01
6.075561912665951240e+04 9.970246621461307246e-01
6.075561938672020915e+04 9.868546725980841261e-01
6.075561964678089862e+04 9.975223898914740150e-01
6.075561990684160264e+04 1.013569019774733793e+00
6.075562016690229211e+04 1.007739159338321144e+00
6.075562042696298886e+04 1.006571770518051689e+00
6.075562068702368560e+04 1.012803380111796603e+00
6.075562094708437508e+04 1.016744109256191519e+00
6.075562120714507182e+04 9.979032938946407194e-01
6.075562146720576857e+04 1.022892540667565964e+00
6.075562172726646531e+04 1.022653755100004780e+00
6.075562198732716206e+04 1.002369742884744008e+00
6.075562224738785153e+04 1.035375259298616291e+00
6.075562250744854828e+04 9.939313232774339424e-01
6.075562276750924502e+04 1.056144461522928291e+00
6.075562302756994177e+04 1.020447824696866235e+00
6.075562328763063852e+04 9.945880460098796005e-01
6.075562490904599690e+04 1.002204212935524863e+00
6.075562516909990518e+04 9.927266746089506988e-01
6.075562542915379890e+04 1.014790396812557782e+00
6.075562568920769263e+04 1.020168099642734916e+00
6.075562594926160091e+04 1.006062113995215279e+00
6.075562620931549463e+04 1.009673050125363014e+00
6.075562646936939564e+04 1.010584324184543137e+00
6.075562672942329664e+04 1.043123319581593877e+00
6.075562698947719036e+04 1.023476279690070490e+00
6.075562724953109864e+04 9.813015837637196759e-01
6.075562750958499237e+04 1.019037341108426808e+00
6.075562776963889337e+04 9.992605053219915101e-01
6.075562802969280165e+04 1.037305912424677956e+00
6.075562828974669537e+04 1.012837398811347933e+00
6.075562854980059637e+04 9.897756184254639100e-01
6.075562880985449738e+04 9.910097702974767220e-01
6.075562906990839110e+04 1.003348220809422653e+00
6.075562932996229938e+04 1.004700038971305887e+00
6.075562959001619311e+04 9.869285596410813932e-01
6.075562985007009411e+04 1.017121406842287579e+00
6.075563011012399511e+04 1.013559402608090743e+00
6.075563037017788884e+04 9.642597426282492057e-01
6.075563063023179711e+04 1.039211157794850848e+00
6.075563089028569084e+04 9.958688627853541364e-01
6.075563115033958456e+04 9.956242068701858239e-01
6.075563141039349284e+04 9.990836554899170663e-01
6.075563167044738657e+04 1.002555370019613923e+00
6.075563193050128757e+04 1.010551729616483208e+00
6.075563219055518857e+04 1.004253801253371936e+00
6.075563245060908230e+04 9.938299587805285995e-01
6.075563271066299058e+04 1.036562081668807922e+00
6.075563297071688430e+04 9.996731415541052490e-01
6.075563323077078530e+04 1.017953307563475907e+00
6.075563349082468631e+04 1.030303879675376066e+00
6.075563375087858003e+04 1.017855495958115419e+00
6.075563401093248831e+04 1.025896250752275751e+00
6.075563427098638203e+04 9.942281126221663712e-01
6.075563453104027576e+04 9.944559808363998554e-01
6.075563479109418404e+04 1.023389537759945789e+00
6.075563505114807776e+04 1.003384578865077703e+00
6.075563531120197877e+04 1.019278911612238048e+00
6.075563557125588704e+04 1.019709988363617370e+00
6.075563583130978077e+04 1.018317607441324490e+00
6.075563609136368905e+04 1.007882532657984109e+00
6.075563635141758277e+04 1.032194721175228924e+00
6.075563661147148377e+04 1.040543087480307660e+00
6.075563687152538478e+04 1.046236114794651506e+00
6.075563713157927850e+04 1.004188551757820180e+00
6.075563739163318678e+04 9.822738811823698013e-01
6.075563765168708051e+04 9.839393977406303282e-01
6.075563791174097423e+04 9.768739458263028252e-01
6.075563817179488251e+04 1.013649938779424442e+00
6.075563843184877624e+04 1.009162104387833381e+00
6.075563869190267724e+04 1.021681289102356560e+00
6.075563895195657824e+04 9.960187556712269963e-01
6.075563921201047197e+04 9.821632547568235339e-01
6.075563947206438024e+04 1.021641035248715745e+00
6.075563973211827397e+04 1.000125727255204877e+00
6.075563999217217497e+04 1.046707631829346452e+00
6.075564025222608325e+04 9.893295189829923730e-01
6.075564051227997697e+04 1.046402836628297139e+00
6.075564077233388525e+04 1.010988546653826647e+00
6.075564103238777898e+04 1.003201908300962897e+00
6.075564129244167270e+04 1.028117029457671139e+00
6.075564155249558098e+04 9.987656840342040709e-01
6.075564181254947471e+04 1.021787839980145884e+00
6.075564207260337571e+04 1.002990102623952495e+00
6.075564233265727671e+04 9.921184936981365388e-01
6.075564259271117044e+04 1.002361928653234147e+00
6.075564285276507871e+04 1.019624294197134295e+00
6.075564311281897244e+04 1.008496693601266259e+00
6.075564337287286617e+04 1.008575225158819144e+00
6.075564363292677444e+04 9.942327915300969154e-01
6.075564389298066817e+04 1.000207497794162181e+00
6.075564415303458372e+04 9.990363674688402806e-01
6.075564441308847745e+04 9.915450741522491285e-01
6.075564467314237118e+04 9.898872303402458384e-01
6.075564493319627945e+04 1.004963463554078285e+00
6.075564519325017318e+04 9.850439048455974511e-01
6.075564545330407418e+04 1.027223304716370578e+00
6.075564571335797518e+04 1.003342611410450225e+00
6.075564597341186891e+04 1.023174665896714020e+00
6.075564623346577719e+04 1.035997480234804424e+00
6.075564649351967091e+04 1.006285825875268047e+00
6.075564675357356464e+04 1.031233935740546226e+00
6.075564701362747292e+04 1.027250226893214213e+00
6.075564727368136664e+04 1.018760632169827929e+00
6.075564753373527492e+04 1.025254997318744810e+00
6.075564779378917592e+04 1.006740050965257982e+00
6.075564805384306965e+04 1.016426581775289328e+00
6.075564831389697792e+04 1.016229254726214837e+00
6.075564857395087165e+04 1.043891157327051733e+00
6.075564883400477265e+04 1.004392458148288148e+00
6.075564909405867365e+04 9.795972144354448963e-01
6.075564935411256738e+04 1.016085385510996808e+00
6.075564961416647566e+04 1.021632018748343862e+00
6.075564987422036938e+04 9.909775373284002153e-01
6.075565013427426311e+04 1.043236646982884874e+00
6.075565039432817866e+04 1.024907815914111175e+00
6.075565065438207239e+04 1.016268919210309374e+00
6.075565091443597339e+04 1.029482645470064073e+00
6.075565117448987439e+04 1.003158105751348561e+00
6.075565143454376812e+04 1.055921372754386800e+00
6.075565169459767640e+04 1.004510395055521199e+00
6.075565195465157012e+04 1.035719196495730188e+00
6.075565221470547112e+04 1.015570682430094296e+00
6.075565247475937213e+04 1.028703718862898242e+00
6.075565273481326585e+04 1.009301893859219312e+00
6.075565299486718141e+04 1.035671299324028238e+00
6.075565325492107513e+04 9.942561586850139355e-01
6.075565492676799477e+04 1.044093821101630626e+00
6.075565518682868424e+04 9.844199754341846909e-01
6.075565544688938098e+04 9.851222295816337571e-01
6.075565570695007773e+04 1.033858351370382733e+00
6.075565596701077448e+04 9.787286346068110321e-01
6.075565622707147122e+04 1.039988525532140162e+00
6.075565648713216069e+04 1.003065799134638336e+00
6.075565674719285744e+04 1.005919807099957763e+00
6.075565700725356146e+04 1.013296382771138537e+00
6.075565726731425821e+04 1.052595809765690893e+00
6.075565752737495495e+04 1.017659683471767273e+00
6.075565778743564442e+04 9.947807475075576278e-01
6.075565804749634117e+04 1.008840966177034337e+00
6.075565830755703792e+04 1.025911639716509560e+00
6.075565856761772739e+04 9.673100178767912727e-01
6.075565882767842413e+04 1.019102150751483027e+00
6.075565908773912088e+04 1.028641126506442793e+00
6.075565934779981762e+04 9.794911338788996336e-01
6.075565960786051437e+04 1.022163367262298506e+00
6.075565986792121112e+04 1.012370820058219767e+00
6.075566012798190786e+04 1.026055417776554624e+00
6.075566038804260461e+04 1.017343277760988984e+00
6.075566064810330136e+04 1.060896118552244305e+00
6.075566090816399810e+04 1.013093703714774030e+00
6.075566116822468757e+04 1.038406782619990087e+00
6.075566142828538432e+04 1.003256900769978532e+00
6.075566168834608106e+04 1.021154722607974241e+00
6.075566194840677781e+04 1.022390551672947234e+00
6.075566220846748183e+04 1.019823873389406055e+00
6.075566246852817130e+04 1.015651462000314753e+00
6.075566272858886805e+04 1.008428656296552317e+00
6.075566298864956480e+04 1.025178798110921052e+00
6.075566324871025427e+04 1.026635204541125335e+00
6.075566350877095101e+04 9.978721640759230516e-01
6.075566376883164776e+04 1.000462413067214840e+00
6.075566402889234450e+04 1.037621124254661131e+00
6.075566428895304125e+04 9.960734182442715356e-01
6.075566454901373800e+04 1.048285451437394045e+00
6.075566480907443474e+04 9.988095482245308299e-01
6.075566506913513149e+04 1.000447378360346695e+00
6.075566532919582824e+04 1.001553775653781564e+00
6.075566558925652498e+04 1.024809804156213255e+00
6.075566584931721445e+04 1.012274503283747684e+00
6.075566610937791120e+04 1.001787559953555062e+00
6.075566636943860794e+04 1.024460712517980987e+00
6.075566662949930469e+04 1.000996331416344365e+00
6.075566688956000144e+04 1.022900127513278523e+00
6.075566714962069818e+04 1.019483666460253346e+00
6.075566740968139493e+04 1.022419853832586822e+00
6.075566766974209168e+04 1.011723241784811655e+00
6.075566792980278115e+04 1.013361695584302336e+00
6.075566818986347789e+04 9.875395962020691032e-01
6.075566844992417464e+04 1.001330479112362060e+00
6.075566870998487866e+04 1.025581281478712192e+00
6.075566897004557541e+04 1.003821226575486891e+00
6.075566923010626488e+04 9.706341067128472222e-01
6.075566949016696162e+04 1.020493613863050930e+00
6.075566975022765837e+04 1.011910399908081626e+00
6.075567001028834784e+04 1.022754460592521619e+00
6.075567027034905186e+04 9.818040191977299713e-01
6.075567053040974133e+04 1.001037197020784753e+00
6.075567079047044535e+04 1.006050742247563301e+00
6.075567105053114210e+04 9.783168390964871453e-01
6.075567131059183157e+04 1.000371193624042698e+00
6.075567157065252832e+04 9.891844992100874423e-01
6.075567183071322506e+04 9.970121881943788678e-01
6.075567209077392181e+04 1.036233186205044898e+00
6.075567235083461856e+04 1.029050111808044177e+00
6.075567261089531530e+04 1.018232490302748428e+00
6.075567287095601205e+04 9.971481776608910330e-01
6.075567313101670879e+04 1.020063746070385635e+00
6.075567339107740554e+04 1.052009472672371437e+00
6.075567365113810229e+04 9.829782720118400707e-01
6.075567391119879176e+04 9.862260434969224443e-01
6.075567417125948850e+04 1.038377880053910518e+00
6.075567443132019253e+04 9.894527118280191935e-01
6.075567469138088200e+04 1.009522194109225834e+00
6.075567495144157874e+04 1.017961214393641400e+00
6.075567521150227549e+04 1.000896802749822179e+00
6.075567547156297223e+04 1.018721253966455409e+00
6.075567573162366898e+04 1.034905046878261459e+00
6.075567599168436573e+04 9.992044762000055202e-01
6.075567625174506247e+04 1.002883024171614679e+00
6.075567651180575922e+04 1.057662399475850723e+00
6.075567677186645597e+04 1.015136785216131488e+00
6.075567703192715271e+04 1.010480940069597988e+00
6.075567729198784218e+04 1.034733999310767816e+00
6.075567755204853893e+04 1.023599617827075203e+00
6.075567781210924295e+04 1.035026150090496033e+00
6.075567807216993242e+04 1.019906219682078730e+00
6.075567833223062917e+04 9.901182722819854565e-01
6.075567859229132591e+04 9.907161811174345356e-01
6.075567885235202266e+04 1.005897297389904077e+00
6.075567911241271941e+04 1.010675918501231507e+00
6.075567937247341615e+04 9.765601066512161754e-01
6.075567963253411290e+04 1.013468985687086432e+00
6.075567989259480964e+04 1.042288850834939273e+00
6.075568015265550639e+04 1.009259589784189393e+00
6.075568041271620314e+04 1.013035517894355975e+00
6.075568067277689261e+04 1.041636935361773597e+00
6.075568093283759663e+04 1.017895600594878491e+00
6.075568119289829338e+04 1.048058637936599258e+00
6.075568145295898285e+04 1.039672622991380857e+00
6.075568171301968687e+04 1.028760770343798869e+00
6.075568197308037634e+04 9.889554341770948609e-01
6.075568223314107308e+04 1.018218675497541748e+00
6.075568249320177711e+04 1.069935918901095295e+00
6.075568275326246658e+04 1.012567028640708244e+00
6.075568301332316332e+04 9.997357169363998430e-01
6.075568327338386007e+04 9.967266176391015309e-01
6.075568483179301256e+04 1.016997699766155838e+00
6.075568509184680443e+04 9.797959018526570807e-01
6.075568535190059629e+04 1.009444850178035757e+00
6.075568561195438815e+04 1.013899957893428905e+00
6.075568587200818729e+04 1.009115709475934430e+00
6.075568613206199370e+04 1.015828228831566316e+00
6.075568639211578557e+04 1.017275134844309648e+00
6.075568665216957743e+04 1.061292292603205567e+00
6.075568691222336929e+04 9.920204313438900634e-01
6.075568717227716115e+04 1.019444037441254780e+00
6.075568743233096029e+04 1.026659386529251483e+00
6.075568769238475215e+04 1.004425592398299649e+00
6.075568795243854402e+04 9.866698392277196694e-01
6.075568821249233588e+04 1.023921249409324385e+00
6.075568847254613502e+04 1.018682285524518338e+00
6.075568873259992688e+04 1.005291671964094080e+00
6.075568899265372602e+04 1.000550311822319349e+00
6.075568925270752516e+04 1.013009804641439304e+00
6.075568951276131702e+04 9.802145717163360805e-01
6.075568977281511616e+04 9.812381451311561475e-01
6.075569003286890802e+04 1.010821272640274326e+00
6.075569029292269988e+04 9.920802446197289903e-01
6.075569055297649174e+04 9.980401566820058523e-01
6.075569081303029088e+04 1.009179942216040127e+00
6.075569107308408275e+04 1.001434777104582841e+00
6.075569133313787461e+04 9.996638471493561884e-01
6.075569159319166647e+04 9.825363809444297436e-01
6.075569185324547288e+04 9.963944689961439227e-01
6.075569211329927202e+04 1.020523300282393464e+00
6.075569237335306389e+04 1.002455585963427653e+00
6.075569263340685575e+04 1.021527377764661404e+00
6.075569289346064761e+04 9.915732710842456443e-01
6.075569315351444675e+04 9.964871234175739501e-01
6.075569341356823861e+04 1.018643076630675992e+00
6.075569367362203047e+04 9.982864673487016338e-01
6.075569393367582234e+04 1.050595027069007203e+00
6.075569419372962147e+04 9.921939643663906239e-01
6.075569445378341334e+04 1.016736862691379972e+00
6.075569471383720520e+04 9.870038605281227229e-01
6.075569497389100434e+04 1.026233514586153861e+00
6.075569523394481075e+04 1.009049608579294821e+00
6.075569549399860261e+04 1.064949786363311057e+00
6.075569575405239448e+04 9.900005459985665723e-01
6.075569601410618634e+04 1.008063083876729493e+00
6.075569627415998548e+04 1.034498331063752552e+00
6.075569653421377734e+04 9.710797018577566053e-01
6.075569679426756920e+04 1.017153361655724231e+00
6.075569705432136107e+04 1.015389933834684788e+00
6.075569731437516020e+04 1.059795462592162840e+00
6.075569757442895207e+04 1.018185565692711014e+00
6.075569783448274393e+04 1.023750505091778784e+00
6.075569809453654307e+04 1.020267489201615252e+00
6.075569835459034948e+04 1.010849442941709642e+00
6.075569861464414134e+04 9.775175579249798519e-01
6.075569887469793321e+04 9.937723811667141804e-01
6.075569913475172507e+04 1.039574979629608320e+00
6.075569939480552421e+04 1.002178215443867426e+00
6.075569965485931607e+04 9.954455645407862541e-01
6.075569991491310793e+04 9.721935674065864674e-01
6.075570017496689979e+04 1.021992961868175565e+00
6.075570043502069893e+04 1.010136726786066141e+00
6.075570069507449080e+04 1.007128366444369316e+00
6.075570095512828993e+04 1.012415402248389773e+00
6.075570121518208907e+04 1.013472874765450893e+00
6.075570147523588821e+04 1.030320959629140720e+00
6.075570173528968007e+04 1.031531694405504851e+00
6.075570199534347194e+04 1.009885973244007307e+00
6.075570225539727107e+04 9.853520853766765120e-01
6.075570251545106294e+04 1.030815851068897393e+00
6.075570277550485480e+04 9.972017521724702016e-01
6.075570303555864666e+04 1.018282056438868155e+00
6.075570329561244580e+04 1.009934066408291420e+00
6.075570355566623766e+04 9.983179794145861097e-01
6.075570381572002952e+04 1.031185095268544849e+00
6.075570407577382866e+04 1.003614897514782278e+00
6.075570433582763508e+04 1.004465817045817388e+00
6.075570459588142694e+04 9.974447653088723831e-01
6.075570485593521880e+04 1.030604885905916479e+00
6.075570511598901066e+04 1.006602386520141890e+00
6.075570537604280980e+04 1.009091573422260080e+00
6.075570563609660167e+04 1.057233191998573574e+00
6.075570589615039353e+04 1.038636584369275528e+00
6.075570615620419267e+04 1.018025757172018597e+00
6.075570641625798453e+04 1.004343587904697577e+00
6.075570667631177639e+04 9.934075420537140655e-01
6.075570693636557553e+04 9.885260465376433103e-01
6.075570719641938194e+04 1.001972906597371926e+00
6.075570745647317381e+04 9.942893766165514791e-01
6.075570771652696567e+04 1.003677919836702292e+00
6.075570797658076481e+04 1.002441508000146753e+00
6.075570823663455667e+04 9.867885381809947676e-01
6.075570849668834853e+04 1.005219498078334439e+00
6.075570875674214039e+04 1.012888761249462588e+00
6.075570901679593953e+04 1.004275848748748201e+00
6.075570927684973140e+04 9.911748714799242244e-01
6.075570953690352326e+04 1.023806006564943472e+00
6.075570979695732240e+04 1.006383386105929034e+00
6.075571005701112153e+04 1.016107379030932512e+00
6.075571031706492067e+04 9.955595986802892039e-01
6.075571057711871254e+04 9.787219647089985264e-01
6.075571083717251167e+04 1.015472995546659041e+00
6.075571109722630354e+04 9.945236268830397464e-01
6.075571135728009540e+04 9.891881646390809912e-01
6.075571161733389454e+04 9.973816357468922034e-01
6.075571187738768640e+04 1.017597311477288713e+00
6.075571213744147826e+04 1.026243713839403160e+00
6.075571239749527740e+04 1.013068401023041520e+00
6.075571265754906926e+04 1.004208098113579029e+00
6.075571291760286840e+04 1.013970337797011512e+00
6.075571317765666754e+04 9.978192383316916159e-01
6.075571474868715450e+04 9.897618430014006874e-01
6.075571500874785124e+04 9.970720094829368385e-01
6.075571526880854799e+04 1.014326651967906390e+00
6.075571552886924474e+04 9.920877310035605134e-01
6.075571578892994148e+04 1.010944491330217243e+00
6.075571604899063823e+04 1.022878797029596942e+00
6.075571630905133497e+04 1.009175613978040342e+00
6.075571656911203172e+04 1.009088697191740991e+00
6.075571682917273574e+04 1.009579524669208084e+00
6.075571708923342521e+04 1.005985549382611310e+00
6.075571734929412196e+04 1.022438240074964977e+00
6.075571760935482598e+04 9.715308349127658172e-01
6.075571786941552273e+04 1.014706108505634363e+00
6.075571812947621947e+04 1.016269434439084351e+00
6.075571838953690894e+04 9.981343053952463906e-01
6.075571864959761297e+04 9.994441814442576177e-01
6.075571890965830971e+04 1.002532329854584958e+00
6.075571916971899918e+04 9.609383855484524561e-01
6.075571942977970320e+04 1.004987794191530392e+00
6.075571968984039995e+04 1.010641519394479326e+00
6.075571994990109670e+04 1.011829561045308523e+00
6.075572020996180072e+04 9.871325009174493070e-01
6.075572047002249019e+04 1.030960852057482890e+00
6.075572073008318694e+04 1.007436278850078581e+00
6.075572099014388368e+04 9.680163127818809388e-01
6.075572125020458770e+04 1.020855012284189733e+00
6.075572151026528445e+04 1.039126848555986804e+00
6.075572177032597392e+04 9.971213877192945940e-01
6.075572203038667794e+04 1.028097660382251144e+00
6.075572229044737469e+04 9.820938479819912859e-01
6.075572255050806416e+04 1.003903436270450200e+00
6.075572281056877546e+04 9.856901163116394970e-01
6.075572307062946493e+04 1.023981113313084501e+00
6.075572333069016167e+04 1.015952464887964535e+00
6.075572359075086570e+04 9.861596902506905016e-01
6.075572385081155517e+04 1.051198883396974093e+00
6.075572411087225191e+04 9.774494207310848726e-01
6.075572437093294866e+04 1.001714886272994320e+00
6.075572463099365268e+04 1.004524583406804172e+00
6.075572489105434943e+04 1.008860391608600082e+00
6.075572515111503890e+04 1.019158948586276425e+00
6.075572541117574292e+04 9.835481042608623659e-01
6.075572567123643967e+04 9.930975744375716285e-01
6.075572593129713641e+04 1.006573163858366149e+00
6.075572619135784043e+04 9.548795467226470768e-01
6.075572645141852990e+04 9.784541161409421317e-01
6.075572671147922665e+04 9.675264178481838284e-01
6.075572697153993067e+04 1.005411978739732648e+00
6.075572723160062014e+04 9.928301345570725855e-01
6.075572749166131689e+04 9.887467255320793180e-01
6.075572775172202091e+04 1.004997642916984901e+00
6.075572801178271766e+04 1.014668484749889688e+00
6.075572827184341440e+04 1.001844298610450323e+00
6.075572853190411115e+04 9.878994822648115015e-01
6.075572879196480790e+04 1.006236619448290570e+00
6.075572905202550464e+04 1.005205621443261199e+00
6.075572931208620867e+04 1.011874348623015951e+00
6.075572957214690541e+04 9.959495914174077980e-01
6.075572983220759488e+04 9.866513307233546470e-01
6.075573009226829890e+04 9.788357409581159851e-01
6.075573035232899565e+04 9.718014266298977688e-01
6.075573061238968512e+04 9.784624436601886410e-01
6.075573087245038914e+04 1.035827011584621982e+00
6.075573113251108589e+04 1.014388103451622225e+00
6.075573139257178264e+04 9.663590372000259165e-01
6.075573165263248666e+04 9.793513778106768264e-01
6.075573191269317613e+04 9.625188024678481558e-01
6.075573217275387287e+04 9.920074156797308307e-01
6.075573243281457690e+04 1.015199492590892483e+00
6.075573269287527364e+04 9.641031330657802156e-01
6.075573295293597039e+04 9.777820742703591250e-01
6.075573321299666713e+04 1.027293474625320169e+00
6.075573347305736388e+04 9.573625268468755056e-01
6.075573373311806063e+04 1.002628263777239459e+00
6.075573399317875737e+04 1.028838983578081123e+00
6.075573425323946140e+04 9.964149302803290142e-01
6.075573451330015087e+04 1.004885898196977712e+00
6.075573477336085489e+04 1.004194869914350363e+00
6.075573503342155163e+04 1.020549052993168448e+00
6.075573529348224110e+04 9.928092630720773970e-01
6.075573555354294513e+04 9.944191683549788996e-01
6.075573581360364187e+04 9.985666907987221785e-01
6.075573607366434589e+04 1.007825878648221041e+00
6.075573633372504264e+04 1.025020808423779295e+00
6.075573659378573211e+04 9.937818812028581528e-01
6.075573685384643613e+04 1.014868757899281659e+00
6.075573711390713288e+04 1.020370004516717888e+00
6.075573737396782963e+04 1.033726566802239732e+00
6.075573763402853365e+04 1.000471660590643408e+00
6.075573789408922312e+04 1.024935205714390785e+00
6.075573815414991986e+04 1.031530521718570181e+00
6.075573841421062389e+04 1.018982896537867333e+00
6.075573867427131336e+04 1.000510334078511532e+00
6.075573893433201010e+04 9.778294866419555698e-01
6.075573919439271413e+04 9.815093858624254208e-01
6.075573945445341087e+04 9.972550064194252162e-01
6.075573971451411489e+04 9.625224549267682450e-01
6.075573997457480436e+04 9.921622988772306195e-01
6.075574023463550111e+04 9.868116835147172639e-01
6.075574049469620513e+04 9.781067546485192610e-01
6.075574075475690188e+04 9.996529163786749272e-01
6.075574101481759863e+04 1.030660017247351457e+00
6.075574127487829537e+04 9.816071030667778974e-01
6.075574153493899212e+04 1.008068108416888764e+00
6.075574179499969614e+04 9.958584773524713496e-01
6.075574205506038561e+04 1.024656514789950235e+00
6.075574231512108236e+04 9.896182106408503154e-01
6.075574257518178638e+04 1.011275540387297500e+00
6.075574283524248312e+04 9.933357981192427744e-01
6.075574309530317987e+04 1.006473636483292688e+00
6.075574483016229351e+04 9.979468056493240313e-01
6.075574509021608537e+04 1.015764259092215571e+00
6.075574535026989179e+04 1.024610044281360599e+00
6.075574561032369093e+04 9.875941301099782077e-01
6.075574587037748279e+04 1.032879564442195974e+00
6.075574613043128193e+04 1.024729858934930959e+00
6.075574639048507379e+04 1.002909137053773492e+00
6.075574665053887293e+04 9.763047782084236514e-01
6.075574691059266479e+04 9.793793460330774137e-01
6.075574717064645665e+04 1.016002975988102408e+00
6.075574743070025579e+04 9.884743822780537315e-01
6.075574769075404765e+04 1.007065537457022320e+00
6.075574795080784679e+04 9.900983299174676011e-01
6.075574821086163865e+04 9.906884674712631567e-01
6.075574847091544507e+04 1.008720896151716451e+00
6.075574873096924421e+04 9.630764061276952948e-01
6.075574899102303607e+04 1.061682865509419926e+00
6.075574925107683521e+04 1.005507612502875681e+00
6.075574951113062707e+04 9.948729387975637772e-01
6.075574977118442621e+04 9.945605470956370153e-01
6.075575003123821807e+04 9.803795430156594382e-01
6.075575029129201721e+04 1.021480788213388280e+00
6.075575055134580907e+04 9.903612536807580025e-01
6.075575081139960093e+04 9.912478694808428692e-01
6.075575107145340007e+04 9.908345214683539348e-01
6.075575133150719921e+04 1.054093714704591234e+00
6.075575159156100563e+04 1.009594634491815857e+00
6.075575185161479749e+04 9.827557373211985858e-01
6.075575211166859663e+04 1.001216745659839091e+00
6.075575237172238849e+04 1.009548954599151616e+00
6.075575263177618035e+04 1.022733858296596132e+00
6.075575289182997949e+04 9.693371981181000407e-01
6.075575315188377135e+04 9.528628364756301927e-01
6.075575341193757049e+04 9.717709741828742809e-01
6.075575367199136235e+04 9.935820824025124454e-01
6.075575393204516149e+04 9.877291989975051090e-01
6.075575419209895335e+04 9.686781245138413876e-01
6.075575445215275249e+04 9.728590028371166820e-01
6.075575471220655891e+04 1.000662859629158019e+00
6.075575497226035077e+04 9.744558505739228105e-01
6.075575523231414991e+04 1.015670736180857681e+00
6.075575549236794177e+04 9.880390169337184281e-01
6.075575575242174091e+04 9.932983742883776390e-01
6.075575601247553277e+04 1.016263651535455503e+00
6.075575627252933191e+04 9.912639885761653780e-01
6.075575653258312377e+04 9.879997172220642554e-01
6.075575679263691563e+04 9.795846487899060318e-01
6.075575705269071477e+04 1.008654760166110442e+00
6.075575731274451391e+04 9.811725270371580709e-01
6.075575757279832033e+04 1.000233084985826970e+00
6.075575783285211219e+04 9.788327638484219939e-01
6.075575809290591133e+04 9.894014283980173685e-01
6.075575835295970319e+04 1.039739758854481666e+00
6.075575861301350233e+04 1.037445953930909548e+00
6.075575887306729419e+04 1.023046854184159749e+00
6.075575913312109333e+04 9.666096142770098654e-01
6.075575939317488519e+04 1.011243836833580323e+00
6.075575965322867705e+04 1.020740887182940204e+00
6.075575991328247619e+04 1.041270305264583973e+00
6.075576017333626805e+04 9.775514920770336236e-01
6.075576043339007447e+04 1.019198765727465261e+00
6.075576069344387361e+04 1.034982649215051786e+00
6.075576095349767274e+04 9.929577121128093653e-01
6.075576121355146461e+04 9.924409775054822136e-01
6.075576147360526375e+04 9.924461480486456155e-01
6.075576173365905561e+04 1.018878530428459106e+00
6.075576199371285475e+04 9.930736851192832892e-01
6.075576225376664661e+04 1.010747968607139224e+00
6.075576251382044575e+04 1.007653321259006418e+00
6.075576277387423761e+04 9.866038461304081908e-01
6.075576303392802947e+04 1.002513572559398547e+00
6.075576329398183589e+04 9.950923676129871387e-01
6.075576355403563502e+04 9.877417793609901686e-01
6.075576381408943416e+04 9.553053636211823463e-01
6.075576407414322603e+04 9.702753459689379412e-01
6.075576433419702516e+04 9.775766928031748293e-01
6.075576459425081703e+04 1.024368382339889694e+00
6.075576485430461616e+04 9.641893018740677057e-01
6.075576511435840803e+04 9.902448915636551385e-01
6.075576537441220717e+04 1.008663177026208002e+00
6.075576563446599903e+04 9.857826532344210468e-01
6.075576589451979817e+04 1.020189982253498773e+00
6.075576615457359003e+04 9.757105222341857509e-01
6.075576641462739644e+04 9.814376234912143282e-01
6.075576667468119558e+04 1.007426539011583966e+00
6.075576693473499472e+04 1.002044885465820823e+00
6.075576719478878658e+04 9.713199335538950097e-01
6.075576745484258572e+04 1.011967467379148333e+00
6.075576771489637758e+04 9.733929055185537305e-01
6.075576797495017672e+04 9.924424821437993760e-01
6.075576823500396858e+04 9.777923628897307040e-01
6.075576849505776045e+04 1.002164134915036531e+00
6.075576875511155959e+04 1.016890583446016016e+00
6.075576901516535145e+04 1.008396300064548390e+00
6.075576927521915786e+04 1.011513984047289094e+00
6.075576953527295700e+04 9.873005300273870466e-01
6.075576979532675614e+04 9.855642500861732103e-01
6.075577005538054800e+04 9.916503604020214802e-01
6.075577031543434714e+04 1.006180120949887513e+00
6.075577057548813900e+04 9.879623172867539882e-01
6.075577083554193814e+04 9.966291186199123242e-01
6.075577109559573000e+04 9.943394650875663210e-01
6.075577135564952914e+04 9.884799383437983256e-01
6.075577161570332100e+04 9.898163987092236660e-01
6.075577187575712014e+04 9.967607968814913288e-01
6.075577213581091200e+04 9.968916857208348636e-01
6.075577239586471842e+04 9.882835687081595877e-01
6.075577265591851756e+04 9.847969133080699544e-01
6.075577291597231670e+04 9.925746449522024895e-01
6.075577317602610856e+04 1.015659318527154298e+00
