6.075585120116569306e+04 9.767917271506204591e-01
6.075585146121949219e+04 9.884731106617655749e-01
6.075585172127328406e+04 9.858215237698957356e-01
6.075585198132708319e+04 9.839194778055044832e-01
6.075585224138088233e+04 9.855171577388570636e-01
6.075585250143468147e+04 9.489243295817455515e-01
6.075585276148847333e+04 1.003072147290923199e+00
6.075585302154227247e+04 9.862206136040541082e-01
6.075585328159607161e+04 9.800501256005441642e-01
6.075585354164987803e+04 1.015884124101858355e+00
6.075585380170368444e+04 9.878881156720809020e-01
6.075585406175747630e+04 9.870793550264230776e-01
6.075585432181127544e+04 9.716040534158066899e-01
6.075585458186507458e+04 9.689703950708294933e-01
6.075585484191887372e+04 1.023906472664402934e+00
6.075585510197266558e+04 9.840190725182962339e-01
6.075585536202646472e+04 9.634138126628792875e-01
6.075585562208026386e+04 1.010621856027713594e+00
6.075585588213406299e+04 9.651843699504755181e-01
6.075585614218786213e+04 9.820516586736266484e-01
6.075585640224165400e+04 9.894611854740320567e-01
6.075585666229546041e+04 1.019692858423484783e+00
6.075585692234926682e+04 9.860710045825860082e-01
6.075585718240306596e+04 9.804515291254595200e-01
6.075585744245685783e+04 9.886134814865077391e-01
6.075585770251065696e+04 9.890112145989458092e-01
6.075585796256445610e+04 9.940051809214396350e-01
6.075585822261825524e+04 1.004818605126299502e+00
6.075585848267205438e+04 9.926807467866072265e-01
6.075585874272584624e+04 9.699230050342673159e-01
6.075585900277964538e+04 9.702440168975114965e-01
6.075585926283344452e+04 9.499197127457037482e-01
6.075585952288725093e+04 9.831239741478567939e-01
6.075585978294105735e+04 9.924697026926895260e-01
6.075586004299484921e+04 9.854108298178353431e-01
6.075586030304864835e+04 9.679248094442830519e-01
6.075586056310244749e+04 9.922969041408986612e-01
6.075586082315624662e+04 1.006439333343794207e+00
6.075586108321004576e+04 1.010136030360370363e+00
6.075586134326383763e+04 1.010298348722760808e+00
6.075586160331763676e+04 9.772124992047095393e-01
6.075586186337143590e+04 9.982753816802524272e-01
6.075586212342523504e+04 9.747041241337733863e-01
6.075586238347903418e+04 9.632186934067252793e-01
6.075586264353283332e+04 1.007715244571651292e+00
6.075586290358663973e+04 9.945147992281752058e-01
6.075586316364043887e+04 9.828980856632065777e-01
6.075586342369423801e+04 9.877660017461652453e-01
6.075586368374803715e+04 1.013451436559324792e+00
6.075586394380182901e+04 9.829661087120480367e-01
6.075586420385562815e+04 9.881582528016078504e-01
6.075586446390942729e+04 9.722557687812475313e-01
6.075586472396322642e+04 1.000539743424840644e+00
6.075586498401702556e+04 1.000660961036897501e+00
6.075586524407081743e+04 9.997659414739673567e-01
6.075586550412462384e+04 9.677234034640386229e-01
6.075586576417843025e+04 9.818183753189899665e-01
6.075586602423222939e+04 9.879017099984205297e-01
6.075586628428602853e+04 9.826459004250419627e-01
6.075586654433982039e+04 1.011524082043159689e+00
6.075586680439361953e+04 9.663473097872941064e-01
6.075586706444741867e+04 1.023017926986656390e+00
6.075586732450121781e+04 9.815493417683293087e-01
6.075586758455501695e+04 9.870760141348386973e-01
6.075586784460881609e+04 9.778477485178744821e-01
6.075586810466260795e+04 9.831312665355932401e-01
6.075586836471640709e+04 1.026070133186130606e+00
6.075586862477021350e+04 1.015286218513197669e+00
6.075586888482401991e+04 9.732661421748535213e-01
6.075586914487781905e+04 9.884999290960416740e-01
6.075586940493161092e+04 9.984431307167382919e-01
6.075586966498541005e+04 1.011955234298899331e+00
6.075586992503920919e+04 9.766225315082881497e-01
6.075587018509300833e+04 9.831184382797515386e-01
6.075587044514680747e+04 9.961163514315880541e-01
6.075587070520060661e+04 9.777853791443770204e-01
6.075587096525439847e+04 1.024211948409426087e+00
6.075587122530819761e+04 9.825169484826669075e-01
6.075587148536199675e+04 9.839018831019129552e-01
6.075587174541581044e+04 9.709232915421189825e-01
6.075587200546960958e+04 1.008926420651578670e+00
6.075587226552340871e+04 9.481869679554375541e-01
6.075587252557720058e+04 9.624788827189055818e-01
6.075587278563099972e+04 1.008115476447419612e+00
6.075587304568479885e+04 9.617555873095060548e-01
6.075587330573859799e+04 9.926777698020806673e-01
6.075587356579239713e+04 1.000150010586549065e+00
6.075587382584619627e+04 9.753876695937118146e-01
6.075587408589998813e+04 1.007406713158347733e+00
6.075587434595378727e+04 9.663280012950018483e-01
6.075587460600759368e+04 9.927324464253853842e-01
6.075587486606140010e+04 1.010502260359474214e+00
6.075587512611519924e+04 9.932587728670545513e-01
6.075587538616899838e+04 9.991327707111149481e-01
6.075587564622279751e+04 9.585139721655213663e-01
6.075587590627658938e+04 9.976521813165827313e-01
6.075587616633038851e+04 1.005601593640422342e+00
6.075587642638418765e+04 9.907560850178596112e-01
6.075587668643798679e+04 9.837632273972185537e-01
6.075587694649178593e+04 1.037429233327330724e+00
6.075587720654558507e+04 9.910886521307429309e-01
6.075587746659937693e+04 1.009871069411463873e+00
6.075587772665318334e+04 9.851351908581181815e-01
6.075587798670698976e+04 9.820201357044590074e-01
6.075587824676078890e+04 1.017792738295824284e+00
6.075587850681458804e+04 9.767920881725279392e-01
6.075587876686838717e+04 9.783694145259603792e-01
6.075587902692218631e+04 9.614342773151129951e-01
6.075587928697597818e+04 9.754625852221114890e-01
6.075587954702977731e+04 9.699213783638884756e-01
6.075588115586427011e+04 9.577807881537676593e-01
6.075588141592496686e+04 9.837918979107527218e-01
6.075588167598567088e+04 9.708806551937880780e-01
6.075588193604636763e+04 9.951549545904295746e-01
6.075588219610707165e+04 9.798056356335682615e-01
6.075588245616777567e+04 9.838439266966322316e-01
6.075588271622847242e+04 9.809834152079346392e-01
6.075588297628917644e+04 1.004942430871949677e+00
6.075588323634988046e+04 1.010813238392756164e+00
6.075588349641056993e+04 1.027261119032471193e+00
6.075588375647127395e+04 9.906403540326856882e-01
6.075588401653197798e+04 9.924963980996267532e-01
6.075588427659268200e+04 9.999899478537371822e-01
6.075588453665338602e+04 9.920626069076886600e-01
6.075588479671408277e+04 9.712713291037108343e-01
6.075588505677478679e+04 9.757592293109088599e-01
6.075588531683548354e+04 9.938434131228223167e-01
6.075588557689618756e+04 1.026274542053822181e+00
6.075588583695689158e+04 9.952437568061325290e-01
6.075588609701758833e+04 9.711446523894264882e-01
6.075588635707829235e+04 9.922297127446043641e-01
6.075588661713899637e+04 1.003107764267237911e+00
6.075588687719969312e+04 9.874019115172569805e-01
6.075588713726038986e+04 1.006453250130180610e+00
6.075588739732109389e+04 1.014653849648876172e+00
6.075588765738179791e+04 9.763268564998428545e-01
6.075588791744250193e+04 1.000547151014784308e+00
6.075588817750319868e+04 1.020550392057610445e+00
6.075588843756390270e+04 9.855995168828342035e-01
6.075588869762460672e+04 9.835798545227720791e-01
6.075588895768530347e+04 9.915860633187141282e-01
6.075588921774600749e+04 9.725183004238977524e-01
6.075588947780670424e+04 9.845080364301508347e-01
6.075588973786740826e+04 1.007569147091113893e+00
6.075588999792811228e+04 9.731134340309139930e-01
6.075589025798880903e+04 9.918981878071897462e-01
6.075589051804952032e+04 1.003128574279081198e+00
6.075589077811021707e+04 9.743731833349252858e-01
6.075589103817091382e+04 9.991547272579902605e-01
6.075589129823161784e+04 9.713422790536430096e-01
6.075589155829231458e+04 9.705206432577696551e-01
6.075589181835301861e+04 1.000642080120603516e+00
6.075589207841372263e+04 9.836137134910046820e-01
6.075589233847442665e+04 9.980019396085962891e-01
6.075589259853513067e+04 1.001574342107216076e+00
6.075589285859582742e+04 9.760005121260689753e-01
6.075589311865652417e+04 1.008317107592455963e+00
6.075589337871722819e+04 1.011586483198228192e+00
6.075589363877793221e+04 1.013209151521203388e+00
6.075589389883863623e+04 9.999499348839367974e-01
6.075589415889933298e+04 1.001409423446177671e+00
6.075589441896003700e+04 9.704681417353470119e-01
6.075589467902074102e+04 9.928813239450141603e-01
6.075589493908143777e+04 9.776710316962682334e-01
6.075589519914213452e+04 1.013339642236224414e+00
6.075589545920283854e+04 1.008249145470471397e+00
6.075589571926354256e+04 1.003326226181918246e+00
6.075589597932424658e+04 9.682762812657949025e-01
6.075589623938494333e+04 9.929673647022388971e-01
6.075589649944564735e+04 1.010309780939078195e+00
6.075589675950635137e+04 1.019389927870055113e+00
6.075589701956705539e+04 9.761395989692553954e-01
6.075589727962775942e+04 1.013309691696272052e+00
6.075589753968844889e+04 9.877651044378242817e-01
6.075589779974915291e+04 9.984371248728658443e-01
6.075589805980985693e+04 9.991334019829331003e-01
6.075589831987055368e+04 9.757935722787508537e-01
6.075589857993125770e+04 9.745596112737980876e-01
6.075589883999196172e+04 1.014200389913561429e+00
6.075589910005266574e+04 1.001034916520240348e+00
6.075589936011336977e+04 9.665686795242164342e-01
6.075589962017406651e+04 1.011862421992124839e+00
6.075589988023477054e+04 9.682169298015221859e-01
6.075590014029546728e+04 1.002872635179447025e+00
6.075590040035617130e+04 1.018424528229148418e+00
6.075590066041687533e+04 1.004697546131444685e+00
6.075590092047757207e+04 1.008714445539444116e+00
6.075590118053827609e+04 9.914841675830726730e-01
6.075590144059898012e+04 1.023522014092057564e+00
6.075590170065967686e+04 9.819737008755653473e-01
6.075590196072038816e+04 9.999395485191321375e-01
6.075590222078108491e+04 9.941211323281159418e-01
6.075590248084178893e+04 9.937510623418688294e-01
6.075590274090249295e+04 1.004243486607503177e+00
6.075590300096318242e+04 9.919430782163883853e-01
6.075590326102388644e+04 1.009624030779826764e+00
6.075590352108459047e+04 9.952555691789185532e-01
6.075590378114529449e+04 1.015512706979754265e+00
6.075590404120599851e+04 1.018924242896388943e+00
6.075590430126669526e+04 1.001561933989356667e+00
6.075590456132739928e+04 9.899294745589002353e-01
6.075590482138810330e+04 9.702259955179972639e-01
6.075590508144880732e+04 9.809255393049646221e-01
6.075590534150951135e+04 1.003367456554161929e+00
6.075590560157020809e+04 1.000732722148022003e+00
6.075590586163091211e+04 9.930225857152167324e-01
6.075590612169160886e+04 1.033326251686300212e+00
6.075590638175230561e+04 1.009670392349743873e+00
6.075590664181300963e+04 1.047313759595454474e+00
6.075590690187371365e+04 9.743396278916169884e-01
6.075590716193441767e+04 9.899827104583291959e-01
6.075590742199512169e+04 9.782565341660734992e-01
6.075590768205581844e+04 1.013713325461416126e+00
6.075590794211652246e+04 9.907723791005553782e-01
6.075590820217722649e+04 9.975827334826748993e-01
6.075590846223793051e+04 9.868005537762281065e-01
6.075590872229863453e+04 9.938596531949992485e-01
6.075590898235933128e+04 1.040275323452159117e+00
6.075590924242003530e+04 9.967551159885731371e-01
6.075590950248073932e+04 1.018951809347058646e+00
6.075591106051386305e+04 9.974399395021188441e-01
6.075591132057445793e+04 1.004730736678783209e+00
6.075591158063505281e+04 1.029082349735016111e+00
6.075591184069564770e+04 1.002072925674993176e+00
6.075591210075624258e+04 9.929236527690892267e-01
6.075591236081683746e+04 9.922671881556843765e-01
6.075591262087743235e+04 1.004484323636677390e+00
6.075591288093802723e+04 9.787441638202833971e-01
6.075591314099862211e+04 9.858891826103178824e-01
6.075591340105922427e+04 9.971315577094260751e-01
6.075591366111981915e+04 9.918813733376411479e-01
6.075591392118041404e+04 1.013836524179436038e+00
6.075591418124100892e+04 1.026120336350689666e+00
6.075591444130160380e+04 1.021302416556092441e+00
6.075591470136219868e+04 9.956220975634773040e-01
6.075591496142279357e+04 9.900076196647539239e-01
6.075591522148338845e+04 1.004274422203746076e+00
6.075591548154399061e+04 9.882065996191986557e-01
6.075591574160458549e+04 9.568212421404543866e-01
6.075591600166518037e+04 1.006483522273552422e+00
6.075591626172577526e+04 1.031412076669602884e+00
6.075591652178637742e+04 9.983664398593382616e-01
6.075591678184697230e+04 1.001699130657660364e+00
6.075591704190756718e+04 9.991932378270825810e-01
6.075591730196816206e+04 1.024226218323105675e+00
6.075591756202875695e+04 9.835992098338379730e-01
6.075591782208935183e+04 1.006505399562733549e+00
6.075591808214994671e+04 9.899417091945534874e-01
6.075591834221054160e+04 9.853314244941967504e-01
6.075591860227113648e+04 9.740670374222984984e-01
6.075591886233173136e+04 9.820741904919458864e-01
6.075591912239232624e+04 1.015760980723654727e+00
6.075591938245292840e+04 1.006232424290570693e+00
6.075591964251352329e+04 1.009051896625469125e+00
6.075591990257411817e+04 1.004516970519962138e+00
6.075592016263471305e+04 9.943107189060090834e-01
6.075592042269530793e+04 1.000242504511892339e+00
6.075592068275590282e+04 1.009489631274633981e+00
6.075592094281649770e+04 9.870178132870143228e-01
6.075592120287709986e+04 9.939299486407301432e-01
6.075592146293769474e+04 1.004841987720921370e+00
6.075592172299828962e+04 1.019327105040007897e+00
6.075592198305888451e+04 9.908061276562439845e-01
6.075592224311948667e+04 1.017059695082374704e+00
6.075592250318008155e+04 1.012452577339441495e+00
6.075592276324067643e+04 9.987863033535222534e-01
6.075592302330127131e+04 1.031733335575389265e+00
6.075592328336186620e+04 9.961121550007012715e-01
6.075592354342246108e+04 1.004600990430549290e+00
6.075592380348305596e+04 1.040299750851668037e+00
6.075592406354365812e+04 1.013395692154178240e+00
6.075592432360425300e+04 9.903026487464293703e-01
6.075592458366484789e+04 9.978960214203453916e-01
6.075592484372544277e+04 1.008866519909452419e+00
6.075592510378604493e+04 1.030242664871448666e+00
6.075592536384663981e+04 9.861608059026576445e-01
6.075592562390723469e+04 9.789957777203726064e-01
6.075592588396782958e+04 1.021457912373056276e+00
6.075592614402842446e+04 1.010039194501822779e+00
6.075592640408901934e+04 1.013236565823282032e+00
6.075592666414961423e+04 1.008996795130582713e+00
6.075592692421020911e+04 1.020294339277369788e+00
6.075592718427081127e+04 1.021344655055092421e+00
6.075592744433140615e+04 1.011435620134758961e+00
6.075592770439200103e+04 9.892081316963701187e-01
6.075592796445260319e+04 1.052414140453418634e+00
6.075592822451319807e+04 1.012417562657504710e+00
6.075592848457379296e+04 1.012285703907950030e+00
6.075592874463438784e+04 9.884713160027638335e-01
6.075592900469498272e+04 9.923305744946191442e-01
6.075592926475557761e+04 9.877232824727941729e-01
6.075592952481617249e+04 1.002415387394958390e+00
6.075592978487676737e+04 1.006750638019190180e+00
6.075593004493736953e+04 9.823063994575160773e-01
6.075593030499796441e+04 1.011026820259067538e+00
6.075593056505855930e+04 9.948613253600795403e-01
6.075593082511916145e+04 1.021365561980309034e+00
6.075593108517975634e+04 1.010384905839627701e+00
6.075593134524035122e+04 9.931044128916424185e-01
6.075593160530094610e+04 1.005232663129951298e+00
6.075593186536154099e+04 1.025381129196783370e+00
6.075593212542213587e+04 9.940234999333560362e-01
6.075593238548273075e+04 1.008675150683037369e+00
6.075593264554332563e+04 1.008793655814320678e+00
6.075593290560392779e+04 9.878931940336000972e-01
6.075593316566452268e+04 1.022219487900177359e+00
6.075593342572511756e+04 1.014293194575703660e+00
6.075593368578571244e+04 1.013673101306680424e+00
6.075593394584631460e+04 9.742373986033610045e-01
6.075593420590690948e+04 9.914716960452159000e-01
6.075593446596750437e+04 9.996236043857450460e-01
6.075593472602809925e+04 9.850902222725540502e-01
6.075593498608869413e+04 9.931514587184641085e-01
6.075593524614928901e+04 9.957254284802464772e-01
6.075593550620988390e+04 1.017717226417434784e+00
6.075593576627048606e+04 1.000444859714140655e+00
6.075593602633108094e+04 9.926698979633271636e-01
6.075593628639167582e+04 9.918647713126956811e-01
6.075593654645227070e+04 1.004324133808859765e+00
6.075593680651287286e+04 9.866065004832603735e-01
6.075593706657346775e+04 1.037616391341423361e+00
6.075593732663406263e+04 1.032640627467201977e+00
6.075593758669465751e+04 1.016997202449706483e+00
6.075593784675525239e+04 9.823123488656128055e-01
6.075593810681584728e+04 9.952743639196276471e-01
6.075593836687644216e+04 1.017906815818754973e+00
6.075593862693704432e+04 1.015164301268756564e+00
6.075593888699763920e+04 9.792129199387202831e-01
6.075593914705823408e+04 9.826633688635172392e-01
6.075593940711883624e+04 1.016876874708509737e+00
6.075594106598430517e+04 1.001370276749407040e+00
6.075594132604500919e+04 1.014228919960746156e+00
6.075594158610571321e+04 1.033780755836125831e+00
6.075594184616640996e+04 9.976473589332360836e-01
6.075594210622711398e+04 1.018326531207414121e+00
6.075594236628781800e+04 1.018514580296012717e+00
6.075594262634852203e+04 9.921529750958171245e-01
6.075594288640922605e+04 1.010892192791046140e+00
6.075594314646992279e+04 1.007876805729786218e+00
6.075594340653063409e+04 9.986953047372051362e-01
6.075594366659133811e+04 9.945831462540098977e-01
6.075594392665203486e+04 1.015964168987366412e+00
6.075594418671273888e+04 9.882784330466584111e-01
6.075594444677344291e+04 1.023785867167827046e+00
6.075594470683414693e+04 9.793000246858216684e-01
6.075594496689485095e+04 1.013177340467748433e+00
6.075594522695554770e+04 1.002503329509311758e+00
6.075594548701625172e+04 1.001640261349511452e+00
6.075594574707695574e+04 1.005339543321305928e+00
6.075594600713765976e+04 1.003719276698127327e+00
6.075594626719836378e+04 1.009048872353512927e+00
6.075594652725906053e+04 1.014328599231520966e+00
6.075594678731976455e+04 9.883706650865902166e-01
6.075594704738046858e+04 1.009594217329340404e+00
6.075594730744116532e+04 1.008491571198508296e+00
6.075594756750187662e+04 9.983165630991199802e-01
6.075594782756257337e+04 9.986201930141866967e-01
6.075594808762328466e+04 9.614812409718900277e-01
6.075594834768398869e+04 1.011994285851459008e+00
6.075594860774468543e+04 1.028095654267813908e+00
6.075594886780538945e+04 1.001242570426215783e+00
6.075594912786609348e+04 9.798084644232371021e-01
6.075594938792679750e+04 9.978342038364307331e-01
6.075594964798750152e+04 1.004820498849705812e+00
6.075594990804819827e+04 1.025090006542784371e+00
6.075595016810890229e+04 1.028436199192566347e+00
6.075595042816960631e+04 1.022293669810658168e+00
6.075595068823031033e+04 9.591359556841040357e-01
6.075595094829101436e+04 1.036613253711403448e+00
6.075595120835171110e+04 1.012815665374246166e+00
6.075595146841241512e+04 9.792993091282655715e-01
6.075595172847312642e+04 1.007940881063938754e+00
6.075595198853382317e+04 1.042797206966425749e+00
6.075595224859452719e+04 1.020128014714551279e+00
6.075595250865523121e+04 1.001620377682174157e+00
6.075595276871593524e+04 1.011254622572121731e+00
6.075595302877663926e+04 1.003825316830632808e+00
6.075595328883733600e+04 9.995676886013135087e-01
6.075595354889804003e+04 9.880537133672353534e-01
6.075595380895874405e+04 1.043911458745307108e+00
6.075595406901944807e+04 9.894900428707429363e-01
6.075595432908015209e+04 9.736446416683334215e-01
6.075595458914084884e+04 1.029975141289573681e+00
6.075595484920156014e+04 9.923756089716112561e-01
6.075595510926226416e+04 1.001875102852125998e+00
6.075595536932296091e+04 1.010493022607894087e+00
6.075595562938366493e+04 1.008930348703402924e+00
6.075595588944436895e+04 1.027423528143677656e+00
6.075595614950507297e+04 1.011271533842683867e+00
6.075595640956577699e+04 1.005146233224123664e+00
6.075595666962647374e+04 1.015283157815692228e+00
6.075595692968717776e+04 1.010665558477664261e+00
6.075595718974788178e+04 9.983655542681691974e-01
6.075595744980858581e+04 1.008718768144108546e+00
6.075595770986929710e+04 1.013224220369200124e+00
6.075595796992999385e+04 1.029219941562499629e+00
6.075595822999069787e+04 9.843318011848960492e-01
6.075595849005140190e+04 1.002212630726248666e+00
6.075595875011209864e+04 1.004019020034279563e+00
6.075595901017280994e+04 1.022723159178519747e+00
6.075595927023350669e+04 9.837908208167203128e-01
6.075595953029421071e+04 1.029592213136036882e+00
6.075595979035491473e+04 1.016147417966696054e+00
6.075596005041561148e+04 1.000719256668151314e+00
6.075596031047632277e+04 1.014243840043165035e+00
6.075596057053702680e+04 1.009277675415676256e+00
6.075596083059773082e+04 1.001346128373142408e+00
6.075596109065843484e+04 1.015014018529514894e+00
6.075596135071913159e+04 1.023051440312486848e+00
6.075596161077983561e+04 9.863516747530235440e-01
6.075596187084053963e+04 1.012468887051805932e+00
6.075596213090124365e+04 9.994721377752731062e-01
6.075596239096194768e+04 9.960420611002792635e-01
6.075596265102265170e+04 1.027681097853189396e+00
6.075596291108335572e+04 1.009945958979818315e+00
6.075596317114405974e+04 1.004875769238864791e+00
6.075596343120475649e+04 1.005959384624985242e+00
6.075596369126546051e+04 1.008319918030820661e+00
6.075596395132616453e+04 1.032026220658124549e+00
6.075596421138686856e+04 9.901389330827029545e-01
6.075596447144757258e+04 1.055814022512379990e+00
6.075596473150827660e+04 9.973646160639093594e-01
6.075596499156898062e+04 1.009888361749743169e+00
6.075596525162968464e+04 1.009407698985348434e+00
6.075596551169038867e+04 9.974150318091093981e-01
6.075596577175109269e+04 1.016842086199788442e+00
6.075596603181178943e+04 1.007231319891769061e+00
6.075596629187249346e+04 9.949001470491865007e-01
6.075596655193319748e+04 1.015753987937405123e+00
6.075596681199390150e+04 1.006575071247630460e+00
6.075596707205460552e+04 1.011749325774566444e+00
6.075596733211530955e+04 9.948175259514179247e-01
6.075596759217601357e+04 9.934198247486297761e-01
6.075596785223671759e+04 1.019286493941791605e+00
6.075596811229741434e+04 1.016295939292094275e+00
6.075596837235811836e+04 1.005032187774332231e+00
6.075596863241882238e+04 9.570516057534492749e-01
6.075596889247953368e+04 1.036464459815401362e+00
6.075596915254023770e+04 9.728530688846099839e-01
6.075596941260093445e+04 1.025823147653727396e+00
6.075597102105359954e+04 1.018154156506361874e+00
6.075597128111420170e+04 1.034840915065945222e+00
6.075597154117479658e+04 9.778694740108786476e-01
6.075597180123539147e+04 1.007104733735336266e+00
6.075597206129598635e+04 9.975707276703317250e-01
6.075597232135658123e+04 1.003971898215022973e+00
6.075597258141718339e+04 9.932491216610841445e-01
6.075597284147777827e+04 9.912757804607991163e-01
6.075597310153837316e+04 1.012286588193474390e+00
6.075597336159897532e+04 9.849927149121168179e-01
6.075597362165957020e+04 1.011147275967679393e+00
6.075597388172016508e+04 1.024719275059411627e+00
6.075597414178077452e+04 1.013472516512158972e+00
6.075597440184136940e+04 1.009593422866852608e+00
6.075597466190196428e+04 1.027956467614335789e+00
6.075597492196255916e+04 1.019995798900051431e+00
6.075597518202315405e+04 1.001978745928360448e+00
6.075597544208374893e+04 1.004948832642142520e+00
6.075597570214434381e+04 1.003073008296585078e+00
6.075597596220494597e+04 1.001627778529628365e+00
6.075597622226554813e+04 9.996402677650665369e-01
6.075597648232614301e+04 9.970071885188928063e-01
6.075597674238673790e+04 9.991170487964048386e-01
6.075597700244734006e+04 1.003869558365878545e+00
6.075597726250793494e+04 1.013151055487401697e+00
6.075597752256853710e+04 1.037246787261977499e+00
6.075597778262913198e+04 9.809594872267416443e-01
6.075597804268972686e+04 1.030806664523631788e+00
6.075597830275032175e+04 9.910454738708200928e-01
6.075597856281091663e+04 1.008981935348682191e+00
6.075597882287151151e+04 1.019587808542380181e+00
6.075597908293212095e+04 9.960528405053374890e-01
6.075597934299271583e+04 9.776763962167280830e-01
6.075597960305331071e+04 1.041157459472384472e+00
6.075597986311390559e+04 1.015685654623088574e+00
6.075598012317450775e+04 9.792266923310866122e-01
6.075598038323510264e+04 9.850586983128084562e-01
6.075598064329570479e+04 9.905111502691738012e-01
6.075598090335629968e+04 1.015481139961836865e+00
6.075598116341689456e+04 9.815465686452228278e-01
6.075598142347748944e+04 1.042526557094204609e+00
6.075598168353808433e+04 9.980346592595540356e-01
6.075598194359869376e+04 1.021856004377611926e+00
6.075598220365928864e+04 9.930112440725996636e-01
6.075598246371988353e+04 1.000439333885109416e+00
6.075598272378047841e+04 1.013350519246022374e+00
6.075598298384108057e+04 1.034096946296723329e+00
6.075598324390167545e+04 1.020479946525801429e+00
6.075598350396227761e+04 1.024465692745091028e+00
6.075598376402287249e+04 1.006759790772883800e+00
6.075598402408346738e+04 9.811320814881966390e-01
6.075598428414406226e+04 1.030188655995544433e+00
6.075598454420465714e+04 9.998972967473496176e-01
6.075598480426526658e+04 1.020420212350051203e+00
6.075598506432586146e+04 1.019396636206020945e+00
6.075598532438645634e+04 1.011549934729206734e+00
6.075598558444705122e+04 1.042275966943242427e+00
6.075598584450765338e+04 1.016618909844695162e+00
6.075598610456825554e+04 1.025891417061311151e+00
6.075598636462885042e+04 1.023720273006403891e+00
6.075598662468944531e+04 9.999204887178437806e-01
6.075598688475004019e+04 1.012755421950243040e+00
6.075598714481063507e+04 1.029044848721077487e+00
6.075598740487123723e+04 9.855367388701103959e-01
6.075598766493183211e+04 1.046785683773561404e+00
6.075598792499243427e+04 1.032102385347980267e+00
6.075598818505302916e+04 1.007493803830523449e+00
6.075598844511362404e+04 9.920591752446487055e-01
6.075598870517423347e+04 1.025515109128835478e+00
6.075598896523482836e+04 1.009842999048126577e+00
6.075598922529542324e+04 1.018350883724229439e+00
6.075598948535601812e+04 9.872097063164995134e-01
6.075598974541661300e+04 1.045724989475657729e+00
6.075599000547721516e+04 1.024565420752557632e+00
6.075599026553781005e+04 1.003896375885792391e+00
6.075599052559840493e+04 1.003734231296472323e+00
6.075599078565900709e+04 1.000565866541026416e+00
6.075599104571960197e+04 1.051039501321133329e+00
6.075599130578020413e+04 1.036780668416195983e+00
6.075599156584080629e+04 1.034146496433331341e+00
6.075599182590140117e+04 1.008479858886701441e+00
6.075599208596199605e+04 1.005483138559164047e+00
6.075599234602259094e+04 1.001958777279840618e+00
6.075599260608319310e+04 1.008455340165213654e+00
6.075599286614378798e+04 1.007685487449331063e+00
6.075599312620438286e+04 1.049134803650673353e+00
6.075599338626497774e+04 9.983867951967363430e-01
6.075599364632558718e+04 1.004109519649478033e+00
6.075599390638618206e+04 1.018983042804073591e+00
6.075599416644677694e+04 1.018924038814735367e+00
6.075599442650737910e+04 9.929956574283740345e-01
6.075599468656797399e+04 1.006165757162550412e+00
6.075599494662857614e+04 1.010032893405993004e+00
6.075599520668917103e+04 1.009703323034959244e+00
6.075599546674976591e+04 1.000433485506647457e+00
6.075599572681036079e+04 1.005602392578599291e+00
6.075599598687096295e+04 1.008208066101340172e+00
6.075599624693155783e+04 9.743473161668640969e-01
6.075599650699215999e+04 9.890502883175864568e-01
6.075599676705275488e+04 1.042291959058174067e+00
6.075599702711334976e+04 1.045249480889616001e+00
6.075599728717395192e+04 9.807766537466725554e-01
6.075599754723455408e+04 1.017969516381551198e+00
6.075599780729514896e+04 1.004701387960350134e+00
6.075599806735574384e+04 9.931579535760814981e-01
6.075599832741634600e+04 9.797064476557284518e-01
6.075599858747694088e+04 9.997166246549062940e-01
6.075599884753753577e+04 1.028306505470272691e+00
6.075599910759813065e+04 9.961385793033973313e-01
6.075599936765874008e+04 1.001174104463074199e+00
6.075600091310295102e+04 1.017502639436137279e+00
6.075600117316365504e+04 1.012270286089919757e+00
6.075600143322435179e+04 1.007914443961740902e+00
6.075600169328505581e+04 9.893537230576258112e-01
6.075600195334576711e+04 1.001664793026213474e+00
6.075600221340647113e+04 1.046380744600559298e+00
6.075600247346717515e+04 9.920014518127228120e-01
6.075600273352787190e+04 1.004732166587071429e+00
6.075600299358858319e+04 1.018388443265571208e+00
6.075600325364928722e+04 9.976099185880098474e-01
6.075600351370998396e+04 9.974128768118480926e-01
6.075600377377069526e+04 9.765414413881811084e-01
6.075600403383139928e+04 1.008012529617709152e+00
6.075600429389210331e+04 1.000276896152916262e+00
6.075600455395280733e+04 1.001247299260895840e+00
6.075600481401350407e+04 9.649281162056976280e-01
6.075600507407421537e+04 1.022061493711531988e+00
6.075600533413491939e+04 1.032955757414832920e+00
6.075600559419562342e+04 1.012044762673390386e+00
6.075600585425632744e+04 9.942219413882996681e-01
6.075600611431703146e+04 1.034470308165845731e+00
6.075600637437773548e+04 9.963556191130739093e-01
6.075600663443843951e+04 1.034221742484606521e+00
6.075600689449914353e+04 1.011864379190800189e+00
6.075600715455985483e+04 9.808050904195249053e-01
6.075600741462055157e+04 9.804640452922658289e-01
6.075600767468125559e+04 1.012886522342447249e+00
6.075600793474195962e+04 1.007030474420064436e+00
6.075600819480266364e+04 1.009244759199292352e+00
6.075600845486336766e+04 1.019178009595346435e+00
6.075600871492407168e+04 9.642198775516767073e-01
6.075600897498478298e+04 1.011162985967208661e+00
6.075600923504548700e+04 9.872238609877541649e-01
6.075600949510618375e+04 9.641021817509157765e-01
6.075600975516688777e+04 1.022994001904541594e+00
6.075601001522759907e+04 1.020877017883609961e+00
6.075601027528830309e+04 1.003048957115015183e+00
6.075601053534900711e+04 1.028690343986574440e+00
6.075601079540970386e+04 1.012369351996447620e+00
6.075601105547041516e+04 1.017007987003095915e+00
6.075601131553111918e+04 1.004620791650031375e+00
6.075601157559181593e+04 1.016462769981433922e+00
6.075601183565252722e+04 1.011061817645011462e+00
6.075601209571323125e+04 9.971784178730572767e-01
6.075601235577393527e+04 9.968137822828277983e-01
6.075601261583463929e+04 1.012577917856924747e+00
6.075601287589534331e+04 1.014466427824194383e+00
6.075601313595604734e+04 1.027813564641087085e+00
6.075601339601675136e+04 9.981202686746800667e-01
6.075601365607746266e+04 1.017377305430655632e+00
6.075601391613816668e+04 9.894517604711255965e-01
6.075601417619886342e+04 1.013226693903182651e+00
6.075601443625956745e+04 1.019169229195024728e+00
6.075601469632027874e+04 9.941251390392449316e-01
6.075601495638097549e+04 9.895725154906347409e-01
6.075601521644168679e+04 1.025348726206154693e+00
6.075601547650239081e+04 9.991574080481656628e-01
6.075601573656309483e+04 1.035749678235105664e+00
6.075601599662379886e+04 1.007347470243989740e+00
6.075601625668450288e+04 1.003024707337312416e+00
6.075601651674520690e+04 1.000165110204721319e+00
6.075601677680591092e+04 1.017020633926304152e+00
6.075601703686661494e+04 9.967050890278345010e-01
6.075601729692732624e+04 1.010198760124379147e+00
6.075601755698802299e+04 1.015961096516713402e+00
6.075601781704872701e+04 1.024485970417473579e+00
6.075601807710943831e+04 1.043681502659340898e+00
6.075601833717014233e+04 1.016083069359958069e+00
6.075601859723084635e+04 1.022684948783048275e+00
6.075601885729155038e+04 1.022137170992899025e+00
6.075601911735225440e+04 1.014574590674788945e+00
6.075601937741295842e+04 1.030867900238833679e+00
6.075601963747365517e+04 1.007147706549921251e+00
6.075601989753436646e+04 1.027517998375504504e+00
6.075602015759507049e+04 1.002988774792457294e+00
6.075602041765577451e+04 1.011455308186328228e+00
6.075602067771648581e+04 9.986643695833770096e-01
6.075602093777718255e+04 1.015814184400070541e+00
6.075602119783788658e+04 9.804734852549646940e-01
6.075602145789859787e+04 1.017747226204357869e+00
6.075602171795930190e+04 1.042569435590114502e+00
6.075602197802000592e+04 9.802709954739785569e-01
6.075602223808070994e+04 1.013381106271174836e+00
6.075602249814141396e+04 1.013988281834596661e+00
6.075602275820211798e+04 1.040631528559903041e+00
6.075602301826282201e+04 9.860625349643318271e-01
6.075602327832352603e+04 1.005206851016938963e+00
6.075602353838423005e+04 1.006799754883812792e+00
6.075602379844494135e+04 9.869732159288256979e-01
6.075602405850564537e+04 1.023996288033113045e+00
6.075602431856634212e+04 1.051067975076495520e+00
6.075602457862704614e+04 1.013638267560345030e+00
6.075602483868775744e+04 1.018397362707756049e+00
6.075602509874846146e+04 1.022361648872597728e+00
6.075602535880916548e+04 1.007567983817204693e+00
6.075602561886986950e+04 9.782320756840650056e-01
6.075602587893057353e+04 1.020551287916714456e+00
6.075602613899127755e+04 1.014752874810975314e+00
6.075602639905198885e+04 9.873904779171631674e-01
6.075602665911269287e+04 9.922741321009137527e-01
6.075602691917338962e+04 9.816863294208257873e-01
6.075602717923410091e+04 1.007006785387917436e+00
6.075602743929480494e+04 1.051814517671285865e+00
6.075602769935550168e+04 1.039392907791921949e+00
6.075602795941621298e+04 1.025598188583374260e+00
6.075602821947691700e+04 1.009428021510544671e+00
6.075602847953762102e+04 1.009522933418686819e+00
6.075602873959833232e+04 1.018649225222670429e+00
6.075602899965902907e+04 1.006444265998433840e+00
6.075602925971973309e+04 9.903777300666409822e-01
6.075603093119423283e+04 9.972362085343038363e-01
6.075603119125482772e+04 1.031204964849495420e+00
6.075603145131542988e+04 1.012685374851511000e+00
6.075603171137602476e+04 1.003933458898040643e+00
6.075603197143662692e+04 9.974576616675265850e-01
6.075603223149722908e+04 1.029387128105957672e+00
6.075603249155782396e+04 1.034658051894041364e+00
6.075603275161842612e+04 9.800466049278978575e-01
6.075603301167902100e+04 9.819031878806900870e-01
6.075603327173962316e+04 9.956958363557493197e-01
6.075603353180022532e+04 9.916281011277358060e-01
6.075603379186082020e+04 1.028631340508060488e+00
6.075603405192141508e+04 9.695119327278065580e-01
6.075603431198201724e+04 9.870495398265021203e-01
6.075603457204261213e+04 9.932178005598063519e-01
6.075603483210320701e+04 9.874756010899019554e-01
6.075603509216381644e+04 1.002099277988213410e+00
6.075603535222441133e+04 1.009976737123432944e+00
6.075603561228501349e+04 1.002247420873905837e+00
6.075603587234560837e+04 9.855967262525462402e-01
6.075603613240621053e+04 1.018476768457223569e+00
6.075603639246681269e+04 9.996633771900804710e-01
6.075603665252740757e+04 9.891162959433245083e-01
6.075603691258800245e+04 1.028055450949797667e+00
6.075603717264860461e+04 1.010434658329340651e+00
6.075603743270919949e+04 1.008601224377074779e+00
6.075603769276979438e+04 1.040803895610570073e+00
6.075603795283040381e+04 1.012320581921051232e+00
6.075603821289099869e+04 1.024711653592740301e+00
6.075603847295160085e+04 9.967674286599325084e-01
6.075603873301219573e+04 1.010409784540217570e+00
6.075603899307279789e+04 9.958048286655686310e-01
6.075603925313340005e+04 1.007043274357379170e+00
6.075603951319399494e+04 9.981249161956078364e-01
6.075603977325458982e+04 1.002544094999792135e+00
6.075604003331519198e+04 1.021862107454782453e+00
6.075604029337578686e+04 1.041819715835764049e+00
6.075604055343638902e+04 9.914536133036941923e-01
6.075604081349698390e+04 1.005843188170041147e+00
6.075604107355758606e+04 1.006397739012184767e+00
6.075604133361818822e+04 1.003950661544678269e+00
6.075604159367878310e+04 1.014419466988641050e+00
6.075604185373938526e+04 1.008580541026513844e+00
6.075604211379998742e+04 1.016998993144734076e+00
6.075604237386058230e+04 9.886239129066640707e-01
6.075604263392118446e+04 1.060347784684632089e+00
6.075604289398177934e+04 1.004903200075832892e+00
6.075604315404237423e+04 9.978742609111842521e-01
6.075604341410297639e+04 1.012495464546230961e+00
6.075604367416357127e+04 1.030693879503542520e+00
6.075604393422418070e+04 1.002594800281237486e+00
6.075604419428477559e+04 9.969056018408593012e-01
6.075604445434537047e+04 1.000732626720679530e+00
6.075604471440597990e+04 1.016154488021158819e+00
6.075604497446657479e+04 1.001203640991892296e+00
6.075604523452717694e+04 1.000859886682818667e+00
6.075604549458777183e+04 1.018164731968803416e+00
6.075604575464836671e+04 1.004798569987444656e+00
6.075604601470896887e+04 1.013836710294481414e+00
6.075604627476956375e+04 1.004601574981952128e+00
6.075604653483016591e+04 1.041882960225550825e+00
6.075604679489076807e+04 9.937152440857697222e-01
6.075604705495136295e+04 1.005131299411231138e+00
6.075604731501196511e+04 9.689526718365486513e-01
6.075604757507256727e+04 9.989365106379901604e-01
6.075604783513316943e+04 1.043567202920364423e+00
6.075604809519376431e+04 1.006630804112494948e+00
6.075604835525435919e+04 9.812275598881289307e-01
6.075604861531496135e+04 1.007219303579896863e+00
6.075604887537555624e+04 1.030719946090887573e+00
6.075604913543615839e+04 9.929692610110220086e-01
6.075604939549675328e+04 9.904773013081785704e-01
6.075604965555735544e+04 1.017918221126852929e+00
6.075604991561795759e+04 9.975094923162383109e-01
6.075605017567855248e+04 1.006317964698659972e+00
6.075605043573915464e+04 9.992725837095056685e-01
6.075605069579975680e+04 1.000286605409502982e+00
6.075605095586035168e+04 9.934894120182989896e-01
6.075605121592095384e+04 1.030225083045777312e+00
6.075605147598154872e+04 1.016235198991007449e+00
6.075605173604215088e+04 1.008581469064955938e+00
6.075605199610274576e+04 9.940252021597788534e-01
6.075605225616334792e+04 9.996210525335941233e-01
6.075605251622395008e+04 1.013552309607129054e+00
6.075605277628454496e+04 9.744061779047088478e-01
6.075605303634514712e+04 1.002752608429426040e+00
6.075605329640574200e+04 1.016144662621544459e+00
6.075605355646635144e+04 1.016946985730082798e+00
6.075605381652694632e+04 9.912382701436415200e-01
6.075605407658754848e+04 1.048554498679560743e+00
6.075605433664814336e+04 9.905175750931668466e-01
6.075605459670873825e+04 9.988891677355832277e-01
6.075605485676934040e+04 1.041565217432958379e+00
6.075605511682993529e+04 9.911546528228509789e-01
6.075605537689054472e+04 1.011239614189390235e+00
6.075605563695113960e+04 9.846098941419374473e-01
6.075605589701174176e+04 9.513741017598349448e-01
6.075605615707233665e+04 1.018513036941646854e+00
6.075605641713293880e+04 1.028786320025079526e+00
6.075605667719354096e+04 1.027401112799285698e+00
6.075605693725413585e+04 9.908418930501270427e-01
6.075605719731473800e+04 1.006235741245147253e+00
6.075605745737533289e+04 9.820583019359350185e-01
6.075605771743593505e+04 1.015986148509871345e+00
6.075605797749652993e+04 9.944753426719851186e-01
6.075605823755713209e+04 1.018859465100492301e+00
6.075605849761773425e+04 9.818326273359105905e-01
6.075605875767832913e+04 9.874055608563645503e-01
6.075605901773893129e+04 9.771571567500707545e-01
6.075605927779953345e+04 1.009676129573745973e+00
6.075606082322710427e+04 1.012061307274644273e+00
6.075606108328780829e+04 1.007074324993130432e+00
6.075606134334851231e+04 1.034082439449409918e+00
6.075606160340922361e+04 9.661319497375470133e-01
6.075606186346992035e+04 1.008369814315539292e+00
6.075606212353063165e+04 1.000255637789743135e+00
6.075606238359133567e+04 9.666106765073798623e-01
6.075606264365204697e+04 9.803232050890082760e-01
6.075606290371275099e+04 1.014044716413356362e+00
6.075606316377345502e+04 1.042938741256917101e+00
6.075606342383415904e+04 1.032615007946495522e+00
6.075606368389486306e+04 9.725612900726592347e-01
6.075606394395557436e+04 9.868574673135629416e-01
6.075606420401627838e+04 9.922893204442249093e-01
6.075606446407698240e+04 1.040316844198141633e+00
6.075606472413768643e+04 9.954312043105982832e-01
6.075606498419839772e+04 1.025833978402243218e+00
6.075606524425910175e+04 1.015510109346642320e+00
6.075606550431981304e+04 9.912721691564335691e-01
6.075606576438050979e+04 9.924462446395679871e-01
6.075606602444122109e+04 1.019493320123095570e+00
6.075606628450192511e+04 1.011517901530588848e+00
6.075606654456262913e+04 1.023679866828010487e+00
6.075606680462333316e+04 1.023584494544233170e+00
6.075606706468404445e+04 1.029464260934436881e+00
6.075606732474474848e+04 1.019705293591363304e+00
6.075606758480545250e+04 9.723204943577204995e-01
6.075606784486615652e+04 9.825064979762682116e-01
6.075606810492686054e+04 1.002081495040270331e+00
6.075606836498757184e+04 9.901984599499858986e-01
6.075606862504827586e+04 9.833098763138841125e-01
6.075606888510898716e+04 1.020017491418048206e+00
6.075606914516968391e+04 1.003776937349060594e+00
6.075606940523039520e+04 9.736015426772461900e-01
6.075606966529109923e+04 1.004292822390843831e+00
6.075606992535180325e+04 9.757259158866826709e-01
6.075607018541250727e+04 9.997441870206594805e-01
6.075607044547321857e+04 1.019676599883561519e+00
6.075607070553392259e+04 1.044370542071443753e+00
6.075607096559463389e+04 9.801303178233846669e-01
6.075607122565533064e+04 1.003627565100967844e+00
6.075607148571604193e+04 1.011700102241797961e+00
6.075607174577674596e+04 9.635546695210726043e-01
6.075607200583745725e+04 1.015993176645103580e+00
6.075607226589816128e+04 1.019106019527290519e+00
6.075607252595886530e+04 9.672569153580227175e-01
6.075607278601956932e+04 1.003582011347827319e+00
6.075607304608028062e+04 9.964168028479062356e-01
6.075607330614097737e+04 9.811651096780843462e-01
6.075607356620169594e+04 1.001675540142286991e+00
6.075607382626239269e+04 1.015290135504416824e+00
6.075607408632310398e+04 1.008228532023677237e+00
6.075607434638380801e+04 9.922844637828601710e-01
6.075607460644451203e+04 1.000131892742337714e+00
6.075607486650521605e+04 1.019927702165399186e+00
6.075607512656592735e+04 9.828763315355886210e-01
6.075607538662663137e+04 9.861360216407054624e-01
6.075607564668734267e+04 1.015637108546543210e+00
6.075607590674803942e+04 1.015802675476041195e+00
6.075607616680875071e+04 9.982913218155559099e-01
6.075607642686945474e+04 9.750583100858074559e-01
6.075607668693016603e+04 1.005221253046659102e+00
6.075607694699087006e+04 1.012761757937632234e+00
6.075607720705157408e+04 1.027091830754613300e+00
6.075607746711227810e+04 9.391300887688633914e-01
6.075607772717298940e+04 1.008985793169445255e+00
6.075607798723368614e+04 1.036051164831820692e+00
6.075607824729439744e+04 1.002898958711540001e+00
6.075607850735510146e+04 9.878776270554191496e-01
6.075607876741581276e+04 1.016527931479862978e+00
6.075607902747651679e+04 9.744982867905330748e-01
6.075607928753722081e+04 1.027518340918070372e+00
6.075607954759792483e+04 9.976736593148938237e-01
6.075607980765863613e+04 1.003605042678648251e+00
6.075608006771934015e+04 1.006399824917839192e+00
6.075608032778005145e+04 1.017208755416959320e+00
6.075608058784074819e+04 1.011831182516483851e+00
6.075608084790145949e+04 1.008167656073020169e+00
6.075608110796216351e+04 1.012034077900465068e+00
6.075608136802286754e+04 9.870979018884016298e-01
6.075608162808357156e+04 1.003131171444370695e+00
6.075608188814428286e+04 9.948787737337644321e-01
6.075608214820498688e+04 1.020868052392437164e+00
6.075608240826569818e+04 1.013735812604367847e+00
6.075608266832639492e+04 1.011216379865164994e+00
6.075608292838710622e+04 9.816214943158511064e-01
6.075608318844781024e+04 1.001441854282790089e+00
6.075608344850852154e+04 9.948783561874933179e-01
6.075608370856922556e+04 9.978814328925779131e-01
6.075608396862992959e+04 9.781005016085505543e-01
6.075608422869064088e+04 9.795948017320964540e-01
6.075608448875134491e+04 1.004686975773438906e+00
6.075608474881204893e+04 9.912030148021419018e-01
6.075608500887276023e+04 1.014909934666987423e+00
6.075608526893346425e+04 1.003865077155000174e+00
6.075608552899416827e+04 9.917566048394246270e-01
6.075608578905487957e+04 1.009611601828666272e+00
6.075608604911557632e+04 1.007754755233560617e+00
6.075608630917628761e+04 9.739386171126102054e-01
6.075608656923699164e+04 1.002738233751480745e+00
6.075608682929770293e+04 9.926784503157870532e-01
6.075608708935840696e+04 9.975257359303573157e-01
6.075608734941911098e+04 1.004884588627862119e+00
6.075608760947981500e+04 1.010157056646786788e+00
6.075608786954052630e+04 9.922011876193834734e-01
6.075608812960123760e+04 9.988457180616091557e-01
6.075608838966194162e+04 9.945910324314686246e-01
6.075608864972264564e+04 9.784512429946342627e-01
6.075608890978334966e+04 9.870394480813454718e-01
6.075608916984406096e+04 1.006405132658881207e+00
6.075609076569380704e+04 1.007439468876988542e+00
6.075609102575441648e+04 9.993846992050349209e-01
6.075609128581501136e+04 9.811732037216246427e-01
6.075609154587561352e+04 9.945690661731613202e-01
6.075609180593621568e+04 1.006329639427843592e+00
6.075609206599681784e+04 9.907215225955599003e-01
6.075609232605741272e+04 9.973934513266778934e-01
6.075609258611801488e+04 1.019284891204532695e+00
6.075609284617860976e+04 9.934415111589220970e-01
6.075609310623921192e+04 9.900891752137801483e-01
6.075609336629981408e+04 1.009067156424636735e+00
6.075609362636040896e+04 1.010731024104309705e+00
6.075609388642101840e+04 1.016802402887361012e+00
6.075609414648161328e+04 9.843317402540162631e-01
6.075609440654221544e+04 1.003527245360786635e+00
6.075609466660281760e+04 9.938758322325923489e-01
6.075609492666341976e+04 1.003868023121922137e+00
6.075609518672402191e+04 9.949214077897440278e-01
6.075609544678461680e+04 9.877283432530061802e-01
6.075609570684521896e+04 9.893392855248872575e-01
6.075609596690581384e+04 9.613262592893195846e-01
6.075609622696641600e+04 1.006347704219508365e+00
6.075609648702701088e+04 1.006924795076893586e+00
6.075609674708762032e+04 9.754918484524977007e-01
6.075609700714822247e+04 1.026665786393294866e+00
6.075609726720881736e+04 9.824896250317991520e-01
6.075609752726942679e+04 1.008760004298235424e+00
6.075609778733002167e+04 9.992368444027508456e-01
6.075609804739062383e+04 1.001697002064090070e+00
6.075609830745121872e+04 9.825473368742796421e-01
6.075609856751182087e+04 1.031996110455628779e+00
6.075609882757242303e+04 1.002634128373917743e+00
6.075609908763301792e+04 9.983967106367608313e-01
6.075609934769362008e+04 9.639070166378619353e-01
6.075609960775422223e+04 9.855831565314435716e-01
6.075609986781482439e+04 1.014127978100746175e+00
6.075610012787541928e+04 9.848828880572157995e-01
6.075610038793602143e+04 1.003450112229896662e+00
6.075610064799663087e+04 9.909079705735855947e-01
6.075610090805722575e+04 9.911951015408339005e-01
6.075610116811782791e+04 1.001496793114301509e+00
6.075610142817842279e+04 9.980895378435308274e-01
6.075610168823902495e+04 9.705754625102146482e-01
6.075610194829962711e+04 1.007072955739470421e+00
6.075610220836022199e+04 9.832688204582257230e-01
6.075610246842083143e+04 9.929188394375345617e-01
6.075610272848142631e+04 1.032461961966572028e+00
6.075610298854202847e+04 9.777471600983728139e-01
6.075610324860263063e+04 9.809770219177412764e-01
6.075610350866323279e+04 9.924276669627133396e-01
6.075610376872383495e+04 1.001958050229264208e+00
6.075610402878442983e+04 9.705651050425032622e-01
6.075610428884503199e+04 1.004382389173238188e+00
6.075610454890563415e+04 1.005981978000020760e+00
6.075610480896622903e+04 9.780243395177412591e-01
6.075610506902683119e+04 9.913530468332208967e-01
6.075610532908743335e+04 1.001710457155074785e+00
6.075610558914803551e+04 1.013607603572780125e+00
6.075610584920863766e+04 1.034099694820536097e+00
6.075610610926923255e+04 1.008847361941090925e+00
6.075610636932984198e+04 9.973108638896371891e-01
6.075610662939043686e+04 9.768397581719361344e-01
6.075610688945103902e+04 1.010487067531325778e+00
6.075610714951164118e+04 1.000153861631400964e+00
6.075610740957223607e+04 9.943421991161101037e-01
6.075610766963283822e+04 9.945651413295111265e-01
6.075610792969343311e+04 1.009736126809678947e+00
6.075610818975403527e+04 9.686978205002181319e-01
6.075610844981464470e+04 9.993790956156878291e-01
6.075610870987523958e+04 9.971692798148532599e-01
6.075610896993584174e+04 9.930058893058762992e-01
6.075610922999644390e+04 9.875084249883464560e-01
6.075610949005704606e+04 1.007852546672209693e+00
6.075610975011764822e+04 1.016931702898432155e+00
6.075611001017824310e+04 9.874571293117316850e-01
6.075611027023884526e+04 1.002471683243998823e+00
6.075611053029944742e+04 1.015879200546899952e+00
6.075611079036004230e+04 9.857626736458556804e-01
6.075611105042064446e+04 1.003128169644446510e+00
6.075611131048124662e+04 1.010512932842825062e+00
6.075611157054184878e+04 1.008328982366515802e+00
6.075611183060245094e+04 9.929408094679572638e-01
6.075611209066305310e+04 9.713565796780457839e-01
6.075611235072365525e+04 1.003835298918354768e+00
6.075611261078425741e+04 1.000557157671333908e+00
6.075611287084485230e+04 9.748740312159238641e-01
6.075611313090545445e+04 1.007309795782834749e+00
6.075611339096604934e+04 9.694979061281100430e-01
6.075611365102665150e+04 1.000441138364037696e+00
6.075611391108725365e+04 9.885998193381229093e-01
6.075611417114785581e+04 9.836349157970256663e-01
6.075611443120845797e+04 1.024464977754790063e+00
6.075611469126906013e+04 9.967071387502151047e-01
6.075611495132966229e+04 1.005049397286039703e+00
6.075611521139026445e+04 9.914953412849200065e-01
6.075611547145085933e+04 9.949427440677297563e-01
6.075611573151146149e+04 9.778073257058795820e-01
6.075611599157206365e+04 1.022088206235956642e+00
6.075611625163265853e+04 1.030877407766922493e+00
6.075611651169326069e+04 9.606556328155483326e-01
6.075611677175386285e+04 1.001607152561120317e+00
6.075611703181446501e+04 9.611242530863771671e-01
6.075611729187506717e+04 1.013221367780917204e+00
6.075611755193566933e+04 1.004299278961682695e+00
6.075611781199626421e+04 1.020360358965966663e+00
6.075611807205687364e+04 1.019715160874802962e+00
6.075611833211747580e+04 9.977942708133425986e-01
6.075611859217807068e+04 1.003547289238306828e+00
6.075611885223867284e+04 9.898265550880251951e-01
6.075611911229926773e+04 9.956805984454696334e-01
6.075612077117233275e+04 9.807593040446724864e-01
6.075612103123303677e+04 9.893471929433564904e-01
6.075612129129374080e+04 1.013426105911690689e+00
6.075612155135445209e+04 1.002724604625653049e+00
6.075612181141516339e+04 9.849219625080359863e-01
6.075612207147586741e+04 9.925431156528720100e-01
6.075612233153657144e+04 9.608676431329506995e-01
6.075612259159728274e+04 1.007577855932116462e+00
6.075612285165798676e+04 9.607749179464419864e-01
6.075612311171869806e+04 1.011274804046839115e+00
6.075612337177940935e+04 9.896835781822742595e-01
6.075612363184010610e+04 9.936262560692890045e-01
6.075612389190081740e+04 9.651338210428614950e-01
6.075612415196152870e+04 9.987162914069724895e-01
6.075612441202222544e+04 9.980592618097231528e-01
6.075612467208293674e+04 9.676609572363692457e-01
6.075612493214364804e+04 1.009042148445421061e+00
6.075612519220435206e+04 9.839077665533227934e-01
6.075612545226506336e+04 1.024069429928258446e+00
6.075612571232576738e+04 9.868966479188929775e-01
6.075612597238647140e+04 1.022246542041422845e+00
6.075612623244718270e+04 1.000291348209913167e+00
6.075612649250789400e+04 9.707953887041173013e-01
6.075612675256859802e+04 9.626404296156141349e-01
6.075612701262930204e+04 1.020804703014246861e+00
6.075612727269001334e+04 1.025222687629684826e+00
6.075612753275071736e+04 9.963637093467986316e-01
6.075612779281142139e+04 9.860643551291944364e-01
6.075612805287213268e+04 9.812372449719684031e-01
6.075612831293283671e+04 1.015146644612795024e+00
6.075612857299354800e+04 1.026831407615992564e+00
6.075612883305425930e+04 9.772206995403870389e-01
6.075612909311495605e+04 1.000188623523687426e+00
6.075612935317566735e+04 1.007971127037126768e+00
6.075612961323637865e+04 1.005577048142135999e+00
6.075612987329708267e+04 9.934415428670970716e-01
6.075613013335779397e+04 9.661890066833253021e-01
6.075613039341849799e+04 9.922042717877095352e-01
6.075613065347920201e+04 1.005359350650765871e+00
6.075613091353991331e+04 1.001156697706961030e+00
6.075613117360061733e+04 1.028000527081179616e+00
6.075613143366133590e+04 9.711356207513012206e-01
6.075613169372203265e+04 9.590874885817567419e-01
6.075613195378274395e+04 9.968994509706556872e-01
6.075613221384345525e+04 9.683541523597559708e-01
6.075613247390415199e+04 9.802781758049529115e-01
6.075613273396486329e+04 1.009428889304107457e+00
6.075613299402557459e+04 1.026562199596509961e+00
6.075613325408627861e+04 9.747798867875115958e-01
6.075613351414698991e+04 1.002450571373808996e+00
6.075613377420769393e+04 9.918488878410600673e-01
6.075613403426840523e+04 9.642966981332304899e-01
6.075613429432910925e+04 9.906158851221648076e-01
6.075613455438982055e+04 9.864054410092892855e-01
6.075613481445053185e+04 9.915327959409204750e-01
6.075613507451122859e+04 9.885054150722563104e-01
6.075613533457193989e+04 9.833661597274453436e-01
6.075613559463265119e+04 1.005007323560132892e+00
6.075613585469334794e+04 1.003977925914004699e+00
6.075613611475405924e+04 1.004237686530101703e+00
6.075613637481477053e+04 9.976055407616809534e-01
6.075613663487548183e+04 9.672576980315636952e-01
6.075613689493618585e+04 1.000127488836769718e+00
6.075613715499688988e+04 9.633525692989052258e-01
6.075613741505760117e+04 9.789414658191810670e-01
6.075613767511830520e+04 1.004257592096374108e+00
6.075613793517901649e+04 9.984401673789202736e-01
6.075613819523972779e+04 1.005510398372880587e+00
6.075613845530043181e+04 9.932937416522717999e-01
6.075613871536113584e+04 9.961222829120489619e-01
6.075613897542184714e+04 1.030394794393860058e+00
6.075613923548255116e+04 9.942438304480566424e-01
6.075613949554325518e+04 9.839266546883941311e-01
6.075613975560396648e+04 1.010594835951983406e+00
6.075614001566467778e+04 9.910281311834682194e-01
6.075614027572538907e+04 9.979823711629300931e-01
6.075614053578608582e+04 1.029454515405285653e+00
6.075614079584679712e+04 9.715342472815037267e-01
6.075614105590750842e+04 9.909405506600580393e-01
6.075614131596821244e+04 9.855026216474124245e-01
6.075614157602892374e+04 1.026819259512050664e+00
6.075614183608962776e+04 9.913965571613915229e-01
6.075614209615033906e+04 9.597127013635710080e-01
6.075614235621104308e+04 9.730580819161389616e-01
6.075614261627174710e+04 9.968029036501654394e-01
6.075614287633246568e+04 9.590555047320156179e-01
6.075614313639316970e+04 1.006316020509646414e+00
6.075614339645387372e+04 1.002024061132502863e+00
6.075614365651458502e+04 9.939878304592678626e-01
6.075614391657528904e+04 9.762656192563003987e-01
6.075614417663600034e+04 9.704717429989684341e-01
6.075614443669670436e+04 9.878303884660768475e-01
6.075614469675741566e+04 9.777590600767721574e-01
6.075614495681812696e+04 9.904933363215251418e-01
6.075614521687882370e+04 9.856832982762674389e-01
6.075614547693953500e+04 9.821044247392106685e-01
6.075614573700024630e+04 9.887888591346751799e-01
6.075614599706095760e+04 9.815245835617505410e-01
6.075614625712166162e+04 9.841719828724704300e-01
6.075614651718236564e+04 9.916313268534224790e-01
6.075614677724307694e+04 9.987315288659961432e-01
6.075614703730378824e+04 9.987037672007726963e-01
6.075614729736448498e+04 9.795624261439844771e-01
6.075614755742519628e+04 9.793225524263091675e-01
6.075614781748590758e+04 9.928099240214803833e-01
6.075614807754661888e+04 9.855585913518637442e-01
6.075614833760732290e+04 9.559603686076100226e-01
6.075614859766802692e+04 1.024557934459005226e+00
6.075614885772873822e+04 1.015315661073635800e+00
6.075614911778944952e+04 9.625537266770005651e-01
