6.075585120116569306e+04 9.331904989641054415e-01
6.075585146121949219e+04 9.839893681532494440e-01
6.075585172127328406e+04 9.495416194813398603e-01
6.075585198132708319e+04 9.472791410065295459e-01
6.075585224138088233e+04 1.001784005124135346e+00
6.075585250143468147e+04 9.936737757356794987e-01
6.075585276148847333e+04 9.906908962671049368e-01
6.075585302154227247e+04 9.686419438308080387e-01
6.075585328159607161e+04 1.040964369597245698e+00
6.075585354164987803e+04 9.978680530123420489e-01
6.075585380170368444e+04 1.018979279181287501e+00
6.075585406175747630e+04 9.913305026996908076e-01
6.075585432181127544e+04 1.014938860982507407e+00
6.075585458186507458e+04 9.816940278149500765e-01
6.075585484191887372e+04 9.577385887555025512e-01
6.075585510197266558e+04 1.001218353917200821e+00
6.075585536202646472e+04 1.035420484268151808e+00
6.075585562208026386e+04 1.024634952433270518e+00
6.075585588213406299e+04 9.505960860155360237e-01
6.075585614218786213e+04 1.020104274587648741e+00
6.075585640224165400e+04 9.800668906626710530e-01
6.075585666229546041e+04 9.781049733167669347e-01
6.075585692234926682e+04 9.877160165580410878e-01
6.075585718240306596e+04 9.753833734748524886e-01
6.075585744245685783e+04 9.973493272857226755e-01
6.075585770251065696e+04 9.995853458565038263e-01
6.075585796256445610e+04 1.009299488160005032e+00
6.075585822261825524e+04 9.872947262330676876e-01
6.075585848267205438e+04 1.013774391987411150e+00
6.075585874272584624e+04 1.017739036710843203e+00
6.075585900277964538e+04 9.783612887034621730e-01
6.075585926283344452e+04 1.018969858965725672e+00
6.075585952288725093e+04 9.564210141855618019e-01
6.075585978294105735e+04 9.733523160220214354e-01
6.075586004299484921e+04 9.964975560581014191e-01
6.075586030304864835e+04 9.821601615684266706e-01
6.075586056310244749e+04 1.026668757999366299e+00
6.075586082315624662e+04 9.919675138653640811e-01
6.075586108321004576e+04 1.026428832464193697e+00
6.075586134326383763e+04 9.872062510970686100e-01
6.075586160331763676e+04 9.785229315818839702e-01
6.075586186337143590e+04 9.733737885532905976e-01
6.075586212342523504e+04 9.443231275138282976e-01
6.075586238347903418e+04 9.745107922977834791e-01
6.075586264353283332e+04 9.602010878523015158e-01
6.075586290358663973e+04 1.010880278777741337e+00
6.075586316364043887e+04 9.811285604801071036e-01
6.075586342369423801e+04 9.520998346353677366e-01
6.075586368374803715e+04 9.857714077269722486e-01
6.075586394380182901e+04 1.009155626947806583e+00
6.075586420385562815e+04 9.954853350850929594e-01
6.075586446390942729e+04 1.004772211329192144e+00
6.075586472396322642e+04 9.871176779489174713e-01
6.075586498401702556e+04 9.595982686642321458e-01
6.075586524407081743e+04 9.726472782255511929e-01
6.075586550412462384e+04 9.950129557683667914e-01
6.075586576417843025e+04 9.691304664619996290e-01
6.075586602423222939e+04 9.337132877813750786e-01
6.075586628428602853e+04 9.813506979605088887e-01
6.075586654433982039e+04 9.883497563913951067e-01
6.075586680439361953e+04 9.960863260902904637e-01
6.075586706444741867e+04 9.628506498968164573e-01
6.075586732450121781e+04 9.488116931776253704e-01
6.075586758455501695e+04 9.821115293593396522e-01
6.075586784460881609e+04 9.736262100446569923e-01
6.075586810466260795e+04 9.906442722896833253e-01
6.075586836471640709e+04 9.944280219579801905e-01
6.075586862477021350e+04 9.434793921331878774e-01
6.075586888482401991e+04 1.003256754551872021e+00
6.075586914487781905e+04 9.814218888926123929e-01
6.075586940493161092e+04 9.864387042988193022e-01
6.075586966498541005e+04 9.558971030944537484e-01
6.075586992503920919e+04 9.860163071066035956e-01
6.075587018509300833e+04 9.757735194841513637e-01
6.075587044514680747e+04 1.007137387956950070e+00
6.075587070520060661e+04 9.874197508923100441e-01
6.075587096525439847e+04 1.023601385115985085e+00
6.075587122530819761e+04 9.728067499239928528e-01
6.075587148536199675e+04 9.862277876456936321e-01
6.075587174541581044e+04 1.008744207283174932e+00
6.075587200546960958e+04 9.809106951614902092e-01
6.075587226552340871e+04 9.545997937361663244e-01
6.075587252557720058e+04 9.864561691439300839e-01
6.075587278563099972e+04 9.430545014547773164e-01
6.075587304568479885e+04 1.004825421369310190e+00
6.075587330573859799e+04 9.747621576682731215e-01
6.075587356579239713e+04 9.950562456787526155e-01
6.075587382584619627e+04 9.860837895339991110e-01
6.075587408589998813e+04 9.873229659761835197e-01
6.075587434595378727e+04 9.853248532146817729e-01
6.075587460600759368e+04 9.803356669363058051e-01
6.075587486606140010e+04 9.791329412303443336e-01
6.075587512611519924e+04 9.853566053633006083e-01
6.075587538616899838e+04 9.942907006996796193e-01
6.075587564622279751e+04 1.001258609270357702e+00
6.075587590627658938e+04 9.729349464193515207e-01
6.075587616633038851e+04 1.013677005633779826e+00
6.075587642638418765e+04 9.560419056707947227e-01
6.075587668643798679e+04 9.939189181781786786e-01
6.075587694649178593e+04 1.001973623254058809e+00
6.075587720654558507e+04 9.652548787500224714e-01
6.075587746659937693e+04 9.767715446012297242e-01
6.075587772665318334e+04 1.002510902860892950e+00
6.075587798670698976e+04 9.860327658204774970e-01
6.075587824676078890e+04 9.958819761425332651e-01
6.075587850681458804e+04 9.982622118758315288e-01
6.075587876686838717e+04 1.012508535109555741e+00
6.075587902692218631e+04 1.010601766734206652e+00
6.075587928697597818e+04 1.013770018472385903e+00
6.075587954702977731e+04 9.776692865219008821e-01
6.075588115586427011e+04 9.714288203308190095e-01
6.075588141592496686e+04 9.957676961601369392e-01
6.075588167598567088e+04 1.080698993227884319e+00
6.075588193604636763e+04 1.027335928109113006e+00
6.075588219610707165e+04 9.852026575701665623e-01
6.075588245616777567e+04 9.893669182729617484e-01
6.075588271622847242e+04 1.003209220510841604e+00
6.075588297628917644e+04 9.859636268288535232e-01
6.075588323634988046e+04 9.951427143687417987e-01
6.075588349641056993e+04 1.044906290451831365e+00
6.075588375647127395e+04 1.053081737541081919e+00
6.075588401653197798e+04 9.671779851651050031e-01
6.075588427659268200e+04 1.006918936860008662e+00
6.075588453665338602e+04 9.839152462982542202e-01
6.075588479671408277e+04 9.714040995171219217e-01
6.075588505677478679e+04 9.855685857804663552e-01
6.075588531683548354e+04 9.771119158916502512e-01
6.075588557689618756e+04 9.496934622510482260e-01
6.075588583695689158e+04 9.819417680175708263e-01
6.075588609701758833e+04 9.715386952955332722e-01
6.075588635707829235e+04 9.982487217125118883e-01
6.075588661713899637e+04 9.493854618534690593e-01
6.075588687719969312e+04 9.877283431471866049e-01
6.075588713726038986e+04 9.844085668919316801e-01
6.075588739732109389e+04 9.867568905888490782e-01
6.075588765738179791e+04 9.977531007302367083e-01
6.075588791744250193e+04 9.955336526445524026e-01
6.075588817750319868e+04 1.009405344264519444e+00
6.075588843756390270e+04 1.025090984340728317e+00
6.075588869762460672e+04 1.040464865639906034e+00
6.075588895768530347e+04 1.019452244356654269e+00
6.075588921774600749e+04 9.581528621766964848e-01
6.075588947780670424e+04 9.578400319697019105e-01
6.075588973786740826e+04 9.798161475538810228e-01
6.075588999792811228e+04 9.663839115048147299e-01
6.075589025798880903e+04 1.001758117774535606e+00
6.075589051804952032e+04 9.524556894374343052e-01
6.075589077811021707e+04 1.037889377008780700e+00
6.075589103817091382e+04 9.757157687239034205e-01
6.075589129823161784e+04 9.825576852694277719e-01
6.075589155829231458e+04 1.009460623622810527e+00
6.075589181835301861e+04 9.527577982369309639e-01
6.075589207841372263e+04 1.002486758283009260e+00
6.075589233847442665e+04 1.003537713607546511e+00
6.075589259853513067e+04 9.949731842834818041e-01
6.075589285859582742e+04 9.602302852412801792e-01
6.075589311865652417e+04 9.685689251295319657e-01
6.075589337871722819e+04 1.014235020914947549e+00
6.075589363877793221e+04 1.041809001905742660e+00
6.075589389883863623e+04 9.457845672100521073e-01
6.075589415889933298e+04 1.006994671309949574e+00
6.075589441896003700e+04 1.018686220328641534e+00
6.075589467902074102e+04 1.026419172233407728e+00
6.075589493908143777e+04 9.951199063745858053e-01
6.075589519914213452e+04 9.757312835702193210e-01
6.075589545920283854e+04 9.700997304652969611e-01
6.075589571926354256e+04 1.074883805708507500e+00
6.075589597932424658e+04 1.003333959737189751e+00
6.075589623938494333e+04 1.043734914174909267e+00
6.075589649944564735e+04 9.556821479510733131e-01
6.075589675950635137e+04 9.739811984670664335e-01
6.075589701956705539e+04 9.794026582703688755e-01
6.075589727962775942e+04 9.775399100867315783e-01
6.075589753968844889e+04 9.802834292773827674e-01
6.075589779974915291e+04 9.594600862303015454e-01
6.075589805980985693e+04 9.777901546726146531e-01
6.075589831987055368e+04 9.665458603300000062e-01
6.075589857993125770e+04 1.004153584498865381e+00
6.075589883999196172e+04 1.030973935077865944e+00
6.075589910005266574e+04 9.790844743896922608e-01
6.075589936011336977e+04 9.423744453778371000e-01
6.075589962017406651e+04 9.969131764699247222e-01
6.075589988023477054e+04 9.998125411764321457e-01
6.075590014029546728e+04 1.012221638892081943e+00
6.075590040035617130e+04 1.001820819784783767e+00
6.075590066041687533e+04 1.001728116232703636e+00
6.075590092047757207e+04 9.809731670769684664e-01
6.075590118053827609e+04 1.004614198710245043e+00
6.075590144059898012e+04 1.007137956090913278e+00
6.075590170065967686e+04 1.007454774594839897e+00
6.075590196072038816e+04 9.939844471306030771e-01
6.075590222078108491e+04 9.742497892981375474e-01
6.075590248084178893e+04 1.000096661636127093e+00
6.075590274090249295e+04 9.978893633712524469e-01
6.075590300096318242e+04 1.013441656508253130e+00
6.075590326102388644e+04 9.807703278028659932e-01
6.075590352108459047e+04 9.350313976577492303e-01
6.075590378114529449e+04 9.655151964226388328e-01
6.075590404120599851e+04 9.708273598606538268e-01
6.075590430126669526e+04 1.030381067938711981e+00
6.075590456132739928e+04 1.048675842647633250e+00
6.075590482138810330e+04 9.597338735324461023e-01
6.075590508144880732e+04 1.016833549703754169e+00
6.075590534150951135e+04 9.954629007140703978e-01
6.075590560157020809e+04 9.828883391858866947e-01
6.075590586163091211e+04 9.936475071304621265e-01
6.075590612169160886e+04 1.007115154216583708e+00
6.075590638175230561e+04 1.050175004427670311e+00
6.075590664181300963e+04 1.032234039090263344e+00
6.075590690187371365e+04 9.918074851475091602e-01
6.075590716193441767e+04 9.566067803851165952e-01
6.075590742199512169e+04 9.656595916398938995e-01
6.075590768205581844e+04 9.652907228597769063e-01
6.075590794211652246e+04 9.900383050986300004e-01
6.075590820217722649e+04 9.649491676955316288e-01
6.075590846223793051e+04 9.636794746329852002e-01
6.075590872229863453e+04 9.876172732607649829e-01
6.075590898235933128e+04 9.436750804205539245e-01
6.075590924242003530e+04 9.424541865071771607e-01
6.075590950248073932e+04 9.654871478905560078e-01
6.075591106051386305e+04 9.640691077688474664e-01
6.075591132057445793e+04 9.775215466145833476e-01
6.075591158063505281e+04 1.002165505471869444e+00
6.075591184069564770e+04 9.940362287593411672e-01
6.075591210075624258e+04 9.612872155057351486e-01
6.075591236081683746e+04 9.961544604995171692e-01
6.075591262087743235e+04 1.031086262845083645e+00
6.075591288093802723e+04 9.684596014283699539e-01
6.075591314099862211e+04 9.927939502532504568e-01
6.075591340105922427e+04 1.012866830634000292e+00
6.075591366111981915e+04 9.755127271527207489e-01
6.075591392118041404e+04 9.983247147863241189e-01
6.075591418124100892e+04 9.803911352694421044e-01
6.075591444130160380e+04 9.798691865428365011e-01
6.075591470136219868e+04 9.771205319090848773e-01
6.075591496142279357e+04 9.787019143101790553e-01
6.075591522148338845e+04 1.042679956284481957e+00
6.075591548154399061e+04 9.454302811147172747e-01
6.075591574160458549e+04 9.603065949283349223e-01
6.075591600166518037e+04 9.838376900735487096e-01
6.075591626172577526e+04 9.971569847120226315e-01
6.075591652178637742e+04 9.829874426152939160e-01
6.075591678184697230e+04 9.822969355539155067e-01
6.075591704190756718e+04 1.048415577561095935e+00
6.075591730196816206e+04 9.750042059572950892e-01
6.075591756202875695e+04 9.509309421547730290e-01
6.075591782208935183e+04 9.465236445634594986e-01
6.075591808214994671e+04 9.820240812432896593e-01
6.075591834221054160e+04 9.543908837819815583e-01
6.075591860227113648e+04 1.020988928446521449e+00
6.075591886233173136e+04 9.941728336194446403e-01
6.075591912239232624e+04 1.002215577463042129e+00
6.075591938245292840e+04 1.022767608250667593e+00
6.075591964251352329e+04 1.016135426508149031e+00
6.075591990257411817e+04 1.003563037157684912e+00
6.075592016263471305e+04 9.825944982499216218e-01
6.075592042269530793e+04 1.009736785352404187e+00
6.075592068275590282e+04 1.014008340483219639e+00
6.075592094281649770e+04 9.733891924884764402e-01
6.075592120287709986e+04 9.971020242803753098e-01
6.075592146293769474e+04 1.070352695038665036e+00
6.075592172299828962e+04 9.760107689009709375e-01
6.075592198305888451e+04 9.630033868187543034e-01
6.075592224311948667e+04 1.016084902704978754e+00
6.075592250318008155e+04 9.813652481385808368e-01
6.075592276324067643e+04 1.024049623770451722e+00
6.075592302330127131e+04 9.996586671240189625e-01
6.075592328336186620e+04 9.960738368559390876e-01
6.075592354342246108e+04 9.918248545325125676e-01
6.075592380348305596e+04 9.929118865579960040e-01
6.075592406354365812e+04 1.016403790406990915e+00
6.075592432360425300e+04 1.013339650548775284e+00
6.075592458366484789e+04 9.786511846995756825e-01
6.075592484372544277e+04 9.685189604766136773e-01
6.075592510378604493e+04 9.652663429641422654e-01
6.075592536384663981e+04 1.038210469955465731e+00
6.075592562390723469e+04 9.947783887726927565e-01
6.075592588396782958e+04 9.670393240303347682e-01
6.075592614402842446e+04 1.015663386644279687e+00
6.075592640408901934e+04 1.032750042920104194e+00
6.075592666414961423e+04 1.024990764573763702e+00
6.075592692421020911e+04 1.018392253240702372e+00
6.075592718427081127e+04 1.033326443002393180e+00
6.075592744433140615e+04 1.002319927952488587e+00
6.075592770439200103e+04 9.184337006822329563e-01
6.075592796445260319e+04 1.000783618455811208e+00
6.075592822451319807e+04 9.913138145943262147e-01
6.075592848457379296e+04 9.424381616747351531e-01
6.075592874463438784e+04 9.598861581770858908e-01
6.075592900469498272e+04 9.969483132595327035e-01
6.075592926475557761e+04 9.846379681776085135e-01
6.075592952481617249e+04 9.523802527470629498e-01
6.075592978487676737e+04 1.034955345984908792e+00
6.075593004493736953e+04 1.003827193163128850e+00
6.075593030499796441e+04 9.996983497760035808e-01
6.075593056505855930e+04 9.855039558085837426e-01
6.075593082511916145e+04 1.025306676186314991e+00
6.075593108517975634e+04 1.026755764918286351e+00
6.075593134524035122e+04 1.006931355615165335e+00
6.075593160530094610e+04 9.841221660931027682e-01
6.075593186536154099e+04 1.024363477117964383e+00
6.075593212542213587e+04 9.507083835400399474e-01
6.075593238548273075e+04 1.013566894024072962e+00
6.075593264554332563e+04 9.983333758927097623e-01
6.075593290560392779e+04 9.516550849536807855e-01
6.075593316566452268e+04 9.439161042762481690e-01
6.075593342572511756e+04 9.922348705126853297e-01
6.075593368578571244e+04 1.031006295790357852e+00
6.075593394584631460e+04 1.001422702040848156e+00
6.075593420590690948e+04 9.997945804924504021e-01
6.075593446596750437e+04 1.029809710996745675e+00
6.075593472602809925e+04 9.650318226660221654e-01
6.075593498608869413e+04 9.777207370730764957e-01
6.075593524614928901e+04 1.018734929783131848e+00
6.075593550620988390e+04 1.006382641207363760e+00
6.075593576627048606e+04 1.001632240657208017e+00
6.075593602633108094e+04 1.016300248134827777e+00
6.075593628639167582e+04 9.851825241702516500e-01
6.075593654645227070e+04 9.675692172704483118e-01
6.075593680651287286e+04 1.026699158097794884e+00
6.075593706657346775e+04 1.020403493408014617e+00
6.075593732663406263e+04 9.720394722272027721e-01
6.075593758669465751e+04 1.005001239468340302e+00
6.075593784675525239e+04 9.902504411291491726e-01
6.075593810681584728e+04 1.001567351474392575e+00
6.075593836687644216e+04 9.931098967549365497e-01
6.075593862693704432e+04 9.789182102782014727e-01
6.075593888699763920e+04 9.761433713970473214e-01
6.075593914705823408e+04 9.719251129020878288e-01
6.075593940711883624e+04 1.002207263750628075e+00
6.075594106598430517e+04 9.944610103729679684e-01
6.075594132604500919e+04 1.023783572306267597e+00
6.075594158610571321e+04 9.962713430322370778e-01
6.075594184616640996e+04 9.627362338557345911e-01
6.075594210622711398e+04 9.646400761329103624e-01
6.075594236628781800e+04 9.367469171988561660e-01
6.075594262634852203e+04 9.622246787794893619e-01
6.075594288640922605e+04 9.555475603820424713e-01
6.075594314646992279e+04 9.892399215726958017e-01
6.075594340653063409e+04 9.323148899321058725e-01
6.075594366659133811e+04 9.514514861355731767e-01
6.075594392665203486e+04 9.874845632395750084e-01
6.075594418671273888e+04 9.524466102710482662e-01
6.075594444677344291e+04 1.039669821040694719e+00
6.075594470683414693e+04 9.668724653253676360e-01
6.075594496689485095e+04 1.014470580914672349e+00
6.075594522695554770e+04 9.607158957733968885e-01
6.075594548701625172e+04 9.803749692517235159e-01
6.075594574707695574e+04 1.017938129695396210e+00
6.075594600713765976e+04 9.464017627596942317e-01
6.075594626719836378e+04 1.081203662439941038e+00
6.075594652725906053e+04 1.022666430278467598e+00
6.075594678731976455e+04 1.031121411112129183e+00
6.075594704738046858e+04 1.059459360584117826e+00
6.075594730744116532e+04 9.887125601400684749e-01
6.075594756750187662e+04 9.792850069995193696e-01
6.075594782756257337e+04 1.010854414380445432e+00
6.075594808762328466e+04 9.896544611480891929e-01
6.075594834768398869e+04 1.021383750831612813e+00
6.075594860774468543e+04 9.627754655424252128e-01
6.075594886780538945e+04 9.970510570874875356e-01
6.075594912786609348e+04 9.962199226018385589e-01
6.075594938792679750e+04 9.185991220660612022e-01
6.075594964798750152e+04 9.970093254516012582e-01
6.075594990804819827e+04 1.027891428056265433e+00
6.075595016810890229e+04 1.013120611814197991e+00
6.075595042816960631e+04 1.021116913443717023e+00
6.075595068823031033e+04 9.963149915246970467e-01
6.075595094829101436e+04 1.015560688497255448e+00
6.075595120835171110e+04 9.495224313833755536e-01
6.075595146841241512e+04 9.696664749962718988e-01
6.075595172847312642e+04 1.031333687629602425e+00
6.075595198853382317e+04 1.021533947776674278e+00
6.075595224859452719e+04 1.042288817411776369e+00
6.075595250865523121e+04 9.765295227490989882e-01
6.075595276871593524e+04 9.999115989344482536e-01
6.075595302877663926e+04 9.948609429603720855e-01
6.075595328883733600e+04 1.036631301054626642e+00
6.075595354889804003e+04 1.049928841340524999e+00
6.075595380895874405e+04 9.888809583814033299e-01
6.075595406901944807e+04 9.743959945824389735e-01
6.075595432908015209e+04 1.001641104772297952e+00
6.075595458914084884e+04 9.820951703030647018e-01
6.075595484920156014e+04 1.020442672078997859e+00
6.075595510926226416e+04 1.023989460069679946e+00
6.075595536932296091e+04 9.981883235264178422e-01
6.075595562938366493e+04 1.004851185735902597e+00
6.075595588944436895e+04 9.741500000539188298e-01
6.075595614950507297e+04 9.460849326204708865e-01
6.075595640956577699e+04 1.019427768741665963e+00
6.075595666962647374e+04 1.049874248941216726e+00
6.075595692968717776e+04 9.794118887737697232e-01
6.075595718974788178e+04 1.030983978887666241e+00
6.075595744980858581e+04 9.569623014102944802e-01
6.075595770986929710e+04 1.005109253696915061e+00
6.075595796992999385e+04 1.004946217939821196e+00
6.075595822999069787e+04 1.022319933265462000e+00
6.075595849005140190e+04 1.041532298832081871e+00
6.075595875011209864e+04 9.063813372168946225e-01
6.075595901017280994e+04 1.015480380076027256e+00
6.075595927023350669e+04 1.005515417577774295e+00
6.075595953029421071e+04 1.042163204062007464e+00
6.075595979035491473e+04 1.047339672791318677e+00
6.075596005041561148e+04 1.007049431682710994e+00
6.075596031047632277e+04 9.831156126367976977e-01
6.075596057053702680e+04 9.414453505321050963e-01
6.075596083059773082e+04 1.001724418034187103e+00
6.075596109065843484e+04 9.844698551654735841e-01
6.075596135071913159e+04 9.754408232367642873e-01
6.075596161077983561e+04 1.002396537572040058e+00
6.075596187084053963e+04 1.007553000046353509e+00
6.075596213090124365e+04 9.938856839278933375e-01
6.075596239096194768e+04 1.004737638154175272e+00
6.075596265102265170e+04 1.007274940983444500e+00
6.075596291108335572e+04 1.022212108607715386e+00
6.075596317114405974e+04 1.008877316850857131e+00
6.075596343120475649e+04 9.508061010067612173e-01
6.075596369126546051e+04 9.884960902190199628e-01
6.075596395132616453e+04 9.939804613184802795e-01
6.075596421138686856e+04 1.028017674453629793e+00
6.075596447144757258e+04 9.950566260144987352e-01
6.075596473150827660e+04 9.764891814035885353e-01
6.075596499156898062e+04 1.011625387411902999e+00
6.075596525162968464e+04 9.975150778355265091e-01
6.075596551169038867e+04 9.861447899977456855e-01
6.075596577175109269e+04 1.038249002653603092e+00
6.075596603181178943e+04 9.360221575168510277e-01
6.075596629187249346e+04 9.752560920129709210e-01
6.075596655193319748e+04 9.626124684116678099e-01
6.075596681199390150e+04 1.057023181344457496e+00
6.075596707205460552e+04 1.017500761330641934e+00
6.075596733211530955e+04 9.849971106000102727e-01
6.075596759217601357e+04 1.020487292694165271e+00
6.075596785223671759e+04 9.908560880673799032e-01
6.075596811229741434e+04 9.780464269069329974e-01
6.075596837235811836e+04 1.007781170420689154e+00
6.075596863241882238e+04 1.040779557773587660e+00
6.075596889247953368e+04 1.025736277217175196e+00
6.075596915254023770e+04 9.802163761708805323e-01
6.075596941260093445e+04 9.944582019269703199e-01
6.075597102105359954e+04 9.955333946971696157e-01
6.075597128111420170e+04 1.003833932662790529e+00
6.075597154117479658e+04 1.044866306149959234e+00
6.075597180123539147e+04 9.975750070255343660e-01
6.075597206129598635e+04 1.012457261201947345e+00
6.075597232135658123e+04 1.000347495350091487e+00
6.075597258141718339e+04 1.019611051657325795e+00
6.075597284147777827e+04 9.963122373585534541e-01
6.075597310153837316e+04 9.965035872507208570e-01
6.075597336159897532e+04 9.929207187379841537e-01
6.075597362165957020e+04 9.937236261589256214e-01
6.075597388172016508e+04 1.062429278264164445e+00
6.075597414178077452e+04 1.024703823577012285e+00
6.075597440184136940e+04 9.857420921261117464e-01
6.075597466190196428e+04 9.987371028088397606e-01
6.075597492196255916e+04 9.982277520577770291e-01
6.075597518202315405e+04 1.002851013957563930e+00
6.075597544208374893e+04 1.021560147910537841e+00
6.075597570214434381e+04 9.718456186389339280e-01
6.075597596220494597e+04 1.028257990012510836e+00
6.075597622226554813e+04 1.000305472289263697e+00
6.075597648232614301e+04 9.731676025562623344e-01
6.075597674238673790e+04 9.655847863910866913e-01
6.075597700244734006e+04 9.440919326113024201e-01
6.075597726250793494e+04 9.624119859970816648e-01
6.075597752256853710e+04 1.017617947023099489e+00
6.075597778262913198e+04 9.740822222268245012e-01
6.075597804268972686e+04 1.066881978604845127e+00
6.075597830275032175e+04 1.029054113459392017e+00
6.075597856281091663e+04 9.921355046712734271e-01
6.075597882287151151e+04 9.855103250971020135e-01
6.075597908293212095e+04 1.025262301548049537e+00
6.075597934299271583e+04 1.012007926897667831e+00
6.075597960305331071e+04 1.002711958983037110e+00
6.075597986311390559e+04 9.727667260417136585e-01
6.075598012317450775e+04 1.003897275361377073e+00
6.075598038323510264e+04 9.907516953178039376e-01
6.075598064329570479e+04 1.013877680937306902e+00
6.075598090335629968e+04 1.018774719427521624e+00
6.075598116341689456e+04 9.943979569600434054e-01
6.075598142347748944e+04 1.071046052812928417e+00
6.075598168353808433e+04 9.888026182109318496e-01
6.075598194359869376e+04 9.859221321419413542e-01
6.075598220365928864e+04 1.018044877984280339e+00
6.075598246371988353e+04 1.024515488431698262e+00
6.075598272378047841e+04 9.761737870629232372e-01
6.075598298384108057e+04 1.060026463955401121e+00
6.075598324390167545e+04 1.004402493976536359e+00
6.075598350396227761e+04 1.019989926940695124e+00
6.075598376402287249e+04 1.028777075167375932e+00
6.075598402408346738e+04 9.860475768632368521e-01
6.075598428414406226e+04 9.768689075545189393e-01
6.075598454420465714e+04 9.723141334742101405e-01
6.075598480426526658e+04 1.033883338883051728e+00
6.075598506432586146e+04 1.009784453889071454e+00
6.075598532438645634e+04 9.860572811912257096e-01
6.075598558444705122e+04 1.046541589280731710e+00
6.075598584450765338e+04 1.043093091734515143e+00
6.075598610456825554e+04 1.048758586418092387e+00
6.075598636462885042e+04 1.007661284668182500e+00
6.075598662468944531e+04 9.806577230944882873e-01
6.075598688475004019e+04 1.011049506381095364e+00
6.075598714481063507e+04 9.741704500083381291e-01
6.075598740487123723e+04 1.046074524911089654e+00
6.075598766493183211e+04 1.007593708623274908e+00
6.075598792499243427e+04 1.009453434337577837e+00
6.075598818505302916e+04 1.014159786474944758e+00
6.075598844511362404e+04 1.002821624508869691e+00
6.075598870517423347e+04 1.004890115334645007e+00
6.075598896523482836e+04 9.701061878146793882e-01
6.075598922529542324e+04 1.007959828254838763e+00
6.075598948535601812e+04 9.811536637251552229e-01
6.075598974541661300e+04 1.018192397913698866e+00
6.075599000547721516e+04 9.545219692066267969e-01
6.075599026553781005e+04 9.849660387092395997e-01
6.075599052559840493e+04 9.986577833079266497e-01
6.075599078565900709e+04 1.034103783654152009e+00
6.075599104571960197e+04 1.030333295164180152e+00
6.075599130578020413e+04 1.031967690015680894e+00
6.075599156584080629e+04 1.036379952170653151e+00
6.075599182590140117e+04 9.999907333067126203e-01
6.075599208596199605e+04 1.007398088776087830e+00
6.075599234602259094e+04 1.029502634145154749e+00
6.075599260608319310e+04 1.011470267357539976e+00
6.075599286614378798e+04 1.013942045612672649e+00
6.075599312620438286e+04 9.842231977632770468e-01
6.075599338626497774e+04 1.053253967457670637e+00
6.075599364632558718e+04 9.846974002995592112e-01
6.075599390638618206e+04 9.926535384450397848e-01
6.075599416644677694e+04 9.698802490619170547e-01
6.075599442650737910e+04 1.001356752763421953e+00
6.075599468656797399e+04 9.658699322140330557e-01
6.075599494662857614e+04 9.844768273349001619e-01
6.075599520668917103e+04 1.021365362255587161e+00
6.075599546674976591e+04 1.060155986422208763e+00
6.075599572681036079e+04 9.673124916653310645e-01
6.075599598687096295e+04 1.015591364690818121e+00
6.075599624693155783e+04 1.059541255585747077e+00
6.075599650699215999e+04 9.773453716935929236e-01
6.075599676705275488e+04 9.948806054267258503e-01
6.075599702711334976e+04 1.014534919247125577e+00
6.075599728717395192e+04 1.060985181003581523e+00
6.075599754723455408e+04 1.038569940443175188e+00
6.075599780729514896e+04 1.001120215882626674e+00
6.075599806735574384e+04 9.887760506283599371e-01
6.075599832741634600e+04 1.006081165293123414e+00
6.075599858747694088e+04 9.765266278056394800e-01
6.075599884753753577e+04 1.058153376176686145e+00
6.075599910759813065e+04 9.874533805022812638e-01
6.075599936765874008e+04 9.938032140943851012e-01
6.075600091310295102e+04 1.006010538801987320e+00
6.075600117316365504e+04 1.026505895841224314e+00
6.075600143322435179e+04 1.011774306906565668e+00
6.075600169328505581e+04 1.041944528564664685e+00
6.075600195334576711e+04 1.021690953100641508e+00
6.075600221340647113e+04 1.057613715195435677e+00
6.075600247346717515e+04 1.017555460255202160e+00
6.075600273352787190e+04 1.028921148261199736e+00
6.075600299358858319e+04 1.013037999979248482e+00
6.075600325364928722e+04 1.072308546420163822e+00
6.075600351370998396e+04 1.037495857082271433e+00
6.075600377377069526e+04 1.008872664853342371e+00
6.075600403383139928e+04 1.042601975383281587e+00
6.075600429389210331e+04 1.006621743745820918e+00
6.075600455395280733e+04 1.005543910949711961e+00
6.075600481401350407e+04 1.036551062699120118e+00
6.075600507407421537e+04 9.914063834281356957e-01
6.075600533413491939e+04 1.025559230118902931e+00
6.075600559419562342e+04 1.036828629722393202e+00
6.075600585425632744e+04 9.981958156544975536e-01
6.075600611431703146e+04 1.009537245541376027e+00
6.075600637437773548e+04 9.889203832562286633e-01
6.075600663443843951e+04 1.031103759752600713e+00
6.075600689449914353e+04 1.016389897938605014e+00
6.075600715455985483e+04 1.039317290150147510e+00
6.075600741462055157e+04 9.936997820327320152e-01
6.075600767468125559e+04 9.934867387319512577e-01
6.075600793474195962e+04 1.018140338239856169e+00
6.075600819480266364e+04 1.013687058413052400e+00
6.075600845486336766e+04 1.006416385540920277e+00
6.075600871492407168e+04 1.005279653334744339e+00
6.075600897498478298e+04 1.021980174773700734e+00
6.075600923504548700e+04 1.019007450567088080e+00
6.075600949510618375e+04 1.004201194357763338e+00
6.075600975516688777e+04 1.005083403017498656e+00
6.075601001522759907e+04 1.054054120793191496e+00
6.075601027528830309e+04 1.040804682761770295e+00
6.075601053534900711e+04 9.625511161754747302e-01
6.075601079540970386e+04 1.025564342735854062e+00
6.075601105547041516e+04 1.017410112648073017e+00
6.075601131553111918e+04 9.995670314306676074e-01
6.075601157559181593e+04 9.650580870073567352e-01
6.075601183565252722e+04 1.006087474040144869e+00
6.075601209571323125e+04 1.037790131551837414e+00
6.075601235577393527e+04 1.002568787321141741e+00
6.075601261583463929e+04 9.963872938063341733e-01
6.075601287589534331e+04 1.018440048149921839e+00
6.075601313595604734e+04 1.008521740944516853e+00
6.075601339601675136e+04 1.038023107878111029e+00
6.075601365607746266e+04 1.014707224810800001e+00
6.075601391613816668e+04 9.897131433566607184e-01
6.075601417619886342e+04 9.682800292612476767e-01
6.075601443625956745e+04 1.037861089004332715e+00
6.075601469632027874e+04 1.026250065005196443e+00
6.075601495638097549e+04 9.990364072130328843e-01
6.075601521644168679e+04 1.021852174039754146e+00
6.075601547650239081e+04 1.005327161908483147e+00
6.075601573656309483e+04 9.878601156249744442e-01
6.075601599662379886e+04 1.029893347025473638e+00
6.075601625668450288e+04 9.943754382073934917e-01
6.075601651674520690e+04 1.014393718118253629e+00
6.075601677680591092e+04 9.951096305602448178e-01
6.075601703686661494e+04 9.965183840844833441e-01
6.075601729692732624e+04 9.811050061522551546e-01
6.075601755698802299e+04 1.017282894269972759e+00
6.075601781704872701e+04 1.033083322901033663e+00
6.075601807710943831e+04 1.024790560885039836e+00
6.075601833717014233e+04 9.901910540763646518e-01
6.075601859723084635e+04 1.019448663991471049e+00
6.075601885729155038e+04 1.038421235889176231e+00
6.075601911735225440e+04 1.042254357297703216e+00
6.075601937741295842e+04 9.851311003128875310e-01
6.075601963747365517e+04 1.001378418635155532e+00
6.075601989753436646e+04 9.993551381898022612e-01
6.075602015759507049e+04 1.022583532343869672e+00
6.075602041765577451e+04 1.011569631873459940e+00
6.075602067771648581e+04 1.062541198824731969e+00
6.075602093777718255e+04 9.916373446182187301e-01
6.075602119783788658e+04 1.024278760873093219e+00
6.075602145789859787e+04 9.856261209395262846e-01
6.075602171795930190e+04 1.020941723140922797e+00
6.075602197802000592e+04 9.855231242896265176e-01
6.075602223808070994e+04 9.940998201185752281e-01
6.075602249814141396e+04 1.025648002506388989e+00
6.075602275820211798e+04 1.077075261343394930e+00
6.075602301826282201e+04 1.049141509942248751e+00
6.075602327832352603e+04 1.002997923613293318e+00
6.075602353838423005e+04 1.041236378059930967e+00
6.075602379844494135e+04 9.959673599449776482e-01
6.075602405850564537e+04 1.017963729255385585e+00
6.075602431856634212e+04 9.898243607340359018e-01
6.075602457862704614e+04 1.040482155926050423e+00
6.075602483868775744e+04 1.007798058652233486e+00
6.075602509874846146e+04 1.017551083183154459e+00
6.075602535880916548e+04 1.013273799666543518e+00
6.075602561886986950e+04 1.004747653614259661e+00
6.075602587893057353e+04 1.032383594916528091e+00
6.075602613899127755e+04 1.003597107633043439e+00
6.075602639905198885e+04 1.011928029409525198e+00
6.075602665911269287e+04 1.051781579265804512e+00
6.075602691917338962e+04 9.988079698850482746e-01
6.075602717923410091e+04 1.046838728923095596e+00
6.075602743929480494e+04 1.030821584883460318e+00
6.075602769935550168e+04 1.030053536352867560e+00
6.075602795941621298e+04 9.771282886080906449e-01
6.075602821947691700e+04 1.007182004999841674e+00
6.075602847953762102e+04 1.029598169725590928e+00
6.075602873959833232e+04 1.001309053539640725e+00
6.075602899965902907e+04 1.021794394058621158e+00
6.075602925971973309e+04 9.870344164726606584e-01
6.075603093119423283e+04 1.039578167054076463e+00
6.075603119125482772e+04 9.956035554828237544e-01
6.075603145131542988e+04 9.709977485931796659e-01
6.075603171137602476e+04 1.013354575850860417e+00
6.075603197143662692e+04 9.192964017381708430e-01
6.075603223149722908e+04 1.062654422985339853e+00
6.075603249155782396e+04 9.854063415120583036e-01
6.075603275161842612e+04 1.008978117909206773e+00
6.075603301167902100e+04 1.017908085279775499e+00
6.075603327173962316e+04 9.884298639781178286e-01
6.075603353180022532e+04 9.956044584855758828e-01
6.075603379186082020e+04 1.028384734981332871e+00
6.075603405192141508e+04 9.846611210399158765e-01
6.075603431198201724e+04 1.013935627584536370e+00
6.075603457204261213e+04 1.000114427905664405e+00
6.075603483210320701e+04 1.005598089330589140e+00
6.075603509216381644e+04 1.007129105826649829e+00
6.075603535222441133e+04 1.010561800857273207e+00
6.075603561228501349e+04 1.003990425816121190e+00
6.075603587234560837e+04 1.027767753783116245e+00
6.075603613240621053e+04 9.934073408423023110e-01
6.075603639246681269e+04 1.001450073225497173e+00
6.075603665252740757e+04 9.879613725567834015e-01
6.075603691258800245e+04 1.024067569625173535e+00
6.075603717264860461e+04 1.055721313607376866e+00
6.075603743270919949e+04 9.838114810967503177e-01
6.075603769276979438e+04 1.024750523522897749e+00
6.075603795283040381e+04 1.072324930478397054e+00
6.075603821289099869e+04 9.925674347839483769e-01
6.075603847295160085e+04 9.741785657568022838e-01
6.075603873301219573e+04 9.956320529684790088e-01
6.075603899307279789e+04 1.003098450659183793e+00
6.075603925313340005e+04 1.008702650412449220e+00
6.075603951319399494e+04 1.013863899286633563e+00
6.075603977325458982e+04 1.043642160110012318e+00
6.075604003331519198e+04 1.056358234354657366e+00
6.075604029337578686e+04 1.048861299075812159e+00
6.075604055343638902e+04 1.015531722817228921e+00
6.075604081349698390e+04 1.041308202092981139e+00
6.075604107355758606e+04 1.003459352569023633e+00
6.075604133361818822e+04 1.025258579809789961e+00
6.075604159367878310e+04 9.886915028137152062e-01
6.075604185373938526e+04 9.936006691820981063e-01
6.075604211379998742e+04 1.032129941816963381e+00
6.075604237386058230e+04 1.046038926528302770e+00
6.075604263392118446e+04 9.966792054060554795e-01
6.075604289398177934e+04 1.001485228386798543e+00
6.075604315404237423e+04 1.014570483022001257e+00
6.075604341410297639e+04 1.036358453831931037e+00
6.075604367416357127e+04 1.030597658959524487e+00
6.075604393422418070e+04 9.816274930593446024e-01
6.075604419428477559e+04 1.030143626344573571e+00
6.075604445434537047e+04 1.023921518996604885e+00
6.075604471440597990e+04 1.063436044840648131e+00
6.075604497446657479e+04 1.017905526794037563e+00
6.075604523452717694e+04 9.985201431265451344e-01
6.075604549458777183e+04 1.027723263629360728e+00
6.075604575464836671e+04 1.043144733898739629e+00
6.075604601470896887e+04 1.014477470222480360e+00
6.075604627476956375e+04 1.031229207031376882e+00
6.075604653483016591e+04 1.058119289890051995e+00
6.075604679489076807e+04 9.977170287093347634e-01
6.075604705495136295e+04 1.053766230920571534e+00
6.075604731501196511e+04 1.028484881538176632e+00
6.075604757507256727e+04 1.003691978469610335e+00
6.075604783513316943e+04 1.016561513078832801e+00
6.075604809519376431e+04 9.809615889454705862e-01
6.075604835525435919e+04 1.053180745468759394e+00
6.075604861531496135e+04 9.426603012355145861e-01
6.075604887537555624e+04 9.906407177980688372e-01
6.075604913543615839e+04 1.081412809419850518e+00
6.075604939549675328e+04 1.047714603826870539e+00
6.075604965555735544e+04 9.696593981215628766e-01
6.075604991561795759e+04 9.763317088245651032e-01
6.075605017567855248e+04 1.058187684827919917e+00
6.075605043573915464e+04 9.989855400850142786e-01
6.075605069579975680e+04 1.022366442572510969e+00
6.075605095586035168e+04 9.635943337702340683e-01
6.075605121592095384e+04 9.789809636169268803e-01
6.075605147598154872e+04 1.045638305067049689e+00
6.075605173604215088e+04 1.041209426814310390e+00
6.075605199610274576e+04 9.527530702033470966e-01
6.075605225616334792e+04 9.758594343907748270e-01
6.075605251622395008e+04 9.825021019396111832e-01
6.075605277628454496e+04 9.991984857586129198e-01
6.075605303634514712e+04 9.827789826465381795e-01
6.075605329640574200e+04 1.013781645902782858e+00
6.075605355646635144e+04 1.002058708379332863e+00
6.075605381652694632e+04 1.055678768627607456e+00
6.075605407658754848e+04 1.016113394055252028e+00
6.075605433664814336e+04 1.018003273059028713e+00
6.075605459670873825e+04 1.021959906780960159e+00
6.075605485676934040e+04 9.829667063445608477e-01
6.075605511682993529e+04 9.721754566753804117e-01
6.075605537689054472e+04 1.014024764398599787e+00
6.075605563695113960e+04 9.882803793764801670e-01
6.075605589701174176e+04 1.039088909672420513e+00
6.075605615707233665e+04 1.024747897235735117e+00
6.075605641713293880e+04 1.000047424616864022e+00
6.075605667719354096e+04 9.898239159422317357e-01
6.075605693725413585e+04 1.034063985845061762e+00
6.075605719731473800e+04 1.006534967460859464e+00
6.075605745737533289e+04 1.012825276841668343e+00
6.075605771743593505e+04 1.009039441253760883e+00
6.075605797749652993e+04 1.009033591476864444e+00
6.075605823755713209e+04 1.057056588485919768e+00
6.075605849761773425e+04 1.012920507559986971e+00
6.075605875767832913e+04 1.035445647003708558e+00
6.075605901773893129e+04 1.041610631083444982e+00
6.075605927779953345e+04 1.011858892836306811e+00
6.075606082322710427e+04 1.003377255769071663e+00
6.075606108328780829e+04 1.060942476064973494e+00
6.075606134334851231e+04 9.657235969356136041e-01
6.075606160340922361e+04 1.003590094896770868e+00
6.075606186346992035e+04 1.011764455916506433e+00
6.075606212353063165e+04 1.035053428534789433e+00
6.075606238359133567e+04 9.885256089630443110e-01
6.075606264365204697e+04 1.047768572195284520e+00
6.075606290371275099e+04 1.037252759065390606e+00
6.075606316377345502e+04 1.012058790481618731e+00
6.075606342383415904e+04 9.818916116145602890e-01
6.075606368389486306e+04 9.801024305001365677e-01
6.075606394395557436e+04 9.948493681734734695e-01
6.075606420401627838e+04 9.587013392631366093e-01
6.075606446407698240e+04 9.962323794363735496e-01
6.075606472413768643e+04 1.008680572086418703e+00
6.075606498419839772e+04 1.019155123334344104e+00
6.075606524425910175e+04 9.941767165601150813e-01
6.075606550431981304e+04 9.936568548939180845e-01
6.075606576438050979e+04 9.697152548646635895e-01
6.075606602444122109e+04 1.073574864648201510e+00
6.075606628450192511e+04 9.820163752426201986e-01
6.075606654456262913e+04 1.027090275753941073e+00
6.075606680462333316e+04 9.894758089299213744e-01
6.075606706468404445e+04 1.012325393099371640e+00
6.075606732474474848e+04 1.003782779783468415e+00
6.075606758480545250e+04 9.792666449718693267e-01
6.075606784486615652e+04 1.076790098633555681e+00
6.075606810492686054e+04 1.078727880443654641e+00
6.075606836498757184e+04 1.027850981365884708e+00
6.075606862504827586e+04 1.042711770966389340e+00
6.075606888510898716e+04 1.014952323714331639e+00
6.075606914516968391e+04 1.006715560985790514e+00
6.075606940523039520e+04 9.838549682395262286e-01
6.075606966529109923e+04 9.970626567879025126e-01
6.075606992535180325e+04 1.041970888442495413e+00
6.075607018541250727e+04 9.991970458306876912e-01
6.075607044547321857e+04 1.035349867279204084e+00
6.075607070553392259e+04 9.910238863194986703e-01
6.075607096559463389e+04 1.037827180913864167e+00
6.075607122565533064e+04 1.004688461323513415e+00
6.075607148571604193e+04 1.021443870957303490e+00
6.075607174577674596e+04 9.882862763469373313e-01
6.075607200583745725e+04 9.949713750788600208e-01
6.075607226589816128e+04 9.985513662176632721e-01
6.075607252595886530e+04 1.032225950279538340e+00
6.075607278601956932e+04 9.741814760271270135e-01
6.075607304608028062e+04 1.015547426273978315e+00
6.075607330614097737e+04 9.879720817495055707e-01
6.075607356620169594e+04 1.002490110763114117e+00
6.075607382626239269e+04 1.013488974566131740e+00
6.075607408632310398e+04 1.007577510830464540e+00
6.075607434638380801e+04 9.514802136801200350e-01
6.075607460644451203e+04 1.018206762710905045e+00
6.075607486650521605e+04 9.843552675777386129e-01
6.075607512656592735e+04 1.033835905497793917e+00
6.075607538662663137e+04 1.002117843014059817e+00
6.075607564668734267e+04 9.996403169381038456e-01
6.075607590674803942e+04 1.015195915225459711e+00
6.075607616680875071e+04 9.971816275696639975e-01
6.075607642686945474e+04 1.028916973518099631e+00
6.075607668693016603e+04 1.005891228686009775e+00
6.075607694699087006e+04 1.025005757771816794e+00
6.075607720705157408e+04 9.766421610042742563e-01
6.075607746711227810e+04 1.000943447460421964e+00
6.075607772717298940e+04 1.011942735262094883e+00
6.075607798723368614e+04 1.015120511117905355e+00
6.075607824729439744e+04 1.011232741292263482e+00
6.075607850735510146e+04 9.715247517280664047e-01
6.075607876741581276e+04 1.020399649773305439e+00
6.075607902747651679e+04 1.034713720788882130e+00
6.075607928753722081e+04 1.037176320931747053e+00
6.075607954759792483e+04 9.995139875683431985e-01
6.075607980765863613e+04 1.030136530887681312e+00
6.075608006771934015e+04 1.028615109215619494e+00
6.075608032778005145e+04 1.047062879292499193e+00
6.075608058784074819e+04 1.045052944898070546e+00
6.075608084790145949e+04 1.031406896590397526e+00
6.075608110796216351e+04 9.680533875177649294e-01
6.075608136802286754e+04 1.065822503887775552e+00
6.075608162808357156e+04 9.674012719707031360e-01
6.075608188814428286e+04 1.066916737533966986e+00
6.075608214820498688e+04 1.004324639574799116e+00
6.075608240826569818e+04 1.018502644241082722e+00
6.075608266832639492e+04 9.910494382221401999e-01
6.075608292838710622e+04 9.938768577110225211e-01
6.075608318844781024e+04 9.714738901572964602e-01
6.075608344850852154e+04 9.918153379748967380e-01
6.075608370856922556e+04 1.018920524922878101e+00
6.075608396862992959e+04 1.011958686042518485e+00
6.075608422869064088e+04 9.886384045195215631e-01
6.075608448875134491e+04 1.030541774605732597e+00
6.075608474881204893e+04 1.021566139784861882e+00
6.075608500887276023e+04 9.491971257575015919e-01
6.075608526893346425e+04 9.988238248904754979e-01
6.075608552899416827e+04 9.969936097189284752e-01
6.075608578905487957e+04 1.063284284366470711e+00
6.075608604911557632e+04 1.010697312619635246e+00
6.075608630917628761e+04 1.020727276437384701e+00
6.075608656923699164e+04 1.011448778894151301e+00
6.075608682929770293e+04 1.057662683605983256e+00
6.075608708935840696e+04 1.010772008864588178e+00
6.075608734941911098e+04 1.028107357462479499e+00
6.075608760947981500e+04 1.009629449916769506e+00
6.075608786954052630e+04 1.001950713884808941e+00
6.075608812960123760e+04 9.611812533475497800e-01
6.075608838966194162e+04 1.007801189654079499e+00
6.075608864972264564e+04 9.713422076633784208e-01
6.075608890978334966e+04 1.034613947258868238e+00
6.075608916984406096e+04 1.023629042389861077e+00
6.075609076569380704e+04 9.734888815924365169e-01
6.075609102575441648e+04 9.790739151246011795e-01
6.075609128581501136e+04 1.002392753749566046e+00
6.075609154587561352e+04 1.031761429726657298e+00
6.075609180593621568e+04 1.018138336221271700e+00
6.075609206599681784e+04 9.884429452074537936e-01
6.075609232605741272e+04 1.027580356070175949e+00
6.075609258611801488e+04 9.933678356392248165e-01
6.075609284617860976e+04 1.015800132962203284e+00
6.075609310623921192e+04 9.709318226459497936e-01
6.075609336629981408e+04 1.012736283869349441e+00
6.075609362636040896e+04 9.800834129851401233e-01
6.075609388642101840e+04 1.015110992132133294e+00
6.075609414648161328e+04 1.070416920518576953e+00
6.075609440654221544e+04 9.779553168865762203e-01
6.075609466660281760e+04 1.005290517977099007e+00
6.075609492666341976e+04 9.963718024330552314e-01
6.075609518672402191e+04 9.835841393346315131e-01
6.075609544678461680e+04 9.527804053671579121e-01
6.075609570684521896e+04 1.009706269863533512e+00
6.075609596690581384e+04 9.955689415901645134e-01
6.075609622696641600e+04 1.006631885410194327e+00
6.075609648702701088e+04 9.992770982727049445e-01
6.075609674708762032e+04 1.017785652698560916e+00
6.075609700714822247e+04 1.007477859076604032e+00
6.075609726720881736e+04 1.008495794868831785e+00
6.075609752726942679e+04 1.012562950422968067e+00
6.075609778733002167e+04 1.002546143163654646e+00
6.075609804739062383e+04 1.013109644808485310e+00
6.075609830745121872e+04 1.025220254980753865e+00
6.075609856751182087e+04 9.785189511449902122e-01
6.075609882757242303e+04 1.041594686838133388e+00
6.075609908763301792e+04 9.948185685794754818e-01
6.075609934769362008e+04 9.740042290758096355e-01
6.075609960775422223e+04 1.011732547023382445e+00
6.075609986781482439e+04 9.993797894607786558e-01
6.075610012787541928e+04 9.457259996425523285e-01
6.075610038793602143e+04 1.000587704233454556e+00
6.075610064799663087e+04 9.566478065241695861e-01
6.075610090805722575e+04 1.014442869117146540e+00
6.075610116811782791e+04 1.005424468083774947e+00
6.075610142817842279e+04 9.757124153277777490e-01
6.075610168823902495e+04 9.796230649064027185e-01
6.075610194829962711e+04 9.981680381112235656e-01
6.075610220836022199e+04 9.824146937212457908e-01
6.075610246842083143e+04 9.828329922836914756e-01
6.075610272848142631e+04 1.017187087854088512e+00
6.075610298854202847e+04 9.868018844517977284e-01
6.075610324860263063e+04 9.977961344599276527e-01
6.075610350866323279e+04 1.013451813801800938e+00
6.075610376872383495e+04 1.014197799414535028e+00
6.075610402878442983e+04 9.719002587586583752e-01
6.075610428884503199e+04 1.026542029756885688e+00
6.075610454890563415e+04 9.597616266447333011e-01
6.075610480896622903e+04 9.520669314805840777e-01
6.075610506902683119e+04 9.669024719950802815e-01
6.075610532908743335e+04 9.782344818920312157e-01
6.075610558914803551e+04 1.002513541751245851e+00
6.075610584920863766e+04 1.011581533883733286e+00
6.075610610926923255e+04 1.000143707729025833e+00
6.075610636932984198e+04 1.016025422073437490e+00
6.075610662939043686e+04 9.363001550187606270e-01
6.075610688945103902e+04 9.931386707445598594e-01
6.075610714951164118e+04 9.761708566724925928e-01
6.075610740957223607e+04 1.015574503145267649e+00
6.075610766963283822e+04 1.005179899819543143e+00
6.075610792969343311e+04 9.994491956645563668e-01
6.075610818975403527e+04 9.520833441153595533e-01
6.075610844981464470e+04 1.028878398029706043e+00
6.075610870987523958e+04 9.643959853683422567e-01
6.075610896993584174e+04 1.011794752948864007e+00
6.075610922999644390e+04 9.926073641977793960e-01
6.075610949005704606e+04 9.668422372626749306e-01
6.075610975011764822e+04 9.947192108667253230e-01
6.075611001017824310e+04 9.805826248079160257e-01
6.075611027023884526e+04 1.016122971462345204e+00
6.075611053029944742e+04 9.969406310546293781e-01
6.075611079036004230e+04 1.024305597394305822e+00
6.075611105042064446e+04 9.533687159723226445e-01
6.075611131048124662e+04 1.063334161132703404e+00
6.075611157054184878e+04 9.981083449020833331e-01
6.075611183060245094e+04 9.659010239340202197e-01
6.075611209066305310e+04 1.017077373011992636e+00
6.075611235072365525e+04 1.052428597304108093e+00
6.075611261078425741e+04 9.743541055734232792e-01
6.075611287084485230e+04 9.910356118721829199e-01
6.075611313090545445e+04 9.857008109703812027e-01
6.075611339096604934e+04 1.032117170726460254e+00
6.075611365102665150e+04 9.704228548788168540e-01
6.075611391108725365e+04 9.860767457696897331e-01
6.075611417114785581e+04 9.532536901973368559e-01
6.075611443120845797e+04 9.234926640996323766e-01
6.075611469126906013e+04 1.007660327073931494e+00
6.075611495132966229e+04 9.630075861113677194e-01
6.075611521139026445e+04 9.613826024780149915e-01
6.075611547145085933e+04 9.817296381865855404e-01
6.075611573151146149e+04 9.577454546787084189e-01
6.075611599157206365e+04 1.024571134897980906e+00
6.075611625163265853e+04 9.924765195561542352e-01
6.075611651169326069e+04 9.577952524579759208e-01
6.075611677175386285e+04 9.753764320111292241e-01
6.075611703181446501e+04 9.925648877011430393e-01
6.075611729187506717e+04 9.983818721550629105e-01
6.075611755193566933e+04 9.956642410466289839e-01
6.075611781199626421e+04 9.689272652293409172e-01
6.075611807205687364e+04 9.767412978930459788e-01
6.075611833211747580e+04 9.860291829172778133e-01
6.075611859217807068e+04 1.015480834043441805e+00
6.075611885223867284e+04 9.848825831471631487e-01
6.075611911229926773e+04 1.042175880273608746e+00
6.075612077117233275e+04 9.679518606372587985e-01
6.075612103123303677e+04 9.923532960184673346e-01
6.075612129129374080e+04 9.849735455038041154e-01
6.075612155135445209e+04 1.004088381504529393e+00
6.075612181141516339e+04 9.883829571697628769e-01
6.075612207147586741e+04 9.896838896403150621e-01
6.075612233153657144e+04 1.054692649179682862e+00
6.075612259159728274e+04 1.004359406198888305e+00
6.075612285165798676e+04 1.033198836640599083e+00
6.075612311171869806e+04 9.960927387122869847e-01
6.075612337177940935e+04 9.954699834843767636e-01
6.075612363184010610e+04 1.020079810139052245e+00
6.075612389190081740e+04 1.026801259048538251e+00
6.075612415196152870e+04 1.003391070886111125e+00
6.075612441202222544e+04 1.011023654233140778e+00
6.075612467208293674e+04 1.000316320491632993e+00
6.075612493214364804e+04 9.930984142577745644e-01
6.075612519220435206e+04 1.050049056550259596e+00
6.075612545226506336e+04 1.006481349326357799e+00
6.075612571232576738e+04 1.012335406528159787e+00
6.075612597238647140e+04 1.027057722879778368e+00
6.075612623244718270e+04 1.030923162444623120e+00
6.075612649250789400e+04 9.952216010938864654e-01
6.075612675256859802e+04 9.860480153847468454e-01
6.075612701262930204e+04 9.961378758256584920e-01
6.075612727269001334e+04 1.006385187358964206e+00
6.075612753275071736e+04 9.994341960728939656e-01
6.075612779281142139e+04 9.848922728241090718e-01
6.075612805287213268e+04 1.002395997921823989e+00
6.075612831293283671e+04 9.683555641140846326e-01
6.075612857299354800e+04 9.697536478523131054e-01
6.075612883305425930e+04 1.040499023214119356e+00
6.075612909311495605e+04 9.780912895363439441e-01
6.075612935317566735e+04 9.835402208388109857e-01
6.075612961323637865e+04 9.982288762126840798e-01
6.075612987329708267e+04 9.825461682238392225e-01
6.075613013335779397e+04 9.351417945950191157e-01
6.075613039341849799e+04 9.522619331827952838e-01
6.075613065347920201e+04 9.850313845616862629e-01
6.075613091353991331e+04 9.964541322895539288e-01
6.075613117360061733e+04 9.947203132557795868e-01
6.075613143366133590e+04 9.617183117091337996e-01
6.075613169372203265e+04 9.877084190380671647e-01
6.075613195378274395e+04 1.031339915843560107e+00
6.075613221384345525e+04 9.898647275812535451e-01
6.075613247390415199e+04 9.931409279465014395e-01
6.075613273396486329e+04 9.719865339585977981e-01
6.075613299402557459e+04 1.009936572159540358e+00
6.075613325408627861e+04 1.018639796269466880e+00
6.075613351414698991e+04 9.829086869603307353e-01
6.075613377420769393e+04 9.948239500919445755e-01
6.075613403426840523e+04 9.571167516970333633e-01
6.075613429432910925e+04 9.633511472430457134e-01
6.075613455438982055e+04 9.560684713281748515e-01
6.075613481445053185e+04 1.000574599338323489e+00
6.075613507451122859e+04 1.147801346934822275e+00
6.075613533457193989e+04 1.015852938050121335e+00
6.075613559463265119e+04 9.781299781799798199e-01
6.075613585469334794e+04 1.042591790070938274e+00
6.075613611475405924e+04 1.071679402474073894e+00
6.075613637481477053e+04 1.028391275106519620e+00
6.075613663487548183e+04 9.852002515054592013e-01
6.075613689493618585e+04 1.003612407469512080e+00
6.075613715499688988e+04 9.904869011317132266e-01
6.075613741505760117e+04 9.701110300853301727e-01
6.075613767511830520e+04 1.041614635892511576e+00
6.075613793517901649e+04 1.019196833405129565e+00
6.075613819523972779e+04 9.957462476708313082e-01
6.075613845530043181e+04 1.022944335219396095e+00
6.075613871536113584e+04 1.038542694150004220e+00
6.075613897542184714e+04 1.023022500367521070e+00
6.075613923548255116e+04 9.944709456662642610e-01
6.075613949554325518e+04 9.830759067835920240e-01
6.075613975560396648e+04 1.043917181780859904e+00
6.075614001566467778e+04 1.007090491699018431e+00
6.075614027572538907e+04 9.870165593121462688e-01
6.075614053578608582e+04 9.929341180010364809e-01
6.075614079584679712e+04 1.021322815630921088e+00
6.075614105590750842e+04 1.000701978929140479e+00
6.075614131596821244e+04 9.543192097334817214e-01
6.075614157602892374e+04 1.016877530766385762e+00
6.075614183608962776e+04 1.005656189170933024e+00
6.075614209615033906e+04 1.002045884375272200e+00
6.075614235621104308e+04 1.011948835460990459e+00
6.075614261627174710e+04 9.660804074277571374e-01
6.075614287633246568e+04 9.703394985812644480e-01
6.075614313639316970e+04 1.000737184042112871e+00
6.075614339645387372e+04 9.768882572216610605e-01
6.075614365651458502e+04 9.746004075598605487e-01
6.075614391657528904e+04 1.023618375171795325e+00
6.075614417663600034e+04 9.669866658452415109e-01
6.075614443669670436e+04 1.009338706428356325e+00
6.075614469675741566e+04 9.803919459751585519e-01
6.075614495681812696e+04 1.005207989416289305e+00
6.075614521687882370e+04 9.980772885357126478e-01
6.075614547693953500e+04 1.008286767522867500e+00
6.075614573700024630e+04 1.009333106076781839e+00
6.075614599706095760e+04 1.042790839432141459e+00
6.075614625712166162e+04 1.059689231403840859e+00
6.075614651718236564e+04 9.617375834124728406e-01
6.075614677724307694e+04 1.050602772470829338e+00
6.075614703730378824e+04 1.052571036807111060e+00
6.075614729736448498e+04 1.001030184142024382e+00
6.075614755742519628e+04 1.051351639031752105e+00
6.075614781748590758e+04 9.748242037392221837e-01
6.075614807754661888e+04 1.046068267574241650e+00
6.075614833760732290e+04 9.864200989346632031e-01
6.075614859766802692e+04 9.813009396343205237e-01
6.075614885772873822e+04 9.818867391839050107e-01
6.075614911778944952e+04 9.944211637277622362e-01
