6.075547523418369383e+04 9.282650726844831057e-01
6.075547549424438330e+04 9.531639094019991321e-01
6.075547575430508005e+04 8.991094920125841661e-01
6.075547601436576224e+04 9.006571985097792110e-01
6.075547627442645899e+04 9.381159612439984308e-01
6.075547653448714846e+04 9.126172538131236411e-01
6.075547679454784520e+04 1.000840294400741071e+00
6.075547705460853467e+04 9.773945103653457478e-01
6.075547731466922414e+04 1.065692601074333279e+00
6.075547757472991361e+04 1.087826943675363367e+00
6.075547783479061036e+04 8.417365984405187351e-01
6.075547809485129255e+04 9.228004452660935053e-01
6.075547835491198930e+04 8.732206161767017694e-01
6.075547861497267877e+04 8.614420026819202825e-01
6.075547887503337552e+04 9.423477545723167870e-01
6.075547913509406499e+04 9.824697590409852133e-01
6.075547939515475446e+04 1.009722185727110366e+00
6.075547965521544393e+04 9.935714270804845150e-01
6.075547991527614067e+04 1.050536379835362855e+00
6.075548017533683014e+04 9.276049227328762026e-01
6.075548043539752689e+04 9.997231996304186685e-01
6.075548069545820908e+04 9.877196483256930337e-01
6.075548095551890583e+04 1.040119824981128538e+00
6.075548121557959530e+04 1.024181664058089414e+00
6.075548147564028477e+04 1.081541560061281437e+00
6.075548173570098152e+04 8.750132149646602242e-01
6.075548199576167099e+04 8.689784923281264062e-01
6.075548225582236773e+04 9.750786996372936555e-01
6.075548251588305720e+04 9.673547642997257778e-01
6.075548277594374667e+04 8.942215049116338799e-01
6.075548303600443614e+04 8.879161785159149778e-01
6.075548329606513289e+04 1.071526211060109146e+00
6.075548355612582236e+04 8.830462907384957205e-01
6.075548381618651911e+04 9.154238816866460127e-01
6.075548407624720130e+04 9.459039226794847544e-01
6.075548433630789805e+04 9.463763540954661657e-01
6.075548459636858752e+04 1.038185189230405481e+00
6.075548485642928426e+04 8.562365672003706685e-01
6.075548511648997373e+04 8.799530678007368989e-01
6.075548537655066320e+04 9.560575682576100132e-01
6.075548563661135267e+04 1.094526593307205475e+00
6.075548589667204942e+04 9.123047915423011522e-01
6.075548615673273162e+04 9.720297750573544393e-01
6.075548641679342836e+04 1.019011005020924898e+00
6.075548667685411783e+04 8.489107117476644149e-01
6.075548693691481458e+04 8.791441284066917605e-01
6.075548719697551132e+04 8.850361789395816414e-01
6.075548745703619352e+04 9.346272602109977345e-01
6.075548771709689026e+04 1.047123762245737444e+00
6.075548797715757973e+04 9.294088134259161915e-01
6.075548823721827648e+04 8.985545520852390444e-01
6.075548849727896595e+04 9.101743001609288175e-01
6.075548875733965542e+04 9.610054751635218606e-01
6.075548901740034489e+04 9.774432570476357940e-01
6.075548927746104164e+04 1.050257725301703582e+00
6.075548953752172383e+04 9.238831338515298697e-01
6.075548979758242058e+04 9.762798540247534795e-01
6.075549005764311732e+04 1.094814751103321049e+00
6.075549031770380680e+04 9.881933968367144772e-01
6.075549057776450354e+04 9.990178105935012542e-01
6.075549083782518574e+04 1.018623491595605168e+00
6.075549109788588248e+04 1.039304128384466175e+00
6.075549135794657195e+04 9.421747541124476655e-01
6.075549161800726870e+04 9.209588517379122541e-01
6.075549187806795817e+04 9.813983507660828387e-01
6.075549213812864764e+04 9.488793672378638133e-01
6.075549239818933711e+04 9.716971482621883371e-01
6.075549265825003386e+04 1.065293583960036372e+00
6.075549291831072333e+04 9.961772455876355403e-01
6.075549317837142007e+04 9.942799846965733046e-01
6.075549343843210954e+04 8.719661222622152597e-01
6.075549369849279901e+04 9.541387434285316660e-01
6.075549395855349576e+04 1.019451119007082740e+00
6.075549421861417795e+04 1.024033655951281929e+00
6.075549447867487470e+04 1.043212472584384320e+00
6.075549473873556417e+04 9.506103512217014551e-01
6.075549499879626092e+04 9.236068952752828354e-01
6.075549525885695766e+04 1.071837838350483407e+00
6.075549551891763986e+04 1.053264771045672621e+00
6.075549577897833660e+04 9.143274616428483936e-01
6.075549603903902607e+04 1.083418278133431389e+00
6.075549629909972282e+04 9.649936901793921828e-01
6.075549655916041229e+04 9.745102601808945941e-01
6.075549681922110176e+04 1.030173954972488204e+00
6.075549707928179851e+04 9.163526899196623443e-01
6.075549733934248798e+04 8.596721553951192085e-01
6.075549759940317745e+04 9.679202561659816517e-01
6.075549785946386692e+04 9.817282521095415104e-01
6.075549811952456366e+04 8.928068578006365108e-01
6.075549837958525313e+04 8.851925839744183566e-01
6.075549863964594988e+04 9.978199555929354592e-01
6.075549889970663935e+04 9.354286748654261352e-01
6.075549915976732882e+04 9.645025502453193900e-01
6.075549941982802557e+04 9.902254597543006520e-01
6.075549967988871504e+04 9.979198165670074561e-01
6.075549993994941178e+04 9.677710599002237180e-01
6.075550020001009398e+04 1.003791828778127337e+00
6.075550046007079072e+04 9.319603555326039235e-01
6.075550072013148747e+04 9.208475023853810448e-01
6.075550098019216966e+04 8.885516555761787671e-01
6.075550124025286641e+04 9.473352170764391955e-01
6.075550150031355588e+04 9.422001315951358258e-01
6.075550176037425263e+04 9.863473943229951191e-01
6.075550202043494210e+04 1.013333238004276327e+00
6.075550228049563157e+04 1.053584791472800264e+00
6.075550254055632831e+04 8.758164535381135485e-01
6.075550280061701778e+04 9.902957877968379119e-01
6.075550306067771453e+04 9.051790649261864941e-01
6.075550332073840400e+04 1.041079001391866266e+00
6.075550358079909347e+04 8.635197091989822438e-01
6.075550513883041276e+04 9.415499605245557513e-01
6.075550539889110951e+04 9.788456352877040745e-01
6.075550565895179898e+04 9.018725986723432619e-01
6.075550591901248845e+04 1.056363535030280021e+00
6.075550617907318519e+04 9.501585173106504856e-01
6.075550643913387466e+04 9.444534033007937479e-01
6.075550669919457141e+04 1.001480874318589898e+00
6.075550695925526088e+04 8.637412612320749528e-01
6.075550721931595035e+04 9.890795296474056419e-01
6.075550747937664710e+04 9.744005824238501923e-01
6.075550773943733657e+04 9.659336591421709972e-01
6.075550799949803331e+04 1.037831799017535861e+00
6.075550825955872278e+04 9.243709146357947937e-01
6.075550851961941225e+04 9.816009478158355117e-01
6.075550877968010900e+04 1.012092933241286685e+00
6.075550903974079847e+04 9.878732781932989537e-01
6.075550929980148794e+04 1.067080474922714295e+00
6.075550955986217741e+04 9.815926166550277276e-01
6.075550981992287416e+04 9.904216560036339656e-01
6.075551007998357090e+04 9.820974700570962446e-01
6.075551034004426037e+04 1.075300912387152197e+00
6.075551060010494984e+04 9.176208258529457984e-01
6.075551086016564659e+04 8.672417203960833820e-01
6.075551112022633606e+04 9.230375328420730163e-01
6.075551138028703281e+04 8.854449858167868781e-01
6.075551164034772228e+04 9.607243869060368979e-01
6.075551190040841175e+04 9.274083064619726979e-01
6.075551216046910849e+04 9.905004709899227766e-01
6.075551242052979796e+04 9.218930670833319629e-01
6.075551268059049471e+04 1.048081146872877900e+00
6.075551294065118418e+04 8.887920777684699125e-01
6.075551320071187365e+04 1.039213981938280407e+00
6.075551346077257040e+04 8.640896372746394993e-01
6.075551372083325987e+04 9.452244048153659595e-01
6.075551398089394934e+04 1.058481766933845325e+00
6.075551424095464608e+04 1.014131445152753663e+00
6.075551450101533555e+04 1.002928550063244106e+00
6.075551476107603230e+04 8.266958595870294024e-01
6.075551502113672177e+04 8.630058728791853984e-01
6.075551528119741124e+04 9.251551833856727081e-01
6.075551554125810799e+04 1.001959975661605107e+00
6.075551580131879746e+04 8.815420456265883331e-01
6.075551606137949420e+04 9.888276436107191758e-01
6.075551632144019095e+04 1.003878663723439146e+00
6.075551658150087314e+04 9.677442566074320185e-01
6.075551684156156989e+04 9.042688477339847486e-01
6.075551710162226664e+04 9.688218314771317452e-01
6.075551736168294883e+04 9.988687627537096159e-01
6.075551762174364558e+04 9.744161652590936917e-01
6.075551788180433505e+04 9.648653090977306057e-01
6.075551814186503179e+04 9.922214983850479175e-01
6.075551840192572854e+04 8.927879772561398974e-01
6.075551866198641073e+04 1.034764334434265187e+00
6.075551892204710748e+04 1.020416525241008010e+00
6.075551918210780423e+04 9.614504005325704705e-01
6.075551944216849370e+04 1.003652710457874297e+00
6.075551970222919044e+04 1.000913113944747357e+00
6.075551996228987991e+04 1.080224840741096370e+00
6.075552022235056938e+04 9.224338702418952707e-01
6.075552048241126613e+04 9.036118804809024629e-01
6.075552074247194832e+04 1.003313718642624419e+00
6.075552100253265235e+04 9.378180806098609379e-01
6.075552126259334182e+04 1.034660335190080938e+00
6.075552152265403129e+04 9.738303817613925828e-01
6.075552178271472803e+04 9.027206536021176175e-01
6.075552204277541750e+04 9.990727708122477679e-01
6.075552230283610697e+04 8.493561800173501375e-01
6.075552256289680372e+04 1.110697471716308504e+00
6.075552282295750047e+04 9.683438582050768462e-01
6.075552308301818994e+04 1.042063405887517780e+00
6.075552334307887941e+04 8.614394276396328820e-01
6.075552360313957615e+04 9.502852820359112274e-01
6.075552386320026562e+04 9.056629008881225129e-01
6.075552412326096237e+04 9.445553393165365685e-01
6.075552438332165912e+04 9.484942280781356594e-01
6.075552464338234131e+04 9.596867366793070397e-01
6.075552490344303806e+04 9.341487665413661379e-01
6.075552516350373480e+04 1.060187958786029450e+00
6.075552542356441700e+04 1.051587631416044166e+00
6.075552568362511374e+04 1.057121546903924347e+00
6.075552594368581049e+04 9.546537895063111900e-01
6.075552620374649996e+04 9.999228199007936801e-01
6.075552646380719671e+04 9.304403014509757819e-01
6.075552672386788618e+04 9.857276757057379379e-01
6.075552698392857565e+04 1.060469159835942810e+00
6.075552724398927239e+04 9.732724932790040029e-01
6.075552750404996914e+04 1.024760236367038502e+00
6.075552776411065861e+04 9.305932435196282437e-01
6.075552802417134808e+04 9.799768896990453948e-01
6.075552828423204483e+04 8.875427860144368131e-01
6.075552854429273430e+04 1.117598350556901821e+00
6.075552880435342377e+04 1.066336803255725663e+00
6.075552906441412051e+04 9.528173738088119293e-01
6.075552932447480998e+04 1.035960426322964700e+00
6.075552958453550673e+04 9.927107656339588804e-01
6.075552984459620347e+04 1.067780029026451638e+00
6.075553010465688567e+04 1.083733284157471832e+00
6.075553036471758242e+04 1.010315256143950791e+00
6.075553062477827916e+04 1.045450065345282065e+00
6.075553088483896863e+04 9.999623193936585386e-01
6.075553114489966538e+04 1.046834659471797213e+00
6.075553140496035485e+04 8.521469819800975287e-01
6.075553166502104432e+04 1.078898505134189056e+00
6.075553192508174106e+04 9.221613962363472972e-01
6.075553218514243054e+04 1.025645990701627541e+00
6.075553244520312728e+04 1.054661399718667791e+00
6.075553270526381675e+04 9.883458915734709693e-01
6.075553296532451350e+04 1.047436585755571414e+00
6.075553322538520297e+04 1.015197366744791108e+00
6.075553348544589244e+04 8.957135115210436149e-01
6.075553503087646095e+04 8.772366419255617220e-01
6.075553529093715770e+04 8.935356638431152243e-01
6.075553555099784717e+04 9.728478760027792216e-01
6.075553581105853664e+04 8.910074186558128995e-01
6.075553607111923338e+04 9.553441385113533579e-01
6.075553633117992285e+04 9.968441667806039463e-01
6.075553659124061960e+04 9.260484758077625056e-01
6.075553685130131635e+04 1.027497604909620721e+00
6.075553711136199854e+04 9.739892121643990430e-01
6.075553737142269529e+04 9.711808957648923046e-01
6.075553763148339203e+04 9.868377030529033034e-01
6.075553789154408878e+04 1.014255843232958254e+00
6.075553815160477825e+04 9.358107260934395155e-01
6.075553841166546772e+04 1.011530985338091382e+00
6.075553867172616447e+04 9.999941205651722287e-01
6.075553893178685394e+04 9.879889493832398895e-01
6.075553919184754341e+04 9.129696619300483595e-01
6.075553945190824015e+04 8.869787711671278663e-01
6.075553971196892962e+04 1.000872320384003089e+00
6.075553997202962637e+04 1.042694209911374292e+00
6.075554023209032312e+04 9.611429968229083798e-01
6.075554049215101259e+04 9.289225853991881499e-01
6.075554075221170206e+04 9.921903889860199666e-01
6.075554101227239880e+04 1.025222734672371017e+00
6.075554127233309555e+04 1.023237381135774449e+00
6.075554153239378502e+04 9.694109250078961626e-01
6.075554179245447449e+04 1.046098245160110407e+00
6.075554205251517124e+04 9.311755967374051313e-01
6.075554231257586798e+04 9.232860286814328354e-01
6.075554257263655018e+04 9.706249442283323425e-01
6.075554283269725420e+04 1.043131571248573364e+00
6.075554309275794367e+04 1.030403399323877700e+00
6.075554335281863314e+04 9.829278636097310562e-01
6.075554361287932988e+04 1.006123366596229030e+00
6.075554387294001936e+04 1.036416434249782359e+00
6.075554413300071610e+04 1.097319896917332560e+00
6.075554439306140557e+04 1.049310743207989560e+00
6.075554465312210232e+04 8.949831051880873245e-01
6.075554491318279906e+04 1.069916772994257137e+00
6.075554517324348853e+04 1.037965768774090414e+00
6.075554543330417800e+04 1.065155230952600451e+00
6.075554569336487475e+04 9.673242264380365052e-01
6.075554595342557150e+04 1.033878725686772970e+00
6.075554621348626097e+04 1.045276952128675774e+00
6.075554647354695044e+04 9.590190098961125509e-01
6.075554673360764718e+04 9.717300690561798682e-01
6.075554699366834393e+04 9.912030742369991598e-01
6.075554725372902612e+04 1.000586600857125141e+00
6.075554751378972287e+04 9.060603736052302848e-01
6.075554777385041962e+04 9.898757903429529215e-01
6.075554803391111636e+04 1.110063450716195499e+00
6.075554829397180583e+04 9.595220100650525552e-01
6.075554855403249530e+04 8.609226387632481492e-01
6.075554881409319205e+04 9.895948732666282055e-01
6.075554907415388152e+04 1.064400962461410138e+00
6.075554933421457827e+04 1.069497054603051556e+00
6.075554959427527501e+04 1.024622420042492044e+00
6.075554985433596448e+04 1.031249402802724813e+00
6.075555011439665395e+04 1.034303814333121574e+00
6.075555037445735070e+04 9.627990551254635987e-01
6.075555063451804017e+04 1.150941886394965863e+00
6.075555089457873692e+04 9.750101337667453905e-01
6.075555115463942639e+04 9.772444163848214016e-01
6.075555141470012313e+04 1.041783475739213483e+00
6.075555167476081988e+04 9.549346556730415880e-01
6.075555193482150935e+04 1.118275753142256024e+00
6.075555219488219882e+04 1.010117229030384145e+00
6.075555245494289557e+04 1.072248227211985760e+00
6.075555271500359231e+04 9.584881426570588392e-01
6.075555297506428906e+04 9.501574146541446053e-01
6.075555323512497125e+04 1.075217465606855383e+00
6.075555349518566800e+04 1.026754342191050551e+00
6.075555375524636474e+04 1.037666509281560900e+00
6.075555401530705421e+04 1.026938616206187316e+00
6.075555427536775096e+04 1.054477947999723719e+00
6.075555453542844043e+04 9.922644989278366356e-01
6.075555479548913718e+04 9.428735354020564285e-01
6.075555505554983392e+04 1.049069016060033555e+00
6.075555531561051612e+04 8.826514611424904899e-01
6.075555557567121286e+04 1.002727016208705413e+00
6.075555583573190961e+04 1.027267880056552896e+00
6.075555609579260636e+04 1.063538217037553801e+00
6.075555635585329583e+04 9.687676333324506395e-01
6.075555661591398530e+04 9.812570238849803728e-01
6.075555687597468204e+04 9.439441947673987698e-01
6.075555713603537879e+04 1.082498058280783715e+00
6.075555739609607554e+04 1.081235102839785522e+00
6.075555765615676501e+04 9.210248650219184929e-01
6.075555791621745448e+04 1.092811103427586028e+00
6.075555817627815122e+04 1.015136533807297958e+00
6.075555843633884797e+04 1.000541201403035707e+00
6.075555869639953016e+04 9.510319177676013203e-01
6.075555895646022691e+04 9.649518069663938213e-01
6.075555921652092366e+04 1.013518795091753910e+00
6.075555947658162040e+04 9.047187857572921432e-01
6.075555973664230987e+04 9.907460285518038257e-01
6.075555999670299934e+04 9.796937892381960555e-01
6.075556025676369609e+04 1.036228012268094689e+00
6.075556051682439283e+04 1.113746316532780112e+00
6.075556077688508958e+04 9.485423111186782608e-01
6.075556103694577905e+04 1.019215465287324207e+00
6.075556129700646852e+04 1.023986798426437250e+00
6.075556155706716527e+04 1.110364271548055060e+00
6.075556181712786201e+04 1.045149708568247293e+00
6.075556207718854421e+04 1.041906897546188482e+00
6.075556233724924095e+04 1.012112818405511927e+00
6.075556259730993770e+04 1.005667259009380254e+00
6.075556285737063445e+04 1.062044701356859244e+00
6.075556311743133119e+04 9.801768466696059168e-01
6.075556337749201339e+04 9.801551600863569469e-01
6.075556504896522529e+04 1.095479627035520487e+00
6.075556530902591476e+04 1.109710913349362782e+00
6.075556556908661150e+04 1.020607677119506729e+00
6.075556582914730097e+04 9.381520820716605646e-01
6.075556608920799772e+04 1.027642438161429306e+00
6.075556634926869447e+04 1.047914181372359810e+00
6.075556660932938394e+04 9.745404171176260677e-01
6.075556686939008068e+04 1.058941064600456228e+00
6.075556712945077015e+04 9.433489056420295560e-01
6.075556738951146690e+04 9.579214908758163505e-01
6.075556764957216365e+04 1.102832100248862579e+00
6.075556790963285312e+04 9.361531064825433512e-01
6.075556816969354986e+04 9.925044097588657799e-01
6.075556842975423933e+04 1.067164461057400926e+00
6.075556868981492880e+04 1.044338126189969573e+00
6.075556894987563282e+04 9.650873399812156528e-01
6.075556920993632230e+04 9.827504272238933858e-01
6.075556946999701904e+04 9.774689912245345669e-01
6.075556973005770851e+04 1.162087517288181937e+00
6.075556999011839798e+04 9.615844869247990312e-01
6.075557025017909473e+04 1.100803202111093837e+00
6.075557051023979147e+04 9.943699244611590160e-01
6.075557077030048822e+04 1.002792860709651457e+00
6.075557103036117769e+04 9.528953500497934215e-01
6.075557129042186716e+04 1.049823935155618670e+00
6.075557155048256391e+04 9.432238856875239108e-01
6.075557181054326065e+04 9.390424588957086982e-01
6.075557207060395740e+04 1.041566974569352100e+00
6.075557233066464687e+04 1.059650017088012319e+00
6.075557259072533634e+04 1.052479852214119438e+00
6.075557285078603309e+04 1.023576060331621962e+00
6.075557311084672983e+04 1.042618440576334127e+00
6.075557337090741930e+04 1.030883520576859169e+00
6.075557363096811605e+04 9.597978288353210541e-01
6.075557389102880552e+04 9.783622453961531296e-01
6.075557415108950227e+04 9.207467270906742884e-01
6.075557441115019901e+04 1.020811785351255718e+00
6.075557467121088848e+04 9.914924408647418641e-01
6.075557493127158523e+04 9.408059332733383906e-01
6.075557519133227470e+04 1.058993443925239086e+00
6.075557545139297144e+04 9.868857161494560826e-01
6.075557571145366819e+04 1.056466965623439558e+00
6.075557597151435766e+04 1.040761890780862453e+00
6.075557623157505441e+04 9.940233013565379361e-01
6.075557649163575115e+04 9.005707682321227869e-01
6.075557675169643335e+04 1.034934816635585175e+00
6.075557701175713009e+04 1.105984545419077314e+00
6.075557727181782684e+04 9.358868872300724062e-01
6.075557753187852359e+04 1.027160590094723380e+00
6.075557779193922033e+04 1.063121645034601048e+00
6.075557805199990980e+04 1.097965605345562645e+00
6.075557831206059927e+04 1.048362331933654801e+00
6.075557857212129602e+04 1.029694662063596500e+00
6.075557883218199277e+04 9.279209966233193940e-01
6.075557909224268951e+04 9.640070811475277557e-01
6.075557935230337898e+04 1.010239097484273652e+00
6.075557961236407573e+04 1.066393265113914746e+00
6.075557987242476520e+04 1.036890850821111210e+00
6.075558013248546195e+04 1.050885376144666372e+00
6.075558039254615869e+04 1.022462887880464910e+00
6.075558065260684816e+04 1.061974959378432448e+00
6.075558091266754491e+04 9.462359875401726850e-01
6.075558117272824165e+04 1.046034064242912454e+00
6.075558143278892385e+04 1.054579824408331090e+00
6.075558169284962059e+04 1.032180716939156806e+00
6.075558195291031734e+04 9.456461784361908096e-01
6.075558221297101409e+04 9.783694561939889622e-01
6.075558247303171083e+04 9.777505731721869431e-01
6.075558273309240030e+04 9.369483278966670436e-01
6.075558299315309705e+04 9.739424071395511584e-01
6.075558325321378652e+04 9.689023614350950053e-01
6.075558351327448327e+04 9.768007882175454570e-01
6.075558377333518001e+04 1.001287438473852154e+00
6.075558403339586948e+04 9.939096381107038747e-01
6.075558429345656623e+04 1.077975741138559984e+00
6.075558455351726298e+04 9.712822221653470978e-01
6.075558481357794517e+04 1.004306180596132192e+00
6.075558507363864192e+04 1.033728076725779932e+00
6.075558533369933866e+04 1.100590263942370362e+00
6.075558559376003541e+04 1.143719559999422097e+00
6.075558585382073215e+04 1.071889208298193452e+00
6.075558611388142162e+04 9.735974531774519436e-01
6.075558637394211837e+04 1.048704366041476987e+00
6.075558663400280784e+04 1.026431795559911153e+00
6.075558689406350459e+04 1.033058374676594893e+00
6.075558715412420133e+04 9.973232084038937684e-01
6.075558741418489080e+04 1.011585178411697594e+00
6.075558767424558755e+04 9.906794453048152205e-01
6.075558793430628430e+04 1.085405330942018631e+00
6.075558819436697377e+04 1.061650643605254407e+00
6.075558845442767051e+04 1.120965198972469823e+00
6.075558871448835998e+04 9.735074853320948574e-01
6.075558897454905673e+04 1.024867956308423089e+00
6.075558923460975348e+04 1.042164892971181311e+00
6.075558949467044295e+04 1.117631234267559170e+00
6.075558975473113969e+04 1.034952982910586128e+00
6.075559001479183644e+04 9.166965854140693981e-01
6.075559027485253318e+04 1.128327797689157697e+00
6.075559053491322265e+04 1.100332011681969702e+00
6.075559079497391212e+04 1.048577931170550537e+00
6.075559105503460887e+04 9.515958823876293771e-01
6.075559131509530562e+04 1.033238757040569000e+00
6.075559157515600236e+04 9.809052731407476022e-01
6.075559183521669911e+04 1.089913358579936764e+00
6.075559209527738858e+04 1.034319636802347286e+00
6.075559235533808533e+04 1.140688620999307901e+00
6.075559261539877480e+04 9.580397523217584199e-01
6.075559287545946427e+04 1.038256462961890447e+00
6.075559313552016101e+04 9.836898361511443589e-01
6.075559339558085776e+04 1.013940545970696050e+00
6.075559494101491873e+04 1.010186777932021052e+00
6.075559520107561548e+04 9.532254412366772955e-01
6.075559546113631222e+04 9.842310551195064816e-01
6.075559572119700897e+04 1.087566628450833184e+00
6.075559598125769844e+04 9.761507675232166115e-01
6.075559624131839519e+04 1.047204733517429487e+00
6.075559650137908466e+04 9.704624615329789927e-01
6.075559676143977413e+04 9.834185674633033614e-01
6.075559702150047087e+04 9.226303424280531962e-01
6.075559728156116762e+04 1.001847820613785744e+00
6.075559754162186437e+04 1.020933852332197578e+00
6.075559780168256111e+04 9.715595387432850449e-01
6.075559806174325058e+04 9.567202878702092406e-01
6.075559832180394733e+04 8.657681085392203713e-01
6.075559858186464407e+04 1.032371969775412346e+00
6.075559884192533355e+04 9.646526694437134175e-01
6.075559910198603029e+04 1.027802483453458260e+00
6.075559936204671976e+04 1.007126831693469393e+00
6.075559962210741651e+04 9.800062981253581107e-01
6.075559988216811325e+04 9.035720563859827026e-01
6.075560014222880272e+04 1.030016673602113242e+00
6.075560040228950675e+04 9.816656383226030069e-01
6.075560066235019622e+04 1.068527300224049181e+00
6.075560092241089296e+04 9.442220568172442485e-01
6.075560118247158971e+04 1.058484112082829665e+00
6.075560144253227918e+04 1.048812283234287435e+00
6.075560170259296865e+04 1.083350646530120365e+00
6.075560196265366540e+04 1.054064661692826199e+00
6.075560222271436214e+04 9.840746705397295235e-01
6.075560248277505889e+04 1.102564078031201156e+00
6.075560274283574836e+04 1.045414033759784367e+00
6.075560300289644510e+04 1.006824162707007586e+00
6.075560326295714185e+04 1.033193076817890521e+00
6.075560352301783860e+04 1.063322208558287185e+00
6.075560378307853534e+04 1.076077199189783062e+00
6.075560404313922481e+04 9.406879491546508154e-01
6.075560430319992156e+04 9.012329508332934669e-01
6.075560456326061831e+04 1.043701005082080080e+00
6.075560482332130050e+04 1.079098487629981395e+00
6.075560508338199725e+04 9.995687227452285661e-01
6.075560534344269399e+04 1.110779004117922186e+00
6.075560560350339074e+04 1.008928050887507588e+00
6.075560586356408749e+04 1.038116752523070563e+00
6.075560612362477696e+04 1.012331573526219053e+00
6.075560638368547370e+04 1.031016987809838970e+00
6.075560664374617045e+04 1.112547840828944423e+00
6.075560690380686719e+04 9.434593333304418517e-01
6.075560716386756394e+04 1.034786553227529105e+00
6.075560742392825341e+04 9.580110250863664856e-01
6.075560768398895016e+04 1.031048040612537520e+00
6.075560794404964690e+04 1.015836715057916395e+00
6.075560820411032910e+04 1.004921304369049695e+00
6.075560846417102584e+04 9.347372953510333371e-01
6.075560872423172259e+04 1.044652939003396508e+00
6.075560898429241934e+04 9.603776783499508030e-01
6.075560924435311608e+04 1.034409257309394814e+00
6.075560950441380555e+04 9.901898674024822711e-01
6.075560976447450230e+04 9.902199972205506517e-01
6.075561002453519905e+04 1.081751088100651348e+00
6.075561028459589579e+04 9.619124688140352486e-01
6.075561054465659254e+04 1.090612209699168167e+00
6.075561080471728201e+04 1.035709677244366800e+00
6.075561106477797875e+04 9.635780101355969629e-01
6.075561132483867550e+04 1.053622473094835588e+00
6.075561158489937225e+04 1.038243389688936924e+00
6.075561184496006899e+04 9.964474344441553999e-01
6.075561210502075846e+04 9.944415090675002844e-01
6.075561236508144793e+04 1.034375863417450248e+00
6.075561262514214468e+04 9.688563639762960422e-01
6.075561288520283415e+04 1.067117470656539169e+00
6.075561314526353090e+04 1.121654302361381417e+00
6.075561340532422764e+04 9.008179055954486092e-01
6.075561366538492439e+04 9.636284240157672043e-01
6.075561392544562113e+04 9.961178888764259387e-01
6.075561418550631060e+04 1.081962040254085933e+00
6.075561444556700735e+04 1.020427382084839296e+00
6.075561470562770410e+04 1.070061232763171777e+00
6.075561496568840084e+04 9.918881294475537791e-01
6.075561522574909759e+04 1.043241256201502321e+00
6.075561548580978706e+04 9.611998314177953029e-01
6.075561574587048381e+04 9.537259023303751304e-01
6.075561600593118055e+04 1.024363559942622626e+00
6.075561626599187002e+04 1.181875860504565612e+00
6.075561652605256677e+04 1.111007547242713667e+00
6.075561678611326352e+04 1.112609209353106143e+00
6.075561704617396026e+04 1.118985538449139172e+00
6.075561730623465701e+04 1.061009687926728562e+00
6.075561756629534648e+04 9.553014323851194423e-01
6.075561782635604322e+04 9.466439887538560249e-01
6.075561808641673269e+04 9.849319443266618679e-01
6.075561834647742944e+04 1.068725212539599401e+00
6.075561860653812619e+04 9.184717644001131331e-01
6.075561886659881566e+04 9.910847834481765206e-01
6.075561912665951240e+04 1.038715639466816665e+00
6.075561938672020915e+04 9.748222450235646264e-01
6.075561964678089862e+04 1.017597084828099074e+00
6.075561990684160264e+04 1.079286486736600770e+00
6.075562016690229211e+04 1.059025551526268760e+00
6.075562042696298886e+04 9.782919731189738677e-01
6.075562068702368560e+04 9.721897513436118521e-01
6.075562094708437508e+04 9.667901543093380123e-01
6.075562120714507182e+04 1.054121960800287416e+00
6.075562146720576857e+04 9.844424239588197567e-01
6.075562172726646531e+04 9.988247612311758061e-01
6.075562198732716206e+04 9.894901158416417042e-01
6.075562224738785153e+04 9.324337476389050750e-01
6.075562250744854828e+04 1.022523026694086790e+00
6.075562276750924502e+04 9.677498760338337780e-01
6.075562302756994177e+04 1.087848014305963007e+00
6.075562328763063852e+04 1.031645570938707124e+00
6.075562490904599690e+04 9.504855980530537707e-01
6.075562516909990518e+04 9.826776113253385958e-01
6.075562542915379890e+04 1.034857806337297070e+00
6.075562568920769263e+04 9.633938201188242401e-01
6.075562594926160091e+04 1.054960287523648788e+00
6.075562620931549463e+04 9.739567963471379430e-01
6.075562646936939564e+04 1.211653720903904663e+00
6.075562672942329664e+04 1.002195687256506096e+00
6.075562698947719036e+04 1.059207348982735608e+00
6.075562724953109864e+04 1.136227219399629673e+00
6.075562750958499237e+04 1.067652538034622900e+00
6.075562776963889337e+04 9.345363733828485620e-01
6.075562802969280165e+04 1.060247607771971357e+00
6.075562828974669537e+04 7.983903423278455591e-01
6.075562854980059637e+04 1.067397937669378072e+00
6.075562880985449738e+04 1.077658544098409887e+00
6.075562906990839110e+04 9.705108924702002815e-01
6.075562932996229938e+04 1.068247812267436148e+00
6.075562959001619311e+04 1.076640464881146952e+00
6.075562985007009411e+04 9.085688310822296332e-01
6.075563011012399511e+04 1.054965962554865744e+00
6.075563037017788884e+04 9.989172332246704089e-01
6.075563063023179711e+04 9.942478015860761742e-01
6.075563089028569084e+04 1.186242085829419368e+00
6.075563115033958456e+04 1.086450211105027153e+00
6.075563141039349284e+04 1.021624515699527169e+00
6.075563167044738657e+04 1.097645744859913508e+00
6.075563193050128757e+04 1.085652017110774858e+00
6.075563219055518857e+04 8.915674213712422302e-01
6.075563245060908230e+04 9.581268864586199863e-01
6.075563271066299058e+04 1.195507735782819436e+00
6.075563297071688430e+04 1.007100533455871361e+00
6.075563323077078530e+04 1.056885887877998753e+00
6.075563349082468631e+04 1.020701085367317296e+00
6.075563375087858003e+04 9.926902981410830051e-01
6.075563401093248831e+04 1.004341967345534492e+00
6.075563427098638203e+04 1.047752898996758830e+00
6.075563453104027576e+04 1.049105667246498452e+00
6.075563479109418404e+04 1.087559751345282599e+00
6.075563505114807776e+04 1.065423770110376367e+00
6.075563531120197877e+04 1.026477383148233447e+00
6.075563557125588704e+04 9.712436743821389884e-01
6.075563583130978077e+04 1.183802799578098197e+00
6.075563609136368905e+04 9.516443020683488241e-01
6.075563635141758277e+04 9.894697495265852849e-01
6.075563661147148377e+04 1.006428566034121452e+00
6.075563687152538478e+04 1.006589290890593569e+00
6.075563713157927850e+04 9.913915839526989959e-01
6.075563739163318678e+04 9.390766857030131698e-01
6.075563765168708051e+04 1.021604126285986736e+00
6.075563791174097423e+04 9.149677951069057347e-01
6.075563817179488251e+04 9.487287220542895971e-01
6.075563843184877624e+04 1.039017622427739873e+00
6.075563869190267724e+04 9.756531799842004249e-01
6.075563895195657824e+04 1.066585693997571527e+00
6.075563921201047197e+04 1.085976297605931506e+00
6.075563947206438024e+04 1.152852069199333362e+00
6.075563973211827397e+04 9.860620032851979966e-01
6.075563999217217497e+04 9.782022033907213920e-01
6.075564025222608325e+04 1.058325574520318835e+00
6.075564051227997697e+04 1.044040991032968435e+00
6.075564077233388525e+04 1.119563308407128366e+00
6.075564103238777898e+04 1.140063037377875954e+00
6.075564129244167270e+04 9.797486150959991980e-01
6.075564155249558098e+04 1.052655977835331047e+00
6.075564181254947471e+04 1.065002963171095551e+00
6.075564207260337571e+04 1.093054317723382463e+00
6.075564233265727671e+04 1.011612081888543901e+00
6.075564259271117044e+04 9.611443961746087838e-01
6.075564285276507871e+04 1.024577179902575352e+00
6.075564311281897244e+04 1.007201070151132027e+00
6.075564337287286617e+04 9.280333212307109170e-01
6.075564363292677444e+04 1.016098979109790523e+00
6.075564389298066817e+04 9.275996543244846571e-01
6.075564415303458372e+04 1.102578986409988415e+00
6.075564441308847745e+04 1.135963089964340034e+00
6.075564467314237118e+04 1.063427982722927823e+00
6.075564493319627945e+04 1.117181416537235572e+00
6.075564519325017318e+04 1.007708205681823621e+00
6.075564545330407418e+04 1.115532535637924649e+00
6.075564571335797518e+04 1.065612155838535413e+00
6.075564597341186891e+04 1.053598959544401303e+00
6.075564623346577719e+04 1.027833809123444464e+00
6.075564649351967091e+04 1.055454384953918856e+00
6.075564675357356464e+04 9.877375675006532241e-01
6.075564701362747292e+04 1.055402795526056092e+00
6.075564727368136664e+04 1.095080707555592170e+00
6.075564753373527492e+04 1.051695392264534901e+00
6.075564779378917592e+04 1.041097859781082935e+00
6.075564805384306965e+04 1.072128388130622501e+00
6.075564831389697792e+04 1.037293144134635803e+00
6.075564857395087165e+04 1.045028790672222874e+00
6.075564883400477265e+04 1.005103956157253231e+00
6.075564909405867365e+04 1.022350136087102124e+00
6.075564935411256738e+04 1.177071497390320243e+00
6.075564961416647566e+04 1.157174648956960983e+00
6.075564987422036938e+04 1.076748897269600658e+00
6.075565013427426311e+04 9.965171480259805703e-01
6.075565039432817866e+04 1.029512145502306630e+00
6.075565065438207239e+04 1.063397333273216283e+00
6.075565091443597339e+04 9.944846190118408202e-01
6.075565117448987439e+04 1.018460663520256881e+00
6.075565143454376812e+04 1.073466877542742504e+00
6.075565169459767640e+04 1.076280315260657927e+00
6.075565195465157012e+04 1.067453320194499566e+00
6.075565221470547112e+04 1.027657890111909111e+00
6.075565247475937213e+04 1.008692413610587035e+00
6.075565273481326585e+04 1.083542750142803657e+00
6.075565299486718141e+04 9.971022752395449773e-01
6.075565325492107513e+04 1.108744230484608240e+00
6.075565492676799477e+04 1.012469957671263465e+00
6.075565518682868424e+04 1.028404922792532261e+00
6.075565544688938098e+04 1.081828700293357315e+00
6.075565570695007773e+04 1.135725531899010710e+00
6.075565596701077448e+04 1.132179043741555313e+00
6.075565622707147122e+04 1.149201264024091618e+00
6.075565648713216069e+04 1.022520476479175544e+00
6.075565674719285744e+04 9.749897134655384212e-01
6.075565700725356146e+04 1.021217771086932569e+00
6.075565726731425821e+04 1.077288199936088375e+00
6.075565752737495495e+04 9.928004931247321752e-01
6.075565778743564442e+04 1.057596906763595968e+00
6.075565804749634117e+04 9.419415440962985997e-01
6.075565830755703792e+04 9.524770672937071803e-01
6.075565856761772739e+04 9.987466967117774042e-01
6.075565882767842413e+04 1.017187567099886003e+00
6.075565908773912088e+04 1.008273842875232251e+00
6.075565934779981762e+04 1.055502900394172272e+00
6.075565960786051437e+04 1.056858666347580078e+00
6.075565986792121112e+04 1.064927828986682590e+00
6.075566012798190786e+04 1.014981620759398684e+00
6.075566038804260461e+04 9.975019706508923001e-01
6.075566064810330136e+04 9.838842868748169934e-01
6.075566090816399810e+04 1.019531852847399556e+00
6.075566116822468757e+04 9.862410571896513822e-01
6.075566142828538432e+04 1.042055902988808347e+00
6.075566168834608106e+04 1.078936583918404635e+00
6.075566194840677781e+04 1.134459193923966769e+00
6.075566220846748183e+04 1.109734906008373656e+00
6.075566246852817130e+04 1.057977226729112319e+00
6.075566272858886805e+04 1.095831550720583358e+00
6.075566298864956480e+04 1.093898833442629837e+00
6.075566324871025427e+04 1.069412978297841654e+00
6.075566350877095101e+04 1.055788901869655572e+00
6.075566376883164776e+04 1.069119146953695365e+00
6.075566402889234450e+04 1.129758420155499987e+00
6.075566428895304125e+04 9.828077330943373324e-01
6.075566454901373800e+04 9.408021481989735646e-01
6.075566480907443474e+04 1.077412638026694847e+00
6.075566506913513149e+04 1.096927486736681612e+00
6.075566532919582824e+04 1.020193264118285148e+00
6.075566558925652498e+04 1.015441561253448643e+00
6.075566584931721445e+04 1.004838154990733479e+00
6.075566610937791120e+04 9.629832858665271500e-01
6.075566636943860794e+04 9.325692908003498927e-01
6.075566662949930469e+04 9.830755782244634533e-01
6.075566688956000144e+04 1.038403615087527321e+00
6.075566714962069818e+04 1.108939858509715215e+00
6.075566740968139493e+04 1.048545216223146559e+00
6.075566766974209168e+04 1.006362878282759610e+00
6.075566792980278115e+04 9.864003546935723454e-01
6.075566818986347789e+04 1.013197924230029079e+00
6.075566844992417464e+04 1.029246565780918665e+00
6.075566870998487866e+04 1.058021620303051469e+00
6.075566897004557541e+04 1.164892224049615121e+00
6.075566923010626488e+04 1.014105722208784588e+00
6.075566949016696162e+04 9.708575528357703543e-01
6.075566975022765837e+04 9.728028924883148632e-01
6.075567001028834784e+04 1.087476459916445704e+00
6.075567027034905186e+04 1.070746785619536512e+00
6.075567053040974133e+04 1.151831990023960639e+00
6.075567079047044535e+04 9.411860543150301073e-01
6.075567105053114210e+04 1.116131213560570101e+00
6.075567131059183157e+04 1.071571178203795105e+00
6.075567157065252832e+04 1.018686616211156526e+00
6.075567183071322506e+04 9.201315335685655850e-01
6.075567209077392181e+04 1.124695398786204725e+00
6.075567235083461856e+04 9.656777333076989045e-01
6.075567261089531530e+04 1.139163343080662250e+00
6.075567287095601205e+04 1.041398247082873096e+00
6.075567313101670879e+04 1.017316738810002619e+00
6.075567339107740554e+04 1.089555081513374102e+00
6.075567365113810229e+04 1.050144701524699853e+00
6.075567391119879176e+04 9.520732007408997388e-01
6.075567417125948850e+04 9.788337388043486520e-01
6.075567443132019253e+04 9.874851808464188974e-01
6.075567469138088200e+04 9.744595143077979804e-01
6.075567495144157874e+04 1.027157538695306460e+00
6.075567521150227549e+04 1.014090138416385622e+00
6.075567547156297223e+04 1.026861643327497742e+00
6.075567573162366898e+04 1.088401431283843701e+00
6.075567599168436573e+04 1.087980430558643796e+00
6.075567625174506247e+04 9.769504876903070123e-01
6.075567651180575922e+04 1.093911529130555449e+00
6.075567677186645597e+04 1.111546171029322405e+00
6.075567703192715271e+04 1.166645730734438224e+00
6.075567729198784218e+04 1.062267245334635790e+00
6.075567755204853893e+04 1.009044972205175972e+00
6.075567781210924295e+04 1.061789085959557344e+00
6.075567807216993242e+04 1.050045842997477719e+00
6.075567833223062917e+04 1.049360487945468545e+00
6.075567859229132591e+04 1.075790698417339764e+00
6.075567885235202266e+04 1.055632346761222307e+00
6.075567911241271941e+04 1.022101618359829045e+00
6.075567937247341615e+04 1.019760186674957492e+00
6.075567963253411290e+04 1.084742607594796793e+00
6.075567989259480964e+04 1.061767547832283443e+00
6.075568015265550639e+04 1.094520779551339196e+00
6.075568041271620314e+04 9.695812086695207999e-01
6.075568067277689261e+04 9.995192797231273740e-01
6.075568093283759663e+04 1.026661702377809293e+00
6.075568119289829338e+04 1.105503816912217330e+00
6.075568145295898285e+04 1.075113561455037114e+00
6.075568171301968687e+04 1.087170898060364710e+00
6.075568197308037634e+04 9.191603923285074362e-01
6.075568223314107308e+04 1.101568558084177418e+00
6.075568249320177711e+04 1.038673067052778176e+00
6.075568275326246658e+04 1.073644483446574815e+00
6.075568301332316332e+04 1.070735244969613476e+00
6.075568327338386007e+04 9.922131370763797031e-01
6.075568483179301256e+04 1.064993742411360023e+00
6.075568509184680443e+04 1.022363940451782582e+00
6.075568535190059629e+04 1.167538025420180370e+00
6.075568561195438815e+04 1.123811841772046849e+00
6.075568587200818729e+04 1.063096917005959874e+00
6.075568613206199370e+04 9.699700127641838199e-01
6.075568639211578557e+04 9.948641523211763094e-01
6.075568665216957743e+04 1.082724168653413255e+00
6.075568691222336929e+04 1.036938243311461338e+00
6.075568717227716115e+04 1.132167786792191100e+00
6.075568743233096029e+04 1.116605278675256052e+00
6.075568769238475215e+04 1.027738337707455374e+00
6.075568795243854402e+04 1.010376157774834471e+00
6.075568821249233588e+04 1.196733149306482114e+00
6.075568847254613502e+04 1.069677454494792013e+00
6.075568873259992688e+04 1.089544532336326865e+00
6.075568899265372602e+04 9.892707928507347148e-01
6.075568925270752516e+04 1.078068755115862754e+00
6.075568951276131702e+04 9.893496625514416332e-01
6.075568977281511616e+04 1.045616055437657455e+00
6.075569003286890802e+04 1.041128000359128780e+00
6.075569029292269988e+04 9.871521072149145315e-01
6.075569055297649174e+04 1.028824460388959139e+00
6.075569081303029088e+04 1.023199273236703011e+00
6.075569107308408275e+04 1.025517307349131713e+00
6.075569133313787461e+04 1.022657383364322881e+00
6.075569159319166647e+04 9.936352318651684445e-01
6.075569185324547288e+04 9.266680557410276187e-01
6.075569211329927202e+04 1.044134741178017300e+00
6.075569237335306389e+04 1.077990787467084433e+00
6.075569263340685575e+04 1.103636975366887318e+00
6.075569289346064761e+04 9.829072257138548041e-01
6.075569315351444675e+04 9.705043414279713732e-01
6.075569341356823861e+04 9.874533482281573349e-01
6.075569367362203047e+04 1.018998788411966006e+00
6.075569393367582234e+04 1.034141295230674551e+00
6.075569419372962147e+04 1.076695898961345099e+00
6.075569445378341334e+04 1.049745110156449446e+00
6.075569471383720520e+04 9.560656320004893294e-01
6.075569497389100434e+04 9.578891339309930641e-01
6.075569523394481075e+04 1.056567836697114515e+00
6.075569549399860261e+04 9.551064922408765145e-01
6.075569575405239448e+04 1.007281126024883511e+00
6.075569601410618634e+04 9.961303257622355911e-01
6.075569627415998548e+04 1.088033466056463672e+00
6.075569653421377734e+04 1.091776908151591341e+00
6.075569679426756920e+04 9.793325885650635554e-01
6.075569705432136107e+04 1.066436069065432424e+00
6.075569731437516020e+04 1.038541571267539654e+00
6.075569757442895207e+04 1.112460897512878244e+00
6.075569783448274393e+04 9.737872146308239607e-01
6.075569809453654307e+04 9.982004369515804498e-01
6.075569835459034948e+04 1.019816374611379528e+00
6.075569861464414134e+04 1.072519403190737242e+00
6.075569887469793321e+04 9.526084107765340203e-01
6.075569913475172507e+04 1.033317212657846484e+00
6.075569939480552421e+04 1.043112438055182833e+00
6.075569965485931607e+04 1.016034248763315162e+00
6.075569991491310793e+04 1.030477975276348657e+00
6.075570017496689979e+04 9.997810325178329016e-01
6.075570043502069893e+04 9.667356893299913212e-01
6.075570069507449080e+04 9.118686869184212673e-01
6.075570095512828993e+04 1.024343439165753544e+00
6.075570121518208907e+04 1.061073591565376617e+00
6.075570147523588821e+04 1.025526557742469480e+00
6.075570173528968007e+04 1.067056303701701792e+00
6.075570199534347194e+04 1.053752816922805202e+00
6.075570225539727107e+04 1.056309953031238758e+00
6.075570251545106294e+04 9.582098403789232055e-01
6.075570277550485480e+04 1.089722999837006601e+00
6.075570303555864666e+04 1.028405367147547267e+00
6.075570329561244580e+04 1.054489194143294339e+00
6.075570355566623766e+04 9.427375869059286817e-01
6.075570381572002952e+04 1.029306695089304169e+00
6.075570407577382866e+04 9.527357904424608170e-01
6.075570433582763508e+04 1.021789409858651299e+00
6.075570459588142694e+04 1.123453126218726839e+00
6.075570485593521880e+04 1.059899796631200264e+00
6.075570511598901066e+04 1.054321317552236570e+00
6.075570537604280980e+04 1.116363395709322415e+00
6.075570563609660167e+04 1.082964896185990122e+00
6.075570589615039353e+04 1.028229593861168745e+00
6.075570615620419267e+04 8.971019734399734435e-01
6.075570641625798453e+04 1.040763702975590288e+00
6.075570667631177639e+04 9.026155999483732595e-01
6.075570693636557553e+04 1.029372224260713065e+00
6.075570719641938194e+04 9.856467879766415141e-01
6.075570745647317381e+04 1.068075717267860547e+00
6.075570771652696567e+04 1.179529696554553864e+00
6.075570797658076481e+04 9.995789889144158780e-01
6.075570823663455667e+04 1.089759939320253279e+00
6.075570849668834853e+04 1.005411189594672683e+00
6.075570875674214039e+04 1.162002814969408382e+00
6.075570901679593953e+04 8.401647848912100480e-01
6.075570927684973140e+04 9.773274319175281333e-01
6.075570953690352326e+04 9.297560814566494525e-01
6.075570979695732240e+04 1.051730498979962736e+00
6.075571005701112153e+04 1.024260364931697254e+00
6.075571031706492067e+04 1.046201561018851756e+00
6.075571057711871254e+04 9.818091067787568793e-01
6.075571083717251167e+04 1.051237613042236729e+00
6.075571109722630354e+04 9.688050328100892283e-01
6.075571135728009540e+04 1.067225005852656672e+00
6.075571161733389454e+04 1.056004473348160833e+00
6.075571187738768640e+04 1.087115310227906084e+00
6.075571213744147826e+04 1.007481867679089316e+00
6.075571239749527740e+04 1.028930221028436121e+00
6.075571265754906926e+04 9.347112263770962493e-01
6.075571291760286840e+04 1.086971909486131205e+00
6.075571317765666754e+04 1.069487952469730940e+00
6.075571474868715450e+04 9.915185175000029716e-01
6.075571500874785124e+04 1.029983279928837536e+00
6.075571526880854799e+04 9.759964701547791943e-01
6.075571552886924474e+04 1.231157438936622661e+00
6.075571578892994148e+04 1.045028465708085497e+00
6.075571604899063823e+04 1.023817173496957000e+00
6.075571630905133497e+04 1.030045424332866499e+00
6.075571656911203172e+04 9.941539512976628190e-01
6.075571682917273574e+04 1.122726038142200178e+00
6.075571708923342521e+04 1.138234920873367306e+00
6.075571734929412196e+04 1.074444544816501645e+00
6.075571760935482598e+04 1.035265875974427097e+00
6.075571786941552273e+04 1.081670316588431824e+00
6.075571812947621947e+04 9.145603604361106642e-01
6.075571838953690894e+04 9.822559434831210634e-01
6.075571864959761297e+04 1.175625948608467031e+00
6.075571890965830971e+04 1.047162002140396009e+00
6.075571916971899918e+04 1.072538997419985263e+00
6.075571942977970320e+04 1.124395692500299804e+00
6.075571968984039995e+04 1.090882620243972312e+00
6.075571994990109670e+04 9.976986871333322071e-01
6.075572020996180072e+04 1.075688258064164682e+00
6.075572047002249019e+04 9.442494859861775280e-01
6.075572073008318694e+04 1.065282601330785006e+00
6.075572099014388368e+04 1.010969829778312068e+00
6.075572125020458770e+04 9.351620674481068152e-01
6.075572151026528445e+04 9.806664882073662382e-01
6.075572177032597392e+04 1.037997759267072384e+00
6.075572203038667794e+04 1.004088751019780235e+00
6.075572229044737469e+04 9.864157449335709815e-01
6.075572255050806416e+04 1.066708796372189738e+00
6.075572281056877546e+04 1.053181852177253131e+00
6.075572307062946493e+04 1.023817026352012771e+00
6.075572333069016167e+04 9.920667464900178034e-01
6.075572359075086570e+04 9.966730721599016407e-01
6.075572385081155517e+04 1.009831101353109384e+00
6.075572411087225191e+04 9.818177059612903657e-01
6.075572437093294866e+04 9.681532674744064426e-01
6.075572463099365268e+04 9.334366132938684002e-01
6.075572489105434943e+04 9.994806831278171266e-01
6.075572515111503890e+04 9.352655027492221551e-01
6.075572541117574292e+04 9.243740017022888944e-01
6.075572567123643967e+04 8.565389479110169235e-01
6.075572593129713641e+04 9.698709582905639115e-01
6.075572619135784043e+04 1.039439263404280389e+00
6.075572645141852990e+04 1.020659298846649188e+00
6.075572671147922665e+04 9.398024972612634143e-01
6.075572697153993067e+04 9.724005038681253765e-01
6.075572723160062014e+04 9.499430972700112497e-01
6.075572749166131689e+04 1.005514729394208384e+00
6.075572775172202091e+04 1.034039025073365092e+00
6.075572801178271766e+04 9.943115175951702245e-01
6.075572827184341440e+04 1.181098771763114064e+00
6.075572853190411115e+04 9.953914439297385508e-01
6.075572879196480790e+04 1.033298739659710419e+00
6.075572905202550464e+04 1.006117406061344921e+00
6.075572931208620867e+04 1.041711482143136802e+00
6.075572957214690541e+04 9.928240833093868734e-01
6.075572983220759488e+04 1.038521242979733916e+00
6.075573009226829890e+04 9.401941679166313515e-01
6.075573035232899565e+04 9.127204611174034588e-01
6.075573061238968512e+04 9.523329694503647191e-01
6.075573087245038914e+04 1.019221968709054238e+00
6.075573113251108589e+04 9.426640026555547225e-01
6.075573139257178264e+04 9.308744062983603795e-01
6.075573165263248666e+04 1.220670291761215998e+00
6.075573191269317613e+04 9.436355420187243492e-01
6.075573217275387287e+04 9.832067473448886652e-01
6.075573243281457690e+04 1.024734378498464160e+00
6.075573269287527364e+04 9.656291550328670592e-01
6.075573295293597039e+04 1.011399260407503942e+00
6.075573321299666713e+04 9.815948760832802211e-01
6.075573347305736388e+04 9.993255516102931280e-01
6.075573373311806063e+04 9.550093816869086316e-01
6.075573399317875737e+04 9.805420871773745661e-01
6.075573425323946140e+04 1.016494887752897425e+00
6.075573451330015087e+04 1.030484080767552379e+00
6.075573477336085489e+04 9.327562697553275495e-01
6.075573503342155163e+04 1.013835062290793898e+00
6.075573529348224110e+04 1.036561077803185960e+00
6.075573555354294513e+04 9.971351905952398065e-01
6.075573581360364187e+04 8.426522409638994571e-01
6.075573607366434589e+04 9.804189366935021077e-01
6.075573633372504264e+04 9.863862429139717003e-01
6.075573659378573211e+04 1.043637281659519633e+00
6.075573685384643613e+04 1.047226850042839441e+00
6.075573711390713288e+04 1.098686693421720983e+00
6.075573737396782963e+04 1.002014407837865662e+00
6.075573763402853365e+04 1.028132608180654772e+00
6.075573789408922312e+04 1.050635192762813253e+00
6.075573815414991986e+04 1.091171285307338534e+00
6.075573841421062389e+04 1.011367355741258134e+00
6.075573867427131336e+04 9.872912037971418586e-01
6.075573893433201010e+04 9.150020387241363240e-01
6.075573919439271413e+04 1.001490601182208229e+00
6.075573945445341087e+04 1.023054413845404742e+00
6.075573971451411489e+04 1.028019289945409032e+00
6.075573997457480436e+04 9.121498634095984714e-01
6.075574023463550111e+04 9.302806813681401277e-01
6.075574049469620513e+04 1.012354493292880298e+00
6.075574075475690188e+04 1.066911482091852381e+00
6.075574101481759863e+04 1.033818560326269287e+00
6.075574127487829537e+04 1.056645326040098087e+00
6.075574153493899212e+04 9.386598598516323610e-01
6.075574179499969614e+04 1.021941061415480911e+00
6.075574205506038561e+04 1.081767615119278547e+00
6.075574231512108236e+04 1.073754982990859475e+00
6.075574257518178638e+04 9.943947879401228152e-01
6.075574283524248312e+04 1.090214795013752402e+00
6.075574309530317987e+04 8.671088849922380382e-01
6.075574483016229351e+04 9.996535507732710046e-01
6.075574509021608537e+04 1.064622329471715423e+00
6.075574535026989179e+04 9.731275960985101836e-01
6.075574561032369093e+04 9.282119006712433729e-01
6.075574587037748279e+04 1.022473927549423234e+00
6.075574613043128193e+04 1.026523330215040275e+00
6.075574639048507379e+04 9.932471449302684441e-01
6.075574665053887293e+04 1.114828157761863503e+00
6.075574691059266479e+04 1.039727918885171576e+00
6.075574717064645665e+04 1.025168808527749498e+00
6.075574743070025579e+04 8.876263948280700422e-01
6.075574769075404765e+04 9.421527147333356167e-01
6.075574795080784679e+04 1.034413973637817508e+00
6.075574821086163865e+04 9.816681589758575743e-01
6.075574847091544507e+04 1.014387170511438008e+00
6.075574873096924421e+04 1.002067833055527935e+00
6.075574899102303607e+04 1.069646747246192575e+00
6.075574925107683521e+04 9.966088608655607750e-01
6.075574951113062707e+04 9.432906680667122457e-01
6.075574977118442621e+04 9.330804933408076707e-01
6.075575003123821807e+04 1.008301389088604116e+00
6.075575029129201721e+04 8.780320597195636623e-01
6.075575055134580907e+04 1.093490586131927733e+00
6.075575081139960093e+04 8.940687662905199007e-01
6.075575107145340007e+04 9.209324057669220354e-01
6.075575133150719921e+04 1.059884452059839832e+00
6.075575159156100563e+04 9.654577996377194937e-01
6.075575185161479749e+04 9.281836245752953518e-01
6.075575211166859663e+04 9.608577933285271655e-01
6.075575237172238849e+04 8.931787750115928182e-01
6.075575263177618035e+04 1.007906530318580129e+00
6.075575289182997949e+04 1.042447087904875724e+00
6.075575315188377135e+04 8.524975944966156627e-01
6.075575341193757049e+04 1.032028851796471525e+00
6.075575367199136235e+04 1.103279166101078346e+00
6.075575393204516149e+04 1.053149328970250265e+00
6.075575419209895335e+04 1.036227058657986255e+00
6.075575445215275249e+04 1.007310820409542451e+00
6.075575471220655891e+04 9.368561717345963435e-01
6.075575497226035077e+04 9.834123352084874758e-01
6.075575523231414991e+04 9.705193404698743143e-01
6.075575549236794177e+04 9.044407712690767376e-01
6.075575575242174091e+04 1.016664801196059509e+00
6.075575601247553277e+04 9.543185104277586150e-01
6.075575627252933191e+04 1.026432157123087219e+00
6.075575653258312377e+04 1.037257406748788302e+00
6.075575679263691563e+04 9.494926729412433986e-01
6.075575705269071477e+04 9.031825664434817158e-01
6.075575731274451391e+04 8.522867830938982703e-01
6.075575757279832033e+04 9.703156099384802058e-01
6.075575783285211219e+04 1.021058632077941786e+00
6.075575809290591133e+04 1.041949434473010694e+00
6.075575835295970319e+04 9.930697694931358566e-01
6.075575861301350233e+04 9.842412926347166024e-01
6.075575887306729419e+04 1.023388962313115602e+00
6.075575913312109333e+04 8.801963161866156460e-01
6.075575939317488519e+04 9.982680583846633704e-01
6.075575965322867705e+04 9.525953017270408774e-01
6.075575991328247619e+04 1.130033246187312157e+00
6.075576017333626805e+04 9.785583736647531783e-01
6.075576043339007447e+04 1.007288409540542551e+00
6.075576069344387361e+04 8.821486094615765827e-01
6.075576095349767274e+04 1.014349216030981715e+00
6.075576121355146461e+04 9.556265881377719040e-01
6.075576147360526375e+04 1.108864194604419318e+00
6.075576173365905561e+04 8.995909611079505597e-01
6.075576199371285475e+04 1.028480102181971834e+00
6.075576225376664661e+04 1.096744753335257672e+00
6.075576251382044575e+04 1.123121991895435823e+00
6.075576277387423761e+04 1.060532952652578853e+00
6.075576303392802947e+04 9.171272036310792464e-01
6.075576329398183589e+04 1.010601722504209210e+00
6.075576355403563502e+04 9.462566982768259027e-01
6.075576381408943416e+04 1.044060615532791614e+00
6.075576407414322603e+04 8.043303009088067501e-01
6.075576433419702516e+04 1.048152109280071853e+00
6.075576459425081703e+04 9.422618834480357419e-01
6.075576485430461616e+04 1.027574654226734774e+00
6.075576511435840803e+04 9.872364331695576700e-01
6.075576537441220717e+04 1.031226791217675354e+00
6.075576563446599903e+04 8.818287919820685383e-01
6.075576589451979817e+04 1.090336000355512924e+00
6.075576615457359003e+04 1.073087338190041873e+00
6.075576641462739644e+04 9.360431342988763115e-01
6.075576667468119558e+04 1.019502979943997190e+00
6.075576693473499472e+04 9.828344273468380132e-01
6.075576719478878658e+04 9.840201391524892038e-01
6.075576745484258572e+04 1.022569021567420799e+00
6.075576771489637758e+04 1.011393433040754797e+00
6.075576797495017672e+04 9.957475036071571362e-01
6.075576823500396858e+04 1.004421928278904641e+00
6.075576849505776045e+04 1.012106552546375271e+00
6.075576875511155959e+04 1.051928680100173930e+00
6.075576901516535145e+04 9.909749224594301964e-01
6.075576927521915786e+04 9.807297532128080864e-01
6.075576953527295700e+04 1.028673174864099593e+00
6.075576979532675614e+04 9.958450915664548431e-01
6.075577005538054800e+04 1.058587866893097251e+00
6.075577031543434714e+04 1.068250810030275666e+00
6.075577057548813900e+04 1.012722517268138001e+00
6.075577083554193814e+04 9.394041634676080221e-01
6.075577109559573000e+04 1.003525442060687833e+00
6.075577135564952914e+04 9.505506316577906345e-01
6.075577161570332100e+04 9.819584047827547568e-01
6.075577187575712014e+04 8.996474047962723652e-01
6.075577213581091200e+04 8.965079541896191495e-01
6.075577239586471842e+04 1.014936634604253873e+00
6.075577265591851756e+04 7.812961427695358507e-01
6.075577291597231670e+04 9.127169412695480544e-01
6.075577317602610856e+04 1.188683396378483748e+00
