6.075547523418369383e+04 9.105889289899620209e-01
6.075547549424438330e+04 9.663041398117576675e-01
6.075547575430508005e+04 8.344872346111841255e-01
6.075547601436576224e+04 8.363130443221435950e-01
6.075547627442645899e+04 9.244360418085538766e-01
6.075547653448714846e+04 8.629211531374436639e-01
6.075547679454784520e+04 1.070968236313300848e+00
6.075547705460853467e+04 1.012109737436512669e+00
6.075547731466922414e+04 1.219076134814471857e+00
6.075547757472991361e+04 1.270048839716865219e+00
6.075547783479061036e+04 6.886085068499255835e-01
6.075547809485129255e+04 8.875422678549509392e-01
6.075547835491198930e+04 7.725164632819615518e-01
6.075547861497267877e+04 7.448898683443134772e-01
6.075547887503337552e+04 9.357864050387713073e-01
6.075547913509406499e+04 1.027254935757036414e+00
6.075547939515475446e+04 1.088167382734519961e+00
6.075547965521544393e+04 1.047894723978476161e+00
6.075547991527614067e+04 1.184095687623643034e+00
6.075548017533683014e+04 8.929753802837514520e-01
6.075548043539752689e+04 1.064157638169732412e+00
6.075548069545820908e+04 1.034345782799703573e+00
6.075548095551890583e+04 1.157474332128076489e+00
6.075548121557959530e+04 1.118047542117695858e+00
6.075548147564028477e+04 1.253066994662690670e+00
6.075548173570098152e+04 7.636247719897220065e-01
6.075548199576167099e+04 7.514753363074601067e-01
6.075548225582236773e+04 1.002802777391491373e+00
6.075548251588305720e+04 9.837116885745343930e-01
6.075548277594374667e+04 8.104413937247529898e-01
6.075548303600443614e+04 7.973660970219468291e-01
6.075548329606513289e+04 1.235831257946641504e+00
6.075548355612582236e+04 7.860838444242873591e-01
6.075548381618651911e+04 8.593912937069886349e-01
6.075548407624720130e+04 9.308164860689553954e-01
6.075548433630789805e+04 9.317269059406477760e-01
6.075548459636858752e+04 1.149035791182430710e+00
6.075548485642928426e+04 7.173780717687795461e-01
6.075548511648997373e+04 7.754686323762542965e-01
6.075548537655066320e+04 9.585527200260791636e-01
6.075548563661135267e+04 1.286691725597341573e+00
6.075548589667204942e+04 8.520892930166962254e-01
6.075548615673273162e+04 9.936879310043812419e-01
6.075548641679342836e+04 1.103311740917000794e+00
6.075548667685411783e+04 6.969882227351142934e-01
6.075548693691481458e+04 7.695324903651649118e-01
6.075548719697551132e+04 7.861703521800731398e-01
6.075548745703619352e+04 9.053462896558207573e-01
6.075548771709689026e+04 1.171038317843624332e+00
6.075548797715757973e+04 8.871012911345994567e-01
6.075548823721827648e+04 8.099085149235503156e-01
6.075548849727896595e+04 8.361740027941413356e-01
6.075548875733965542e+04 9.587371953536923952e-01
6.075548901740034489e+04 9.999695291994434854e-01
6.075548927746104164e+04 1.174114220591521374e+00
6.075548953752172383e+04 8.744141743129043576e-01
6.075548979758242058e+04 9.988057253620973297e-01
6.075549005764311732e+04 1.277085023280522202e+00
6.075549031770380680e+04 1.020919594592014645e+00
6.075549057776450354e+04 1.048381995191847382e+00
6.075549083782518574e+04 1.097723783728808966e+00
6.075549109788588248e+04 1.147201496694612244e+00
6.075549135794657195e+04 9.158837971282496326e-01
6.075549161800726870e+04 8.664221981862165745e-01
6.075549187806795817e+04 1.009742756611831327e+00
6.075549213812864764e+04 9.294328986740674203e-01
6.075549239818933711e+04 9.790664701776486956e-01
6.075549265825003386e+04 1.198928441793933208e+00
6.075549291831072333e+04 1.036294228149849284e+00
6.075549317837142007e+04 1.033564282331401740e+00
6.075549343843210954e+04 7.429080402349690360e-01
6.075549369849279901e+04 9.378129096880865045e-01
6.075549395855349576e+04 1.092203463203676117e+00
6.075549421861417795e+04 1.104012626001999564e+00
6.075549447867487470e+04 1.152372773028578656e+00
6.075549473873556417e+04 9.330870562285182856e-01
6.075549499879626092e+04 8.684036131339675224e-01
6.075549525885695766e+04 1.218606777793345364e+00
6.075549551891763986e+04 1.170758193654934942e+00
6.075549577897833660e+04 8.371126267387476449e-01
6.075549603903902607e+04 1.239639769455577856e+00
6.075549629909972282e+04 9.611521386537330569e-01
6.075549655916041229e+04 9.828758600618966446e-01
6.075549681922110176e+04 1.111763323818474314e+00
6.075549707928179851e+04 8.400190914100673645e-01
6.075549733934248798e+04 7.067358102781144957e-01
6.075549759940317745e+04 9.642814944415568634e-01
6.075549785946386692e+04 9.959649524107591079e-01
6.075549811952456366e+04 7.851678860570644458e-01
6.075549837958525313e+04 7.686938312754657554e-01
6.075549863964594988e+04 1.035694289382704136e+00
6.075549889970663935e+04 8.864647596611278102e-01
6.075549915976732882e+04 9.557100698583153031e-01
6.075549941982802557e+04 1.017093454359894622e+00
6.075549967988871504e+04 1.034779267083569820e+00
6.075549993994941178e+04 9.615359333478802339e-01
6.075550020001009398e+04 1.045702334901407182e+00
6.075550046007079072e+04 8.746862245848681106e-01
6.075550072013148747e+04 8.472196649735381779e-01
6.075550098019216966e+04 7.668307494126169743e-01
6.075550124025286641e+04 9.028838668462546568e-01
6.075550150031355588e+04 8.905313896012917452e-01
6.075550176037425263e+04 9.977829184087270153e-01
6.075550202043494210e+04 1.063919763297924925e+00
6.075550228049563157e+04 1.159234060975555813e+00
6.075550254055632831e+04 7.342201026993203650e-01
6.075550280061701778e+04 1.005392162519356036e+00
6.075550306067771453e+04 8.053719478625923633e-01
6.075550332073840400e+04 1.129655546703288715e+00
6.075550358079909347e+04 7.100135020173420353e-01
6.075550513883041276e+04 8.953653854696768111e-01
6.075550539889110951e+04 9.837469179077362735e-01
6.075550565895179898e+04 7.971803153152147159e-01
6.075550591901248845e+04 1.160367733834097193e+00
6.075550617907318519e+04 9.076630558779986702e-01
6.075550643913387466e+04 8.951943372422631606e-01
6.075550669919457141e+04 1.030266488417779680e+00
6.075550695925526088e+04 7.013087794878207770e-01
6.075550721931595035e+04 9.971831513454608720e-01
6.075550747937664710e+04 9.594769324948754230e-01
6.075550773943733657e+04 9.380393940918421158e-01
6.075550799949803331e+04 1.110446062681585744e+00
6.075550825955872278e+04 8.421890108421533627e-01
6.075550851961941225e+04 9.782460644810242467e-01
6.075550877968010900e+04 1.049250343317736478e+00
6.075550903974079847e+04 9.883314554180230305e-01
6.075550929980148794e+04 1.175385143521532338e+00
6.075550955986217741e+04 9.745631995627196398e-01
6.075550981992287416e+04 9.981624835412832297e-01
6.075551007998357090e+04 9.807045737563089283e-01
6.075551034004426037e+04 1.203303377233609917e+00
6.075551060010494984e+04 8.237003447347800433e-01
6.075551086016564659e+04 6.981693343912341865e-01
6.075551112022633606e+04 8.314291038232967113e-01
6.075551138028703281e+04 7.439828980462549479e-01
6.075551164034772228e+04 9.207560028535151098e-01
6.075551190040841175e+04 8.401574704693761664e-01
6.075551216046910849e+04 9.905927632729261134e-01
6.075551242052979796e+04 8.279583048327953110e-01
6.075551268059049471e+04 1.128113564347482445e+00
6.075551294065118418e+04 7.488941282703502900e-01
6.075551320071187365e+04 1.104566500169563259e+00
6.075551346077257040e+04 6.870845976426136481e-01
6.075551372083325987e+04 8.794924607392203830e-01
6.075551398089394934e+04 1.148629815959295142e+00
6.075551424095464608e+04 1.045700793911295889e+00
6.075551450101533555e+04 1.021249312139388854e+00
6.075551476107603230e+04 5.987421272593774768e-01
6.075551502113672177e+04 6.821311527267108765e-01
6.075551528119741124e+04 8.317093271015716383e-01
6.075551554125810799e+04 1.015334621213430655e+00
6.075551580131879746e+04 7.291554795428837332e-01
6.075551606137949420e+04 9.860799989669029042e-01
6.075551632144019095e+04 1.022520659089785955e+00
6.075551658150087314e+04 9.328109472747639908e-01
6.075551684156156989e+04 7.777564057391742613e-01
6.075551710162226664e+04 9.324661513425471782e-01
6.075551736168294883e+04 1.006513619619484379e+00
6.075551762174364558e+04 9.477286809172802418e-01
6.075551788180433505e+04 9.220364721559354271e-01
6.075551814186503179e+04 9.862912520131247307e-01
6.075551840192572854e+04 7.502654352875886001e-01
6.075551866198641073e+04 1.084612822127652754e+00
6.075551892204710748e+04 1.045095274863199419e+00
6.075551918210780423e+04 9.035553252042057837e-01
6.075551944216849370e+04 1.005457716570614224e+00
6.075551970222919044e+04 9.985938979525463832e-01
6.075551996228987991e+04 1.185825048984025853e+00
6.075552022235056938e+04 8.097282110593405635e-01
6.075552048241126613e+04 7.668632700204792707e-01
6.075552074247194832e+04 1.005618435635367458e+00
6.075552100253265235e+04 8.480252713328015890e-01
6.075552126259334182e+04 1.074642755017569007e+00
6.075552152265403129e+04 9.252480962935093478e-01
6.075552178271472803e+04 7.545874610717631104e-01
6.075552204277541750e+04 9.845510263984400545e-01
6.075552230283610697e+04 6.305780909874454387e-01
6.075552256289680372e+04 1.254905573613423142e+00
6.075552282295750047e+04 9.167652822062410944e-01
6.075552308301818994e+04 1.087642627531505646e+00
6.075552334307887941e+04 6.538659086040234936e-01
6.075552360313957615e+04 8.637340437795147929e-01
6.075552386320026562e+04 7.570938928187562755e-01
6.075552412326096237e+04 8.478115575467055631e-01
6.075552438332165912e+04 8.572141879193189151e-01
6.075552464338234131e+04 8.857633315082521497e-01
6.075552490344303806e+04 8.280491890685804934e-01
6.075552516350373480e+04 1.129642726898418825e+00
6.075552542356441700e+04 1.108725843666215072e+00
6.075552568362511374e+04 1.118258738901000582e+00
6.075552594368581049e+04 8.689137809235862875e-01
6.075552620374649996e+04 9.729361519008535852e-01
6.075552646380719671e+04 8.097476118826490987e-01
6.075552672386788618e+04 9.454018905829911779e-01
6.075552698392857565e+04 1.126042742262540530e+00
6.075552724398927239e+04 9.215712387534259475e-01
6.075552750404996914e+04 1.047186130632185463e+00
6.075552776411065861e+04 8.219862666127136785e-01
6.075552802417134808e+04 9.351752830474719946e-01
6.075552828423204483e+04 7.133162969009440024e-01
6.075552854429273430e+04 1.259501512575188498e+00
6.075552880435342377e+04 1.134808005426547917e+00
6.075552906441412051e+04 8.619083530572088092e-01
6.075552932447480998e+04 1.059157883556559820e+00
6.075552958453550673e+04 9.568405770218008088e-01
6.075552984459620347e+04 1.134609181458957838e+00
6.075553010465688567e+04 1.170953601556799395e+00
6.075553036471758242e+04 9.926872824291882447e-01
6.075553062477827916e+04 1.075010392932967962e+00
6.075553088483896863e+04 9.687775936421811895e-01
6.075553114489966538e+04 1.080501771541773071e+00
6.075553140496035485e+04 6.190430256075367677e-01
6.075553166502104432e+04 1.159198546658537055e+00
6.075553192508174106e+04 7.896245621807871373e-01
6.075553218514243054e+04 1.039289845551112590e+00
6.075553244520312728e+04 1.107536816105544775e+00
6.075553270526381675e+04 9.456441887118574030e-01
6.075553296532451350e+04 1.080523875678880419e+00
6.075553322538520297e+04 9.998445749490766365e-01
6.075553348544589244e+04 7.154749348355639027e-01
6.075553503087646095e+04 6.711652784664899896e-01
6.075553529093715770e+04 7.129235871184286255e-01
6.075553555099784717e+04 9.003284489172105332e-01
6.075553581105853664e+04 7.029220353562817269e-01
6.075553607111923338e+04 8.534521549785848427e-01
6.075553633117992285e+04 9.514293691105153439e-01
6.075553659124061960e+04 7.830536294436750699e-01
6.075553685130131635e+04 1.022302183381091467e+00
6.075553711136199854e+04 8.927506799649770342e-01
6.075553737142269529e+04 8.835207719115746317e-01
6.075553763148339203e+04 9.207556943145006612e-01
6.075553789154408878e+04 9.880569202458738820e-01
6.075553815160477825e+04 8.014276724558920817e-01
6.075553841166546772e+04 9.798735899556376694e-01
6.075553867172616447e+04 9.531474248266668114e-01
6.075553893178685394e+04 9.247502838280174942e-01
6.075553919184754341e+04 7.472152816134151054e-01
6.075553945190824015e+04 6.933645173055847932e-01
6.075553971196892962e+04 9.760707548019481594e-01
6.075553997202962637e+04 1.078660915680656807e+00
6.075554023209032312e+04 8.822810767315188984e-01
6.075554049215101259e+04 8.037570620496755636e-01
6.075554075221170206e+04 9.509374669838325245e-01
6.075554101227239880e+04 1.024523871456514579e+00
6.075554127233309555e+04 1.012934809509602907e+00
6.075554153239378502e+04 8.815341796319655643e-01
6.075554179245447449e+04 1.066641275542511424e+00
6.075554205251517124e+04 7.959171748373420341e-01
6.075554231257586798e+04 7.770672674626388776e-01
6.075554257263655018e+04 8.892942083810994047e-01
6.075554283269725420e+04 1.062290014229483326e+00
6.075554309275794367e+04 1.030881516247602825e+00
6.075554335281863314e+04 9.174693755851627275e-01
6.075554361287932988e+04 9.724158887952714103e-01
6.075554387294001936e+04 1.044611283539599311e+00
6.075554413300071610e+04 1.190353493485630132e+00
6.075554439306140557e+04 1.076565597040781919e+00
6.075554465312210232e+04 7.077365606906996787e-01
6.075554491318279906e+04 1.120433816474825095e+00
6.075554517324348853e+04 1.044353831018099532e+00
6.075554543330417800e+04 1.111062182310364577e+00
6.075554569336487475e+04 8.782369975457532396e-01
6.075554595342557150e+04 1.033513133607552925e+00
6.075554621348626097e+04 1.056858368699432837e+00
6.075554647354695044e+04 8.501506436667705113e-01
6.075554673360764718e+04 8.817041012200920180e-01
6.075554699366834393e+04 9.287765837005881320e-01
6.075554725372902612e+04 9.506288393090243094e-01
6.075554751378972287e+04 7.265695533319856958e-01
6.075554777385041962e+04 9.260709935256231651e-01
6.075554803391111636e+04 1.210203698028123664e+00
6.075554829397180583e+04 8.507611039347036108e-01
6.075554855403249530e+04 6.162833347954371765e-01
6.075554881409319205e+04 9.229395896738800120e-01
6.075554907415388152e+04 1.100049054247183689e+00
6.075554933421457827e+04 1.111202048880440829e+00
6.075554959427527501e+04 1.003894897750022386e+00
6.075554985433596448e+04 1.019969152757931319e+00
6.075555011439665395e+04 1.028586403797846716e+00
6.075555037445735070e+04 8.604278456282723475e-01
6.075555063451804017e+04 1.309077944059581222e+00
6.075555089457873692e+04 8.877573949331629688e-01
6.075555115463942639e+04 8.881158182267956391e-01
6.075555141470012313e+04 1.039830448367214055e+00
6.075555167476081988e+04 8.364592955127613250e-01
6.075555193482150935e+04 1.228776018036572548e+00
6.075555219488219882e+04 9.705762279368620460e-01
6.075555245494289557e+04 1.115030554315609601e+00
6.075555271500359231e+04 8.422150831197693366e-01
6.075555297506428906e+04 8.211095412241665725e-01
6.075555323512497125e+04 1.118666949686270229e+00
6.075555349518566800e+04 1.004108417753740712e+00
6.075555375524636474e+04 1.029793439729771443e+00
6.075555401530705421e+04 1.002548244190247573e+00
6.075555427536775096e+04 1.066607518623106321e+00
6.075555453542844043e+04 9.191917171395099784e-01
6.075555479548913718e+04 8.004119167957208791e-01
6.075555505554983392e+04 1.051138452506811261e+00
6.075555531561051612e+04 6.574059236838372122e-01
6.075555557567121286e+04 9.444052897243965239e-01
6.075555583573190961e+04 1.002206221591013691e+00
6.075555609579260636e+04 1.087136316509620393e+00
6.075555635585329583e+04 8.590158418241997662e-01
6.075555661591398530e+04 8.845465241144995217e-01
6.075555687597468204e+04 7.933387661624691223e-01
6.075555713603537879e+04 1.124359075571617517e+00
6.075555739609607554e+04 1.124215966215423412e+00
6.075555765615676501e+04 7.457562169176862321e-01
6.075555791621745448e+04 1.154970641399991838e+00
6.075555817627815122e+04 9.696601313919080978e-01
6.075555843633884797e+04 9.331186145798611165e-01
6.075555869639953016e+04 8.124728409551601471e-01
6.075555895646022691e+04 8.423970556754496464e-01
6.075555921652092366e+04 9.556688700586771779e-01
6.075555947658162040e+04 6.957341945702663066e-01
6.075555973664230987e+04 8.994380850359793289e-01
6.075555999670299934e+04 8.726028262619837106e-01
6.075556025676369609e+04 1.006582249831222020e+00
6.075556051682439283e+04 1.192583306307536395e+00
6.075556077688508958e+04 8.028130467634573275e-01
6.075556103694577905e+04 9.728140846869159919e-01
6.075556129700646852e+04 9.817759477820310332e-01
6.075556155706716527e+04 1.180699399085751944e+00
6.075556181712786201e+04 1.022226512312915947e+00
6.075556207718854421e+04 1.015579957445620352e+00
6.075556233724924095e+04 9.462739150956135381e-01
6.075556259730993770e+04 9.323405244996924024e-01
6.075556285737063445e+04 1.069085895893243210e+00
6.075556311743133119e+04 8.754062022537842935e-01
6.075556337749201339e+04 8.730672528464206161e-01
6.075556504896522529e+04 1.139961496577964972e+00
6.075556530902591476e+04 1.168944915985592914e+00
6.075556556908661150e+04 9.564902890329105567e-01
6.075556582914730097e+04 7.619735052744942561e-01
6.075556608920799772e+04 9.751532576492598636e-01
6.075556634926869447e+04 1.023505178738797206e+00
6.075556660932938394e+04 8.504741936531490243e-01
6.075556686939008068e+04 1.053414956535464020e+00
6.075556712945077015e+04 7.766962615102581680e-01
6.075556738951146690e+04 8.083390838202109130e-01
6.075556764957216365e+04 1.155548945392804949e+00
6.075556790963285312e+04 7.608756081428550422e-01
6.075556816969354986e+04 8.931040890187806891e-01
6.075556842975423933e+04 1.069376497815063276e+00
6.075556868981492880e+04 1.012429903336614201e+00
6.075556894987563282e+04 8.230151850548164116e-01
6.075556920993632230e+04 8.649324795455060055e-01
6.075556946999701904e+04 8.512681294929811404e-01
6.075556973005770851e+04 1.290048459206999398e+00
6.075556999011839798e+04 8.145922095488432602e-01
6.075557025017909473e+04 1.146801514458327453e+00
6.075557051023979147e+04 8.919053649894420621e-01
6.075557077030048822e+04 9.073091770011073587e-01
6.075557103036117769e+04 7.866685582177944669e-01
6.075557129042186716e+04 1.016011654814401810e+00
6.075557155048256391e+04 7.621860955625018308e-01
6.075557181054326065e+04 7.535916670086812985e-01
6.075557207060395740e+04 1.000147704319770847e+00
6.075557233066464687e+04 1.045348886655577569e+00
6.075557259072533634e+04 1.027915632199285723e+00
6.075557285078603309e+04 9.562816416505999229e-01
6.075557311084672983e+04 9.974310441879642442e-01
6.075557337090741930e+04 9.660748814711195287e-01
6.075557363096811605e+04 7.971472071832039763e-01
6.075557389102880552e+04 8.426635962575628191e-01
6.075557415108950227e+04 7.077793652340036434e-01
6.075557441115019901e+04 9.470625558264006427e-01
6.075557467121088848e+04 8.774668286892975955e-01
6.075557493127158523e+04 7.559616903543291411e-01
6.075557519133227470e+04 1.035390897554065326e+00
6.075557545139297144e+04 8.629937233871566304e-01
6.075557571145366819e+04 1.027040123376694813e+00
6.075557597151435766e+04 9.857523657637002890e-01
6.075557623157505441e+04 8.719625249573121906e-01
6.075557649163575115e+04 6.524470924921347281e-01
6.075557675169643335e+04 9.728264297645919934e-01
6.075557701175713009e+04 1.138430042066897574e+00
6.075557727181782684e+04 7.332004289601066205e-01
6.075557753187852359e+04 9.511376124697429324e-01
6.075557779193922033e+04 1.036077087094573690e+00
6.075557805199990980e+04 1.119418544562588158e+00
6.075557831206059927e+04 1.003421539462434842e+00
6.075557857212129602e+04 9.608446931503394906e-01
6.075557883218199277e+04 7.200978144149003946e-01
6.075557909224268951e+04 8.056498270130214578e-01
6.075557935230337898e+04 9.127535672904653063e-01
6.075557961236407573e+04 1.044355220556533625e+00
6.075557987242476520e+04 9.727590598694670909e-01
6.075558013248546195e+04 1.003167920341646369e+00
6.075558039254615869e+04 9.352941800586843657e-01
6.075558065260684816e+04 1.031617070903179112e+00
6.075558091266754491e+04 7.579332269771088537e-01
6.075558117272824165e+04 9.968628195884620125e-01
6.075558143278892385e+04 1.019303157205370569e+00
6.075558169284962059e+04 9.654161299915884342e-01
6.075558195291031734e+04 7.571281866514311121e-01
6.075558221297101409e+04 8.331014497106096206e-01
6.075558247303171083e+04 8.302688186821955973e-01
6.075558273309240030e+04 7.331165153654028988e-01
6.075558299315309705e+04 8.198498313871092069e-01
6.075558325321378652e+04 8.057161859591905895e-01
6.075558351327448327e+04 8.238255409517072358e-01
6.075558377333518001e+04 8.816550562087449583e-01
6.075558403339586948e+04 8.640072830304140750e-01
6.075558429345656623e+04 1.064838209294996174e+00
6.075558455351726298e+04 8.105699530765335670e-01
6.075558481357794517e+04 8.864073244029613274e-01
6.075558507363864192e+04 9.567179543173470746e-01
6.075558533369933866e+04 1.117941621629072069e+00
6.075558559376003541e+04 1.221715092298883976e+00
6.075558585382073215e+04 1.048640307795213111e+00
6.075558611388142162e+04 8.111326554674599398e-01
6.075558637394211837e+04 9.882051228878356852e-01
6.075558663400280784e+04 9.353259957252798573e-01
6.075558689406350459e+04 9.522652504980865240e-01
6.075558715412420133e+04 8.681909672375851539e-01
6.075558741418489080e+04 9.047229746162006592e-01
6.075558767424558755e+04 8.574079166478174585e-01
6.075558793430628430e+04 1.080549368351850337e+00
6.075558819436697377e+04 1.020352361702688837e+00
6.075558845442767051e+04 1.156645274042138238e+00
6.075558871448835998e+04 8.028838325466431947e-01
6.075558897454905673e+04 9.258845821260108799e-01
6.075558923460975348e+04 9.692730187571568790e-01
6.075558949467044295e+04 1.150484035678082551e+00
6.075558975473113969e+04 9.540208628603549235e-01
6.075559001479183644e+04 6.709277898802068485e-01
6.075559027485253318e+04 1.173710853342776250e+00
6.075559053491322265e+04 1.107272801286030672e+00
6.075559079497391212e+04 9.854135447950171933e-01
6.075559105503460887e+04 7.575297598154229206e-01
6.075559131509530562e+04 9.511036332091862278e-01
6.075559157515600236e+04 8.250623000196467549e-01
6.075559183521669911e+04 1.085972221128262971e+00
6.075559209527738858e+04 9.539766383260595006e-01
6.075559235533808533e+04 1.202454923387458852e+00
6.075559261539877480e+04 7.657105195989105662e-01
6.075559287545946427e+04 9.582953975881074449e-01
6.075559313552016101e+04 8.293967071571161087e-01
6.075559339558085776e+04 9.007364315854702319e-01
6.075559494101491873e+04 8.883212065252693579e-01
6.075559520107561548e+04 7.505777176232998338e-01
6.075559546113631222e+04 8.238905588222661391e-01
6.075559572119700897e+04 1.069475451245199160e+00
6.075559598125769844e+04 8.037214536331520609e-01
6.075559624131839519e+04 9.727704938693370051e-01
6.075559650137908466e+04 7.900883932051989689e-01
6.075559676143977413e+04 8.205978226055963276e-01
6.075559702150047087e+04 6.772001256831883254e-01
6.075559728156116762e+04 8.670746090955615548e-01
6.075559754162186437e+04 9.106509106668283504e-01
6.075559780168256111e+04 7.906655379253607618e-01
6.075559806174325058e+04 7.560301550137901172e-01
6.075559832180394733e+04 5.410884023074926663e-01
6.075559858186464407e+04 9.368819390054865526e-01
6.075559884192533355e+04 7.748015075873493362e-01
6.075559910198603029e+04 9.237040450713346340e-01
6.075559936204671976e+04 8.736481908775217686e-01
6.075559962210741651e+04 8.077169807488466802e-01
6.075559988216811325e+04 6.235931633406771590e-01
6.075560014222880272e+04 9.262935657408087886e-01
6.075560040228950675e+04 8.183885906455735659e-01
6.075560066235019622e+04 1.031171641949682805e+00
6.075560092241089296e+04 7.350593006255419226e-01
6.075560118247158971e+04 1.002548385527741059e+00
6.075560144253227918e+04 9.754587666438829796e-01
6.075560170259296865e+04 1.053577989470105170e+00
6.075560196265366540e+04 9.813468443675016362e-01
6.075560222271436214e+04 8.157419903797605842e-01
6.075560248277505889e+04 1.101580982744538861e+00
6.075560274283574836e+04 9.707523175237923185e-01
6.075560300289644510e+04 8.797435580108353692e-01
6.075560326295714185e+04 9.379989306286455886e-01
6.075560352301783860e+04 1.005883533183743905e+00
6.075560378307853534e+04 1.034906956985614190e+00
6.075560404313922481e+04 7.146497557141642254e-01
6.075560430319992156e+04 6.202030901734287838e-01
6.075560456326061831e+04 9.557613231645507579e-01
6.075560482332130050e+04 1.037392119067842122e+00
6.075560508338199725e+04 8.472107757913730497e-01
6.075560534344269399e+04 1.113822399388414874e+00
6.075560560350339074e+04 8.752220238728257717e-01
6.075560586356408749e+04 9.475371309689605281e-01
6.075560612362477696e+04 8.857938570065272410e-01
6.075560638368547370e+04 9.263410791290143109e-01
6.075560664374617045e+04 1.116058306769351915e+00
6.075560690380686719e+04 7.144934593780992715e-01
6.075560716386756394e+04 9.359779020614137357e-01
6.075560742392825341e+04 7.541966142714158217e-01
6.075560768398895016e+04 9.240594326614507414e-01
6.075560794404964690e+04 8.850359497561129940e-01
6.075560820411032910e+04 8.596533530285452862e-01
6.075560846417102584e+04 6.929606444218444627e-01
6.075560872423172259e+04 9.525558102976193764e-01
6.075560898429241934e+04 7.523184608383771677e-01
6.075560924435311608e+04 9.318230597277248339e-01
6.075560950441380555e+04 8.293514403167631110e-01
6.075560976447450230e+04 8.295988658023041307e-01
6.075561002453519905e+04 1.046139489506884512e+00
6.075561028459589579e+04 7.612444731435007439e-01
6.075561054465659254e+04 1.068339542801311381e+00
6.075561080471728201e+04 9.371941953623083021e-01
6.075561106477797875e+04 7.628336816834048184e-01
6.075561132483867550e+04 9.738339483951080622e-01
6.075561158489937225e+04 9.339837209626703496e-01
6.075561184496006899e+04 8.364180173219949443e-01
6.075561210502075846e+04 8.373440466492336753e-01
6.075561236508144793e+04 9.344579433654139899e-01
6.075561262514214468e+04 7.764071828189624824e-01
6.075561288520283415e+04 1.006010409453533150e+00
6.075561314526353090e+04 1.132937259814825071e+00
6.075561340532422764e+04 6.069612056658683086e-01
6.075561366538492439e+04 7.587836339137168373e-01
6.075561392544562113e+04 8.400246904402037806e-01
6.075561418550631060e+04 1.045566129684432743e+00
6.075561444556700735e+04 8.989613778386050802e-01
6.075561470562770410e+04 1.018042120116613214e+00
6.075561496568840084e+04 8.324902879504816333e-01
6.075561522574909759e+04 9.534984778611682588e-01
6.075561548580978706e+04 7.580078237627170257e-01
6.075561574587048381e+04 7.401093950236946606e-01
6.075561600593118055e+04 9.054318750946860339e-01
6.075561626599187002e+04 1.275643761726197756e+00
6.075561652605256677e+04 1.105320612846473649e+00
6.075561678611326352e+04 1.109789516350038641e+00
6.075561704617396026e+04 1.126406163544035000e+00
6.075561730623465701e+04 9.890645609169042007e-01
6.075561756629534648e+04 7.383011695516349393e-01
6.075561782635604322e+04 7.183856650270399324e-01
6.075561808641673269e+04 8.072971277466857165e-01
6.075561834647742944e+04 1.004303021130990681e+00
6.075561860653812619e+04 6.492391737551649333e-01
6.075561886659881566e+04 8.252665449826590560e-01
6.075561912665951240e+04 9.394005377064675866e-01
6.075561938672020915e+04 7.849023648031298039e-01
6.075561964678089862e+04 8.861629644938739947e-01
6.075561990684160264e+04 1.033632551835368174e+00
6.075562016690229211e+04 9.855521861190671418e-01
6.075562042696298886e+04 7.963128367735040625e-01
6.075562068702368560e+04 7.842254471494828350e-01
6.075562094708437508e+04 7.698069325576514244e-01
6.075562120714507182e+04 9.761975233559214704e-01
6.075562146720576857e+04 8.110921716394456915e-01
6.075562172726646531e+04 8.452195397145293443e-01
6.075562198732716206e+04 8.185927774769180543e-01
6.075562224738785153e+04 6.789977188979520184e-01
6.075562250744854828e+04 8.923513961613176448e-01
6.075562276750924502e+04 7.630224471714641687e-01
6.075562302756994177e+04 1.050524927082367332e+00
6.075562328763063852e+04 9.192510298140227354e-01
6.075562490904599690e+04 7.243770220561770445e-01
6.075562516909990518e+04 7.999607248545538285e-01
6.075562542915379890e+04 9.263220465396276859e-01
6.075562568920769263e+04 7.551741075132255565e-01
6.075562594926160091e+04 9.699596361338740369e-01
6.075562620931549463e+04 7.784759792786536403e-01
6.075562646936939564e+04 1.344592042793664177e+00
6.075562672942329664e+04 8.448907352681591654e-01
6.075562698947719036e+04 9.808037029330574086e-01
6.075562724953109864e+04 1.165806493740799699e+00
6.075562750958499237e+04 1.004046684385013322e+00
6.075562776963889337e+04 6.886059231218057963e-01
6.075562802969280165e+04 9.870908061732691641e-01
6.075562828974669537e+04 3.630199632130927667e-01
6.075562854980059637e+04 1.004172146408637278e+00
6.075562880985449738e+04 1.034307013275308051e+00
6.075562906990839110e+04 7.809103809194573032e-01
6.075562932996229938e+04 1.010650810178068459e+00
6.075562959001619311e+04 1.028232113394296654e+00
6.075562985007009411e+04 6.267496917655716038e-01
6.075563011012399511e+04 9.743203479784876553e-01
6.075563037017788884e+04 8.415259402224684049e-01
6.075563063023179711e+04 8.296192476645041225e-01
6.075563089028569084e+04 1.285443110118020815e+00
6.075563115033958456e+04 1.049527231507383140e+00
6.075563141039349284e+04 8.977491546736449113e-01
6.075563167044738657e+04 1.079895142303879618e+00
6.075563193050128757e+04 1.051192295380151354e+00
6.075563219055518857e+04 5.884457999584792320e-01
6.075563245060908230e+04 7.456940840271819582e-01
6.075563271066299058e+04 1.312288832095813929e+00
6.075563297071688430e+04 8.673295404005282316e-01
6.075563323077078530e+04 9.860204561947572000e-01
6.075563349082468631e+04 8.983717804995909884e-01
6.075563375087858003e+04 8.288635700388570227e-01
6.075563401093248831e+04 8.549996876203205254e-01
6.075563427098638203e+04 9.588991484522159103e-01
6.075563453104027576e+04 9.625008265490109238e-01
6.075563479109418404e+04 1.053784514225618585e+00
6.075563505114807776e+04 1.001172750341065010e+00
6.075563531120197877e+04 9.049283607602158774e-01
6.075563557125588704e+04 7.701415305835678238e-01
6.075563583130978077e+04 1.277101187556114015e+00
6.075563609136368905e+04 7.296615136894850639e-01
6.075563635141758277e+04 8.225154760236179641e-01
6.075563661147148377e+04 8.638152516554027383e-01
6.075563687152538478e+04 8.634848802820199731e-01
6.075563713157927850e+04 8.246323380648671320e-01
6.075563739163318678e+04 6.984615115410848230e-01
6.075563765168708051e+04 8.960813725435278210e-01
6.075563791174097423e+04 6.436386873297892386e-01
6.075563817179488251e+04 7.239834742692019542e-01
6.075563843184877624e+04 9.399129152044610747e-01
6.075563869190267724e+04 7.904340417372032190e-01
6.075563895195657824e+04 1.007494744335839076e+00
6.075563921201047197e+04 1.054033811424278211e+00
6.075563947206438024e+04 1.212324697912833704e+00
6.075563973211827397e+04 8.118679289835297741e-01
6.075563999217217497e+04 7.880424603086564339e-01
6.075564025222608325e+04 9.763925936552745322e-01
6.075564051227997697e+04 9.453750062374322027e-01
6.075564077233388525e+04 1.130302003575050396e+00
6.075564103238777898e+04 1.185873059034893151e+00
6.075564129244167270e+04 8.090721091767105744e-01
6.075564155249558098e+04 9.814484194549756291e-01
6.075564181254947471e+04 1.006252087236352288e+00
6.075564207260337571e+04 1.068968984478091633e+00
6.075564233265727671e+04 8.750743991084297679e-01
6.075564259271117044e+04 7.569386797688618662e-01
6.075564285276507871e+04 9.095454366001112234e-01
6.075564311281897244e+04 8.693986693677782096e-01
6.075564337287286617e+04 6.828843675238832622e-01
6.075564363292677444e+04 8.927466616675082678e-01
6.075564389298066817e+04 6.789952042510573049e-01
6.075564415303458372e+04 1.091216839181757825e+00
6.075564441308847745e+04 1.170031397223153080e+00
6.075564467314237118e+04 1.000084074020427538e+00
6.075564493319627945e+04 1.128170101400486125e+00
6.075564519325017318e+04 8.660788300431168096e-01
6.075564545330407418e+04 1.122996170844179131e+00
6.075564571335797518e+04 1.006779582652754801e+00
6.075564597341186891e+04 9.802854643606534468e-01
6.075564623346577719e+04 9.191639223361044442e-01
6.075564649351967091e+04 9.842075422038879529e-01
6.075564675357356464e+04 8.234950959102389501e-01
6.075564701362747292e+04 9.846118209212061378e-01
6.075564727368136664e+04 1.081497364038185527e+00
6.075564753373527492e+04 9.797290350059995045e-01
6.075564779378917592e+04 9.530261634815884175e-01
6.075564805384306965e+04 1.026147584162727888e+00
6.075564831389697792e+04 9.422486547401502932e-01
6.075564857395087165e+04 9.589153402407156745e-01
6.075564883400477265e+04 8.655428276946234289e-01
6.075564909405867365e+04 9.085859697992011430e-01
6.075564935411256738e+04 1.276892772096059003e+00
6.075564961416647566e+04 1.230437673288510947e+00
6.075564987422036938e+04 1.040082966689859445e+00
6.075565013427426311e+04 8.490756334971486519e-01
6.075565039432817866e+04 9.253306976540697226e-01
6.075565065438207239e+04 1.003663245985789265e+00
6.075565091443597339e+04 8.407291815788141554e-01
6.075565117448987439e+04 9.011505303322818738e-01
6.075565143454376812e+04 1.033461291673133831e+00
6.075565169459767640e+04 1.040605517269365343e+00
6.075565195465157012e+04 1.021870389752727259e+00
6.075565221470547112e+04 9.248952660749727439e-01
6.075565247475937213e+04 8.745312992016498477e-01
6.075565273481326585e+04 1.052189677997466211e+00
6.075565299486718141e+04 8.507225120532033724e-01
6.075565325492107513e+04 1.117868669895411227e+00
6.075565492676799477e+04 8.911253887953101138e-01
6.075565518682868424e+04 9.298606844766408308e-01
6.075565544688938098e+04 1.054266005323907240e+00
6.075565570695007773e+04 1.179407799230123288e+00
6.075565596701077448e+04 1.172862549471917148e+00
6.075565622707147122e+04 1.217916803390782343e+00
6.075565648713216069e+04 9.178456542187595213e-01
6.075565674719285744e+04 8.032947910100100009e-01
6.075565700725356146e+04 9.143579866019302393e-01
6.075565726731425821e+04 1.052062175455001469e+00
6.075565752737495495e+04 8.535607279972240446e-01
6.075565778743564442e+04 1.006335891093089074e+00
6.075565804749634117e+04 7.290206117863157198e-01
6.075565830755703792e+04 7.530582477759963922e-01
6.075565856761772739e+04 8.634092582055091780e-01
6.075565882767842413e+04 9.082709217301030424e-01
6.075565908773912088e+04 8.870960048464299197e-01
6.075565934779981762e+04 1.000180902332132638e+00
6.075565960786051437e+04 1.002941690585898771e+00
6.075565986792121112e+04 1.021099462193498786e+00
6.075566012798190786e+04 9.023539043903318069e-01
6.075566038804260461e+04 8.612603016513378229e-01
6.075566064810330136e+04 8.299949247681135400e-01
6.075566090816399810e+04 9.123213665389325877e-01
6.075566116822468757e+04 8.298078098351517884e-01
6.075566142828538432e+04 9.634864805061169601e-01
6.075566168834608106e+04 1.055242897533082980e+00
6.075566194840677781e+04 1.191017636252200251e+00
6.075566220846748183e+04 1.135249184554536495e+00
6.075566246852817130e+04 1.013240571079607300e+00
6.075566272858886805e+04 1.102437037106812845e+00
6.075566298864956480e+04 1.098957484989275146e+00
6.075566324871025427e+04 1.042595898575584545e+00
6.075566350877095101e+04 1.009212403036086281e+00
6.075566376883164776e+04 1.038728322480363842e+00
6.075566402889234450e+04 1.183745081615247052e+00
6.075566428895304125e+04 8.364903224601758502e-01
6.075566454901373800e+04 7.349026065342646463e-01
6.075566480907443474e+04 1.056501405255782844e+00
6.075566506913513149e+04 1.100799128619387668e+00
6.075566532919582824e+04 9.186741169665308959e-01
6.075566558925652498e+04 9.114256537867304608e-01
6.075566584931721445e+04 8.903045554695145913e-01
6.075566610937791120e+04 7.926856010005186581e-01
6.075566636943860794e+04 7.213858717281126376e-01
6.075566662949930469e+04 8.421913251461722316e-01
6.075566688956000144e+04 9.705605321595367485e-01
6.075566714962069818e+04 1.134206922164513687e+00
6.075566740968139493e+04 9.887603749832543087e-01
6.075566766974209168e+04 8.901691508095402883e-01
6.075566792980278115e+04 8.458915942725866444e-01
6.075566818986347789e+04 9.100428337049175642e-01
6.075566844992417464e+04 9.483792022343031647e-01
6.075566870998487866e+04 1.018977323398223778e+00
6.075566897004557541e+04 1.277244063712273059e+00
6.075566923010626488e+04 9.218733969196986067e-01
6.075566949016696162e+04 8.183416388894108051e-01
6.075566975022765837e+04 8.210595243049627623e-01
6.075567001028834784e+04 1.092285679244673346e+00
6.075567027034905186e+04 1.053759146735732566e+00
6.075567053040974133e+04 1.249501061527370060e+00
6.075567079047044535e+04 7.500795231525811957e-01
6.075567105053114210e+04 1.166253656824903562e+00
6.075567131059183157e+04 1.060093296997387524e+00
6.075567157065252832e+04 9.349794723326712020e-01
6.075567183071322506e+04 7.019508471265158978e-01
6.075567209077392181e+04 1.188195478942954519e+00
6.075567235083461856e+04 8.105944108811184989e-01
6.075567261089531530e+04 1.222090760052843006e+00
6.075567287095601205e+04 9.843064349073223918e-01
6.075567313101670879e+04 9.227032712812568427e-01
6.075567339107740554e+04 1.095273677147120983e+00
6.075567365113810229e+04 1.004151587342867913e+00
6.075567391119879176e+04 7.743892225189443757e-01
6.075567417125948850e+04 8.414855352174015479e-01
6.075567443132019253e+04 8.609162416855850042e-01
6.075567469138088200e+04 8.281254793446300999e-01
6.075567495144157874e+04 9.547107204616924747e-01
6.075567521150227549e+04 9.271322610601273606e-01
6.075567547156297223e+04 9.597683020362172135e-01
6.075567573162366898e+04 1.106915144760015846e+00
6.075567599168436573e+04 1.107588541210559052e+00
6.075567625174506247e+04 8.463587727638245406e-01
6.075567651180575922e+04 1.124623980622199149e+00
6.075567677186645597e+04 1.163580360648319489e+00
6.075567703192715271e+04 1.291949671952196566e+00
6.075567729198784218e+04 1.042227982581589218e+00
6.075567755204853893e+04 9.144678493879406789e-01
6.075567781210924295e+04 1.040135619079846307e+00
6.075567807216993242e+04 1.015235073650716746e+00
6.075567833223062917e+04 1.017307078414755761e+00
6.075567859229132591e+04 1.081096448325638670e+00
6.075567885235202266e+04 1.032512939556942566e+00
6.075567911241271941e+04 9.523469113072191572e-01
6.075567937247341615e+04 9.478442205961392641e-01
6.075567963253411290e+04 1.103856962580641587e+00
6.075567989259480964e+04 1.047152111612238867e+00
6.075568015265550639e+04 1.121632009631807758e+00
6.075568041271620314e+04 8.255028811256126531e-01
6.075568067277689261e+04 9.008927675239943866e-01
6.075568093283759663e+04 9.679527401481785587e-01
6.075568119289829338e+04 1.156256371895007407e+00
6.075568145295898285e+04 1.084362148436324391e+00
6.075568171301968687e+04 1.112394004333793207e+00
6.075568197308037634e+04 7.114268088874363682e-01
6.075568223314107308e+04 1.143770781340236686e+00
6.075568249320177711e+04 9.947907907252656612e-01
6.075568275326246658e+04 1.080707758505800253e+00
6.075568301332316332e+04 1.077534444548005066e+00
6.075568327338386007e+04 8.913701364559780682e-01
6.075568483179301256e+04 1.066860072367382894e+00
6.075568509184680443e+04 9.655739633645058495e-01
6.075568535190059629e+04 1.311433533933566320e+00
6.075568561195438815e+04 1.209146891634570009e+00
6.075568587200818729e+04 1.065582033625943836e+00
6.075568613206199370e+04 8.428859622998406964e-01
6.075568639211578557e+04 9.009945410391240195e-01
6.075568665216957743e+04 1.109051483750332023e+00
6.075568691222336929e+04 9.988969050264320249e-01
6.075568717227716115e+04 1.226041082040796981e+00
6.075568743233096029e+04 1.193158295291150139e+00
6.075568769238475215e+04 9.857149967198608476e-01
6.075568795243854402e+04 9.433883072115851753e-01
6.075568821249233588e+04 1.383754198841604000e+00
6.075568847254613502e+04 1.081411082402216062e+00
6.075568873259992688e+04 1.131062964133296100e+00
6.075568899265372602e+04 8.948379279463822833e-01
6.075568925270752516e+04 1.105986152728463567e+00
6.075568951276131702e+04 8.966201943876122016e-01
6.075568977281511616e+04 1.032817824644549187e+00
6.075569003286890802e+04 1.022166263450520862e+00
6.075569029292269988e+04 8.939958387802882100e-01
6.075569055297649174e+04 9.954045076052048246e-01
6.075569081303029088e+04 9.831962050159265276e-01
6.075569107308408275e+04 9.878462912026126919e-01
6.075569133313787461e+04 9.818776073850479236e-01
6.075569159319166647e+04 9.150197536517956642e-01
6.075569185324547288e+04 7.587237340031105504e-01
6.075569211329927202e+04 1.039278674234363375e+00
6.075569237335306389e+04 1.117816910763617777e+00
6.075569263340685575e+04 1.175272784802217751e+00
6.075569289346064761e+04 8.869376278106991807e-01
6.075569315351444675e+04 8.577466306330628898e-01
6.075569341356823861e+04 8.987303855245634132e-01
6.075569367362203047e+04 9.740125641140434665e-01
6.075569393367582234e+04 1.011965210403872550e+00
6.075569419372962147e+04 1.118034155467402924e+00
6.075569445378341334e+04 1.057262000150537284e+00
6.075569471383720520e+04 8.321609903682865017e-01
6.075569497389100434e+04 8.319338256702913936e-01
6.075569523394481075e+04 1.063503067740839469e+00
6.075569549399860261e+04 8.235078415546722708e-01
6.075569575405239448e+04 9.517484011497996388e-01
6.075569601410618634e+04 9.273215108657919536e-01
6.075569627415998548e+04 1.145505582902934361e+00
6.075569653421377734e+04 1.154003444310561122e+00
6.075569679426756920e+04 8.870804988163513150e-01
6.075569705432136107e+04 1.095652588740600564e+00
6.075569731437516020e+04 1.031032207687080593e+00
6.075569757442895207e+04 1.206927758977387244e+00
6.075569783448274393e+04 8.759616126807331371e-01
6.075569809453654307e+04 9.333071494486192554e-01
6.075569835459034948e+04 9.869821242575904652e-01
6.075569861464414134e+04 1.117650323574194804e+00
6.075569887469793321e+04 8.355708419538778742e-01
6.075569913475172507e+04 1.027709962862287663e+00
6.075569939480552421e+04 1.051613425118475664e+00
6.075569965485931607e+04 9.885906208215520241e-01
6.075569991491310793e+04 1.022783045720639938e+00
6.075570017496689979e+04 9.481976101764070242e-01
6.075570043502069893e+04 8.683905920830632397e-01
6.075570069507449080e+04 7.372055049400921822e-01
6.075570095512828993e+04 1.004724317608652218e+00
6.075570121518208907e+04 1.091117162363448800e+00
6.075570147523588821e+04 1.005240012391887872e+00
6.075570173528968007e+04 1.106418151272118067e+00
6.075570199534347194e+04 1.078744312047338116e+00
6.075570225539727107e+04 1.086139797430790255e+00
6.075570251545106294e+04 8.539358659646222316e-01
6.075570277550485480e+04 1.168504191459683872e+00
6.075570303555864666e+04 1.022741012571809716e+00
6.075570329561244580e+04 1.083688565858088149e+00
6.075570355566623766e+04 8.184265259261718217e-01
6.075570381572002952e+04 1.028047338120626542e+00
6.075570407577382866e+04 8.490803217770739320e-01
6.075570433582763508e+04 1.010379828019401405e+00
6.075570459588142694e+04 1.248030206043657442e+00
6.075570485593521880e+04 1.095500082596178038e+00
6.075570511598901066e+04 1.084043519888277407e+00
6.075570537604280980e+04 1.233790490790143801e+00
6.075570563609660167e+04 1.154535925263490581e+00
6.075570589615039353e+04 1.023806482241012006e+00
6.075570615620419267e+04 7.102963971403960519e-01
6.075570641625798453e+04 1.052224679460934009e+00
6.075570667631177639e+04 7.279767575694232606e-01
6.075570693636557553e+04 1.035810471599762028e+00
6.075570719641938194e+04 9.350835174522490467e-01
6.075570745647317381e+04 1.131256612354341939e+00
6.075570771652696567e+04 1.397733133424661434e+00
6.075570797658076481e+04 9.700353449741602185e-01
6.075570823663455667e+04 1.185489861852926596e+00
6.075570849668834853e+04 9.869329277985470217e-01
6.075570875674214039e+04 1.357242528080338184e+00
6.075570901679593953e+04 5.898059927366875455e-01
6.075570927684973140e+04 9.170056780294049137e-01
6.075570953690352326e+04 8.070658758328157489e-01
6.075570979695732240e+04 1.098399493469655264e+00
6.075571005701112153e+04 1.030021157412870370e+00
6.075571031706492067e+04 1.077307693421864832e+00
6.075571057711871254e+04 9.224105116997216580e-01
6.075571083717251167e+04 1.089309727401849059e+00
6.075571109722630354e+04 8.967541842128631258e-01
6.075571135728009540e+04 1.131838502773157451e+00
6.075571161733389454e+04 1.105347766792720732e+00
6.075571187738768640e+04 1.181137478948992792e+00
6.075571213744147826e+04 9.964413903652125093e-01
6.075571239749527740e+04 1.050656802545733459e+00
6.075571265754906926e+04 8.264295210110500500e-01
6.075571291760286840e+04 1.187497558520013818e+00
6.075571317765666754e+04 1.147224026892526894e+00
6.075571474868715450e+04 9.665253627465981712e-01
6.075571500874785124e+04 1.055919485387442958e+00
6.075571526880854799e+04 9.234566345795059972e-01
6.075571552886924474e+04 1.527165458616697835e+00
6.075571578892994148e+04 1.083806743967556940e+00
6.075571604899063823e+04 1.034094936799458297e+00
6.075571630905133497e+04 1.051770845148169542e+00
6.075571656911203172e+04 9.692672450865825740e-01
6.075571682917273574e+04 1.276247839874003809e+00
6.075571708923342521e+04 1.313679716669607700e+00
6.075571734929412196e+04 1.162672295977344117e+00
6.075571760935482598e+04 1.069244173995024472e+00
6.075571786941552273e+04 1.178795869567653920e+00
6.075571812947621947e+04 7.832868321193945382e-01
6.075571838953690894e+04 9.464289544398120091e-01
6.075571864959761297e+04 1.408177933483525157e+00
6.075571890965830971e+04 1.103324375127844093e+00
6.075571916971899918e+04 1.163087982697423195e+00
6.075571942977970320e+04 1.288136628959177576e+00
6.075571968984039995e+04 1.212592422905868883e+00
6.075571994990109670e+04 9.942931001826239568e-01
6.075572020996180072e+04 1.178687978106790046e+00
6.075572047002249019e+04 8.630007731590333409e-01
6.075572073008318694e+04 1.148236753823279388e+00
6.075572099014388368e+04 1.018445568404201307e+00
6.075572125020458770e+04 8.408040406193354466e-01
6.075572151026528445e+04 9.524106129228435691e-01
6.075572177032597392e+04 1.090029284371250462e+00
6.075572203038667794e+04 1.009765957908504097e+00
6.075572229044737469e+04 9.682687483303493714e-01
6.075572255050806416e+04 1.159292109102991741e+00
6.075572281056877546e+04 1.124656157522073263e+00
6.075572307062946493e+04 1.052593557145612202e+00
6.075572333069016167e+04 9.770763903495573999e-01
6.075572359075086570e+04 9.897871321421427560e-01
6.075572385081155517e+04 1.024578836727797704e+00
6.075572411087225191e+04 9.616870929368153131e-01
6.075572437093294866e+04 9.299527676554276701e-01
6.075572463099365268e+04 8.448871647761396764e-01
6.075572489105434943e+04 1.001291125611578181e+00
6.075572515111503890e+04 8.515510467119494775e-01
6.075572541117574292e+04 8.267452058841074924e-01
6.075572567123643967e+04 6.640153395876978726e-01
6.075572593129713641e+04 9.365834039433929004e-01
6.075572619135784043e+04 1.108224979358527928e+00
6.075572645141852990e+04 1.064259311859736989e+00
6.075572671147922665e+04 8.710370152860162918e-01
6.075572697153993067e+04 9.503601230690235102e-01
6.075572723160062014e+04 8.968879853364803978e-01
6.075572749166131689e+04 1.027615928593287542e+00
6.075572775172202091e+04 1.093965216689033237e+00
6.075572801178271766e+04 9.986428624741039428e-01
6.075572827184341440e+04 1.442724676327983513e+00
6.075572853190411115e+04 1.001589471185395430e+00
6.075572879196480790e+04 1.093476800500753798e+00
6.075572905202550464e+04 1.029350108504843986e+00
6.075572931208620867e+04 1.112597437466719796e+00
6.075572957214690541e+04 9.962394253186882542e-01
6.075572983220759488e+04 1.108268012961520332e+00
6.075573009226829890e+04 8.761354318506501260e-01
6.075573035232899565e+04 8.090163220723273207e-01
6.075573061238968512e+04 9.030686756653648617e-01
6.075573087245038914e+04 1.064869972443519996e+00
6.075573113251108589e+04 8.863912393678772261e-01
6.075573139257178264e+04 8.618059643312125928e-01
6.075573165263248666e+04 1.551943392935766663e+00
6.075573191269317613e+04 8.925210797537200813e-01
6.075573217275387287e+04 9.834562433484207444e-01
6.075573243281457690e+04 1.078548969691662585e+00
6.075573269287527364e+04 9.405599737057657173e-01
6.075573295293597039e+04 1.054318766883641789e+00
6.075573321299666713e+04 9.860090594900389194e-01
6.075573347305736388e+04 1.027678374492184687e+00
6.075573373311806063e+04 9.219215635412878473e-01
6.075573399317875737e+04 9.844904291864413626e-01
6.075573425323946140e+04 1.071488445693280056e+00
6.075573451330015087e+04 1.107191171679001052e+00
6.075573477336085489e+04 8.767071428965317326e-01
6.075573503342155163e+04 1.067841201055924394e+00
6.075573529348224110e+04 1.119873809235365725e+00
6.075573555354294513e+04 1.024212589161628717e+00
6.075573581360364187e+04 6.544350000004635071e-01
6.075573607366434589e+04 9.816816611193911468e-01
6.075573633372504264e+04 9.967130390086855751e-01
6.075573659378573211e+04 1.135107538684793527e+00
6.075573685384643613e+04 1.146122233342450114e+00
6.075573711390713288e+04 1.268888404303292194e+00
6.075573737396782963e+04 1.038578410363779847e+00
6.075573763402853365e+04 1.099859805454258765e+00
6.075573789408922312e+04 1.153029655248025476e+00
6.075573815414991986e+04 1.251370743634649951e+00
6.075573841421062389e+04 1.063630440854981485e+00
6.075573867427131336e+04 1.006598767911049297e+00
6.075573893433201010e+04 8.338374375791045567e-01
6.075573919439271413e+04 1.037598825160858107e+00
6.075573945445341087e+04 1.088599093614168956e+00
6.075573971451411489e+04 1.101907511650976224e+00
6.075573997457480436e+04 8.276423267112059667e-01
6.075574023463550111e+04 8.710701172127923719e-01
6.075574049469620513e+04 1.067127569984663404e+00
6.075574075475690188e+04 1.200182774176718814e+00
6.075574101481759863e+04 1.121876459361594414e+00
6.075574127487829537e+04 1.174069568361731708e+00
6.075574153493899212e+04 8.931009129656238832e-01
6.075574179499969614e+04 1.092901358813553658e+00
6.075574205506038561e+04 1.237198544884019480e+00
6.075574231512108236e+04 1.220763044113701623e+00
6.075574257518178638e+04 1.035163034589121178e+00
6.075574283524248312e+04 1.264120764661848195e+00
6.075574309530317987e+04 7.332347295138371690e-01
6.075574483016229351e+04 1.050499406400724256e+00
6.075574509021608537e+04 1.204235172861626513e+00
6.075574535026989179e+04 9.865561284389583463e-01
6.075574561032369093e+04 8.807121806729617530e-01
6.075574587037748279e+04 1.103313276484933825e+00
6.075574613043128193e+04 1.109281410996033168e+00
6.075574639048507379e+04 1.032128542673718341e+00
6.075574665053887293e+04 1.326529183181736515e+00
6.075574691059266479e+04 1.148725152421892215e+00
6.075574717064645665e+04 1.112038922982617306e+00
6.075574743070025579e+04 7.839936780661037607e-01
6.075574769075404765e+04 9.152640735196747590e-01
6.075574795080784679e+04 1.135148493228917310e+00
6.075574821086163865e+04 1.008294744920652519e+00
6.075574847091544507e+04 1.085823282571628079e+00
6.075574873096924421e+04 1.057457423299014376e+00
6.075574899102303607e+04 1.220506129896246739e+00
6.075574925107683521e+04 1.050111657692869294e+00
6.075574951113062707e+04 9.234307630467165628e-01
6.075574977118442621e+04 8.967550736021077107e-01
6.075575003123821807e+04 1.076833381996015415e+00
6.075575029129201721e+04 7.693234288869033044e-01
6.075575055134580907e+04 1.280957574022146828e+00
6.075575081139960093e+04 8.049497582385288785e-01
6.075575107145340007e+04 8.694324036236772413e-01
6.075575133150719921e+04 1.201141662603422811e+00
6.075575159156100563e+04 9.753004938272429314e-01
6.075575185161479749e+04 8.866253167637144772e-01
6.075575211166859663e+04 9.676046304358161265e-01
6.075575237172238849e+04 8.087936813209640752e-01
6.075575263177618035e+04 1.079977340630753346e+00
6.075575289182997949e+04 1.160193567075624710e+00
6.075575315188377135e+04 7.097072134545221456e-01
6.075575341193757049e+04 1.136555816801854801e+00
6.075575367199136235e+04 1.305203502493287759e+00
6.075575393204516149e+04 1.188348532507403243e+00
6.075575419209895335e+04 1.151807139662461621e+00
6.075575445215275249e+04 1.085647045705401270e+00
6.075575471220655891e+04 9.191347141829951939e-01
6.075575497226035077e+04 1.027906295297413175e+00
6.075575523231414991e+04 9.931628029165781024e-01
6.075575549236794177e+04 8.353518547835151464e-01
6.075575575242174091e+04 1.104399949706126982e+00
6.075575601247553277e+04 9.580500256248202229e-01
6.075575627252933191e+04 1.132553059101499171e+00
6.075575653258312377e+04 1.163837800576520642e+00
6.075575679263691563e+04 9.575299957216457658e-01
6.075575705269071477e+04 8.451492955192690948e-01
6.075575731274451391e+04 7.223517922258171353e-01
6.075575757279832033e+04 1.005666339989676361e+00
6.075575783285211219e+04 1.128202920594495229e+00
6.075575809290591133e+04 1.175957597123440390e+00
6.075575835295970319e+04 1.057502028801947436e+00
6.075575861301350233e+04 1.035397921060191351e+00
6.075575887306729419e+04 1.128899803771247212e+00
6.075575913312109333e+04 7.896086000745907718e-01
6.075575939317488519e+04 1.070434696451144863e+00
6.075575965322867705e+04 9.627411647621652024e-01
6.075575991328247619e+04 1.385805067686974423e+00
6.075576017333626805e+04 1.025985457581342741e+00
6.075576043339007447e+04 1.092431391574898880e+00
6.075576069344387361e+04 7.914583060905872047e-01
6.075576095349767274e+04 1.103691056680736748e+00
6.075576121355146461e+04 9.666411430643334635e-01
6.075576147360526375e+04 1.333140339355596726e+00
6.075576173365905561e+04 8.344118963438423853e-01
6.075576199371285475e+04 1.139672132077565125e+00
6.075576225376664661e+04 1.304571672611315680e+00
6.075576251382044575e+04 1.369580794893885178e+00
6.075576277387423761e+04 1.219888209522306699e+00
6.075576303392802947e+04 8.793119950951570063e-01
6.075576329398183589e+04 1.102699413767768588e+00
6.075576355403563502e+04 9.487816320869976172e-01
6.075576381408943416e+04 1.182337027431817011e+00
6.075576407414322603e+04 6.159927997558714008e-01
6.075576433419702516e+04 1.196270900917936642e+00
6.075576459425081703e+04 9.450828803067656825e-01
6.075576485430461616e+04 1.148109458738967970e+00
6.075576511435840803e+04 1.053320172814013578e+00
6.075576537441220717e+04 1.160708993129939470e+00
6.075576563446599903e+04 8.071359601945558016e-01
6.075576589451979817e+04 1.303335051949085610e+00
6.075576615457359003e+04 1.262228682457076312e+00
6.075576641462739644e+04 9.341192048861924890e-01
6.075576667468119558e+04 1.129956415914862511e+00
6.075576693473499472e+04 1.042139437578253558e+00
6.075576719478878658e+04 1.045063056501716048e+00
6.075576745484258572e+04 1.135976903801022342e+00
6.075576771489637758e+04 1.108417636610556700e+00
6.075576797495017672e+04 1.072273882748021823e+00
6.075576823500396858e+04 1.097311728891796179e+00
6.075576849505776045e+04 1.121233083162341604e+00
6.075576875511155959e+04 1.217969046275462208e+00
6.075576901516535145e+04 1.071735868688902027e+00
6.075576927521915786e+04 1.045837076824086997e+00
6.075576953527295700e+04 1.157053263557736855e+00
6.075576979532675614e+04 1.076996957103407260e+00
6.075577005538054800e+04 1.227478688730468726e+00
6.075577031543434714e+04 1.254337339997393830e+00
6.075577057548813900e+04 1.126523943251219961e+00
6.075577083554193814e+04 9.548269365305964707e-01
6.075577109559573000e+04 1.106077682747845570e+00
6.075577135564952914e+04 9.766564694468840013e-01
6.075577161570332100e+04 1.047061675085988908e+00
6.075577187575712014e+04 8.508744845129659895e-01
6.075577213581091200e+04 8.494200601585257804e-01
6.075577239586471842e+04 1.134725445859860349e+00
6.075577265591851756e+04 5.761874072328155849e-01
6.075577291597231670e+04 8.852329296621529453e-01
6.075577317602610856e+04 1.540429276266142011e+00
