6.075547523418369383e+04 1.032653801275762673e+00
6.075547549424438330e+04 9.830739611920219501e-01
6.075547575430508005e+04 1.016401422966657586e+00
6.075547601436576224e+04 1.033706742058085659e+00
6.075547627442645899e+04 1.032887559363080632e+00
6.075547653448714846e+04 9.312612215314538533e-01
6.075547679454784520e+04 1.046509437562880507e+00
6.075547705460853467e+04 9.436784434591439785e-01
6.075547731466922414e+04 1.043176518412844533e+00
6.075547757472991361e+04 9.426495009695058380e-01
6.075547783479061036e+04 1.051193374513941015e+00
6.075547809485129255e+04 1.015411442680412391e+00
6.075547835491198930e+04 1.025159336580331981e+00
6.075547861497267877e+04 9.861757278029065210e-01
6.075547887503337552e+04 9.173196923339300701e-01
6.075547913509406499e+04 1.042532512842008208e+00
6.075547939515475446e+04 1.004746573097797580e+00
6.075547965521544393e+04 9.133002276277020215e-01
6.075547991527614067e+04 9.961695344012806430e-01
6.075548017533683014e+04 9.427222043976480892e-01
6.075548043539752689e+04 9.737480533289831763e-01
6.075548069545820908e+04 9.941960767875180904e-01
6.075548095551890583e+04 1.004179635617619804e+00
6.075548121557959530e+04 9.680459289445820792e-01
6.075548147564028477e+04 9.728815714219041233e-01
6.075548173570098152e+04 9.998286620115489631e-01
6.075548199576167099e+04 1.066244811090884870e+00
6.075548225582236773e+04 9.709566533111916309e-01
6.075548251588305720e+04 9.785522042905052675e-01
6.075548277594374667e+04 1.025292872373999797e+00
6.075548303600443614e+04 9.535371611153280469e-01
6.075548329606513289e+04 1.066488368247787921e+00
6.075548355612582236e+04 1.041986440598575925e+00
6.075548381618651911e+04 1.041163935109348015e+00
6.075548407624720130e+04 9.160541839611719972e-01
6.075548433630789805e+04 9.087942086072968717e-01
6.075548459636858752e+04 1.062371548255627296e+00
6.075548485642928426e+04 9.778080212295967577e-01
6.075548511648997373e+04 1.024635504291558918e+00
6.075548537655066320e+04 9.937296007512604890e-01
6.075548563661135267e+04 1.016642406366004892e+00
6.075548589667204942e+04 8.411953187449686675e-01
6.075548615673273162e+04 1.000873315490715454e+00
6.075548641679342836e+04 9.530798210018095462e-01
6.075548667685411783e+04 9.807416169530384087e-01
6.075548693691481458e+04 1.058406442670519754e+00
6.075548719697551132e+04 9.531293013731608754e-01
6.075548745703619352e+04 9.936825094386306789e-01
6.075548771709689026e+04 1.046805687721825251e+00
6.075548797715757973e+04 9.964660750877645246e-01
6.075548823721827648e+04 9.315154743358901035e-01
6.075548849727896595e+04 1.028883221633235090e+00
6.075548875733965542e+04 8.870937521903033973e-01
6.075548901740034489e+04 9.855900053761569302e-01
6.075548927746104164e+04 9.987666059068839308e-01
6.075548953752172383e+04 9.791774131962820427e-01
6.075548979758242058e+04 9.456569755463026805e-01
6.075549005764311732e+04 9.923728044133516280e-01
6.075549031770380680e+04 9.667978388471190065e-01
6.075549057776450354e+04 9.580367435156412759e-01
6.075549083782518574e+04 9.696964581940280548e-01
6.075549109788588248e+04 9.451339209426556920e-01
6.075549135794657195e+04 9.479712833039372066e-01
6.075549161800726870e+04 9.821797135956745750e-01
6.075549187806795817e+04 1.020984844189421814e+00
6.075549213812864764e+04 9.585897007033665762e-01
6.075549239818933711e+04 9.576370306649008013e-01
6.075549265825003386e+04 9.033895518732835139e-01
6.075549291831072333e+04 9.929485752662337017e-01
6.075549317837142007e+04 9.879449568188918285e-01
6.075549343843210954e+04 9.829694447834695925e-01
6.075549369849279901e+04 9.902411907572841177e-01
6.075549395855349576e+04 9.621904034913976167e-01
6.075549421861417795e+04 9.736298409693840972e-01
6.075549447867487470e+04 9.292967818316316686e-01
6.075549473873556417e+04 9.943974548991423301e-01
6.075549499879626092e+04 1.057117256048470955e+00
6.075549525885695766e+04 9.638044493081823205e-01
6.075549551891763986e+04 9.498552132591996378e-01
6.075549577897833660e+04 9.868160417651771210e-01
6.075549603903902607e+04 1.008576626337716275e+00
6.075549629909972282e+04 1.045051075033530896e+00
6.075549655916041229e+04 1.019943671178042521e+00
6.075549681922110176e+04 9.428553585060311937e-01
6.075549707928179851e+04 9.603745969439468899e-01
6.075549733934248798e+04 1.032149837923316937e+00
6.075549759940317745e+04 1.002580479198194041e+00
6.075549785946386692e+04 9.887633240109228172e-01
6.075549811952456366e+04 1.002521133057351355e+00
6.075549837958525313e+04 1.010677379082626670e+00
6.075549863964594988e+04 1.005363298278970863e+00
6.075549889970663935e+04 1.012293365139782075e+00
6.075549915976732882e+04 9.806716224317607589e-01
6.075549941982802557e+04 9.333331638319087853e-01
6.075549967988871504e+04 1.057433097483615692e+00
6.075549993994941178e+04 9.993707959526516582e-01
6.075550020001009398e+04 1.051988649486186977e+00
6.075550046007079072e+04 9.886296462070436331e-01
6.075550072013148747e+04 9.575972604051373738e-01
6.075550098019216966e+04 9.744988015263356118e-01
6.075550124025286641e+04 1.009512340060033653e+00
6.075550150031355588e+04 1.008776040799813645e+00
6.075550176037425263e+04 9.745391836356941395e-01
6.075550202043494210e+04 9.537452818214295913e-01
6.075550228049563157e+04 1.032393764876744502e+00
6.075550254055632831e+04 9.950649988661989243e-01
6.075550280061701778e+04 9.757619121931901951e-01
6.075550306067771453e+04 9.531060334584073868e-01
6.075550332073840400e+04 9.432425565835379500e-01
6.075550358079909347e+04 9.483721258837104484e-01
6.075550513883041276e+04 1.007165534595263479e+00
6.075550539889110951e+04 9.975489744706048656e-01
6.075550565895179898e+04 1.023892273130339037e+00
6.075550591901248845e+04 9.321917092047313780e-01
6.075550617907318519e+04 1.000292486202415176e+00
6.075550643913387466e+04 9.714941968505552694e-01
6.075550669919457141e+04 9.952176062057302985e-01
6.075550695925526088e+04 9.734360014494564117e-01
6.075550721931595035e+04 9.604513766712009515e-01
6.075550747937664710e+04 1.030832281171667475e+00
6.075550773943733657e+04 9.662660696382214809e-01
6.075550799949803331e+04 9.387564538556327776e-01
6.075550825955872278e+04 9.665927348270602071e-01
6.075550851961941225e+04 1.003828757373403935e+00
6.075550877968010900e+04 1.055149260963891500e+00
6.075550903974079847e+04 9.534866086416391440e-01
6.075550929980148794e+04 1.017202852257159229e+00
6.075550955986217741e+04 1.032659036552459053e+00
6.075550981992287416e+04 9.916403004052893877e-01
6.075551007998357090e+04 9.740337982603404221e-01
6.075551034004426037e+04 9.736943476867429004e-01
6.075551060010494984e+04 9.643144138430145285e-01
6.075551086016564659e+04 9.774795004451758418e-01
6.075551112022633606e+04 9.919261147833585701e-01
6.075551138028703281e+04 9.907395447360711760e-01
6.075551164034772228e+04 9.759283815164514486e-01
6.075551190040841175e+04 9.860603048446037189e-01
6.075551216046910849e+04 9.993901010691612630e-01
6.075551242052979796e+04 1.014363228638625936e+00
6.075551268059049471e+04 9.812355408670268009e-01
6.075551294065118418e+04 9.686393819354424117e-01
6.075551320071187365e+04 1.074980257908475512e+00
6.075551346077257040e+04 1.019915352114337148e+00
6.075551372083325987e+04 9.516760876159049420e-01
6.075551398089394934e+04 1.046858857143859067e+00
6.075551424095464608e+04 9.992636912880524802e-01
6.075551450101533555e+04 9.759494146825313798e-01
6.075551476107603230e+04 9.978641491788649009e-01
6.075551502113672177e+04 1.019519073731277592e+00
6.075551528119741124e+04 1.013880019347364270e+00
6.075551554125810799e+04 1.006704380383004693e+00
6.075551580131879746e+04 9.661635727185917677e-01
6.075551606137949420e+04 1.082375507275795457e+00
6.075551632144019095e+04 1.040908522029063255e+00
6.075551658150087314e+04 9.817952662637381422e-01
6.075551684156156989e+04 1.056622523879530817e+00
6.075551710162226664e+04 9.598737783453681338e-01
6.075551736168294883e+04 1.009591984245762797e+00
6.075551762174364558e+04 9.155251432536171130e-01
6.075551788180433505e+04 1.029164209524697338e+00
6.075551814186503179e+04 1.045109090733957524e+00
6.075551840192572854e+04 9.911358517645528776e-01
6.075551866198641073e+04 9.523828268710264888e-01
6.075551892204710748e+04 1.032861996684831807e+00
6.075551918210780423e+04 9.946703166392930617e-01
6.075551944216849370e+04 1.039697600623465279e+00
6.075551970222919044e+04 1.068330124458953145e+00
6.075551996228987991e+04 1.069285022064175639e+00
6.075552022235056938e+04 1.055899253706667151e+00
6.075552048241126613e+04 1.068527949078829087e+00
6.075552074247194832e+04 1.078626357475696018e+00
6.075552100253265235e+04 1.038790287419700364e+00
6.075552126259334182e+04 1.053614657609629912e+00
6.075552152265403129e+04 9.532746199150945454e-01
6.075552178271472803e+04 1.062221684926685672e+00
6.075552204277541750e+04 1.014891866709864976e+00
6.075552230283610697e+04 9.351645146484486304e-01
6.075552256289680372e+04 1.026282074383108478e+00
6.075552282295750047e+04 9.963057439763765011e-01
6.075552308301818994e+04 9.650160546829202879e-01
6.075552334307887941e+04 9.722250929563148736e-01
6.075552360313957615e+04 9.234007563515330697e-01
6.075552386320026562e+04 1.010291306460411542e+00
6.075552412326096237e+04 9.547611777225266660e-01
6.075552438332165912e+04 1.008331334710697469e+00
6.075552464338234131e+04 9.718225385434269281e-01
6.075552490344303806e+04 9.762854809947714152e-01
6.075552516350373480e+04 9.871962200130511844e-01
6.075552542356441700e+04 9.741907280604897856e-01
6.075552568362511374e+04 1.017936160966828485e+00
6.075552594368581049e+04 9.923409059022484380e-01
6.075552620374649996e+04 1.020011315805377405e+00
6.075552646380719671e+04 1.032686815356062437e+00
6.075552672386788618e+04 1.087748252558661477e+00
6.075552698392857565e+04 1.006366608920052030e+00
6.075552724398927239e+04 9.349980030655834495e-01
6.075552750404996914e+04 1.043017368793842214e+00
6.075552776411065861e+04 1.034347140653240293e+00
6.075552802417134808e+04 1.019477506117823173e+00
6.075552828423204483e+04 1.031598528344898069e+00
6.075552854429273430e+04 9.614440929370779987e-01
6.075552880435342377e+04 9.813407871078778655e-01
6.075552906441412051e+04 1.054155075049200807e+00
6.075552932447480998e+04 1.017183414676142483e+00
6.075552958453550673e+04 1.013003770414652838e+00
6.075552984459620347e+04 1.022930419415877257e+00
6.075553010465688567e+04 1.038031228233012637e+00
6.075553036471758242e+04 9.714071894301946619e-01
6.075553062477827916e+04 1.045429914995014364e+00
6.075553088483896863e+04 1.027706735252125636e+00
6.075553114489966538e+04 1.003934425940441022e+00
6.075553140496035485e+04 1.096919769020090696e+00
6.075553166502104432e+04 9.988322591641434212e-01
6.075553192508174106e+04 1.096731093554411007e+00
6.075553218514243054e+04 9.217419271907034695e-01
6.075553244520312728e+04 1.020844943803321359e+00
6.075553270526381675e+04 1.028182044718959576e+00
6.075553296532451350e+04 9.712655008945185742e-01
6.075553322538520297e+04 1.019445974113824427e+00
6.075553348544589244e+04 9.443065526049926328e-01
6.075553503087646095e+04 1.003114140159917289e+00
6.075553529093715770e+04 1.013651355727479997e+00
6.075553555099784717e+04 1.001498381839126095e+00
6.075553581105853664e+04 1.049800104406317436e+00
6.075553607111923338e+04 9.947406717965736611e-01
6.075553633117992285e+04 9.362300671819874243e-01
6.075553659124061960e+04 1.051231642768849284e+00
6.075553685130131635e+04 9.288383079454637370e-01
6.075553711136199854e+04 9.089462218496473511e-01
6.075553737142269529e+04 1.037552497991950595e+00
6.075553763148339203e+04 9.467145892032634569e-01
6.075553789154408878e+04 9.792195472618357988e-01
6.075553815160477825e+04 1.044033184582191742e+00
6.075553841166546772e+04 1.032385719773639687e+00
6.075553867172616447e+04 1.045045769192160190e+00
6.075553893178685394e+04 9.515982306208549124e-01
6.075553919184754341e+04 1.065532089987974329e+00
6.075553945190824015e+04 1.010564812599237694e+00
6.075553971196892962e+04 9.928815655763776338e-01
6.075553997202962637e+04 1.011535429355596261e+00
6.075554023209032312e+04 9.609765526786920864e-01
6.075554049215101259e+04 1.020769226363286153e+00
6.075554075221170206e+04 1.020772002907463616e+00
6.075554101227239880e+04 9.323777872403732347e-01
6.075554127233309555e+04 1.019932854761908425e+00
6.075554153239378502e+04 1.008028733468949945e+00
6.075554179245447449e+04 1.052493485875046320e+00
6.075554205251517124e+04 9.986682481914740395e-01
6.075554231257586798e+04 9.653401281779260268e-01
6.075554257263655018e+04 9.320288363001900667e-01
6.075554283269725420e+04 1.003314267597734677e+00
6.075554309275794367e+04 9.462253698872913343e-01
6.075554335281863314e+04 1.041304629963025530e+00
6.075554361287932988e+04 9.992018718628680185e-01
6.075554387294001936e+04 9.478790609142260237e-01
6.075554413300071610e+04 9.124444552871047165e-01
6.075554439306140557e+04 1.046495048528015115e+00
6.075554465312210232e+04 9.094550458199207599e-01
6.075554491318279906e+04 9.223135488728546605e-01
6.075554517324348853e+04 1.047844833879710835e+00
6.075554543330417800e+04 1.023597169332753465e+00
6.075554569336487475e+04 9.705986948639504508e-01
6.075554595342557150e+04 1.044834992584186217e+00
6.075554621348626097e+04 1.029697187913136691e+00
6.075554647354695044e+04 1.043394231159791463e+00
6.075554673360764718e+04 1.007774665758306432e+00
6.075554699366834393e+04 9.815206424430991117e-01
6.075554725372902612e+04 1.002331666765060580e+00
6.075554751378972287e+04 1.009282998963417777e+00
6.075554777385041962e+04 1.019330601769706579e+00
6.075554803391111636e+04 9.953554449402963744e-01
6.075554829397180583e+04 9.664112692998158005e-01
6.075554855403249530e+04 9.407010642487221297e-01
6.075554881409319205e+04 1.017007295778979525e+00
6.075554907415388152e+04 9.639601733891548507e-01
6.075554933421457827e+04 9.903497678127461956e-01
6.075554959427527501e+04 9.655641509955779078e-01
6.075554985433596448e+04 1.022676398787582430e+00
6.075555011439665395e+04 9.957305837395006298e-01
6.075555037445735070e+04 9.923879478153282419e-01
6.075555063451804017e+04 1.016378932547899572e+00
6.075555089457873692e+04 9.981131255922061074e-01
6.075555115463942639e+04 9.594747201750539745e-01
6.075555141470012313e+04 1.013412622929223739e+00
6.075555167476081988e+04 9.445491162977598387e-01
6.075555193482150935e+04 1.011574473802330898e+00
6.075555219488219882e+04 1.001741716280298622e+00
6.075555245494289557e+04 9.916329804107661960e-01
6.075555271500359231e+04 9.592339191738645798e-01
6.075555297506428906e+04 1.000571633850026121e+00
6.075555323512497125e+04 1.021489848329661276e+00
6.075555349518566800e+04 1.030523000180868065e+00
6.075555375524636474e+04 9.711116904339844869e-01
6.075555401530705421e+04 1.008961598033693008e+00
6.075555427536775096e+04 9.893189018030912329e-01
6.075555453542844043e+04 9.736698626196471640e-01
6.075555479548913718e+04 9.345855238936854326e-01
6.075555505554983392e+04 9.993178013465292553e-01
6.075555531561051612e+04 9.301491696950268118e-01
6.075555557567121286e+04 1.072698394476813588e+00
6.075555583573190961e+04 1.007429872067158616e+00
6.075555609579260636e+04 8.831775087877261621e-01
6.075555635585329583e+04 1.019340289491354579e+00
6.075555661591398530e+04 1.025307412372327143e+00
6.075555687597468204e+04 1.023027803453970153e+00
6.075555713603537879e+04 9.975993096435499252e-01
6.075555739609607554e+04 1.086625424091511194e+00
6.075555765615676501e+04 1.005858725283705457e+00
6.075555791621745448e+04 9.253219460395700757e-01
6.075555817627815122e+04 1.039429775441919057e+00
6.075555843633884797e+04 1.021992632474198581e+00
6.075555869639953016e+04 9.795072405439650964e-01
6.075555895646022691e+04 9.954225579228195286e-01
6.075555921652092366e+04 9.997932484348854842e-01
6.075555947658162040e+04 9.887996415233005765e-01
6.075555973664230987e+04 9.440219765445885258e-01
6.075555999670299934e+04 9.327027626908075408e-01
6.075556025676369609e+04 9.814537605827613476e-01
6.075556051682439283e+04 9.673344351160003685e-01
6.075556077688508958e+04 1.073400489956622517e+00
6.075556103694577905e+04 9.388868688663982720e-01
6.075556129700646852e+04 9.948713631801782142e-01
6.075556155706716527e+04 9.736868528683790824e-01
6.075556181712786201e+04 1.004193296277989811e+00
6.075556207718854421e+04 1.021214430867098955e+00
6.075556233724924095e+04 1.010418214345914611e+00
6.075556259730993770e+04 1.028995137343264199e+00
6.075556285737063445e+04 9.828625066116006836e-01
6.075556311743133119e+04 1.002684008151299988e+00
6.075556337749201339e+04 1.005648209471399435e+00
6.075556504896522529e+04 1.022895104252708576e+00
6.075556530902591476e+04 9.907263939277254350e-01
6.075556556908661150e+04 1.022435016455667256e+00
6.075556582914730097e+04 9.843947782121010848e-01
6.075556608920799772e+04 1.052206523773474789e+00
6.075556634926869447e+04 1.109258998899145254e+00
6.075556660932938394e+04 9.770166818617725957e-01
6.075556686939008068e+04 9.795059129898514572e-01
6.075556712945077015e+04 1.047804483661260555e+00
6.075556738951146690e+04 9.102714171357596529e-01
6.075556764957216365e+04 9.949421216799995138e-01
6.075556790963285312e+04 1.026837595316769658e+00
6.075556816969354986e+04 1.029892467163147751e+00
6.075556842975423933e+04 9.657215306021789125e-01
6.075556868981492880e+04 9.879302782213343903e-01
6.075556894987563282e+04 9.707626228685469760e-01
6.075556920993632230e+04 9.918282595089090714e-01
6.075556946999701904e+04 9.894930938815058585e-01
6.075556973005770851e+04 1.054431180428392567e+00
6.075556999011839798e+04 9.819192487481639420e-01
6.075557025017909473e+04 9.902388919316474913e-01
6.075557051023979147e+04 1.033565775082890603e+00
6.075557077030048822e+04 1.052719564913001227e+00
6.075557103036117769e+04 1.023500634668109921e+00
6.075557129042186716e+04 1.026552930497437455e+00
6.075557155048256391e+04 9.737549162495762189e-01
6.075557181054326065e+04 9.792050447230438159e-01
6.075557207060395740e+04 1.045977158146886188e+00
6.075557233066464687e+04 9.891135553503995759e-01
6.075557259072533634e+04 1.030850407215028630e+00
6.075557285078603309e+04 1.063133164175500189e+00
6.075557311084672983e+04 9.445900703408229848e-01
6.075557337090741930e+04 1.019269974629912756e+00
6.075557363096811605e+04 9.982268835597594148e-01
6.075557389102880552e+04 9.899904594886993481e-01
6.075557415108950227e+04 9.730603529380670302e-01
6.075557441115019901e+04 1.028419323226771764e+00
6.075557467121088848e+04 1.064302398557277041e+00
6.075557493127158523e+04 1.050407035871000039e+00
6.075557519133227470e+04 1.059253954515452456e+00
6.075557545139297144e+04 1.000354808544928087e+00
6.075557571145366819e+04 1.014485266699922450e+00
6.075557597151435766e+04 1.016981656037024173e+00
6.075557623157505441e+04 9.657720173789722251e-01
6.075557649163575115e+04 1.085698243209123781e+00
6.075557675169643335e+04 1.047935608390804019e+00
6.075557701175713009e+04 9.980052571914078685e-01
6.075557727181782684e+04 1.060849498978085448e+00
6.075557753187852359e+04 9.866146746274644386e-01
6.075557779193922033e+04 1.006650554229413741e+00
6.075557805199990980e+04 1.078814551749570194e+00
6.075557831206059927e+04 1.034643649457714032e+00
6.075557857212129602e+04 1.030869491929093940e+00
6.075557883218199277e+04 1.042195318445405139e+00
6.075557909224268951e+04 1.030950856580194142e+00
6.075557935230337898e+04 1.073722171815540971e+00
6.075557961236407573e+04 9.425089788918051825e-01
6.075557987242476520e+04 9.690622274097792088e-01
6.075558013248546195e+04 1.023045444741407017e+00
6.075558039254615869e+04 1.057292158855505537e+00
6.075558065260684816e+04 1.032528263594925555e+00
6.075558091266754491e+04 1.055947756391710568e+00
6.075558117272824165e+04 9.570607416325273009e-01
6.075558143278892385e+04 9.504235911949574511e-01
6.075558169284962059e+04 9.846084089898191616e-01
6.075558195291031734e+04 9.686413883110445155e-01
6.075558221297101409e+04 9.763607932310547355e-01
6.075558247303171083e+04 9.617321692723902471e-01
6.075558273309240030e+04 1.021221014697423213e+00
6.075558299315309705e+04 9.812484675443153836e-01
6.075558325321378652e+04 9.778603506161730463e-01
6.075558351327448327e+04 1.056729337169692196e+00
6.075558377333518001e+04 9.458391249277601220e-01
6.075558403339586948e+04 1.016299591826361315e+00
6.075558429345656623e+04 9.579964540692088582e-01
6.075558455351726298e+04 9.742373521709142281e-01
6.075558481357794517e+04 9.622438338713676931e-01
6.075558507363864192e+04 9.988778526455304174e-01
6.075558533369933866e+04 1.006882293237071124e+00
6.075558559376003541e+04 1.043440999389957824e+00
6.075558585382073215e+04 9.455755150547489052e-01
6.075558611388142162e+04 1.016083534232185004e+00
6.075558637394211837e+04 1.026678746912361051e+00
6.075558663400280784e+04 9.397578163217831237e-01
6.075558689406350459e+04 9.819934567561966476e-01
6.075558715412420133e+04 9.346454526492360415e-01
6.075558741418489080e+04 1.002410991734589585e+00
6.075558767424558755e+04 1.025468055913793641e+00
6.075558793430628430e+04 1.023206317620364514e+00
6.075558819436697377e+04 9.658020179354078749e-01
6.075558845442767051e+04 9.660538159530274172e-01
6.075558871448835998e+04 1.027696941235446193e+00
6.075558897454905673e+04 1.001807790742383242e+00
6.075558923460975348e+04 9.500756177857859752e-01
6.075558949467044295e+04 1.020053706240822811e+00
6.075558975473113969e+04 9.880370358571570755e-01
6.075559001479183644e+04 1.015661725139744620e+00
6.075559027485253318e+04 1.013717770168738985e+00
6.075559053491322265e+04 1.016419789780224736e+00
6.075559079497391212e+04 1.021496059375290200e+00
6.075559105503460887e+04 9.797500651329102972e-01
6.075559131509530562e+04 1.047509972037709902e+00
6.075559157515600236e+04 1.044880212411878784e+00
6.075559183521669911e+04 9.965406328930994651e-01
6.075559209527738858e+04 9.731131484030639545e-01
6.075559235533808533e+04 1.047038640811023491e+00
6.075559261539877480e+04 9.274815505249696113e-01
6.075559287545946427e+04 9.516750876601716147e-01
6.075559313552016101e+04 9.247831518366658177e-01
6.075559339558085776e+04 9.716199445207982510e-01
6.075559494101491873e+04 1.027132503104190020e+00
6.075559520107561548e+04 9.679686572226244845e-01
6.075559546113631222e+04 9.988796186412738365e-01
6.075559572119700897e+04 1.029738811710063429e+00
6.075559598125769844e+04 1.033940085321626290e+00
6.075559624131839519e+04 1.018944693202785023e+00
6.075559650137908466e+04 1.095801748424379607e+00
6.075559676143977413e+04 9.660755074966786982e-01
6.075559702150047087e+04 9.841476707430806270e-01
6.075559728156116762e+04 1.060975612073072005e+00
6.075559754162186437e+04 9.950806026172656082e-01
6.075559780168256111e+04 1.024380268131362959e+00
6.075559806174325058e+04 1.024823572417854489e+00
6.075559832180394733e+04 1.004043560590290651e+00
6.075559858186464407e+04 1.025973918263048512e+00
6.075559884192533355e+04 9.925841361438781929e-01
6.075559910198603029e+04 1.009587929129749373e+00
6.075559936204671976e+04 1.001051459605176275e+00
6.075559962210741651e+04 9.617744627773767707e-01
6.075559988216811325e+04 8.986620107838488858e-01
6.075560014222880272e+04 1.004456008761774211e+00
6.075560040228950675e+04 9.918620384006616719e-01
6.075560066235019622e+04 9.930916525641892978e-01
6.075560092241089296e+04 1.020984215640059700e+00
6.075560118247158971e+04 9.631836076783393263e-01
6.075560144253227918e+04 1.054210073926323599e+00
6.075560170259296865e+04 1.000863415407300394e+00
6.075560196265366540e+04 9.583813167514257936e-01
6.075560222271436214e+04 9.231990665647630268e-01
6.075560248277505889e+04 9.820779991648974638e-01
6.075560274283574836e+04 9.955194428749939428e-01
6.075560300289644510e+04 1.026050370147056245e+00
6.075560326295714185e+04 1.005055260431569453e+00
6.075560352301783860e+04 1.094624284249577029e+00
6.075560378307853534e+04 9.782623164364498969e-01
6.075560404313922481e+04 9.969538145793973571e-01
6.075560430319992156e+04 1.018564529362746773e+00
6.075560456326061831e+04 1.079316949575616968e+00
6.075560482332130050e+04 9.693065413210453229e-01
6.075560508338199725e+04 9.529285397916691380e-01
6.075560534344269399e+04 9.974608729393651396e-01
6.075560560350339074e+04 9.827609329461705068e-01
6.075560586356408749e+04 9.923799104532143867e-01
6.075560612362477696e+04 1.040656820096889534e+00
6.075560638368547370e+04 9.900851375225939721e-01
6.075560664374617045e+04 9.989491400848070635e-01
6.075560690380686719e+04 1.027996739679468474e+00
6.075560716386756394e+04 1.032145852075427861e+00
6.075560742392825341e+04 1.038244215598185249e+00
6.075560768398895016e+04 1.014459746088548053e+00
6.075560794404964690e+04 9.927332910653133835e-01
6.075560820411032910e+04 9.577198415914526253e-01
6.075560846417102584e+04 1.059382602040461974e+00
6.075560872423172259e+04 9.605530758132682090e-01
6.075560898429241934e+04 9.452656253881026593e-01
6.075560924435311608e+04 1.069124139882756452e+00
6.075560950441380555e+04 1.003138663161815547e+00
6.075560976447450230e+04 9.610560569892439009e-01
6.075561002453519905e+04 9.765062280607644807e-01
6.075561028459589579e+04 1.028234447259184225e+00
6.075561054465659254e+04 1.025311757267414858e+00
6.075561080471728201e+04 1.106609962266660974e+00
6.075561106477797875e+04 9.633002102856541571e-01
6.075561132483867550e+04 1.040735782117625075e+00
6.075561158489937225e+04 1.006630560433229071e+00
6.075561184496006899e+04 1.032451314933822806e+00
6.075561210502075846e+04 9.477841693414950086e-01
6.075561236508144793e+04 1.012960908405505123e+00
6.075561262514214468e+04 9.959625966561300725e-01
6.075561288520283415e+04 9.870564571840541035e-01
6.075561314526353090e+04 1.001913192385141649e+00
6.075561340532422764e+04 9.884311480636094327e-01
6.075561366538492439e+04 9.762314807800895888e-01
6.075561392544562113e+04 9.630330325520484180e-01
6.075561418550631060e+04 9.592206660828721532e-01
6.075561444556700735e+04 1.033764345882615565e+00
6.075561470562770410e+04 1.042468006507513589e+00
6.075561496568840084e+04 1.067981882626145129e+00
6.075561522574909759e+04 1.023553514821215371e+00
6.075561548580978706e+04 1.020311304661723595e+00
6.075561574587048381e+04 1.052282484173799215e+00
6.075561600593118055e+04 1.026984851069534521e+00
6.075561626599187002e+04 1.028369775195862257e+00
6.075561652605256677e+04 9.955593002889504550e-01
6.075561678611326352e+04 1.189453463196136651e+00
6.075561704617396026e+04 1.094754415084346677e+00
6.075561730623465701e+04 9.824807796606818133e-01
6.075561756629534648e+04 1.033160332609211807e+00
6.075561782635604322e+04 1.102326166939979757e+00
6.075561808641673269e+04 1.077477479451805609e+00
6.075561834647742944e+04 1.045085799383022929e+00
6.075561860653812619e+04 9.782477034686913875e-01
6.075561886659881566e+04 1.131720418345528945e+00
6.075561912665951240e+04 1.043224069084262684e+00
6.075561938672020915e+04 9.447573184135099611e-01
6.075561964678089862e+04 1.009003806049398211e+00
6.075561990684160264e+04 1.033685103733542388e+00
6.075562016690229211e+04 1.025630713905955504e+00
6.075562042696298886e+04 1.004250598485879165e+00
6.075562068702368560e+04 1.038625160799253377e+00
6.075562094708437508e+04 9.728956845969879419e-01
6.075562120714507182e+04 9.500835415878561285e-01
6.075562146720576857e+04 1.050576329857596303e+00
6.075562172726646531e+04 9.924632578242371661e-01
6.075562198732716206e+04 9.446539610137210108e-01
6.075562224738785153e+04 9.844404158992307030e-01
6.075562250744854828e+04 1.008835938835305202e+00
6.075562276750924502e+04 1.042397803357668185e+00
6.075562302756994177e+04 9.639476172454095604e-01
6.075562328763063852e+04 9.994688037801330305e-01
6.075562490904599690e+04 1.007654682606319074e+00
6.075562516909990518e+04 9.758995685805793574e-01
6.075562542915379890e+04 1.011933797081681963e+00
6.075562568920769263e+04 1.056592846505578276e+00
6.075562594926160091e+04 1.012145106084339163e+00
6.075562620931549463e+04 9.687498267003421537e-01
6.075562646936939564e+04 1.001901718852556300e+00
6.075562672942329664e+04 9.793034168328254019e-01
6.075562698947719036e+04 9.742202455545641016e-01
6.075562724953109864e+04 1.002720326950869989e+00
6.075562750958499237e+04 9.753572805822031677e-01
6.075562776963889337e+04 1.054365426141321782e+00
6.075562802969280165e+04 1.040466146368875355e+00
6.075562828974669537e+04 9.755635010217051928e-01
6.075562854980059637e+04 1.043579765657832281e+00
6.075562880985449738e+04 1.000298535210740303e+00
6.075562906990839110e+04 1.034054781512085075e+00
6.075562932996229938e+04 9.964201339989801065e-01
6.075562959001619311e+04 1.000283136897411662e+00
6.075562985007009411e+04 1.055615888596448615e+00
6.075563011012399511e+04 1.000979471198415904e+00
6.075563037017788884e+04 9.815613482339617946e-01
6.075563063023179711e+04 1.042517288778543882e+00
6.075563089028569084e+04 1.053988875222997335e+00
6.075563115033958456e+04 9.555851427451806934e-01
6.075563141039349284e+04 9.298500368565694174e-01
6.075563167044738657e+04 1.030039242377391417e+00
6.075563193050128757e+04 9.775631164897380376e-01
6.075563219055518857e+04 1.075839698025992108e+00
6.075563245060908230e+04 1.060748541529593636e+00
6.075563271066299058e+04 1.009416205938897804e+00
6.075563297071688430e+04 1.073689987768734033e+00
6.075563323077078530e+04 9.788365488662370550e-01
6.075563349082468631e+04 1.019394952328909199e+00
6.075563375087858003e+04 1.014401071472996740e+00
6.075563401093248831e+04 9.872308052231644204e-01
6.075563427098638203e+04 1.022789638181495153e+00
6.075563453104027576e+04 1.044676658022216875e+00
6.075563479109418404e+04 1.050704407276744634e+00
6.075563505114807776e+04 1.000023888501397229e+00
6.075563531120197877e+04 1.028266399763525074e+00
6.075563557125588704e+04 9.867277955029849501e-01
6.075563583130978077e+04 1.048187136963355304e+00
6.075563609136368905e+04 9.531497500660079947e-01
6.075563635141758277e+04 1.071883453672763720e+00
6.075563661147148377e+04 1.059474968631867409e+00
6.075563687152538478e+04 9.552985274415717321e-01
6.075563713157927850e+04 1.028438282148403271e+00
6.075563739163318678e+04 9.841694292485969608e-01
6.075563765168708051e+04 9.995980306245467739e-01
6.075563791174097423e+04 1.013152632797685415e+00
6.075563817179488251e+04 9.648127907330235065e-01
6.075563843184877624e+04 1.091329171423146338e+00
6.075563869190267724e+04 1.069334769494229898e+00
6.075563895195657824e+04 1.080593786001507350e+00
6.075563921201047197e+04 9.600180511689963003e-01
6.075563947206438024e+04 1.092723994849009062e+00
6.075563973211827397e+04 9.824800619442894956e-01
6.075563999217217497e+04 9.887840393187040666e-01
6.075564025222608325e+04 1.048169807922138208e+00
6.075564051227997697e+04 1.048404132484693552e+00
6.075564077233388525e+04 1.081159092122744303e+00
6.075564103238777898e+04 1.026575583220377119e+00
6.075564129244167270e+04 9.961835619780331497e-01
6.075564155249558098e+04 1.088908649822438734e+00
6.075564181254947471e+04 1.085888157155259437e+00
6.075564207260337571e+04 1.031381650621749246e+00
6.075564233265727671e+04 1.061552276026162200e+00
6.075564259271117044e+04 1.084330786793016088e+00
6.075564285276507871e+04 1.024930343442807423e+00
6.075564311281897244e+04 1.050819163225348740e+00
6.075564337287286617e+04 1.003397892331979513e+00
6.075564363292677444e+04 1.039671276342657213e+00
6.075564389298066817e+04 1.026857741904776633e+00
6.075564415303458372e+04 1.069439458530820009e+00
6.075564441308847745e+04 9.641695113644103143e-01
6.075564467314237118e+04 9.921938415136943856e-01
6.075564493319627945e+04 9.992836799308721929e-01
6.075564519325017318e+04 1.016015796050929509e+00
6.075564545330407418e+04 9.199066112263569739e-01
6.075564571335797518e+04 1.019615877650737135e+00
6.075564597341186891e+04 9.979175505381417954e-01
6.075564623346577719e+04 9.975328451284358744e-01
6.075564649351967091e+04 9.167312995619186777e-01
6.075564675357356464e+04 9.940762694405018696e-01
6.075564701362747292e+04 9.959406588574503116e-01
6.075564727368136664e+04 1.021466000425997445e+00
6.075564753373527492e+04 1.011007311390995866e+00
6.075564779378917592e+04 9.525848407212137436e-01
6.075564805384306965e+04 1.008131038486127506e+00
6.075564831389697792e+04 1.028819724575664729e+00
6.075564857395087165e+04 9.745470691151261189e-01
6.075564883400477265e+04 9.776360647429256368e-01
6.075564909405867365e+04 9.930763634900658943e-01
6.075564935411256738e+04 1.060280613745529177e+00
6.075564961416647566e+04 9.422341524654844758e-01
6.075564987422036938e+04 1.069629624166918536e+00
6.075565013427426311e+04 1.022422378614964211e+00
6.075565039432817866e+04 9.728841011537716632e-01
6.075565065438207239e+04 1.002363943054566775e+00
6.075565091443597339e+04 9.300571375636278448e-01
6.075565117448987439e+04 1.000646562454042821e+00
6.075565143454376812e+04 1.106375457516410643e+00
6.075565169459767640e+04 1.068651304871699237e+00
6.075565195465157012e+04 1.005091678842899849e+00
6.075565221470547112e+04 9.874372625666926195e-01
6.075565247475937213e+04 9.624926539822706850e-01
6.075565273481326585e+04 1.054521367280468747e+00
6.075565299486718141e+04 9.605913086506587817e-01
6.075565325492107513e+04 1.015737325692895876e+00
6.075565492676799477e+04 9.944966983258964888e-01
6.075565518682868424e+04 9.443667555055437202e-01
6.075565544688938098e+04 1.004268246959775235e+00
6.075565570695007773e+04 9.714529367668073290e-01
6.075565596701077448e+04 1.029004066538653506e+00
6.075565622707147122e+04 9.900087944045221633e-01
6.075565648713216069e+04 1.020985217985012516e+00
6.075565674719285744e+04 1.023790724677617225e+00
6.075565700725356146e+04 1.013940344308276398e+00
6.075565726731425821e+04 1.090567750594340524e+00
6.075565752737495495e+04 1.043503115165958395e+00
6.075565778743564442e+04 9.763722236214847916e-01
6.075565804749634117e+04 1.011264564017502421e+00
6.075565830755703792e+04 9.727625545603766355e-01
6.075565856761772739e+04 1.031650256569041080e+00
6.075565882767842413e+04 1.030509092130609483e+00
6.075565908773912088e+04 1.021402867172607642e+00
6.075565934779981762e+04 1.139722514107049500e+00
6.075565960786051437e+04 1.038996001628797350e+00
6.075565986792121112e+04 1.037382371443900997e+00
6.075566012798190786e+04 1.038124096164752652e+00
6.075566038804260461e+04 1.000855331018695171e+00
6.075566064810330136e+04 1.105195466040565844e+00
6.075566090816399810e+04 9.682821931433410745e-01
6.075566116822468757e+04 9.666260384937841454e-01
6.075566142828538432e+04 9.310916315114128317e-01
6.075566168834608106e+04 9.655723689038115953e-01
6.075566194840677781e+04 1.052106846022194953e+00
6.075566220846748183e+04 9.253062011030394052e-01
6.075566246852817130e+04 9.441650302337510903e-01
6.075566272858886805e+04 1.052429981288143912e+00
6.075566298864956480e+04 1.054610442711356955e+00
6.075566324871025427e+04 9.544456912118862713e-01
6.075566350877095101e+04 9.782026940123046410e-01
6.075566376883164776e+04 1.022578947583918207e+00
6.075566402889234450e+04 1.033032124905377991e+00
6.075566428895304125e+04 1.006972186097907507e+00
6.075566454901373800e+04 1.033126714595385520e+00
6.075566480907443474e+04 9.478302987711528793e-01
6.075566506913513149e+04 9.740134656174206373e-01
6.075566532919582824e+04 1.044574270150154360e+00
6.075566558925652498e+04 1.032611808916595209e+00
6.075566584931721445e+04 1.027565110476303722e+00
6.075566610937791120e+04 1.035390960567509788e+00
6.075566636943860794e+04 1.037010106882361171e+00
6.075566662949930469e+04 1.070764233109394947e+00
6.075566688956000144e+04 1.039445891993649340e+00
6.075566714962069818e+04 1.016072494532258341e+00
6.075566740968139493e+04 1.007487740932991871e+00
6.075566766974209168e+04 1.017716717571780949e+00
6.075566792980278115e+04 1.046700747644445650e+00
6.075566818986347789e+04 1.033752214886419107e+00
6.075566844992417464e+04 1.016798395293208923e+00
6.075566870998487866e+04 1.037461353465846337e+00
6.075566897004557541e+04 9.189763957526309035e-01
6.075566923010626488e+04 9.799482456577018885e-01
6.075566949016696162e+04 1.008541918022785033e+00
6.075566975022765837e+04 9.788060487190709535e-01
6.075567001028834784e+04 9.994458328967583682e-01
6.075567027034905186e+04 9.459987243331217099e-01
6.075567053040974133e+04 9.997244772676300295e-01
6.075567079047044535e+04 1.041909164681304789e+00
6.075567105053114210e+04 1.027727456710445741e+00
6.075567131059183157e+04 1.027873308452337042e+00
6.075567157065252832e+04 1.001307447425780150e+00
6.075567183071322506e+04 9.363797660618224938e-01
6.075567209077392181e+04 1.027816890544509310e+00
6.075567235083461856e+04 1.042015952503322795e+00
6.075567261089531530e+04 1.022175985094885942e+00
6.075567287095601205e+04 1.009414953615753952e+00
6.075567313101670879e+04 9.803462449814678292e-01
6.075567339107740554e+04 1.062873614556209434e+00
6.075567365113810229e+04 1.078470506554610742e+00
6.075567391119879176e+04 9.788317623863672656e-01
6.075567417125948850e+04 1.008152666369059425e+00
6.075567443132019253e+04 1.019160169732012511e+00
6.075567469138088200e+04 9.854051380556678730e-01
6.075567495144157874e+04 9.676543290553253351e-01
6.075567521150227549e+04 1.042752808892305927e+00
6.075567547156297223e+04 1.029647627172821878e+00
6.075567573162366898e+04 1.046282393314109216e+00
6.075567599168436573e+04 9.927087913884611314e-01
6.075567625174506247e+04 1.070886780563290452e+00
6.075567651180575922e+04 9.592463355990188401e-01
6.075567677186645597e+04 9.595324874666505410e-01
6.075567703192715271e+04 9.991030738220836316e-01
6.075567729198784218e+04 1.048700312370771437e+00
6.075567755204853893e+04 1.017683570099650714e+00
6.075567781210924295e+04 9.746838673773544626e-01
6.075567807216993242e+04 9.553812020976097941e-01
6.075567833223062917e+04 1.000651784483177043e+00
6.075567859229132591e+04 9.513175792367255523e-01
6.075567885235202266e+04 1.074694077055457830e+00
6.075567911241271941e+04 1.035575773248202269e+00
6.075567937247341615e+04 1.015547847451363506e+00
6.075567963253411290e+04 1.006988669078255461e+00
6.075567989259480964e+04 1.037408887849483596e+00
6.075568015265550639e+04 9.850764888118593854e-01
6.075568041271620314e+04 9.671041708493460787e-01
6.075568067277689261e+04 1.003840886785593689e+00
6.075568093283759663e+04 9.967064482770910949e-01
6.075568119289829338e+04 1.009805120010537571e+00
6.075568145295898285e+04 1.058368374165961967e+00
6.075568171301968687e+04 1.020579434251952300e+00
6.075568197308037634e+04 1.091001438594450645e+00
6.075568223314107308e+04 1.041401790680914985e+00
6.075568249320177711e+04 1.003206223175882039e+00
6.075568275326246658e+04 9.889666505027037147e-01
6.075568301332316332e+04 9.724319170480894003e-01
6.075568327338386007e+04 1.019645689959238766e+00
6.075568483179301256e+04 9.171366078056746307e-01
6.075568509184680443e+04 1.056267290515151780e+00
6.075568535190059629e+04 1.049608858259723831e+00
6.075568561195438815e+04 1.118918934360715323e+00
6.075568587200818729e+04 9.877701778411491773e-01
6.075568613206199370e+04 1.023840735646651678e+00
6.075568639211578557e+04 1.030911723541424463e+00
6.075568665216957743e+04 1.009035824880021304e+00
6.075568691222336929e+04 1.035269574132128723e+00
6.075568717227716115e+04 1.002298716618222896e+00
6.075568743233096029e+04 9.981689668544300176e-01
6.075568769238475215e+04 9.982169248879114720e-01
6.075568795243854402e+04 1.055355134628186642e+00
6.075568821249233588e+04 1.053506438973372372e+00
6.075568847254613502e+04 9.806342420172761143e-01
6.075568873259992688e+04 1.044589018490757804e+00
6.075568899265372602e+04 1.016658956189311347e+00
6.075568925270752516e+04 9.873709321135096806e-01
6.075568951276131702e+04 1.024471919196221714e+00
6.075568977281511616e+04 1.023234603917874130e+00
6.075569003286890802e+04 9.630159116214151993e-01
6.075569029292269988e+04 1.052625089608147269e+00
6.075569055297649174e+04 1.023336295362693660e+00
6.075569081303029088e+04 1.024344979453959414e+00
6.075569107308408275e+04 1.013370382270606163e+00
6.075569133313787461e+04 9.804643433168713784e-01
6.075569159319166647e+04 1.020115699911104068e+00
6.075569185324547288e+04 1.060687310225376434e+00
6.075569211329927202e+04 9.288788638011958865e-01
6.075569237335306389e+04 1.006777108450797265e+00
6.075569263340685575e+04 1.053044336812189341e+00
6.075569289346064761e+04 1.050346712143864769e+00
6.075569315351444675e+04 1.021758035168858880e+00
6.075569341356823861e+04 9.644323549003362972e-01
6.075569367362203047e+04 9.307719880471737595e-01
6.075569393367582234e+04 9.664548428990594742e-01
6.075569419372962147e+04 9.798795489444726003e-01
6.075569445378341334e+04 1.014238289787131819e+00
6.075569471383720520e+04 1.019166318502954027e+00
6.075569497389100434e+04 1.009607010265465510e+00
6.075569523394481075e+04 1.014385792814810339e+00
6.075569549399860261e+04 1.041161195640766257e+00
6.075569575405239448e+04 9.818998481080555285e-01
6.075569601410618634e+04 9.974905827083863086e-01
6.075569627415998548e+04 9.925679159765461446e-01
6.075569653421377734e+04 1.023175226033599783e+00
6.075569679426756920e+04 9.582458375699863806e-01
6.075569705432136107e+04 1.087624435819289248e+00
6.075569731437516020e+04 1.053890994564448791e+00
6.075569757442895207e+04 1.022302931299421402e+00
6.075569783448274393e+04 1.013875998770819020e+00
6.075569809453654307e+04 9.976971032079836599e-01
6.075569835459034948e+04 9.782764328744729676e-01
6.075569861464414134e+04 9.457251283544819698e-01
6.075569887469793321e+04 1.008047722246309785e+00
6.075569913475172507e+04 9.297336220720469058e-01
6.075569939480552421e+04 1.032662032318526713e+00
6.075569965485931607e+04 1.038567211771586951e+00
6.075569991491310793e+04 1.013759343355925324e+00
6.075570017496689979e+04 9.839977753405203531e-01
6.075570043502069893e+04 1.077600506715190587e+00
6.075570069507449080e+04 9.691784868241852813e-01
6.075570095512828993e+04 1.024558953596424793e+00
6.075570121518208907e+04 1.031509610932662024e+00
6.075570147523588821e+04 1.005700477892152778e+00
6.075570173528968007e+04 1.067325191693247133e+00
6.075570199534347194e+04 1.046225847561648381e+00
6.075570225539727107e+04 1.003577288028753012e+00
6.075570251545106294e+04 9.568240842959906400e-01
6.075570277550485480e+04 1.051635653179573415e+00
6.075570303555864666e+04 1.053692898909930342e+00
6.075570329561244580e+04 1.006757637861438903e+00
6.075570355566623766e+04 1.072367807173630005e+00
6.075570381572002952e+04 9.889274180835017081e-01
6.075570407577382866e+04 9.900619526237081081e-01
6.075570433582763508e+04 9.584189908881645126e-01
6.075570459588142694e+04 1.066263360059638954e+00
6.075570485593521880e+04 9.461089308425650879e-01
6.075570511598901066e+04 1.036561599222345587e+00
6.075570537604280980e+04 1.009694179311685813e+00
6.075570563609660167e+04 1.032598716215815671e+00
6.075570589615039353e+04 1.046265772639138225e+00
6.075570615620419267e+04 1.002779078065933582e+00
6.075570641625798453e+04 1.003258474922148036e+00
6.075570667631177639e+04 1.030007985531946835e+00
6.075570693636557553e+04 1.007361178724328177e+00
6.075570719641938194e+04 1.013028362831309259e+00
6.075570745647317381e+04 1.048361229024282082e+00
6.075570771652696567e+04 9.985995471567313819e-01
6.075570797658076481e+04 9.383084973836069986e-01
6.075570823663455667e+04 1.032955158505537874e+00
6.075570849668834853e+04 9.862784118176335380e-01
6.075570875674214039e+04 9.422041003720722507e-01
6.075570901679593953e+04 9.405293540678791864e-01
6.075570927684973140e+04 9.829431655884810493e-01
6.075570953690352326e+04 1.027701043566720873e+00
6.075570979695732240e+04 9.931106123246865591e-01
6.075571005701112153e+04 9.957529511678976375e-01
6.075571031706492067e+04 1.050006049070739911e+00
6.075571057711871254e+04 1.005611645292841860e+00
6.075571083717251167e+04 9.685522409372782082e-01
6.075571109722630354e+04 9.193528979446154992e-01
6.075571135728009540e+04 1.006081268447981181e+00
6.075571161733389454e+04 1.055306619331207285e+00
6.075571187738768640e+04 1.031084069373980450e+00
6.075571213744147826e+04 1.003852164919511347e+00
6.075571239749527740e+04 1.050100318159425505e+00
6.075571265754906926e+04 1.007380211378133383e+00
6.075571291760286840e+04 1.051704700488090172e+00
6.075571317765666754e+04 9.759114589328962142e-01
6.075571474868715450e+04 9.572172476510988348e-01
6.075571500874785124e+04 1.042145803732803744e+00
6.075571526880854799e+04 9.585033014997557110e-01
6.075571552886924474e+04 9.870487389192685868e-01
6.075571578892994148e+04 9.788028519022315965e-01
6.075571604899063823e+04 9.753496708204891785e-01
6.075571630905133497e+04 1.016379599752170737e+00
6.075571656911203172e+04 9.881594489995477737e-01
6.075571682917273574e+04 9.846317208090151762e-01
6.075571708923342521e+04 9.765104214214308520e-01
6.075571734929412196e+04 1.003435453186473536e+00
6.075571760935482598e+04 9.521966321128743083e-01
6.075571786941552273e+04 1.032417053665718010e+00
6.075571812947621947e+04 1.040642623146643464e+00
6.075571838953690894e+04 9.955720339129404683e-01
6.075571864959761297e+04 1.001341555305945041e+00
6.075571890965830971e+04 1.024637632219275840e+00
6.075571916971899918e+04 9.690777911468239081e-01
6.075571942977970320e+04 9.977551812634301021e-01
6.075571968984039995e+04 1.043432322766657983e+00
6.075571994990109670e+04 1.046275731571816081e+00
6.075572020996180072e+04 9.390335118901869116e-01
6.075572047002249019e+04 1.054390844908675406e+00
6.075572073008318694e+04 9.723617618068347568e-01
6.075572099014388368e+04 9.949044598627079239e-01
6.075572125020458770e+04 9.301018555755489192e-01
6.075572151026528445e+04 1.029671001663524876e+00
6.075572177032597392e+04 1.002590266002949315e+00
6.075572203038667794e+04 9.649927896573626818e-01
6.075572229044737469e+04 9.824206914207680441e-01
6.075572255050806416e+04 1.098082752503309223e+00
6.075572281056877546e+04 9.778676102216966592e-01
6.075572307062946493e+04 9.421309091876610697e-01
6.075572333069016167e+04 1.043320636775165511e+00
6.075572359075086570e+04 9.989580988085738911e-01
6.075572385081155517e+04 1.042654423140492614e+00
6.075572411087225191e+04 9.834694776661156990e-01
6.075572437093294866e+04 9.558011242830432019e-01
6.075572463099365268e+04 9.830806593665091242e-01
6.075572489105434943e+04 9.533522010783496148e-01
6.075572515111503890e+04 9.332950360689635794e-01
6.075572541117574292e+04 9.520195890803780925e-01
6.075572567123643967e+04 9.684466238921788372e-01
6.075572593129713641e+04 9.917087246872979822e-01
6.075572619135784043e+04 9.759851387161573300e-01
6.075572645141852990e+04 1.043615584108025240e+00
6.075572671147922665e+04 9.902737434048544118e-01
6.075572697153993067e+04 9.611571157709651869e-01
6.075572723160062014e+04 1.047337300530665205e+00
6.075572749166131689e+04 1.048688711334566648e+00
6.075572775172202091e+04 1.014902878441675371e+00
6.075572801178271766e+04 9.986367322419587023e-01
6.075572827184341440e+04 9.371114014226497035e-01
6.075572853190411115e+04 9.441294145182441699e-01
6.075572879196480790e+04 9.294564226065032964e-01
6.075572905202550464e+04 1.043014126458797985e+00
6.075572931208620867e+04 9.547845383967334953e-01
6.075572957214690541e+04 1.043669617790704995e+00
6.075572983220759488e+04 9.218417252595312306e-01
6.075573009226829890e+04 9.720161412892125430e-01
6.075573035232899565e+04 1.038731473182664233e+00
6.075573061238968512e+04 9.946925861879266639e-01
6.075573087245038914e+04 1.024913270672596299e+00
6.075573113251108589e+04 9.743780831248469720e-01
6.075573139257178264e+04 9.404802116272350521e-01
6.075573165263248666e+04 1.007558571172109341e+00
6.075573191269317613e+04 1.054324083058980843e+00
6.075573217275387287e+04 9.174749611249821690e-01
6.075573243281457690e+04 1.001856260892525885e+00
6.075573269287527364e+04 1.058702927949334738e+00
6.075573295293597039e+04 1.034981355187603480e+00
6.075573321299666713e+04 9.826683643929317036e-01
6.075573347305736388e+04 9.718860308659906799e-01
6.075573373311806063e+04 1.008739948175752188e+00
6.075573399317875737e+04 9.504085301649471962e-01
6.075573425323946140e+04 9.823286197422548272e-01
6.075573451330015087e+04 1.026614522864339740e+00
6.075573477336085489e+04 1.028138089657356868e+00
6.075573503342155163e+04 1.007027120819090182e+00
6.075573529348224110e+04 9.535325476601291816e-01
6.075573555354294513e+04 9.979169947180451805e-01
6.075573581360364187e+04 1.015067825743466656e+00
6.075573607366434589e+04 9.949608605128111849e-01
6.075573633372504264e+04 9.630186332894743462e-01
6.075573659378573211e+04 9.185153857079098039e-01
6.075573685384643613e+04 1.038553559885931232e+00
6.075573711390713288e+04 1.006970169593645492e+00
6.075573737396782963e+04 9.816189970078001981e-01
6.075573763402853365e+04 9.816350210170864399e-01
6.075573789408922312e+04 1.040268793257060675e+00
6.075573815414991986e+04 1.011460639619006896e+00
6.075573841421062389e+04 1.012758439645457864e+00
6.075573867427131336e+04 9.778015447493474399e-01
6.075573893433201010e+04 1.006623381532628869e+00
6.075573919439271413e+04 1.042228804048988211e+00
6.075573945445341087e+04 9.993561295290991353e-01
6.075573971451411489e+04 9.294477714877121821e-01
6.075573997457480436e+04 1.010338740034685712e+00
6.075574023463550111e+04 9.572498102081983262e-01
6.075574049469620513e+04 1.005231622460480700e+00
6.075574075475690188e+04 9.824389162265902975e-01
6.075574101481759863e+04 9.845222658931640503e-01
6.075574127487829537e+04 9.661682545980240233e-01
6.075574153493899212e+04 1.006763965791473758e+00
6.075574179499969614e+04 1.047728122403950968e+00
6.075574205506038561e+04 9.904141836990786318e-01
6.075574231512108236e+04 9.877918523813999929e-01
6.075574257518178638e+04 1.003443760608984325e+00
6.075574283524248312e+04 1.003506855462787062e+00
6.075574309530317987e+04 1.025252872199859278e+00
6.075574483016229351e+04 9.817211096008585658e-01
6.075574509021608537e+04 9.999245687398945481e-01
6.075574535026989179e+04 9.506625823320266067e-01
6.075574561032369093e+04 1.071641435067341552e+00
6.075574587037748279e+04 1.020613352299766241e+00
6.075574613043128193e+04 1.090648636262922189e+00
6.075574639048507379e+04 9.867071833723843888e-01
6.075574665053887293e+04 9.807341260904417490e-01
6.075574691059266479e+04 9.397078584735901741e-01
6.075574717064645665e+04 1.043633696134746991e+00
6.075574743070025579e+04 1.035479620198097805e+00
6.075574769075404765e+04 1.012025173058385352e+00
6.075574795080784679e+04 9.523331691203411609e-01
6.075574821086163865e+04 9.294036229023792117e-01
6.075574847091544507e+04 9.726829271702361890e-01
6.075574873096924421e+04 9.702677073429060162e-01
6.075574899102303607e+04 9.796474948277451578e-01
6.075574925107683521e+04 1.031414522695741409e+00
6.075574951113062707e+04 9.733776641146977271e-01
6.075574977118442621e+04 9.331939087886836903e-01
6.075575003123821807e+04 1.025081600782770996e+00
6.075575029129201721e+04 9.848997329419392210e-01
6.075575055134580907e+04 9.303475379143362201e-01
6.075575081139960093e+04 9.830576234009650305e-01
6.075575107145340007e+04 9.592101257037487505e-01
6.075575133150719921e+04 9.807520287736307685e-01
6.075575159156100563e+04 9.837679685987584799e-01
6.075575185161479749e+04 9.878543943881984424e-01
6.075575211166859663e+04 9.657096078881851620e-01
6.075575237172238849e+04 1.023050339204769843e+00
6.075575263177618035e+04 9.267570309969838105e-01
6.075575289182997949e+04 9.383239311304860664e-01
6.075575315188377135e+04 9.899565034954196374e-01
6.075575341193757049e+04 1.024514350923120487e+00
6.075575367199136235e+04 1.042416394384379830e+00
6.075575393204516149e+04 1.022610647027431430e+00
6.075575419209895335e+04 9.935068269523916751e-01
6.075575445215275249e+04 9.587336912302771852e-01
6.075575471220655891e+04 9.661577326965413715e-01
6.075575497226035077e+04 1.007115977926537509e+00
6.075575523231414991e+04 1.003659263354814923e+00
6.075575549236794177e+04 9.874880602489832793e-01
6.075575575242174091e+04 9.534012887649678802e-01
6.075575601247553277e+04 9.986859356882376026e-01
6.075575627252933191e+04 9.346539430074519705e-01
6.075575653258312377e+04 1.048408071069478309e+00
6.075575679263691563e+04 9.291424299452654134e-01
6.075575705269071477e+04 9.551277844324727040e-01
6.075575731274451391e+04 1.049312573638809143e+00
6.075575757279832033e+04 9.835321783719279676e-01
6.075575783285211219e+04 9.870439461969046091e-01
6.075575809290591133e+04 1.006588512056811435e+00
6.075575835295970319e+04 1.019821895208541385e+00
6.075575861301350233e+04 9.892108251126624507e-01
6.075575887306729419e+04 1.010385772560267403e+00
6.075575913312109333e+04 9.557508714848689246e-01
6.075575939317488519e+04 9.714143246235114049e-01
6.075575965322867705e+04 9.690246014022940724e-01
6.075575991328247619e+04 9.909036245773001905e-01
6.075576017333626805e+04 9.653561688838473431e-01
6.075576043339007447e+04 9.978091747106672127e-01
6.075576069344387361e+04 9.286029009894726238e-01
6.075576095349767274e+04 1.028429069566346055e+00
6.075576121355146461e+04 9.491453734148955768e-01
6.075576147360526375e+04 1.008647312465271950e+00
6.075576173365905561e+04 1.022674165342523755e+00
6.075576199371285475e+04 9.919289385871276066e-01
6.075576225376664661e+04 9.972360521960941249e-01
6.075576251382044575e+04 9.578519590190223143e-01
6.075576277387423761e+04 1.008893755993835128e+00
6.075576303392802947e+04 9.482640716027765926e-01
6.075576329398183589e+04 9.262827041659572602e-01
6.075576355403563502e+04 9.866702203118287162e-01
6.075576381408943416e+04 1.002140748899385425e+00
6.075576407414322603e+04 9.521674562750654935e-01
6.075576433419702516e+04 9.573115935329314929e-01
6.075576459425081703e+04 9.999744594237921502e-01
6.075576485430461616e+04 9.591914761170288184e-01
6.075576511435840803e+04 9.579449359138706432e-01
6.075576537441220717e+04 9.423106214852905449e-01
6.075576563446599903e+04 1.011107382194652571e+00
6.075576589451979817e+04 1.008081632114189885e+00
6.075576615457359003e+04 1.015195502306212028e+00
6.075576641462739644e+04 9.914840768254311598e-01
6.075576667468119558e+04 1.065251464075643195e+00
6.075576693473499472e+04 9.638408123401838168e-01
6.075576719478878658e+04 9.997180931375576618e-01
6.075576745484258572e+04 1.017725918203255420e+00
6.075576771489637758e+04 9.862005531841377959e-01
6.075576797495017672e+04 9.572447921977746965e-01
6.075576823500396858e+04 9.834449856927141020e-01
6.075576849505776045e+04 9.467239788620367413e-01
6.075576875511155959e+04 1.003908408765367355e+00
6.075576901516535145e+04 9.682320166601114941e-01
6.075576927521915786e+04 1.029298592700039983e+00
6.075576953527295700e+04 9.364843405510527852e-01
6.075576979532675614e+04 9.745309423357708667e-01
6.075577005538054800e+04 9.968769011251227274e-01
6.075577031543434714e+04 9.374042648887679352e-01
6.075577057548813900e+04 1.070897375323522249e+00
6.075577083554193814e+04 9.605854146295700335e-01
6.075577109559573000e+04 9.529585137117659865e-01
6.075577135564952914e+04 9.524226174850447535e-01
6.075577161570332100e+04 1.070025779565923818e+00
6.075577187575712014e+04 9.698890353803729658e-01
6.075577213581091200e+04 9.664932072743365188e-01
6.075577239586471842e+04 9.973428676306751450e-01
6.075577265591851756e+04 9.330124957828849208e-01
6.075577291597231670e+04 9.480865884508521413e-01
6.075577317602610856e+04 9.860012036566939697e-01
