6.075547523418369383e+04 1.052519940094937878e+00
6.075547549424438330e+04 6.683114875389857268e-01
6.075547575430508005e+04 7.476577476690580148e-01
6.075547601436576224e+04 6.541601698414918342e-01
6.075547627442645899e+04 1.197462516711845115e+00
6.075547653448714846e+04 1.007129324822404248e+00
6.075547679454784520e+04 1.181380412206773478e+00
6.075547705460853467e+04 1.051617135340990661e+00
6.075547731466922414e+04 9.393273266859373249e-01
6.075547757472991361e+04 1.038012796697880269e+00
6.075547783479061036e+04 1.190448413480262646e+00
6.075547809485129255e+04 6.727406031786138385e-01
6.075547835491198930e+04 1.180848451192242576e+00
6.075547861497267877e+04 1.151021768968640169e+00
6.075547887503337552e+04 1.382203338701885720e+00
6.075547913509406499e+04 1.005794135455387428e+00
6.075547939515475446e+04 1.004960097351445203e+00
6.075547965521544393e+04 9.806445898269579020e-01
6.075547991527614067e+04 1.184248242698150877e+00
6.075548017533683014e+04 9.051647612325327552e-01
6.075548043539752689e+04 9.069865483614473201e-01
6.075548069545820908e+04 8.940246845303811973e-01
6.075548095551890583e+04 1.091222563644245858e+00
6.075548121557959530e+04 5.770191118335629143e-01
6.075548147564028477e+04 1.082773003156520808e+00
6.075548173570098152e+04 6.658203599256312666e-01
6.075548199576167099e+04 9.123154334261174281e-01
6.075548225582236773e+04 8.662479251618517839e-01
6.075548251588305720e+04 9.498467953884353054e-01
6.075548277594374667e+04 1.097392073833651116e+00
6.075548303600443614e+04 1.061964076001969515e+00
6.075548329606513289e+04 8.828909798435853329e-01
6.075548355612582236e+04 1.045928964738730427e+00
6.075548381618651911e+04 1.037825829135006428e+00
6.075548407624720130e+04 7.592648844630344174e-01
6.075548433630789805e+04 4.441757398160298687e-01
6.075548459636858752e+04 6.279068966769720817e-01
6.075548485642928426e+04 9.979095162753403025e-01
6.075548511648997373e+04 8.593915252231766333e-01
6.075548537655066320e+04 1.273131326766952842e+00
6.075548563661135267e+04 9.404533452844662245e-01
6.075548589667204942e+04 1.179361726359000162e+00
6.075548615673273162e+04 1.072668101473208901e+00
6.075548641679342836e+04 8.913911540650308885e-01
6.075548667685411783e+04 8.770611033493721509e-01
6.075548693691481458e+04 1.111468504683199576e+00
6.075548719697551132e+04 1.074814086287217085e+00
6.075548745703619352e+04 7.069928378555379034e-01
6.075548771709689026e+04 8.089298360228975859e-01
6.075548797715757973e+04 9.024453335887882011e-01
6.075548823721827648e+04 8.398226472107225282e-01
6.075548849727896595e+04 7.225895013120623434e-01
6.075548875733965542e+04 4.955646100564242151e-01
6.075548901740034489e+04 8.200271521701770761e-01
6.075548927746104164e+04 6.824406485780751819e-01
6.075548953752172383e+04 8.238038514720174010e-01
6.075548979758242058e+04 1.280240600411667540e+00
6.075549005764311732e+04 9.619557173799603289e-01
6.075549031770380680e+04 9.889924673771116614e-01
6.075549057776450354e+04 8.912986864992882285e-01
6.075549083782518574e+04 9.641603866247359100e-01
6.075549109788588248e+04 9.710435358742545153e-01
6.075549135794657195e+04 7.686161837606233505e-01
6.075549161800726870e+04 1.129839600144957323e+00
6.075549187806795817e+04 1.035046876253364889e+00
6.075549213812864764e+04 9.977513913463378348e-01
6.075549239818933711e+04 1.076435197946651545e+00
6.075549265825003386e+04 9.785553793083898722e-01
6.075549291831072333e+04 1.191163442877187784e+00
6.075549317837142007e+04 8.109826907337023272e-01
6.075549343843210954e+04 9.152391688621566157e-01
6.075549369849279901e+04 1.207845092060459979e+00
6.075549395855349576e+04 1.287131115028929296e+00
6.075549421861417795e+04 1.161557119047480935e+00
6.075549447867487470e+04 9.418089256075893312e-01
6.075549473873556417e+04 1.043626443751946242e+00
6.075549499879626092e+04 9.701443610338910117e-01
6.075549525885695766e+04 1.108869093858035670e+00
6.075549551891763986e+04 1.147821392318388423e+00
6.075549577897833660e+04 6.684413882225305192e-01
6.075549603903902607e+04 8.513854687330073556e-01
6.075549629909972282e+04 1.362786495500083905e+00
6.075549655916041229e+04 8.562972898561951318e-01
6.075549681922110176e+04 1.404109136265001334e+00
6.075549707928179851e+04 1.114045491661799669e+00
6.075549733934248798e+04 9.790534763608591540e-01
6.075549759940317745e+04 8.184182542419696782e-01
6.075549785946386692e+04 1.167230740075231976e+00
6.075549811952456366e+04 1.007214042654365205e+00
6.075549837958525313e+04 8.282251537130596031e-01
6.075549863964594988e+04 9.252277030844675565e-01
6.075549889970663935e+04 8.801686148527558817e-01
6.075549915976732882e+04 1.047145339180945101e+00
6.075549941982802557e+04 1.011441525366862937e+00
6.075549967988871504e+04 6.206040003024326790e-01
6.075549993994941178e+04 9.567637093529582915e-01
6.075550020001009398e+04 1.201179112129489246e+00
6.075550046007079072e+04 9.756266654439821329e-01
6.075550072013148747e+04 1.272367972876958131e+00
6.075550098019216966e+04 8.937700443066135536e-01
6.075550124025286641e+04 9.459469388914997223e-01
6.075550150031355588e+04 1.212117689001125820e+00
6.075550176037425263e+04 8.913588482195119456e-01
6.075550202043494210e+04 1.373023211656448694e+00
6.075550228049563157e+04 5.227776565634174588e-01
6.075550254055632831e+04 1.179660226450014227e+00
6.075550280061701778e+04 8.363967908688364483e-01
6.075550306067771453e+04 7.649539104498935815e-01
6.075550332073840400e+04 8.321653134908998384e-01
6.075550358079909347e+04 8.707583012181694393e-01
6.075550513883041276e+04 9.994863720614577396e-01
6.075550539889110951e+04 9.585830772972030456e-01
6.075550565895179898e+04 6.762251592078023510e-01
6.075550591901248845e+04 8.385296047518839835e-01
6.075550617907318519e+04 8.343303734068588939e-01
6.075550643913387466e+04 9.156933750581086606e-01
6.075550669919457141e+04 1.044057960059761481e+00
6.075550695925526088e+04 7.798242006437572371e-01
6.075550721931595035e+04 8.711255384389553491e-01
6.075550747937664710e+04 9.962724054739784396e-01
6.075550773943733657e+04 8.698957108302186603e-01
6.075550799949803331e+04 1.017179099076291005e+00
6.075550825955872278e+04 7.075757572606269363e-01
6.075550851961941225e+04 9.853647914241689953e-01
6.075550877968010900e+04 1.045960887301425224e+00
6.075550903974079847e+04 1.099008123185409191e+00
6.075550929980148794e+04 1.070292238033995202e+00
6.075550955986217741e+04 7.231701234470758743e-01
6.075550981992287416e+04 8.055098780929135227e-01
6.075551007998357090e+04 7.069324940542136559e-01
6.075551034004426037e+04 9.921344778047311852e-01
6.075551060010494984e+04 1.185794725326630994e+00
6.075551086016564659e+04 7.923092280218760886e-01
6.075551112022633606e+04 9.654513139658963405e-01
6.075551138028703281e+04 1.029712729252598935e+00
6.075551164034772228e+04 1.242865036729319472e+00
6.075551190040841175e+04 8.807796895870085851e-01
6.075551216046910849e+04 9.237638424150381722e-01
6.075551242052979796e+04 8.457021536743837276e-01
6.075551268059049471e+04 9.507395319951563728e-01
6.075551294065118418e+04 8.446149680845254082e-01
6.075551320071187365e+04 8.984379065470843306e-01
6.075551346077257040e+04 1.214593377292493281e+00
6.075551372083325987e+04 1.310876565653380288e+00
6.075551398089394934e+04 9.436605583389291452e-01
6.075551424095464608e+04 1.070375641954612655e+00
6.075551450101533555e+04 9.762705495086276830e-01
6.075551476107603230e+04 8.479548242828007787e-01
6.075551502113672177e+04 8.559531401859477029e-01
6.075551528119741124e+04 7.612135630185447033e-01
6.075551554125810799e+04 8.536636518479767677e-01
6.075551580131879746e+04 7.694918180314149758e-01
6.075551606137949420e+04 8.066922668603423441e-01
6.075551632144019095e+04 9.039904817111419355e-01
6.075551658150087314e+04 1.166879639772859356e+00
6.075551684156156989e+04 8.145685773725223067e-01
6.075551710162226664e+04 6.847674992887530232e-01
6.075551736168294883e+04 8.352532610836078675e-01
6.075551762174364558e+04 8.982878157556043464e-01
6.075551788180433505e+04 1.192591504994806151e+00
6.075551814186503179e+04 9.103143274411403807e-01
6.075551840192572854e+04 9.766127839493832230e-01
6.075551866198641073e+04 1.344384838291220019e+00
6.075551892204710748e+04 9.952066918241206928e-01
6.075551918210780423e+04 6.768990579675537855e-01
6.075551944216849370e+04 9.446903004874459553e-01
6.075551970222919044e+04 8.707237739246235231e-01
6.075551996228987991e+04 7.422453349396200828e-01
6.075552022235056938e+04 6.929019458166166823e-01
6.075552048241126613e+04 1.064804163693900518e+00
6.075552074247194832e+04 1.117044356050654663e+00
6.075552100253265235e+04 8.767589850550019381e-01
6.075552126259334182e+04 1.202777947142465553e+00
6.075552152265403129e+04 9.166313578040438115e-01
6.075552178271472803e+04 6.874754160116570700e-01
6.075552204277541750e+04 1.185000250982513492e+00
6.075552230283610697e+04 1.233747673043604109e+00
6.075552256289680372e+04 1.284627131092393348e+00
6.075552282295750047e+04 1.061104021359512206e+00
6.075552308301818994e+04 8.173069654667289852e-01
6.075552334307887941e+04 8.163938404540435068e-01
6.075552360313957615e+04 9.747250620034151325e-01
6.075552386320026562e+04 8.626185710108545956e-01
6.075552412326096237e+04 7.749480566621423927e-01
6.075552438332165912e+04 5.683843232475361829e-01
6.075552464338234131e+04 7.841544303095997481e-01
6.075552490344303806e+04 9.987599671737061868e-01
6.075552516350373480e+04 1.239724399027598123e+00
6.075552542356441700e+04 9.381824841815915583e-01
6.075552568362511374e+04 1.163533102499547667e+00
6.075552594368581049e+04 1.070504098903561907e+00
6.075552620374649996e+04 7.630050009499232955e-01
6.075552646380719671e+04 1.040668821615760020e+00
6.075552672386788618e+04 1.065473349000717773e+00
6.075552698392857565e+04 5.767210243928472257e-01
6.075552724398927239e+04 8.094040133707864904e-01
6.075552750404996914e+04 9.480647450279903188e-01
6.075552776411065861e+04 9.993207543304475360e-01
6.075552802417134808e+04 9.603987009796599583e-01
6.075552828423204483e+04 9.995208517295416373e-01
6.075552854429273430e+04 6.738521663368415293e-01
6.075552880435342377e+04 8.736824814830281838e-01
6.075552906441412051e+04 5.940454893071249742e-01
6.075552932447480998e+04 7.206378044433136010e-01
6.075552958453550673e+04 7.941365387824863564e-01
6.075552984459620347e+04 9.236616977101860249e-01
6.075553010465688567e+04 8.259643345004319404e-01
6.075553036471758242e+04 1.071446492532645456e+00
6.075553062477827916e+04 8.228759948253822065e-01
6.075553088483896863e+04 6.768074508976074100e-01
6.075553114489966538e+04 7.645775333064969148e-01
6.075553140496035485e+04 9.878459729433404224e-01
6.075553166502104432e+04 1.253804101135219451e+00
6.075553192508174106e+04 6.068993895552722284e-01
6.075553218514243054e+04 6.798378024149042131e-01
6.075553244520312728e+04 7.387908099632785053e-01
6.075553270526381675e+04 9.981628733707413881e-01
6.075553296532451350e+04 5.617806226705999162e-01
6.075553322538520297e+04 1.279426270494705253e+00
6.075553348544589244e+04 9.884296883967510494e-01
6.075553503087646095e+04 4.850867245131332828e-01
6.075553529093715770e+04 1.181835312080285583e+00
6.075553555099784717e+04 7.988500999902731214e-01
6.075553581105853664e+04 6.268617243588636700e-01
6.075553607111923338e+04 6.665745843645101143e-01
6.075553633117992285e+04 1.055089233970002205e+00
6.075553659124061960e+04 7.952910670660554571e-01
6.075553685130131635e+04 7.591166969861956604e-01
6.075553711136199854e+04 9.907081402060007314e-01
6.075553737142269529e+04 9.484573863669749638e-01
6.075553763148339203e+04 1.215690109182400169e+00
6.075553789154408878e+04 8.523388171898798049e-01
6.075553815160477825e+04 7.251933617118915265e-01
6.075553841166546772e+04 1.115576223632620767e+00
6.075553867172616447e+04 1.187574395591080467e+00
6.075553893178685394e+04 1.155680632199038715e+00
6.075553919184754341e+04 8.707428520699362906e-01
6.075553945190824015e+04 1.018914322620065871e+00
6.075553971196892962e+04 1.268672529179390551e+00
6.075553997202962637e+04 1.541023778513126441e+00
6.075554023209032312e+04 1.385991094594154482e+00
6.075554049215101259e+04 1.082346920715670402e+00
6.075554075221170206e+04 1.270096861957055179e+00
6.075554101227239880e+04 1.046129926640716912e+00
6.075554127233309555e+04 1.055288047855853506e+00
6.075554153239378502e+04 6.867599836651733236e-01
6.075554179245447449e+04 1.154680438422510225e+00
6.075554205251517124e+04 7.299544802689528211e-01
6.075554231257586798e+04 1.064148299433790745e+00
6.075554257263655018e+04 1.026925342895424365e+00
6.075554283269725420e+04 7.787923838721684255e-01
6.075554309275794367e+04 1.183282187675162245e+00
6.075554335281863314e+04 1.290856006142372836e+00
6.075554361287932988e+04 9.950400177877938290e-01
6.075554387294001936e+04 1.296375979798760847e+00
6.075554413300071610e+04 9.035468886571726976e-01
6.075554439306140557e+04 1.094519156232976353e+00
6.075554465312210232e+04 1.169458522104626086e+00
6.075554491318279906e+04 9.036280179302920157e-01
6.075554517324348853e+04 1.525611092458198259e+00
6.075554543330417800e+04 1.082999267484707762e+00
6.075554569336487475e+04 1.220553576221718339e+00
6.075554595342557150e+04 1.046491791122811099e+00
6.075554621348626097e+04 8.310214479726318881e-01
6.075554647354695044e+04 9.701488981450521187e-01
6.075554673360764718e+04 1.135564237142274724e+00
6.075554699366834393e+04 1.005508996431639712e+00
6.075554725372902612e+04 1.071380786897103254e+00
6.075554751378972287e+04 1.125458125668262976e+00
6.075554777385041962e+04 1.138239528534823686e+00
6.075554803391111636e+04 1.347890598554183583e+00
6.075554829397180583e+04 9.312661470921782536e-01
6.075554855403249530e+04 1.115047490071907843e+00
6.075554881409319205e+04 1.169351534199246423e+00
6.075554907415388152e+04 1.106494921795095898e+00
6.075554933421457827e+04 1.096484818747102796e+00
6.075554959427527501e+04 1.279219293739262353e+00
6.075554985433596448e+04 1.167456119308020179e+00
6.075555011439665395e+04 1.127892872459447249e+00
6.075555037445735070e+04 6.151571893590938034e-01
6.075555063451804017e+04 1.073629327083823526e+00
6.075555089457873692e+04 7.961606221596649879e-01
6.075555115463942639e+04 1.139278845998393797e+00
6.075555141470012313e+04 6.765568598374513964e-01
6.075555167476081988e+04 9.670642036617503878e-01
6.075555193482150935e+04 1.159080424355448669e+00
6.075555219488219882e+04 8.366104631100000910e-01
6.075555245494289557e+04 8.239724036942545071e-01
6.075555271500359231e+04 1.048326867939530560e+00
6.075555297506428906e+04 1.105517540003085886e+00
6.075555323512497125e+04 8.056929030543452663e-01
6.075555349518566800e+04 1.331152263774112443e+00
6.075555375524636474e+04 1.019024494461513886e+00
6.075555401530705421e+04 1.407383157483677039e+00
6.075555427536775096e+04 9.814015705907831455e-01
6.075555453542844043e+04 9.323592552559716307e-01
6.075555479548913718e+04 1.019830780427168015e+00
6.075555505554983392e+04 1.150771709106623408e+00
6.075555531561051612e+04 9.857235228089460399e-01
6.075555557567121286e+04 1.075414965956257518e+00
6.075555583573190961e+04 9.563233311154275551e-01
6.075555609579260636e+04 1.196760519533309308e+00
6.075555635585329583e+04 6.894011583589202408e-01
6.075555661591398530e+04 9.234848465749625479e-01
6.075555687597468204e+04 9.647851055854289593e-01
6.075555713603537879e+04 9.526156027579311125e-01
6.075555739609607554e+04 7.954809269966331975e-01
6.075555765615676501e+04 1.149243554988547578e+00
6.075555791621745448e+04 1.308729601226633399e+00
6.075555817627815122e+04 1.083665468700656609e+00
6.075555843633884797e+04 1.086691055058738531e+00
6.075555869639953016e+04 9.791341449001822461e-01
6.075555895646022691e+04 9.779551058411192210e-01
6.075555921652092366e+04 1.210381633863124140e+00
6.075555947658162040e+04 1.023065872186481151e+00
6.075555973664230987e+04 9.282379220989396273e-01
6.075555999670299934e+04 1.259343959806824342e+00
6.075556025676369609e+04 7.201211431737937207e-01
6.075556051682439283e+04 1.213846217443264264e+00
6.075556077688508958e+04 9.426536393710271966e-01
6.075556103694577905e+04 1.172378832629539902e+00
6.075556129700646852e+04 7.762710415861593383e-01
6.075556155706716527e+04 8.106126960668244008e-01
6.075556181712786201e+04 9.528060461195824171e-01
6.075556207718854421e+04 1.129868266114468112e+00
6.075556233724924095e+04 1.096320101777532807e+00
6.075556259730993770e+04 1.215490495899984813e+00
6.075556285737063445e+04 1.213025726247578318e+00
6.075556311743133119e+04 1.243386964322645172e+00
6.075556337749201339e+04 1.073440218277873948e+00
6.075556504896522529e+04 1.076889612110544014e+00
6.075556530902591476e+04 9.218135819377155649e-01
6.075556556908661150e+04 1.231189155465266527e+00
6.075556582914730097e+04 1.297575769141448010e+00
6.075556608920799772e+04 1.630534930182144793e+00
6.075556634926869447e+04 7.426472514576273332e-01
6.075556660932938394e+04 9.107234647219981660e-01
6.075556686939008068e+04 1.025388380361444529e+00
6.075556712945077015e+04 9.791954984697416320e-01
6.075556738951146690e+04 1.172391843882345075e+00
6.075556764957216365e+04 1.337735059571720120e+00
6.075556790963285312e+04 9.739440402723335000e-01
6.075556816969354986e+04 1.053315056970279828e+00
6.075556842975423933e+04 1.123018494188637417e+00
6.075556868981492880e+04 1.029894284553024120e+00
6.075556894987563282e+04 8.284594899168281623e-01
6.075556920993632230e+04 1.028480031417016827e+00
6.075556946999701904e+04 8.407493552164979622e-01
6.075556973005770851e+04 1.003620279254468617e+00
6.075556999011839798e+04 9.304356393653179236e-01
6.075557025017909473e+04 1.134709094193775858e+00
6.075557051023979147e+04 1.110486797491655020e+00
6.075557077030048822e+04 8.829787391299419586e-01
6.075557103036117769e+04 8.776243570970151398e-01
6.075557129042186716e+04 7.894517241015448494e-01
6.075557155048256391e+04 1.245007016939760236e+00
6.075557181054326065e+04 9.598221805206078594e-01
6.075557207060395740e+04 1.031925103860571236e+00
6.075557233066464687e+04 1.293600688715782931e+00
6.075557259072533634e+04 1.190901864524704701e+00
6.075557285078603309e+04 1.125769887323679441e+00
6.075557311084672983e+04 1.010639374604796803e+00
6.075557337090741930e+04 9.169670979544977119e-01
6.075557363096811605e+04 1.232053771180718238e+00
6.075557389102880552e+04 1.050088897821378708e+00
6.075557415108950227e+04 9.752946368978419045e-01
6.075557441115019901e+04 9.859090832195224197e-01
6.075557467121088848e+04 1.078719826058665454e+00
6.075557493127158523e+04 1.184405431222631089e+00
6.075557519133227470e+04 1.036719111337950361e+00
6.075557545139297144e+04 9.578972532118460448e-01
6.075557571145366819e+04 1.095778434066278173e+00
6.075557597151435766e+04 1.073941769705562432e+00
6.075557623157505441e+04 1.038502425549933550e+00
6.075557649163575115e+04 1.062738101525852574e+00
6.075557675169643335e+04 1.321042747517444660e+00
6.075557701175713009e+04 1.181236365904942742e+00
6.075557727181782684e+04 1.213069020734183212e+00
6.075557753187852359e+04 8.966173563336008456e-01
6.075557779193922033e+04 1.124033740083452360e+00
6.075557805199990980e+04 8.998272260266944045e-01
6.075557831206059927e+04 8.502863985232872457e-01
6.075557857212129602e+04 1.309574104239815906e+00
6.075557883218199277e+04 1.210814060283737170e+00
6.075557909224268951e+04 8.750707957821268757e-01
6.075557935230337898e+04 8.557172010762591485e-01
6.075557961236407573e+04 8.419475645580359879e-01
6.075557987242476520e+04 9.664150533036205415e-01
6.075558013248546195e+04 7.991890285772168534e-01
6.075558039254615869e+04 1.072250161316484318e+00
6.075558065260684816e+04 9.230415479521448807e-01
6.075558091266754491e+04 8.491372748128381831e-01
6.075558117272824165e+04 9.928302277704172951e-01
6.075558143278892385e+04 1.067676063236029593e+00
6.075558169284962059e+04 1.070795232338729530e+00
6.075558195291031734e+04 9.475876574439202615e-01
6.075558221297101409e+04 9.850472427931628028e-01
6.075558247303171083e+04 1.022824852604679702e+00
6.075558273309240030e+04 1.157319614886815895e+00
6.075558299315309705e+04 1.260771938808366910e+00
6.075558325321378652e+04 9.014807818327826849e-01
6.075558351327448327e+04 1.009531496816603147e+00
6.075558377333518001e+04 9.320019259006201429e-01
6.075558403339586948e+04 7.245910622841271742e-01
6.075558429345656623e+04 8.241258522672409992e-01
6.075558455351726298e+04 1.154256160114224050e+00
6.075558481357794517e+04 8.915671579891465415e-01
6.075558507363864192e+04 1.141280593335231464e+00
6.075558533369933866e+04 9.969266869981698864e-01
6.075558559376003541e+04 8.287957063782642742e-01
6.075558585382073215e+04 8.295139713605268472e-01
6.075558611388142162e+04 9.047169712940825725e-01
6.075558637394211837e+04 9.868196879750513739e-01
6.075558663400280784e+04 9.712384264066117323e-01
6.075558689406350459e+04 9.485210022979165823e-01
6.075558715412420133e+04 1.089796840648500797e+00
6.075558741418489080e+04 9.030527850870416762e-01
6.075558767424558755e+04 1.026985342502623411e+00
6.075558793430628430e+04 1.081554923002467916e+00
6.075558819436697377e+04 8.666414621698746990e-01
6.075558845442767051e+04 1.059213957015572971e+00
6.075558871448835998e+04 9.987168952736779071e-01
6.075558897454905673e+04 8.438651084105983635e-01
6.075558923460975348e+04 7.608345073689929405e-01
6.075558949467044295e+04 9.142842548176841611e-01
6.075558975473113969e+04 9.927992377923247069e-01
6.075559001479183644e+04 1.441049160873701718e+00
6.075559027485253318e+04 9.340080054949723154e-01
6.075559053491322265e+04 8.194224606115915188e-01
6.075559079497391212e+04 9.213888181209064498e-01
6.075559105503460887e+04 8.761527450163388853e-01
6.075559131509530562e+04 1.055412334967043231e+00
6.075559157515600236e+04 9.252828127577370498e-01
6.075559183521669911e+04 9.975795960375328786e-01
6.075559209527738858e+04 1.204638095203357517e+00
6.075559235533808533e+04 1.182082690347918463e+00
6.075559261539877480e+04 1.017265046241609516e+00
6.075559287545946427e+04 1.029585227597852981e+00
6.075559313552016101e+04 9.237791755460283971e-01
6.075559339558085776e+04 1.374226882419333107e+00
6.075559494101491873e+04 6.340131853690065267e-01
6.075559520107561548e+04 1.277283594566975600e+00
6.075559546113631222e+04 1.238757675242229794e+00
6.075559572119700897e+04 1.229188063922421748e+00
6.075559598125769844e+04 1.157066641821811848e+00
6.075559624131839519e+04 1.079242891329546428e+00
6.075559650137908466e+04 9.285921018938777527e-01
6.075559676143977413e+04 6.983157900619582081e-01
6.075559702150047087e+04 8.297645835978010309e-01
6.075559728156116762e+04 1.069590158517643053e+00
6.075559754162186437e+04 9.929246091634694737e-01
6.075559780168256111e+04 9.720976914528529633e-01
6.075559806174325058e+04 8.037825738194130931e-01
6.075559832180394733e+04 1.017035574450899871e+00
6.075559858186464407e+04 1.052563537617877465e+00
6.075559884192533355e+04 1.031639267433154039e+00
6.075559910198603029e+04 9.285296695006289847e-01
6.075559936204671976e+04 9.882617014931571742e-01
6.075559962210741651e+04 1.088825513831864988e+00
6.075559988216811325e+04 1.257170753868634083e+00
6.075560014222880272e+04 1.143806369544211776e+00
6.075560040228950675e+04 1.005361848139355363e+00
6.075560066235019622e+04 1.121484156436618251e+00
6.075560092241089296e+04 7.953797299799182374e-01
6.075560118247158971e+04 9.416734604020396970e-01
6.075560144253227918e+04 7.923505339854842733e-01
6.075560170259296865e+04 9.976717317604014701e-01
6.075560196265366540e+04 8.674679115697402354e-01
6.075560222271436214e+04 9.753582122387024489e-01
6.075560248277505889e+04 1.035177150123872236e+00
6.075560274283574836e+04 1.135213399357149600e+00
6.075560300289644510e+04 9.888886970428055756e-01
6.075560326295714185e+04 8.803923240119562177e-01
6.075560352301783860e+04 9.949197566941584414e-01
6.075560378307853534e+04 7.865492020404286633e-01
6.075560404313922481e+04 7.658136003788847956e-01
6.075560430319992156e+04 1.185963585200024983e+00
6.075560456326061831e+04 8.651559931255785596e-01
6.075560482332130050e+04 8.599714267249477517e-01
6.075560508338199725e+04 9.471758726748910062e-01
6.075560534344269399e+04 9.640850802350906523e-01
6.075560560350339074e+04 7.678294943225519864e-01
6.075560586356408749e+04 1.081768784588190480e+00
6.075560612362477696e+04 1.109928458165729603e+00
6.075560638368547370e+04 8.820493709955841144e-01
6.075560664374617045e+04 1.135672739333833725e+00
6.075560690380686719e+04 9.721913185052594164e-01
6.075560716386756394e+04 1.194109971033235462e+00
6.075560742392825341e+04 1.153867180103042234e+00
6.075560768398895016e+04 1.002388983223575725e+00
6.075560794404964690e+04 1.197194282243049024e+00
6.075560820411032910e+04 1.017652904682973647e+00
6.075560846417102584e+04 8.724428836268982579e-01
6.075560872423172259e+04 8.969366148045433418e-01
6.075560898429241934e+04 9.362094269551513026e-01
6.075560924435311608e+04 5.218597867163504711e-01
6.075560950441380555e+04 1.035650300544597169e+00
6.075560976447450230e+04 9.588960777895864096e-01
6.075561002453519905e+04 1.292830745311957852e+00
6.075561028459589579e+04 9.949049473432466373e-01
6.075561054465659254e+04 9.116542219790154666e-01
6.075561080471728201e+04 1.137613635802127376e+00
6.075561106477797875e+04 1.054272953720711836e+00
6.075561132483867550e+04 1.030348343887976803e+00
6.075561158489937225e+04 9.536359769299307398e-01
6.075561184496006899e+04 1.112227311619880643e+00
6.075561210502075846e+04 9.309855037502055009e-01
6.075561236508144793e+04 8.066666451367852098e-01
6.075561262514214468e+04 1.130865737955959904e+00
6.075561288520283415e+04 9.953201476991789809e-01
6.075561314526353090e+04 9.951903231314331855e-01
6.075561340532422764e+04 8.300269418345925798e-01
6.075561366538492439e+04 1.285246565331990221e+00
6.075561392544562113e+04 7.085019958099416648e-01
6.075561418550631060e+04 1.083673919643308947e+00
6.075561444556700735e+04 9.091390050080713214e-01
6.075561470562770410e+04 8.345201885099422512e-01
6.075561496568840084e+04 1.065884085660447456e+00
6.075561522574909759e+04 9.873373697908214286e-01
6.075561548580978706e+04 1.161836041674251474e+00
6.075561574587048381e+04 8.556044225146970383e-01
6.075561600593118055e+04 8.881773863563073856e-01
6.075561626599187002e+04 8.894024931129682621e-01
6.075561652605256677e+04 1.106068015294657814e+00
6.075561678611326352e+04 6.895365436276000848e-01
6.075561704617396026e+04 8.440538001556050496e-01
6.075561730623465701e+04 9.383060218151793030e-01
6.075561756629534648e+04 8.950611476209670014e-01
6.075561782635604322e+04 1.019357253332486168e+00
6.075561808641673269e+04 7.990016314804294639e-01
6.075561834647742944e+04 8.263982369110822734e-01
6.075561860653812619e+04 8.955933315192712296e-01
6.075561886659881566e+04 8.802244700413980327e-01
6.075561912665951240e+04 8.287994438742251058e-01
6.075561938672020915e+04 1.316124319206957827e+00
6.075561964678089862e+04 1.071179493802168592e+00
6.075561990684160264e+04 1.221027583002933570e+00
6.075562016690229211e+04 9.287017863206600277e-01
6.075562042696298886e+04 1.208748497865637539e+00
6.075562068702368560e+04 1.041879062447068405e+00
6.075562094708437508e+04 1.010272016307849352e+00
6.075562120714507182e+04 1.231137417542473411e+00
6.075562146720576857e+04 6.534683030457489883e-01
6.075562172726646531e+04 8.869012259726538616e-01
6.075562198732716206e+04 5.151041688391583273e-01
6.075562224738785153e+04 9.366414632383320837e-01
6.075562250744854828e+04 1.295743362307348212e+00
6.075562276750924502e+04 9.034222302202222776e-01
6.075562302756994177e+04 9.969209716575576641e-01
6.075562328763063852e+04 1.120222997082972682e+00
6.075562490904599690e+04 9.086942118239463850e-01
6.075562516909990518e+04 9.898631209332671155e-01
6.075562542915379890e+04 1.246363913902004850e+00
6.075562568920769263e+04 8.698854836823191050e-01
6.075562594926160091e+04 9.417123214364784278e-01
6.075562620931549463e+04 9.608389830331262038e-01
6.075562646936939564e+04 8.171117353569806729e-01
6.075562672942329664e+04 1.029916936194062105e+00
6.075562698947719036e+04 8.903359480335011344e-01
6.075562724953109864e+04 6.589216312152864630e-01
6.075562750958499237e+04 8.006537592617415378e-01
6.075562776963889337e+04 9.393937648861407919e-01
6.075562802969280165e+04 8.962801157586645084e-01
6.075562828974669537e+04 9.048636735747807025e-01
6.075562854980059637e+04 9.291373298933743863e-01
6.075562880985449738e+04 9.914601151733426487e-01
6.075562906990839110e+04 9.988417351861871296e-01
6.075562932996229938e+04 1.075494782378647152e+00
6.075562959001619311e+04 9.035248188506048717e-01
6.075562985007009411e+04 8.973215139151528019e-01
6.075563011012399511e+04 8.819466247164673423e-01
6.075563037017788884e+04 7.858371709474183398e-01
6.075563063023179711e+04 6.423292787949047566e-01
6.075563089028569084e+04 8.572591644935033672e-01
6.075563115033958456e+04 7.274558908791716183e-01
6.075563141039349284e+04 1.176147258542957985e+00
6.075563167044738657e+04 1.263488996815874454e+00
6.075563193050128757e+04 7.388085290643715553e-01
6.075563219055518857e+04 1.050055089695453026e+00
6.075563245060908230e+04 6.986093716573035239e-01
6.075563271066299058e+04 9.940288570231879950e-01
6.075563297071688430e+04 1.145216277218327416e+00
6.075563323077078530e+04 5.777735198466030786e-01
6.075563349082468631e+04 8.053928238345059443e-01
6.075563375087858003e+04 8.057253353405986473e-01
6.075563401093248831e+04 7.168773360460684030e-01
6.075563427098638203e+04 7.571452108283580618e-01
6.075563453104027576e+04 9.591538750799968316e-01
6.075563479109418404e+04 9.628741205556995419e-01
6.075563505114807776e+04 6.516494017793683646e-01
6.075563531120197877e+04 7.653643307835580334e-01
6.075563557125588704e+04 1.028480605835244921e+00
6.075563583130978077e+04 6.999954744258152228e-01
6.075563609136368905e+04 8.262282396306583898e-01
6.075563635141758277e+04 9.411126348835823219e-01
6.075563661147148377e+04 9.384738051840220141e-01
6.075563687152538478e+04 8.725043792837263723e-01
6.075563713157927850e+04 9.431419569258012725e-01
6.075563739163318678e+04 1.062569822824109167e+00
6.075563765168708051e+04 7.273262111852414336e-01
6.075563791174097423e+04 1.077925192468362825e+00
6.075563817179488251e+04 6.436763052867395807e-01
6.075563843184877624e+04 9.060379111654607298e-01
6.075563869190267724e+04 1.168854940456399705e+00
6.075563895195657824e+04 7.185894341092623483e-01
6.075563921201047197e+04 9.368344103695375180e-01
6.075563947206438024e+04 7.463015060859052863e-01
6.075563973211827397e+04 9.501528993761453323e-01
6.075563999217217497e+04 9.394281194233158327e-01
6.075564025222608325e+04 1.003797168543085094e+00
6.075564051227997697e+04 8.009885968440347837e-01
6.075564077233388525e+04 9.104934299234807016e-01
6.075564103238777898e+04 8.509585658445438794e-01
6.075564129244167270e+04 7.599321583897475918e-01
6.075564155249558098e+04 6.786425389866385105e-01
6.075564181254947471e+04 6.887332879063806645e-01
6.075564207260337571e+04 8.464381569796779470e-01
6.075564233265727671e+04 9.664373248629912760e-01
6.075564259271117044e+04 7.785821881419353607e-01
6.075564285276507871e+04 1.165070757762690423e+00
6.075564311281897244e+04 1.034273734248959853e+00
6.075564337287286617e+04 1.107203899735571984e+00
6.075564363292677444e+04 8.180155556750317025e-01
6.075564389298066817e+04 1.050489968968091992e+00
6.075564415303458372e+04 9.116836057299818608e-01
6.075564441308847745e+04 8.828131287698677276e-01
6.075564467314237118e+04 1.242965355464849875e+00
6.075564493319627945e+04 1.026932433883249063e+00
6.075564519325017318e+04 8.597912703368204568e-01
6.075564545330407418e+04 8.451311546500107630e-01
6.075564571335797518e+04 8.513640600263971958e-01
6.075564597341186891e+04 9.136853598700831469e-01
6.075564623346577719e+04 9.957945700619988960e-01
6.075564649351967091e+04 7.875322742096689810e-01
6.075564675357356464e+04 5.573711021876961436e-01
6.075564701362747292e+04 7.761903960685071491e-01
6.075564727368136664e+04 8.095107507820080706e-01
6.075564753373527492e+04 8.054508985730134407e-01
6.075564779378917592e+04 8.500944236228781259e-01
6.075564805384306965e+04 9.967534859421267601e-01
6.075564831389697792e+04 9.007662614086260344e-01
6.075564857395087165e+04 9.764179084424214894e-01
6.075564883400477265e+04 1.135488016207564455e+00
6.075564909405867365e+04 1.028978982229449057e+00
6.075564935411256738e+04 8.877751812234401241e-01
6.075564961416647566e+04 8.530515235893920689e-01
6.075564987422036938e+04 9.509885908633306517e-01
6.075565013427426311e+04 9.839057024581693289e-01
6.075565039432817866e+04 9.490182781549647562e-01
6.075565065438207239e+04 1.007098040831172936e+00
6.075565091443597339e+04 4.534093235515273546e-01
6.075565117448987439e+04 6.094652474441233370e-01
6.075565143454376812e+04 9.680000949727101123e-01
6.075565169459767640e+04 8.569958626694321735e-01
6.075565195465157012e+04 9.474425630529403897e-01
6.075565221470547112e+04 9.773580492620387306e-01
6.075565247475937213e+04 9.322973874056061927e-01
6.075565273481326585e+04 9.599731649375801146e-01
6.075565299486718141e+04 1.122877990482345378e+00
6.075565325492107513e+04 1.100180284493518457e+00
6.075565492676799477e+04 6.921310273078741249e-01
6.075565518682868424e+04 1.037544235495150735e+00
6.075565544688938098e+04 7.760729156691346109e-01
6.075565570695007773e+04 9.352225126235482744e-01
6.075565596701077448e+04 8.449075820826179584e-01
6.075565622707147122e+04 1.317458979219596316e+00
6.075565648713216069e+04 9.231315734353884306e-01
6.075565674719285744e+04 1.199069832522692947e+00
6.075565700725356146e+04 8.167160171452980677e-01
6.075565726731425821e+04 1.045441457474587832e+00
6.075565752737495495e+04 1.129846734728114255e+00
6.075565778743564442e+04 9.179589631767614000e-01
6.075565804749634117e+04 9.754021178354146393e-01
6.075565830755703792e+04 7.634264003650119701e-01
6.075565856761772739e+04 8.113615433774827856e-01
6.075565882767842413e+04 1.075529998315464253e+00
6.075565908773912088e+04 8.131677274286965851e-01
6.075565934779981762e+04 1.001354101978827904e+00
6.075565960786051437e+04 1.121093578091723497e+00
6.075565986792121112e+04 5.369870247431974830e-01
6.075566012798190786e+04 9.055711001311014252e-01
6.075566038804260461e+04 7.824353956579318536e-01
6.075566064810330136e+04 9.866794689444172706e-01
6.075566090816399810e+04 8.996577488572699011e-01
6.075566116822468757e+04 9.412726186793737293e-01
6.075566142828538432e+04 8.429856161502667922e-01
6.075566168834608106e+04 1.222547426954160521e+00
6.075566194840677781e+04 6.865242509311525465e-01
6.075566220846748183e+04 9.881062484233069654e-01
6.075566246852817130e+04 7.667942463908767881e-01
6.075566272858886805e+04 1.025278789920652356e+00
6.075566298864956480e+04 1.183613199710211950e+00
6.075566324871025427e+04 7.245244082366015803e-01
6.075566350877095101e+04 1.153748895000788144e+00
6.075566376883164776e+04 7.968500904128873463e-01
6.075566402889234450e+04 8.682683177343704095e-01
6.075566428895304125e+04 8.523833943745574571e-01
6.075566454901373800e+04 1.191243998257111691e+00
6.075566480907443474e+04 9.286858797314949676e-01
6.075566506913513149e+04 8.374876024640537375e-01
6.075566532919582824e+04 7.064506176110082469e-01
6.075566558925652498e+04 9.280031104143620091e-01
6.075566584931721445e+04 8.866710957868733090e-01
6.075566610937791120e+04 8.019176812530498522e-01
6.075566636943860794e+04 6.659886906242689086e-01
6.075566662949930469e+04 8.042781126482860810e-01
6.075566688956000144e+04 5.930772532890656867e-01
6.075566714962069818e+04 1.058627692201882020e+00
6.075566740968139493e+04 8.848481282022027106e-01
6.075566766974209168e+04 5.734915108115422600e-01
6.075566792980278115e+04 1.205111027944686164e+00
6.075566818986347789e+04 9.870511691335812632e-01
6.075566844992417464e+04 1.255535559829797920e+00
6.075566870998487866e+04 8.249003066159530384e-01
6.075566897004557541e+04 1.104625315614031322e+00
6.075566923010626488e+04 9.337420923804236050e-01
6.075566949016696162e+04 9.550450454063330596e-01
6.075566975022765837e+04 1.181288823294662338e+00
6.075567001028834784e+04 9.123049452468361409e-01
6.075567027034905186e+04 7.555623600873452306e-01
6.075567053040974133e+04 1.096721305935483004e+00
6.075567079047044535e+04 9.379825750855164124e-01
6.075567105053114210e+04 8.857834858037900716e-01
6.075567131059183157e+04 1.144555720071365634e+00
6.075567157065252832e+04 1.336123568772053627e+00
6.075567183071322506e+04 1.088861449219089783e+00
6.075567209077392181e+04 1.380123825452059805e+00
6.075567235083461856e+04 9.824179508554404805e-01
6.075567261089531530e+04 8.357361417710906792e-01
6.075567287095601205e+04 1.076547257069195851e+00
6.075567313101670879e+04 6.326686988441476700e-01
6.075567339107740554e+04 9.488155461799405721e-01
6.075567365113810229e+04 8.372910229915663249e-01
6.075567391119879176e+04 6.638367399734177443e-01
6.075567417125948850e+04 9.900723155116400997e-01
6.075567443132019253e+04 8.819328421717793631e-01
6.075567469138088200e+04 8.817030059137468401e-01
6.075567495144157874e+04 8.959028135971115470e-01
6.075567521150227549e+04 1.014015007338225249e+00
6.075567547156297223e+04 1.072734088702367083e+00
6.075567573162366898e+04 8.844192016873620998e-01
6.075567599168436573e+04 1.334466576926013115e+00
6.075567625174506247e+04 7.934911004382628752e-01
6.075567651180575922e+04 1.087975223162851224e+00
6.075567677186645597e+04 9.779850065169435336e-01
6.075567703192715271e+04 9.500395584122554027e-01
6.075567729198784218e+04 9.949690549538604545e-01
6.075567755204853893e+04 8.027908133968774118e-01
6.075567781210924295e+04 6.359453044682041867e-01
6.075567807216993242e+04 1.028072601774247197e+00
6.075567833223062917e+04 1.023948332533604066e+00
6.075567859229132591e+04 1.089662922275328238e+00
6.075567885235202266e+04 1.034104809109493539e+00
6.075567911241271941e+04 1.121430385834307764e+00
6.075567937247341615e+04 1.255188399668019983e+00
6.075567963253411290e+04 1.018221524327859839e+00
6.075567989259480964e+04 1.179379367795434508e+00
6.075568015265550639e+04 9.591612425180996437e-01
6.075568041271620314e+04 9.061087086740701180e-01
6.075568067277689261e+04 1.114774761407925974e+00
6.075568093283759663e+04 9.155393864110396018e-01
6.075568119289829338e+04 8.331981052411330246e-01
6.075568145295898285e+04 8.341668953300114264e-01
6.075568171301968687e+04 8.787727939206642080e-01
6.075568197308037634e+04 9.086093940508094269e-01
6.075568223314107308e+04 1.015496399871966382e+00
6.075568249320177711e+04 8.463011055923824744e-01
6.075568275326246658e+04 7.914498899700339596e-01
6.075568301332316332e+04 9.443699756969415882e-01
6.075568327338386007e+04 1.208810326210466357e+00
6.075568483179301256e+04 1.155177353945505914e+00
6.075568509184680443e+04 9.738624996574790638e-01
6.075568535190059629e+04 9.597606051356596391e-01
6.075568561195438815e+04 8.956421581835841694e-01
6.075568587200818729e+04 1.365567779111131141e+00
6.075568613206199370e+04 1.051749358474414198e+00
6.075568639211578557e+04 8.181205731370607692e-01
6.075568665216957743e+04 1.254349199186601593e+00
6.075568691222336929e+04 1.083523348407452680e+00
6.075568717227716115e+04 1.011879786483433685e+00
6.075568743233096029e+04 1.197328941296706528e+00
6.075568769238475215e+04 1.129112850362169018e+00
6.075568795243854402e+04 1.165434020928831860e+00
6.075568821249233588e+04 8.756536486484143289e-01
6.075568847254613502e+04 1.345051306074727338e+00
6.075568873259992688e+04 1.259169906854346266e+00
6.075568899265372602e+04 9.442501207964136833e-01
6.075568925270752516e+04 7.663257514077703725e-01
6.075568951276131702e+04 1.128994990990476621e+00
6.075568977281511616e+04 9.453550200938751757e-01
6.075569003286890802e+04 1.161548903506408159e+00
6.075569029292269988e+04 8.373570870155896406e-01
6.075569055297649174e+04 8.851220324178904475e-01
6.075569081303029088e+04 1.074218753435370655e+00
6.075569107308408275e+04 9.293004546729237703e-01
6.075569133313787461e+04 1.066373140106535056e+00
6.075569159319166647e+04 7.914346587517200327e-01
6.075569185324547288e+04 7.805180822524456774e-01
6.075569211329927202e+04 1.034869235935162335e+00
6.075569237335306389e+04 1.061931668459001443e+00
6.075569263340685575e+04 1.366558950266961725e+00
6.075569289346064761e+04 8.170980788532899997e-01
6.075569315351444675e+04 9.037754724461907196e-01
6.075569341356823861e+04 8.780895154584656970e-01
6.075569367362203047e+04 9.494098714898320246e-01
6.075569393367582234e+04 9.603225419869637625e-01
6.075569419372962147e+04 8.985997944081460798e-01
6.075569445378341334e+04 1.403423625955017018e+00
6.075569471383720520e+04 8.680757749160092906e-01
6.075569497389100434e+04 9.283346203230069538e-01
6.075569523394481075e+04 6.929048548134218999e-01
6.075569549399860261e+04 9.467912431427892850e-01
6.075569575405239448e+04 1.110215306405540225e+00
6.075569601410618634e+04 1.097258588355125797e+00
6.075569627415998548e+04 1.002906503760336410e+00
6.075569653421377734e+04 9.730999044504905493e-01
6.075569679426756920e+04 1.125576061696996311e+00
6.075569705432136107e+04 9.450431775371985754e-01
6.075569731437516020e+04 7.335842490896659074e-01
6.075569757442895207e+04 7.944385342643370818e-01
6.075569783448274393e+04 5.926288990980800309e-01
6.075569809453654307e+04 9.529839437365553723e-01
6.075569835459034948e+04 7.188996856149378889e-01
6.075569861464414134e+04 1.133852632766081392e+00
6.075569887469793321e+04 7.794890579451120294e-01
6.075569913475172507e+04 1.075925072817436989e+00
6.075569939480552421e+04 1.198960709713668527e+00
6.075569965485931607e+04 9.190508369567607083e-01
6.075569991491310793e+04 9.753165430093209132e-01
6.075570017496689979e+04 9.493118154756025051e-01
6.075570043502069893e+04 7.959388863498977340e-01
6.075570069507449080e+04 9.426038055149892347e-01
6.075570095512828993e+04 9.682561148390810279e-01
6.075570121518208907e+04 7.501897186468284850e-01
6.075570147523588821e+04 8.482581938217630402e-01
6.075570173528968007e+04 9.250894666862659044e-01
6.075570199534347194e+04 1.066377756517143505e+00
6.075570225539727107e+04 1.094314430527732362e+00
6.075570251545106294e+04 9.956382362011418907e-01
6.075570277550485480e+04 9.207446116740780617e-01
6.075570303555864666e+04 7.875746070832045920e-01
6.075570329561244580e+04 8.811166357189519349e-01
6.075570355566623766e+04 1.168111761811182037e+00
6.075570381572002952e+04 8.116422234372822064e-01
6.075570407577382866e+04 8.788588312842181560e-01
6.075570433582763508e+04 9.685066319627353426e-01
6.075570459588142694e+04 8.830084957640790266e-01
6.075570485593521880e+04 1.110441604210757882e+00
6.075570511598901066e+04 1.069163473661565167e+00
6.075570537604280980e+04 1.130492885511053869e+00
6.075570563609660167e+04 1.021187739866686428e+00
6.075570589615039353e+04 1.020884863537466769e+00
6.075570615620419267e+04 1.132656895886415827e+00
6.075570641625798453e+04 1.026265710626883321e+00
6.075570667631177639e+04 9.850929287353650254e-01
6.075570693636557553e+04 1.060672432315687308e+00
6.075570719641938194e+04 1.144184996096176077e+00
6.075570745647317381e+04 6.595905410569725680e-01
6.075570771652696567e+04 1.208211942111257153e+00
6.075570797658076481e+04 1.038477206234624584e+00
6.075570823663455667e+04 1.114857284906141333e+00
6.075570849668834853e+04 9.987877373112178381e-01
6.075570875674214039e+04 1.116493538839748778e+00
6.075570901679593953e+04 1.146247397190928830e+00
6.075570927684973140e+04 9.309900501498784564e-01
6.075570953690352326e+04 9.131488899048528785e-01
6.075570979695732240e+04 1.176463609283136424e+00
6.075571005701112153e+04 9.286651501570112321e-01
6.075571031706492067e+04 1.213407087724292177e+00
6.075571057711871254e+04 1.019841414835922278e+00
6.075571083717251167e+04 9.992975161000476891e-01
6.075571109722630354e+04 7.500203528004788511e-01
6.075571135728009540e+04 6.892083432721366476e-01
6.075571161733389454e+04 1.007702596882637858e+00
6.075571187738768640e+04 9.234204127848029131e-01
6.075571213744147826e+04 1.005921561447624457e+00
6.075571239749527740e+04 1.146634181606289937e+00
6.075571265754906926e+04 9.615144266548060203e-01
6.075571291760286840e+04 9.127019482896298053e-01
6.075571317765666754e+04 8.574148833601200614e-01
6.075571474868715450e+04 1.025224731123641542e+00
6.075571500874785124e+04 1.032085838587986526e+00
6.075571526880854799e+04 1.210196880108202144e+00
6.075571552886924474e+04 1.038270288820718035e+00
6.075571578892994148e+04 1.024811664017794666e+00
6.075571604899063823e+04 1.113747233194147590e+00
6.075571630905133497e+04 1.198719375073729942e+00
6.075571656911203172e+04 1.194058506532862829e+00
6.075571682917273574e+04 9.472172329488213194e-01
6.075571708923342521e+04 6.886984762466170640e-01
6.075571734929412196e+04 1.036427429260829758e+00
6.075571760935482598e+04 1.164371742514997532e+00
6.075571786941552273e+04 7.977980437993953400e-01
6.075571812947621947e+04 9.483984931118681905e-01
6.075571838953690894e+04 1.080510864913470037e+00
6.075571864959761297e+04 7.626651583003074553e-01
6.075571890965830971e+04 9.525605213028153218e-01
6.075571916971899918e+04 1.232661858357450235e+00
6.075571942977970320e+04 7.633380631049816456e-01
6.075571968984039995e+04 1.111286127249956124e+00
6.075571994990109670e+04 9.986032856712634409e-01
6.075572020996180072e+04 1.097825006628571742e+00
6.075572047002249019e+04 8.603277850791904990e-01
6.075572073008318694e+04 1.282970200978441833e+00
6.075572099014388368e+04 9.070880789639707009e-01
6.075572125020458770e+04 1.047347582261365151e+00
6.075572151026528445e+04 9.590801224960990856e-01
6.075572177032597392e+04 1.036101587900564613e+00
6.075572203038667794e+04 1.132514055274130405e+00
6.075572229044737469e+04 1.147577752662287898e+00
6.075572255050806416e+04 1.222340120657021467e+00
6.075572281056877546e+04 1.033433412311121957e+00
6.075572307062946493e+04 1.133339747725547131e+00
6.075572333069016167e+04 1.002077929373362819e+00
6.075572359075086570e+04 9.319306726409920527e-01
6.075572385081155517e+04 8.130084123708964938e-01
6.075572411087225191e+04 6.468117259152539322e-01
6.075572437093294866e+04 1.177431689422184791e+00
6.075572463099365268e+04 1.118786430759537209e+00
6.075572489105434943e+04 8.311798884363982287e-01
6.075572515111503890e+04 8.182079342814440048e-01
6.075572541117574292e+04 1.191618880848307915e+00
6.075572567123643967e+04 9.067505222288007039e-01
6.075572593129713641e+04 1.171592629436483790e+00
6.075572619135784043e+04 1.299256336236333853e+00
6.075572645141852990e+04 1.093558371558615461e+00
6.075572671147922665e+04 9.026457723495048269e-01
6.075572697153993067e+04 8.718984504237567990e-01
6.075572723160062014e+04 9.939006723496893736e-01
6.075572749166131689e+04 1.028255420774033535e+00
6.075572775172202091e+04 7.749346316430155701e-01
6.075572801178271766e+04 6.065530295237726577e-01
6.075572827184341440e+04 1.101736575730588141e+00
6.075572853190411115e+04 6.522232233076818986e-01
6.075572879196480790e+04 1.100927487924122206e+00
6.075572905202550464e+04 9.462933012618858220e-01
6.075572931208620867e+04 8.222259527302641091e-01
6.075572957214690541e+04 8.238483127558200447e-01
6.075572983220759488e+04 9.577089300205552380e-01
6.075573009226829890e+04 1.131960340513502583e+00
6.075573035232899565e+04 9.858734075649655537e-01
6.075573061238968512e+04 9.205408101065677418e-01
6.075573087245038914e+04 1.133478723503434704e+00
6.075573113251108589e+04 1.059141116355907686e+00
6.075573139257178264e+04 9.711449724112498627e-01
6.075573165263248666e+04 1.172437725527116115e+00
6.075573191269317613e+04 1.020984134034436330e+00
6.075573217275387287e+04 9.374130025203741834e-01
6.075573243281457690e+04 1.152578604135144458e+00
6.075573269287527364e+04 7.759595998755386415e-01
6.075573295293597039e+04 1.199871190330977111e+00
6.075573321299666713e+04 6.956239339011739409e-01
6.075573347305736388e+04 1.144545194242750474e+00
6.075573373311806063e+04 9.093561211758568463e-01
6.075573399317875737e+04 9.819861068227463408e-01
6.075573425323946140e+04 1.215143589219829012e+00
6.075573451330015087e+04 8.746387517510345599e-01
6.075573477336085489e+04 1.019587003643728229e+00
6.075573503342155163e+04 1.160810769142019083e+00
6.075573529348224110e+04 8.199404004761300380e-01
6.075573555354294513e+04 1.142706993680906891e+00
6.075573581360364187e+04 1.276621776692068222e+00
6.075573607366434589e+04 9.554239880542680918e-01
6.075573633372504264e+04 8.077355019532369562e-01
6.075573659378573211e+04 1.046381606968055822e+00
6.075573685384643613e+04 9.822487787589425645e-01
6.075573711390713288e+04 9.715344143336367422e-01
6.075573737396782963e+04 9.149830882579382818e-01
6.075573763402853365e+04 8.437461056646817781e-01
6.075573789408922312e+04 1.306461709330557497e+00
6.075573815414991986e+04 8.132152808580410674e-01
6.075573841421062389e+04 9.888279750451134387e-01
6.075573867427131336e+04 8.708743732033484841e-01
6.075573893433201010e+04 1.025373918356691227e+00
6.075573919439271413e+04 1.003393856941670936e+00
6.075573945445341087e+04 1.015992706569507797e+00
6.075573971451411489e+04 1.031848908508921303e+00
6.075573997457480436e+04 8.310264406580601948e-01
6.075574023463550111e+04 1.020029602101535149e+00
6.075574049469620513e+04 8.805770526655549713e-01
6.075574075475690188e+04 9.013583285469966011e-01
6.075574101481759863e+04 9.021237021808253820e-01
6.075574127487829537e+04 1.049868848761827955e+00
6.075574153493899212e+04 1.011072915815931728e+00
6.075574179499969614e+04 1.088040155927669561e+00
6.075574205506038561e+04 1.189265637477041837e+00
6.075574231512108236e+04 7.551681069773366062e-01
6.075574257518178638e+04 1.068730882935279070e+00
6.075574283524248312e+04 1.202793554992876324e+00
6.075574309530317987e+04 9.723565333163397550e-01
6.075574483016229351e+04 1.050497861384630527e+00
6.075574509021608537e+04 1.030794283196562411e+00
6.075574535026989179e+04 1.040461954646708209e+00
6.075574561032369093e+04 6.120197858492508747e-01
6.075574587037748279e+04 1.121504526130642887e+00
6.075574613043128193e+04 1.038839287236604569e+00
6.075574639048507379e+04 9.550254169792365966e-01
6.075574665053887293e+04 8.677816373363830271e-01
6.075574691059266479e+04 7.068023123964346510e-01
6.075574717064645665e+04 8.953198326620570580e-01
6.075574743070025579e+04 1.039163213603343516e+00
6.075574769075404765e+04 1.132319928109772667e+00
6.075574795080784679e+04 8.314579972850971723e-01
6.075574821086163865e+04 1.082441655300919070e+00
6.075574847091544507e+04 7.871888364349527434e-01
6.075574873096924421e+04 6.354881271067783777e-01
6.075574899102303607e+04 1.016057210695782365e+00
6.075574925107683521e+04 7.701636269400989887e-01
6.075574951113062707e+04 1.186213139417563234e+00
6.075574977118442621e+04 1.026450404718121101e+00
6.075575003123821807e+04 9.308477506765152620e-01
6.075575029129201721e+04 1.071234822683846843e+00
6.075575055134580907e+04 8.638051235369598180e-01
6.075575081139960093e+04 9.956135460830906059e-01
6.075575107145340007e+04 1.249780627359961871e+00
6.075575133150719921e+04 1.145744464633162929e+00
6.075575159156100563e+04 1.204431285824957509e+00
6.075575185161479749e+04 1.068700529775990171e+00
6.075575211166859663e+04 1.184358799653228767e+00
6.075575237172238849e+04 1.036050636272034753e+00
6.075575263177618035e+04 8.334531184321131159e-01
6.075575289182997949e+04 1.000206128380867865e+00
6.075575315188377135e+04 1.089913188934818367e+00
6.075575341193757049e+04 9.739068100931261851e-01
6.075575367199136235e+04 9.601973850329880156e-01
6.075575393204516149e+04 9.640539665641798539e-01
6.075575419209895335e+04 1.203210818640818802e+00
6.075575445215275249e+04 1.035916466738450836e+00
6.075575471220655891e+04 1.143191671186949199e+00
6.075575497226035077e+04 8.826546961129424496e-01
6.075575523231414991e+04 1.064297803481467186e+00
6.075575549236794177e+04 7.356794134701024612e-01
6.075575575242174091e+04 1.007394804032553548e+00
6.075575601247553277e+04 9.118967271018855181e-01
6.075575627252933191e+04 6.942049918394614938e-01
6.075575653258312377e+04 9.420020659235726068e-01
6.075575679263691563e+04 1.319503613226730820e+00
6.075575705269071477e+04 1.060264870441597784e+00
6.075575731274451391e+04 1.146198458282681409e+00
6.075575757279832033e+04 8.520337459705209504e-01
6.075575783285211219e+04 1.038040385464396698e+00
6.075575809290591133e+04 8.094905373498165746e-01
6.075575835295970319e+04 9.336539443069592492e-01
6.075575861301350233e+04 7.505655447797877633e-01
6.075575887306729419e+04 1.178691749534975797e+00
6.075575913312109333e+04 9.058493938526323008e-01
6.075575939317488519e+04 1.217759422223372523e+00
6.075575965322867705e+04 1.212189007483295944e+00
6.075575991328247619e+04 9.607882571066425070e-01
6.075576017333626805e+04 1.222725302085260424e+00
6.075576043339007447e+04 1.053551451539439077e+00
6.075576069344387361e+04 9.094701424340003726e-01
6.075576095349767274e+04 9.501999920286148260e-01
6.075576121355146461e+04 9.480642264098660954e-01
6.075576147360526375e+04 1.306165971867430775e+00
6.075576173365905561e+04 1.056161464355065638e+00
6.075576199371285475e+04 9.155278647948709159e-01
6.075576225376664661e+04 9.232152389834080708e-01
6.075576251382044575e+04 1.012539898769422964e+00
6.075576277387423761e+04 1.160473227552782483e+00
6.075576303392802947e+04 8.284719721546829341e-01
6.075576329398183589e+04 1.056690888186377020e+00
6.075576355403563502e+04 1.292642693256528919e+00
6.075576381408943416e+04 1.345931662442947374e+00
6.075576407414322603e+04 8.217906406587622836e-01
6.075576433419702516e+04 1.142981380733423036e+00
6.075576459425081703e+04 9.681506323011677129e-01
6.075576485430461616e+04 8.164532419276705477e-01
6.075576511435840803e+04 1.052688386576139834e+00
6.075576537441220717e+04 1.259631731304923896e+00
6.075576563446599903e+04 1.067580344547136351e+00
6.075576589451979817e+04 9.571825087438118329e-01
6.075576615457359003e+04 1.100784203557254592e+00
6.075576641462739644e+04 1.083204839461317626e+00
6.075576667468119558e+04 1.053572516996417407e+00
6.075576693473499472e+04 1.316685135597525758e+00
6.075576719478878658e+04 8.895231949540293170e-01
6.075576745484258572e+04 1.293631078906329446e+00
6.075576771489637758e+04 8.268256872907364663e-01
6.075576797495017672e+04 1.271959327306199539e+00
6.075576823500396858e+04 6.898983799022744279e-01
6.075576849505776045e+04 1.253731438255158315e+00
6.075576875511155959e+04 1.181299564299248539e+00
6.075576901516535145e+04 1.126245390262279544e+00
6.075576927521915786e+04 1.041401816906389000e+00
6.075576953527295700e+04 1.218488853263962834e+00
6.075576979532675614e+04 1.216488406374715003e+00
6.075577005538054800e+04 9.619291558527331976e-01
6.075577031543434714e+04 9.458611235739113887e-01
6.075577057548813900e+04 1.058122469606026517e+00
6.075577083554193814e+04 9.121668419212759504e-01
6.075577109559573000e+04 1.084384225213699260e+00
6.075577135564952914e+04 1.279480581604448330e+00
6.075577161570332100e+04 1.204671448861925898e+00
6.075577187575712014e+04 7.183618651450101034e-01
6.075577213581091200e+04 9.531036009043443169e-01
6.075577239586471842e+04 1.218043100393129796e+00
6.075577265591851756e+04 8.956639792972206360e-01
6.075577291597231670e+04 1.185118656876242405e+00
6.075577317602610856e+04 1.057696732684501040e+00
