6.075547523418369383e+04 9.549789016218290794e-01
6.075547549424438330e+04 9.773482267297394221e-01
6.075547575430508005e+04 9.309763708529390502e-01
6.075547601436576224e+04 9.532931706543154027e-01
6.075547627442645899e+04 9.910622072466520605e-01
6.075547653448714846e+04 9.287637171058793495e-01
6.075547679454784520e+04 9.706864977234536118e-01
6.075547705460853467e+04 9.750071981341287275e-01
6.075547731466922414e+04 9.401625373429343124e-01
6.075547757472991361e+04 1.043096250584176765e+00
6.075547783479061036e+04 9.727920549567717901e-01
6.075547809485129255e+04 1.015784112120561300e+00
6.075547835491198930e+04 9.867377268633771292e-01
6.075547861497267877e+04 1.025328708997128802e+00
6.075547887503337552e+04 1.009419789220473929e+00
6.075547913509406499e+04 9.987991312583850423e-01
6.075547939515475446e+04 9.899050344987816441e-01
6.075547965521544393e+04 9.714464620743026302e-01
6.075547991527614067e+04 9.711264591759796172e-01
6.075548017533683014e+04 9.582473263291119148e-01
6.075548043539752689e+04 9.981066315830726676e-01
6.075548069545820908e+04 9.950333746374729893e-01
6.075548095551890583e+04 9.982618159203543451e-01
6.075548121557959530e+04 9.904153124352558235e-01
6.075548147564028477e+04 9.879878771386567671e-01
6.075548173570098152e+04 9.560530396168467338e-01
6.075548199576167099e+04 1.004382799823833938e+00
6.075548225582236773e+04 9.715826746560050076e-01
6.075548251588305720e+04 9.320503304669948141e-01
6.075548277594374667e+04 9.424687669290130465e-01
6.075548303600443614e+04 9.946248734141730496e-01
6.075548329606513289e+04 1.012577931747589588e+00
6.075548355612582236e+04 1.015926358280383024e+00
6.075548381618651911e+04 1.013352391508444583e+00
6.075548407624720130e+04 9.853982005593142635e-01
6.075548433630789805e+04 9.854726880389168553e-01
6.075548459636858752e+04 9.807620539568366880e-01
6.075548485642928426e+04 9.850490364745003724e-01
6.075548511648997373e+04 9.730584463627993674e-01
6.075548537655066320e+04 1.002005516850791089e+00
6.075548563661135267e+04 9.808382732190584763e-01
6.075548589667204942e+04 9.557963311580525145e-01
6.075548615673273162e+04 9.885443836098649628e-01
6.075548641679342836e+04 9.882008652068201560e-01
6.075548667685411783e+04 9.725477493728131861e-01
6.075548693691481458e+04 9.975533171431519852e-01
6.075548719697551132e+04 1.018992027062624484e+00
6.075548745703619352e+04 9.496857819458055516e-01
6.075548771709689026e+04 9.559748427576282293e-01
6.075548797715757973e+04 1.009652447776424156e+00
6.075548823721827648e+04 9.380869080603715382e-01
6.075548849727896595e+04 9.676106119234236802e-01
6.075548875733965542e+04 9.899809933367152981e-01
6.075548901740034489e+04 9.823162761814626665e-01
6.075548927746104164e+04 1.030195418602997348e+00
6.075548953752172383e+04 1.020176419058721473e+00
6.075548979758242058e+04 9.888729209451950775e-01
6.075549005764311732e+04 9.762154912126059791e-01
6.075549031770380680e+04 9.737122312901334009e-01
6.075549057776450354e+04 9.692997977626993666e-01
6.075549083782518574e+04 9.327240383074011376e-01
6.075549109788588248e+04 9.407061447342498495e-01
6.075549135794657195e+04 1.014416347853743794e+00
6.075549161800726870e+04 9.845118427961135898e-01
6.075549187806795817e+04 9.665140528009154020e-01
6.075549213812864764e+04 9.702079065230313493e-01
6.075549239818933711e+04 9.729462028440928334e-01
6.075549265825003386e+04 9.519279599777161760e-01
6.075549291831072333e+04 9.703162655549982807e-01
6.075549317837142007e+04 1.024937767802595934e+00
6.075549343843210954e+04 9.920928589072072201e-01
6.075549369849279901e+04 9.886141121242453256e-01
6.075549395855349576e+04 1.002632806574596191e+00
6.075549421861417795e+04 9.989826947336047924e-01
6.075549447867487470e+04 9.838656324345782522e-01
6.075549473873556417e+04 9.718046796954679101e-01
6.075549499879626092e+04 1.005961673401857048e+00
6.075549525885695766e+04 9.766463677373901087e-01
6.075549551891763986e+04 1.010816424498221178e+00
6.075549577897833660e+04 9.686858444072712349e-01
6.075549603903902607e+04 9.587959613771801504e-01
6.075549629909972282e+04 9.825991286450073137e-01
6.075549655916041229e+04 1.018927636838465656e+00
6.075549681922110176e+04 9.487076311869905298e-01
6.075549707928179851e+04 9.957080803750023579e-01
6.075549733934248798e+04 9.664006258911052027e-01
6.075549759940317745e+04 9.931830519592401707e-01
6.075549785946386692e+04 9.551875762427383121e-01
6.075549811952456366e+04 9.821429751364880723e-01
6.075549837958525313e+04 9.766922422736692422e-01
6.075549863964594988e+04 1.017584756447080352e+00
6.075549889970663935e+04 9.849507322459659653e-01
6.075549915976732882e+04 1.002949468112829257e+00
6.075549941982802557e+04 9.655666850667095069e-01
6.075549967988871504e+04 9.956518219116661239e-01
6.075549993994941178e+04 9.565701869080273090e-01
6.075550020001009398e+04 9.456643819376185922e-01
6.075550046007079072e+04 1.026399587391682244e+00
6.075550072013148747e+04 9.912741819456150072e-01
6.075550098019216966e+04 9.771462545891039797e-01
6.075550124025286641e+04 9.830530181379634191e-01
6.075550150031355588e+04 9.840816748882388332e-01
6.075550176037425263e+04 9.978852927580970089e-01
6.075550202043494210e+04 9.953881834727092981e-01
6.075550228049563157e+04 1.018557619686636162e+00
6.075550254055632831e+04 9.771015993579897918e-01
6.075550280061701778e+04 9.673817974031974076e-01
6.075550306067771453e+04 9.406037178303652269e-01
6.075550332073840400e+04 9.171156303550995759e-01
6.075550358079909347e+04 1.023572257183936962e+00
6.075550513883041276e+04 9.927088030505919480e-01
6.075550539889110951e+04 1.004023181442694312e+00
6.075550565895179898e+04 9.528025440616649799e-01
6.075550591901248845e+04 9.525527877374373453e-01
6.075550617907318519e+04 9.831091430221748917e-01
6.075550643913387466e+04 9.773378485405384009e-01
6.075550669919457141e+04 9.925136728236290118e-01
6.075550695925526088e+04 8.959327991519681067e-01
6.075550721931595035e+04 9.854567190940292098e-01
6.075550747937664710e+04 1.019192838839982462e+00
6.075550773943733657e+04 9.866003904730608065e-01
6.075550799949803331e+04 9.605657553191760956e-01
6.075550825955872278e+04 9.323786478989884996e-01
6.075550851961941225e+04 9.879199021739626385e-01
6.075550877968010900e+04 1.055484699218624867e+00
6.075550903974079847e+04 9.626462969138985803e-01
6.075550929980148794e+04 9.857519322580109433e-01
6.075550955986217741e+04 1.014538937991617651e+00
6.075550981992287416e+04 1.014812928685862037e+00
6.075551007998357090e+04 1.018498003996421097e+00
6.075551034004426037e+04 9.959962524882529644e-01
6.075551060010494984e+04 1.016708604271771677e+00
6.075551086016564659e+04 9.516166456289602005e-01
6.075551112022633606e+04 1.014717297305910426e+00
6.075551138028703281e+04 9.789954852080614556e-01
6.075551164034772228e+04 1.014482977353995841e+00
6.075551190040841175e+04 9.867532243842541684e-01
6.075551216046910849e+04 9.846507653052135600e-01
6.075551242052979796e+04 9.542838402278359666e-01
6.075551268059049471e+04 9.776603488019811605e-01
6.075551294065118418e+04 1.044887974532335839e+00
6.075551320071187365e+04 1.008628440462999931e+00
6.075551346077257040e+04 9.925337331753746328e-01
6.075551372083325987e+04 9.626093292632269538e-01
6.075551398089394934e+04 9.855595954922788948e-01
6.075551424095464608e+04 9.580645541599949189e-01
6.075551450101533555e+04 9.809706334898522506e-01
6.075551476107603230e+04 1.018217649303777561e+00
6.075551502113672177e+04 9.766185265304959673e-01
6.075551528119741124e+04 9.568216114103185177e-01
6.075551554125810799e+04 9.357930834179274404e-01
6.075551580131879746e+04 9.800871848135125353e-01
6.075551606137949420e+04 9.945278194155980911e-01
6.075551632144019095e+04 1.008585589037081176e+00
6.075551658150087314e+04 9.818237002833419824e-01
6.075551684156156989e+04 1.005957910854059945e+00
6.075551710162226664e+04 1.030724319797997390e+00
6.075551736168294883e+04 1.063326963647339030e+00
6.075551762174364558e+04 1.024157788151235593e+00
6.075551788180433505e+04 1.049033821895784646e+00
6.075551814186503179e+04 9.819973222917207645e-01
6.075551840192572854e+04 1.017077865644072654e+00
6.075551866198641073e+04 9.537373480245038282e-01
6.075551892204710748e+04 9.614503817307548106e-01
6.075551918210780423e+04 1.000461248647596335e+00
6.075551944216849370e+04 9.919555339228663948e-01
6.075551970222919044e+04 9.810265489304218489e-01
6.075551996228987991e+04 1.038165522516113048e+00
6.075552022235056938e+04 9.744499086350802974e-01
6.075552048241126613e+04 9.414530457114175244e-01
6.075552074247194832e+04 9.987144875296735114e-01
6.075552100253265235e+04 9.758064575363165627e-01
6.075552126259334182e+04 9.908945962172798216e-01
6.075552152265403129e+04 9.892901593633038893e-01
6.075552178271472803e+04 9.567294396973409221e-01
6.075552204277541750e+04 1.004481637679863759e+00
6.075552230283610697e+04 9.988334169855479505e-01
6.075552256289680372e+04 9.618581089452832300e-01
6.075552282295750047e+04 1.034864056241366459e+00
6.075552308301818994e+04 9.337704437954574832e-01
6.075552334307887941e+04 9.944808424947232384e-01
6.075552360313957615e+04 9.902168252769549817e-01
6.075552386320026562e+04 9.899509634258066848e-01
6.075552412326096237e+04 9.249138053762051559e-01
6.075552438332165912e+04 9.671762295436419077e-01
6.075552464338234131e+04 1.013870596030842952e+00
6.075552490344303806e+04 9.749378820406586765e-01
6.075552516350373480e+04 9.912732700091372307e-01
6.075552542356441700e+04 9.831232380806487203e-01
6.075552568362511374e+04 9.831947751203286012e-01
6.075552594368581049e+04 1.010312411869133564e+00
6.075552620374649996e+04 9.448843231387662467e-01
6.075552646380719671e+04 9.893048470885509316e-01
6.075552672386788618e+04 9.605749440924676863e-01
6.075552698392857565e+04 9.983215102951210618e-01
6.075552724398927239e+04 9.522727639029607838e-01
6.075552750404996914e+04 1.027384617469196959e+00
6.075552776411065861e+04 1.018798990376734492e+00
6.075552802417134808e+04 9.738184203626185642e-01
6.075552828423204483e+04 9.708085275740415687e-01
6.075552854429273430e+04 9.663266211341734468e-01
6.075552880435342377e+04 9.345785371380871398e-01
6.075552906441412051e+04 9.921891649730563145e-01
6.075552932447480998e+04 9.628522105053224367e-01
6.075552958453550673e+04 1.016919228419113752e+00
6.075552984459620347e+04 9.323005553177386995e-01
6.075553010465688567e+04 1.005812068284068772e+00
6.075553036471758242e+04 9.564544291034330348e-01
6.075553062477827916e+04 9.715027588174286466e-01
6.075553088483896863e+04 1.044093557812034057e+00
6.075553114489966538e+04 9.603026035170201258e-01
6.075553140496035485e+04 1.029231993532207845e+00
6.075553166502104432e+04 1.011677964322331036e+00
6.075553192508174106e+04 9.975408458745114171e-01
6.075553218514243054e+04 1.027772819448844688e+00
6.075553244520312728e+04 9.857910005199900239e-01
6.075553270526381675e+04 9.644897312125902955e-01
6.075553296532451350e+04 9.874586763307611204e-01
6.075553322538520297e+04 9.836528838669422736e-01
6.075553348544589244e+04 1.042218675552857077e+00
6.075553503087646095e+04 1.007768166635560236e+00
6.075553529093715770e+04 9.989195662249674701e-01
6.075553555099784717e+04 9.802751372220632753e-01
6.075553581105853664e+04 9.135596711509380574e-01
6.075553607111923338e+04 1.029653776788457931e+00
6.075553633117992285e+04 9.493964791571276596e-01
6.075553659124061960e+04 9.928539743621276337e-01
6.075553685130131635e+04 9.878717076310429279e-01
6.075553711136199854e+04 1.007854039495994725e+00
6.075553737142269529e+04 9.712983065131276517e-01
6.075553763148339203e+04 9.701219487255650087e-01
6.075553789154408878e+04 9.812357617002998023e-01
6.075553815160477825e+04 1.051839675187868250e+00
6.075553841166546772e+04 9.561175669005436140e-01
6.075553867172616447e+04 9.557463652642360641e-01
6.075553893178685394e+04 9.381191373016857238e-01
6.075553919184754341e+04 9.260292961521965349e-01
6.075553945190824015e+04 9.992128277311357332e-01
6.075553971196892962e+04 1.055259398854972774e+00
6.075553997202962637e+04 1.011317469942843106e+00
6.075554023209032312e+04 9.900400489365167589e-01
6.075554049215101259e+04 1.031390490249598058e+00
6.075554075221170206e+04 9.930997185949207440e-01
6.075554101227239880e+04 9.896670347460978512e-01
6.075554127233309555e+04 9.445929916281884386e-01
6.075554153239378502e+04 9.619098042892995082e-01
6.075554179245447449e+04 9.751747351440174238e-01
6.075554205251517124e+04 1.012285546687117010e+00
6.075554231257586798e+04 1.001046670898314783e+00
6.075554257263655018e+04 1.031963241272521481e+00
6.075554283269725420e+04 9.830424292454317259e-01
6.075554309275794367e+04 9.871014372667543668e-01
6.075554335281863314e+04 9.667419545585236307e-01
6.075554361287932988e+04 1.003953721464867943e+00
6.075554387294001936e+04 1.002622789573328177e+00
6.075554413300071610e+04 9.957842197297650522e-01
6.075554439306140557e+04 9.845544730547185486e-01
6.075554465312210232e+04 9.542757080291043303e-01
6.075554491318279906e+04 9.765331490929310965e-01
6.075554517324348853e+04 1.022503449547533805e+00
6.075554543330417800e+04 9.402858799197537643e-01
6.075554569336487475e+04 1.034197813715344916e+00
6.075554595342557150e+04 9.695742119222516830e-01
6.075554621348626097e+04 9.706413491303286234e-01
6.075554647354695044e+04 1.009928311804467516e+00
6.075554673360764718e+04 1.021628567700925805e+00
6.075554699366834393e+04 9.875750179698336018e-01
6.075554725372902612e+04 9.467930666060577760e-01
6.075554751378972287e+04 1.023889016069744473e+00
6.075554777385041962e+04 1.014041772730297053e+00
6.075554803391111636e+04 1.060099631633774964e+00
6.075554829397180583e+04 1.008860093026588078e+00
6.075554855403249530e+04 1.007972531009348360e+00
6.075554881409319205e+04 9.635668715276204388e-01
6.075554907415388152e+04 9.377562427426701097e-01
6.075554933421457827e+04 9.730150364631097171e-01
6.075554959427527501e+04 9.823010317955942483e-01
6.075554985433596448e+04 9.876376557582521309e-01
6.075555011439665395e+04 9.894104478417129478e-01
6.075555037445735070e+04 9.955123401512685488e-01
6.075555063451804017e+04 1.031544552263664150e+00
6.075555089457873692e+04 9.808229298011367225e-01
6.075555115463942639e+04 9.746246069328275974e-01
6.075555141470012313e+04 9.353513812607002764e-01
6.075555167476081988e+04 9.770430442719045816e-01
6.075555193482150935e+04 9.947155133699474572e-01
6.075555219488219882e+04 1.016961651738025330e+00
6.075555245494289557e+04 9.913848799204352247e-01
6.075555271500359231e+04 9.812057248434369328e-01
6.075555297506428906e+04 9.817866005873894242e-01
6.075555323512497125e+04 9.659990832156249985e-01
6.075555349518566800e+04 1.010993746988493536e+00
6.075555375524636474e+04 1.035979374053308755e+00
6.075555401530705421e+04 9.460344357632322065e-01
6.075555427536775096e+04 1.011269255083900420e+00
6.075555453542844043e+04 1.022233553065068579e+00
6.075555479548913718e+04 1.042452650025084138e+00
6.075555505554983392e+04 9.681074946583644314e-01
6.075555531561051612e+04 9.875544647113045915e-01
6.075555557567121286e+04 1.031111840535366087e+00
6.075555583573190961e+04 9.756699146535197098e-01
6.075555609579260636e+04 9.594922231984849281e-01
6.075555635585329583e+04 9.807768863117742875e-01
6.075555661591398530e+04 1.006330102378725222e+00
6.075555687597468204e+04 1.012144338403352828e+00
6.075555713603537879e+04 9.913348346683710233e-01
6.075555739609607554e+04 1.023705774812320612e+00
6.075555765615676501e+04 9.865667311644242821e-01
6.075555791621745448e+04 1.001114313338488326e+00
6.075555817627815122e+04 1.003236235271642407e+00
6.075555843633884797e+04 9.722802294129462286e-01
6.075555869639953016e+04 9.770462350532869156e-01
6.075555895646022691e+04 1.010471341079778096e+00
6.075555921652092366e+04 9.491440944324747164e-01
6.075555947658162040e+04 1.014151318110093403e+00
6.075555973664230987e+04 1.015064068251131157e+00
6.075555999670299934e+04 9.458318122499508318e-01
6.075556025676369609e+04 9.706063453710340738e-01
6.075556051682439283e+04 1.022087163704213708e+00
6.075556077688508958e+04 9.858842149616572348e-01
6.075556103694577905e+04 9.743821429923664734e-01
6.075556129700646852e+04 9.955817750386759535e-01
6.075556155706716527e+04 9.789767483258392522e-01
6.075556181712786201e+04 9.841626060277229859e-01
6.075556207718854421e+04 9.853169777127533946e-01
6.075556233724924095e+04 1.024897131560875696e+00
6.075556259730993770e+04 9.540847228200097785e-01
6.075556285737063445e+04 9.465531256968386931e-01
6.075556311743133119e+04 1.020659431207003864e+00
6.075556337749201339e+04 1.016551119427278493e+00
6.075556504896522529e+04 1.007805883264186964e+00
6.075556530902591476e+04 1.051862593767989074e+00
6.075556556908661150e+04 9.667136009122984097e-01
6.075556582914730097e+04 9.932148042599615589e-01
6.075556608920799772e+04 1.036403727742829295e+00
6.075556634926869447e+04 1.014831960949321932e+00
6.075556660932938394e+04 9.896184687011841952e-01
6.075556686939008068e+04 1.008705383186040194e+00
6.075556712945077015e+04 9.860329612985476722e-01
6.075556738951146690e+04 9.554819962073453077e-01
6.075556764957216365e+04 1.020318218151109235e+00
6.075556790963285312e+04 1.012810560123048154e+00
6.075556816969354986e+04 1.002028755982466546e+00
6.075556842975423933e+04 1.052203155770480070e+00
6.075556868981492880e+04 9.610658143649229990e-01
6.075556894987563282e+04 9.487161565219670578e-01
6.075556920993632230e+04 9.967009881013935146e-01
6.075556946999701904e+04 1.043636863220238187e+00
6.075556973005770851e+04 1.029967893709600402e+00
6.075556999011839798e+04 1.000593295617645540e+00
6.075557025017909473e+04 1.010211293067184712e+00
6.075557051023979147e+04 9.611179137081822255e-01
6.075557077030048822e+04 1.028925088044652769e+00
6.075557103036117769e+04 1.016765690947540435e+00
6.075557129042186716e+04 9.311603398805424758e-01
6.075557155048256391e+04 1.006039277789165132e+00
6.075557181054326065e+04 1.014964915634047671e+00
6.075557207060395740e+04 9.535687807594912524e-01
6.075557233066464687e+04 1.019515349630695455e+00
6.075557259072533634e+04 9.931378833958536267e-01
6.075557285078603309e+04 9.653062782651512519e-01
6.075557311084672983e+04 1.009519024286622324e+00
6.075557337090741930e+04 9.917749313545191070e-01
6.075557363096811605e+04 1.006304906115569553e+00
6.075557389102880552e+04 9.992164326486007164e-01
6.075557415108950227e+04 1.034759502266544784e+00
6.075557441115019901e+04 1.002172429838122936e+00
6.075557467121088848e+04 1.046873385194697859e+00
6.075557493127158523e+04 9.614556605220613283e-01
6.075557519133227470e+04 1.013091031841445444e+00
6.075557545139297144e+04 1.024546918902673465e+00
6.075557571145366819e+04 1.000459265040225310e+00
6.075557597151435766e+04 9.830054632072563470e-01
6.075557623157505441e+04 9.652502880109311567e-01
6.075557649163575115e+04 9.907272858110084401e-01
6.075557675169643335e+04 1.001330352451136330e+00
6.075557701175713009e+04 1.006489950606025863e+00
6.075557727181782684e+04 1.010209390440605315e+00
6.075557753187852359e+04 9.768629237642144636e-01
6.075557779193922033e+04 9.618479959890026132e-01
6.075557805199990980e+04 9.854688308946502051e-01
6.075557831206059927e+04 9.547595006595248623e-01
6.075557857212129602e+04 1.004116847221464326e+00
6.075557883218199277e+04 1.043792379978320639e+00
6.075557909224268951e+04 9.518121704362813018e-01
6.075557935230337898e+04 1.047221107277959362e+00
6.075557961236407573e+04 1.002321864736827939e+00
6.075557987242476520e+04 9.962214361125242279e-01
6.075558013248546195e+04 9.784232527869494156e-01
6.075558039254615869e+04 9.668727289513801004e-01
6.075558065260684816e+04 1.019990010132360236e+00
6.075558091266754491e+04 1.040274274009695965e+00
6.075558117272824165e+04 1.026256815255680133e+00
6.075558143278892385e+04 9.918298211956990684e-01
6.075558169284962059e+04 1.009007610856578419e+00
6.075558195291031734e+04 1.037377644495234286e+00
6.075558221297101409e+04 1.012267280970177152e+00
6.075558247303171083e+04 1.031503532840085890e+00
6.075558273309240030e+04 1.028238819500240542e+00
6.075558299315309705e+04 1.023015512647419190e+00
6.075558325321378652e+04 9.507386241911509606e-01
6.075558351327448327e+04 1.012168710550104489e+00
6.075558377333518001e+04 9.654584323171261362e-01
6.075558403339586948e+04 9.946516177522956026e-01
6.075558429345656623e+04 9.868558410650031254e-01
6.075558455351726298e+04 1.026600503426752020e+00
6.075558481357794517e+04 9.671414937094106046e-01
6.075558507363864192e+04 1.015421710917221221e+00
6.075558533369933866e+04 1.040970742869616661e+00
6.075558559376003541e+04 1.009186532408530512e+00
6.075558585382073215e+04 1.037395262711804378e+00
6.075558611388142162e+04 9.362342226928558331e-01
6.075558637394211837e+04 9.463502177870566356e-01
6.075558663400280784e+04 1.025270582666768293e+00
6.075558689406350459e+04 1.022639301458380334e+00
6.075558715412420133e+04 1.034902582089193723e+00
6.075558741418489080e+04 9.890479424131771724e-01
6.075558767424558755e+04 9.862689404600470944e-01
6.075558793430628430e+04 9.500922970082171792e-01
6.075558819436697377e+04 1.012144619337109308e+00
6.075558845442767051e+04 1.046859971320046823e+00
6.075558871448835998e+04 9.856853428307204013e-01
6.075558897454905673e+04 9.645421476818103468e-01
6.075558923460975348e+04 9.755678644138608968e-01
6.075558949467044295e+04 1.012841339803066898e+00
6.075558975473113969e+04 9.419425810555620560e-01
6.075559001479183644e+04 9.822285771184537939e-01
6.075559027485253318e+04 9.553259491369507916e-01
6.075559053491322265e+04 1.032790770498658528e+00
6.075559079497391212e+04 9.997801442633116320e-01
6.075559105503460887e+04 9.987474127216112718e-01
6.075559131509530562e+04 1.056816141485122262e+00
6.075559157515600236e+04 9.954681101881536209e-01
6.075559183521669911e+04 9.938311621184306999e-01
6.075559209527738858e+04 1.031200862091047998e+00
6.075559235533808533e+04 1.007757121336819939e+00
6.075559261539877480e+04 9.965330155937331957e-01
6.075559287545946427e+04 9.789843802149255092e-01
6.075559313552016101e+04 1.019836702770922310e+00
6.075559339558085776e+04 1.052822961391578493e+00
6.075559494101491873e+04 9.705756329912403890e-01
6.075559520107561548e+04 1.042401128103109809e+00
6.075559546113631222e+04 1.053083491059426668e+00
6.075559572119700897e+04 1.004906151618609078e+00
6.075559598125769844e+04 1.029344048836688064e+00
6.075559624131839519e+04 1.011740164113712703e+00
6.075559650137908466e+04 1.004160620440537555e+00
6.075559676143977413e+04 1.028600521559388303e+00
6.075559702150047087e+04 1.007551185347827838e+00
6.075559728156116762e+04 1.028589546870288363e+00
6.075559754162186437e+04 1.057306092915786033e+00
6.075559780168256111e+04 9.999899852305703662e-01
6.075559806174325058e+04 9.847985377888986980e-01
6.075559832180394733e+04 1.008464346109553045e+00
6.075559858186464407e+04 9.605498663174524276e-01
6.075559884192533355e+04 9.913103883703582309e-01
6.075559910198603029e+04 1.013675135506900915e+00
6.075559936204671976e+04 1.027732061288664456e+00
6.075559962210741651e+04 1.021964801834203795e+00
6.075559988216811325e+04 1.043593024723858509e+00
6.075560014222880272e+04 1.044628102598508690e+00
6.075560040228950675e+04 1.014186922586385986e+00
6.075560066235019622e+04 1.029314958322694151e+00
6.075560092241089296e+04 1.000964091233325304e+00
6.075560118247158971e+04 9.649314468521585919e-01
6.075560144253227918e+04 9.762398113531250976e-01
6.075560170259296865e+04 1.042518946984003048e+00
6.075560196265366540e+04 9.799283823849441744e-01
6.075560222271436214e+04 9.998823279590668411e-01
6.075560248277505889e+04 1.034347472297409531e+00
6.075560274283574836e+04 1.052423645530860874e+00
6.075560300289644510e+04 1.021261807556845369e+00
6.075560326295714185e+04 9.301808174247322425e-01
6.075560352301783860e+04 1.013028219937410324e+00
6.075560378307853534e+04 9.815394053224693049e-01
6.075560404313922481e+04 9.629121872950293648e-01
6.075560430319992156e+04 9.917494680385547934e-01
6.075560456326061831e+04 1.010159687040767196e+00
6.075560482332130050e+04 9.765641957345381208e-01
6.075560508338199725e+04 1.015256874895999806e+00
6.075560534344269399e+04 1.013603569869835574e+00
6.075560560350339074e+04 9.864081911000880387e-01
6.075560586356408749e+04 1.000467308568257607e+00
6.075560612362477696e+04 1.040675753318807351e+00
6.075560638368547370e+04 9.552400232270341629e-01
6.075560664374617045e+04 1.003729193804529629e+00
6.075560690380686719e+04 9.550887337093764140e-01
6.075560716386756394e+04 9.974378542735955477e-01
6.075560742392825341e+04 1.069471773589332653e+00
6.075560768398895016e+04 1.037121974245066136e+00
6.075560794404964690e+04 1.011467274712902542e+00
6.075560820411032910e+04 1.006469633068493685e+00
6.075560846417102584e+04 1.041120000884976138e+00
6.075560872423172259e+04 9.492998231061202663e-01
6.075560898429241934e+04 1.017113135146066272e+00
6.075560924435311608e+04 1.032253518580986240e+00
6.075560950441380555e+04 1.009038187337498060e+00
6.075560976447450230e+04 1.004090535329668743e+00
6.075561002453519905e+04 1.035883817033618648e+00
6.075561028459589579e+04 1.001396184969884917e+00
6.075561054465659254e+04 1.015071640809044551e+00
6.075561080471728201e+04 9.901332804372364738e-01
6.075561106477797875e+04 1.002812812503024231e+00
6.075561132483867550e+04 1.046446421268519389e+00
6.075561158489937225e+04 9.997562805555793020e-01
6.075561184496006899e+04 9.324752662065860509e-01
6.075561210502075846e+04 1.003894781179956341e+00
6.075561236508144793e+04 1.025333657905647566e+00
6.075561262514214468e+04 9.543745372699096174e-01
6.075561288520283415e+04 1.029432188526963943e+00
6.075561314526353090e+04 1.009929249910300975e+00
6.075561340532422764e+04 1.025460218198374962e+00
6.075561366538492439e+04 1.031568127958234049e+00
6.075561392544562113e+04 1.017971642309886127e+00
6.075561418550631060e+04 1.015314898804915877e+00
6.075561444556700735e+04 1.001855462256286522e+00
6.075561470562770410e+04 1.019711006060562974e+00
6.075561496568840084e+04 1.044961843272568691e+00
6.075561522574909759e+04 9.958419822354560580e-01
6.075561548580978706e+04 9.981438414265807468e-01
6.075561574587048381e+04 9.984600731786155148e-01
6.075561600593118055e+04 1.011525992493422121e+00
6.075561626599187002e+04 9.674377069423841791e-01
6.075561652605256677e+04 9.886407027631816113e-01
6.075561678611326352e+04 9.677126937398828899e-01
6.075561704617396026e+04 1.014450737145244252e+00
6.075561730623465701e+04 9.987006161856575304e-01
6.075561756629534648e+04 1.014033475267090534e+00
6.075561782635604322e+04 1.002766445651905203e+00
6.075561808641673269e+04 1.003941858161748746e+00
6.075561834647742944e+04 9.491537738740332131e-01
6.075561860653812619e+04 9.547960203574811233e-01
6.075561886659881566e+04 1.002774005610766128e+00
6.075561912665951240e+04 9.940124484799008897e-01
6.075561938672020915e+04 9.940937627787012065e-01
6.075561964678089862e+04 9.796498684823997660e-01
6.075561990684160264e+04 1.015750387206362459e+00
6.075562016690229211e+04 1.000944034044374931e+00
6.075562042696298886e+04 1.005118023482804324e+00
6.075562068702368560e+04 9.908897252308453973e-01
6.075562094708437508e+04 9.627418726789211956e-01
6.075562120714507182e+04 9.826455683180382872e-01
6.075562146720576857e+04 1.039152462760760232e+00
6.075562172726646531e+04 1.045094560974216824e+00
6.075562198732716206e+04 9.664795761885643932e-01
6.075562224738785153e+04 9.970737291751394782e-01
6.075562250744854828e+04 9.405540934117689877e-01
6.075562276750924502e+04 1.057432297342990157e+00
6.075562302756994177e+04 1.025158882360183599e+00
6.075562328763063852e+04 9.993579796010427785e-01
6.075562490904599690e+04 9.705127548756696809e-01
6.075562516909990518e+04 9.919633407919445922e-01
6.075562542915379890e+04 1.025427507745241940e+00
6.075562568920769263e+04 9.919690609551122806e-01
6.075562594926160091e+04 1.010798138305801119e+00
6.075562620931549463e+04 1.031596614049773430e+00
6.075562646936939564e+04 1.024445085501340946e+00
6.075562672942329664e+04 1.004793216576424619e+00
6.075562698947719036e+04 9.768710151749132597e-01
6.075562724953109864e+04 9.613283095486389040e-01
6.075562750958499237e+04 1.021757525721434412e+00
6.075562776963889337e+04 1.003274187766015402e+00
6.075562802969280165e+04 9.791268048659440559e-01
6.075562828974669537e+04 1.004119396304900214e+00
6.075562854980059637e+04 9.823483357325879517e-01
6.075562880985449738e+04 9.999979312154282374e-01
6.075562906990839110e+04 1.026488314339633945e+00
6.075562932996229938e+04 9.646685845058795561e-01
6.075562959001619311e+04 9.348490580679816864e-01
6.075562985007009411e+04 1.017821918607733522e+00
6.075563011012399511e+04 9.956140519623878360e-01
6.075563037017788884e+04 1.034947528295191432e+00
6.075563063023179711e+04 1.001356150467653139e+00
6.075563089028569084e+04 1.039841131091535642e+00
6.075563115033958456e+04 1.042574925853328782e+00
6.075563141039349284e+04 1.016037107553807051e+00
6.075563167044738657e+04 1.036369118657954225e+00
6.075563193050128757e+04 1.027218754982776483e+00
6.075563219055518857e+04 9.849979940143156476e-01
6.075563245060908230e+04 1.023980853452052031e+00
6.075563271066299058e+04 1.004622610931906967e+00
6.075563297071688430e+04 1.026005433130646738e+00
6.075563323077078530e+04 1.019062612905116350e+00
6.075563349082468631e+04 1.022352277987688352e+00
6.075563375087858003e+04 9.956365558408784011e-01
6.075563401093248831e+04 1.003885480167624022e+00
6.075563427098638203e+04 1.031772874682010732e+00
6.075563453104027576e+04 1.014031055748708665e+00
6.075563479109418404e+04 1.020104171616545985e+00
6.075563505114807776e+04 1.053948054172830551e+00
6.075563531120197877e+04 1.012941741958334863e+00
6.075563557125588704e+04 1.012537451845199499e+00
6.075563583130978077e+04 1.022111345282730399e+00
6.075563609136368905e+04 9.546523821309401692e-01
6.075563635141758277e+04 1.059198623248806426e+00
6.075563661147148377e+04 1.063222060476594510e+00
6.075563687152538478e+04 9.832077118585855757e-01
6.075563713157927850e+04 1.029304970866611546e+00
6.075563739163318678e+04 1.016761147139395804e+00
6.075563765168708051e+04 9.943015831134442983e-01
6.075563791174097423e+04 9.988155346547104019e-01
6.075563817179488251e+04 9.635252959096832770e-01
6.075563843184877624e+04 1.079214317056002015e+00
6.075563869190267724e+04 1.036063895918129418e+00
6.075563895195657824e+04 1.011966603125274755e+00
6.075563921201047197e+04 9.918129290119986896e-01
6.075563947206438024e+04 1.005310386693804681e+00
6.075563973211827397e+04 9.951562135042167911e-01
6.075563999217217497e+04 1.017863368826731119e+00
6.075564025222608325e+04 1.028580808294075055e+00
6.075564051227997697e+04 1.002425107922371383e+00
6.075564077233388525e+04 9.989820798377252453e-01
6.075564103238777898e+04 1.035539278948825137e+00
6.075564129244167270e+04 9.942271489319172151e-01
6.075564155249558098e+04 1.039541176532712718e+00
6.075564181254947471e+04 1.056920259893725511e+00
6.075564207260337571e+04 1.046991124773607895e+00
6.075564233265727671e+04 1.008093363890725236e+00
6.075564259271117044e+04 1.019484129525283445e+00
6.075564285276507871e+04 9.999296202155514290e-01
6.075564311281897244e+04 1.045478481961212625e+00
6.075564337287286617e+04 1.008455705334225128e+00
6.075564363292677444e+04 1.007808216249397981e+00
6.075564389298066817e+04 1.011650383000153086e+00
6.075564415303458372e+04 1.057164941265807290e+00
6.075564441308847745e+04 1.034123812039647206e+00
6.075564467314237118e+04 1.024786911064783590e+00
6.075564493319627945e+04 1.017807112415253901e+00
6.075564519325017318e+04 9.809244632140650122e-01
6.075564545330407418e+04 1.028666585551228030e+00
6.075564571335797518e+04 9.772872540479040637e-01
6.075564597341186891e+04 1.000385033567882331e+00
6.075564623346577719e+04 9.668080949440061023e-01
6.075564649351967091e+04 9.946652545563730019e-01
6.075564675357356464e+04 9.894782198574560983e-01
6.075564701362747292e+04 1.019064218122984311e+00
6.075564727368136664e+04 9.991055988399244470e-01
6.075564753373527492e+04 1.022924318866579974e+00
6.075564779378917592e+04 1.004277937441309554e+00
6.075564805384306965e+04 9.843337000591318997e-01
6.075564831389697792e+04 1.048297236282004441e+00
6.075564857395087165e+04 1.008082591852979659e+00
6.075564883400477265e+04 1.008216055367010311e+00
6.075564909405867365e+04 1.027411517474589697e+00
6.075564935411256738e+04 1.039662463151610483e+00
6.075564961416647566e+04 1.000463134358384742e+00
6.075564987422036938e+04 9.940271584229105617e-01
6.075565013427426311e+04 1.022314255248933490e+00
6.075565039432817866e+04 1.002918771274325049e+00
6.075565065438207239e+04 1.046086229129217227e+00
6.075565091443597339e+04 9.982130743970116793e-01
6.075565117448987439e+04 1.041644002621848086e+00
6.075565143454376812e+04 9.939533277070503603e-01
6.075565169459767640e+04 9.933776148560619079e-01
6.075565195465157012e+04 1.054362290848835260e+00
6.075565221470547112e+04 1.024787257336812640e+00
6.075565247475937213e+04 9.757661391184433430e-01
6.075565273481326585e+04 1.024845704889782105e+00
6.075565299486718141e+04 1.015316776866611148e+00
6.075565325492107513e+04 9.681844500241824081e-01
6.075565492676799477e+04 1.004297383248915487e+00
6.075565518682868424e+04 1.022144640753476441e+00
6.075565544688938098e+04 1.006796742774845432e+00
6.075565570695007773e+04 1.001920893211570851e+00
6.075565596701077448e+04 9.948012235560884653e-01
6.075565622707147122e+04 1.007200891690255062e+00
6.075565648713216069e+04 9.608455356827948490e-01
6.075565674719285744e+04 1.027840251367846403e+00
6.075565700725356146e+04 1.028532189597413327e+00
6.075565726731425821e+04 9.828720171315666887e-01
6.075565752737495495e+04 1.033013908278867188e+00
6.075565778743564442e+04 1.034921063103726224e+00
6.075565804749634117e+04 9.978828366402289207e-01
6.075565830755703792e+04 1.044127517438595554e+00
6.075565856761772739e+04 1.029961624482932381e+00
6.075565882767842413e+04 9.933691649624474262e-01
6.075565908773912088e+04 9.447877710951341212e-01
6.075565934779981762e+04 1.007204831202612505e+00
6.075565960786051437e+04 1.010394967775310127e+00
6.075565986792121112e+04 9.912696865862382634e-01
6.075566012798190786e+04 9.810437958069807562e-01
6.075566038804260461e+04 1.008593402084870361e+00
6.075566064810330136e+04 1.000038724022595638e+00
6.075566090816399810e+04 9.818451438903043060e-01
6.075566116822468757e+04 9.973608914851801455e-01
6.075566142828538432e+04 9.806224286032448889e-01
6.075566168834608106e+04 1.026293323735251617e+00
6.075566194840677781e+04 1.028539705860609166e+00
6.075566220846748183e+04 1.056098747865646947e+00
6.075566246852817130e+04 1.006846029185548774e+00
6.075566272858886805e+04 1.017250967973766018e+00
6.075566298864956480e+04 1.034408888564090967e+00
6.075566324871025427e+04 1.048988899941390329e+00
6.075566350877095101e+04 9.927659221475787499e-01
6.075566376883164776e+04 1.051437165634008464e+00
6.075566402889234450e+04 1.015777917913883721e+00
6.075566428895304125e+04 9.938442645951420795e-01
6.075566454901373800e+04 1.010799869408143925e+00
6.075566480907443474e+04 9.919453727395004528e-01
6.075566506913513149e+04 1.027043032631566044e+00
6.075566532919582824e+04 1.028698097885611951e+00
6.075566558925652498e+04 1.065991998786067541e+00
6.075566584931721445e+04 1.023387004373744524e+00
6.075566610937791120e+04 1.005534777459547335e+00
6.075566636943860794e+04 1.018098244946974873e+00
6.075566662949930469e+04 1.070945773186797290e+00
6.075566688956000144e+04 1.012747514272562155e+00
6.075566714962069818e+04 1.035651143113138772e+00
6.075566740968139493e+04 9.870585621087184514e-01
6.075566766974209168e+04 9.922075556178319156e-01
6.075566792980278115e+04 9.777456279138146966e-01
6.075566818986347789e+04 1.033727258393162929e+00
6.075566844992417464e+04 9.835050177607922439e-01
6.075566870998487866e+04 1.022142741720125869e+00
6.075566897004557541e+04 9.731113622532294727e-01
6.075566923010626488e+04 1.048994382923540414e+00
6.075566949016696162e+04 1.050877121548951854e+00
6.075566975022765837e+04 1.023730327057721601e+00
6.075567001028834784e+04 9.690140605028862986e-01
6.075567027034905186e+04 1.042385632511887428e+00
6.075567053040974133e+04 9.878963110090358546e-01
6.075567079047044535e+04 1.027031409837810827e+00
6.075567105053114210e+04 9.948574996765016110e-01
6.075567131059183157e+04 1.021610194439787733e+00
6.075567157065252832e+04 1.049127040698469404e+00
6.075567183071322506e+04 1.037023800375770799e+00
6.075567209077392181e+04 9.778070925864376095e-01
6.075567235083461856e+04 1.042341104863720114e+00
6.075567261089531530e+04 1.019616290725419150e+00
6.075567287095601205e+04 1.034374472097565167e+00
6.075567313101670879e+04 9.836669509720831206e-01
6.075567339107740554e+04 1.016937977067374321e+00
6.075567365113810229e+04 1.029519401328787831e+00
6.075567391119879176e+04 9.805606297768096891e-01
6.075567417125948850e+04 1.045295807189237980e+00
6.075567443132019253e+04 1.034780523720458367e+00
6.075567469138088200e+04 1.018791161452133665e+00
6.075567495144157874e+04 1.003099110479158895e+00
6.075567521150227549e+04 1.005922065094116746e+00
6.075567547156297223e+04 1.009519758761983077e+00
6.075567573162366898e+04 1.053266138315386957e+00
6.075567599168436573e+04 1.051596147605806886e+00
6.075567625174506247e+04 1.028232814905695180e+00
6.075567651180575922e+04 1.022905460266720246e+00
6.075567677186645597e+04 9.933804480583678931e-01
6.075567703192715271e+04 1.030375735721981600e+00
6.075567729198784218e+04 1.018283702019538106e+00
6.075567755204853893e+04 1.009998158268636814e+00
6.075567781210924295e+04 9.883201353298839420e-01
6.075567807216993242e+04 1.065909641611554326e+00
6.075567833223062917e+04 1.027768889369288230e+00
6.075567859229132591e+04 9.898854547811786198e-01
6.075567885235202266e+04 9.880186670804702587e-01
6.075567911241271941e+04 1.012637413028462330e+00
6.075567937247341615e+04 1.019314655092367738e+00
6.075567963253411290e+04 9.939337433959061219e-01
6.075567989259480964e+04 1.018493783916540218e+00
6.075568015265550639e+04 1.013478051727963569e+00
6.075568041271620314e+04 1.021644248407849176e+00
6.075568067277689261e+04 1.043745003831038964e+00
6.075568093283759663e+04 1.012617095999243988e+00
6.075568119289829338e+04 1.040796053129587895e+00
6.075568145295898285e+04 1.051798190400830224e+00
6.075568171301968687e+04 9.773930746329103636e-01
6.075568197308037634e+04 9.783200678117081051e-01
6.075568223314107308e+04 9.916194031417002730e-01
6.075568249320177711e+04 1.012615531558086257e+00
6.075568275326246658e+04 9.920727475141862817e-01
6.075568301332316332e+04 1.035332403305538884e+00
6.075568327338386007e+04 1.033057089988811184e+00
6.075568483179301256e+04 1.008228341492384272e+00
6.075568509184680443e+04 1.045150473203598107e+00
6.075568535190059629e+04 1.047767830228564456e+00
6.075568561195438815e+04 1.003601784872750757e+00
6.075568587200818729e+04 1.058220936767038767e+00
6.075568613206199370e+04 9.753663842764929148e-01
6.075568639211578557e+04 1.041710234972471616e+00
6.075568665216957743e+04 1.017306394606730446e+00
6.075568691222336929e+04 1.005486917994007356e+00
6.075568717227716115e+04 9.881293713989759420e-01
6.075568743233096029e+04 9.892705020258104609e-01
6.075568769238475215e+04 9.918404714932240740e-01
6.075568795243854402e+04 1.007149853667999029e+00
6.075568821249233588e+04 1.041978411671473204e+00
6.075568847254613502e+04 1.040322248377858694e+00
6.075568873259992688e+04 9.740325114675629781e-01
6.075568899265372602e+04 1.014507633060984126e+00
6.075568925270752516e+04 1.043316939827906298e+00
6.075568951276131702e+04 1.058511728732240975e+00
6.075568977281511616e+04 1.021157327605205944e+00
6.075569003286890802e+04 1.018820546154954210e+00
6.075569029292269988e+04 1.011927762320952162e+00
6.075569055297649174e+04 1.009617341252020628e+00
6.075569081303029088e+04 1.033632628736197656e+00
6.075569107308408275e+04 1.042427385023017017e+00
6.075569133313787461e+04 1.063246937765532474e+00
6.075569159319166647e+04 1.029382445720070871e+00
6.075569185324547288e+04 1.025287928201896293e+00
6.075569211329927202e+04 9.892944975315542955e-01
6.075569237335306389e+04 9.874641842340331488e-01
6.075569263340685575e+04 1.054316705680727217e+00
6.075569289346064761e+04 9.854737065533470952e-01
6.075569315351444675e+04 1.012039162371918488e+00
6.075569341356823861e+04 1.039862806552951158e+00
6.075569367362203047e+04 1.009953029641666111e+00
6.075569393367582234e+04 1.013581754930079182e+00
6.075569419372962147e+04 1.018746144610654492e+00
6.075569445378341334e+04 1.030146579345763591e+00
6.075569471383720520e+04 1.005235548724867423e+00
6.075569497389100434e+04 1.018819788837432627e+00
6.075569523394481075e+04 1.038843756701844256e+00
6.075569549399860261e+04 1.031887431661136612e+00
6.075569575405239448e+04 1.089228095870935498e+00
6.075569601410618634e+04 1.031668318413057728e+00
6.075569627415998548e+04 1.003791734893916265e+00
6.075569653421377734e+04 1.017148186720372438e+00
6.075569679426756920e+04 1.016234153893361247e+00
6.075569705432136107e+04 1.007195696204288504e+00
6.075569731437516020e+04 1.028045299588264516e+00
6.075569757442895207e+04 1.068303474223222249e+00
6.075569783448274393e+04 1.004764999758320343e+00
6.075569809453654307e+04 9.946119812771547775e-01
6.075569835459034948e+04 9.763676865319290687e-01
6.075569861464414134e+04 1.021419677048503560e+00
6.075569887469793321e+04 1.026381843099839486e+00
6.075569913475172507e+04 1.084311200076253145e+00
6.075569939480552421e+04 1.003214538808150147e+00
6.075569965485931607e+04 9.973850999006297346e-01
6.075569991491310793e+04 1.005125604643602344e+00
6.075570017496689979e+04 1.003529889354760174e+00
6.075570043502069893e+04 9.947382210870018282e-01
6.075570069507449080e+04 1.032941813058558811e+00
6.075570095512828993e+04 1.011851414439665975e+00
6.075570121518208907e+04 1.013799276846141018e+00
6.075570147523588821e+04 1.020108556621469598e+00
6.075570173528968007e+04 1.028781301233462786e+00
6.075570199534347194e+04 1.011402199621448172e+00
6.075570225539727107e+04 9.694081005248498251e-01
6.075570251545106294e+04 1.008962559153527616e+00
6.075570277550485480e+04 1.057082143002449293e+00
6.075570303555864666e+04 1.006808446328468776e+00
6.075570329561244580e+04 9.887932138383876968e-01
6.075570355566623766e+04 1.009378536287892869e+00
6.075570381572002952e+04 1.007851651795565795e+00
6.075570407577382866e+04 1.028932614257545231e+00
6.075570433582763508e+04 1.019697122307474224e+00
6.075570459588142694e+04 1.025084129586574910e+00
6.075570485593521880e+04 1.031140321977185081e+00
6.075570511598901066e+04 1.014223333975589503e+00
6.075570537604280980e+04 9.993779777957694233e-01
6.075570563609660167e+04 1.077431548094506475e+00
6.075570589615039353e+04 9.996001813053067009e-01
6.075570615620419267e+04 1.002747893243209898e+00
6.075570641625798453e+04 1.035936212581540339e+00
6.075570667631177639e+04 9.829053713354973798e-01
6.075570693636557553e+04 9.881115889414773257e-01
6.075570719641938194e+04 1.043597305335405734e+00
6.075570745647317381e+04 1.053057512887964897e+00
6.075570771652696567e+04 1.100825114039944097e+00
6.075570797658076481e+04 1.024888753907409855e+00
6.075570823663455667e+04 1.044456222263300482e+00
6.075570849668834853e+04 1.010046527767622715e+00
6.075570875674214039e+04 1.028584277233803634e+00
6.075570901679593953e+04 1.031690185045341490e+00
6.075570927684973140e+04 1.028667805685190562e+00
6.075570953690352326e+04 9.835299083713121560e-01
6.075570979695732240e+04 1.058402838125636958e+00
6.075571005701112153e+04 1.033253245383498831e+00
6.075571031706492067e+04 9.671113457109987710e-01
6.075571057711871254e+04 1.040787458026974921e+00
6.075571083717251167e+04 1.006517018569053734e+00
6.075571109722630354e+04 1.032675201326912928e+00
6.075571135728009540e+04 1.000857960745471509e+00
6.075571161733389454e+04 1.048804019273594790e+00
6.075571187738768640e+04 1.013564995479456776e+00
6.075571213744147826e+04 1.017782092460314036e+00
6.075571239749527740e+04 1.009674807077541647e+00
6.075571265754906926e+04 1.059814997937138736e+00
6.075571291760286840e+04 1.046459760316061471e+00
6.075571317765666754e+04 1.022461553723729377e+00
6.075571474868715450e+04 1.015103572112707964e+00
6.075571500874785124e+04 1.014110751010149691e+00
6.075571526880854799e+04 1.000316161674157156e+00
6.075571552886924474e+04 1.030435214070882566e+00
6.075571578892994148e+04 1.031848920116819501e+00
6.075571604899063823e+04 1.028974054158137141e+00
6.075571630905133497e+04 9.828438396703605973e-01
6.075571656911203172e+04 1.008948457895143314e+00
6.075571682917273574e+04 1.022011251245070529e+00
6.075571708923342521e+04 1.008276936666118839e+00
6.075571734929412196e+04 1.046451076878713637e+00
6.075571760935482598e+04 1.004674742026687495e+00
6.075571786941552273e+04 1.003940458701419569e+00
6.075571812947621947e+04 1.042720982506038840e+00
6.075571838953690894e+04 1.023733836938223396e+00
6.075571864959761297e+04 1.005637487187949652e+00
6.075571890965830971e+04 1.042906352907063905e+00
6.075571916971899918e+04 1.051126366853901706e+00
6.075571942977970320e+04 1.029844609835361080e+00
6.075571968984039995e+04 9.640480553137396047e-01
6.075571994990109670e+04 9.721123173437963283e-01
6.075572020996180072e+04 1.032659720142194093e+00
6.075572047002249019e+04 1.002994325304001455e+00
6.075572073008318694e+04 9.852782437089909751e-01
6.075572099014388368e+04 1.013640561816649965e+00
6.075572125020458770e+04 1.001888209667278318e+00
6.075572151026528445e+04 1.029768328096404506e+00
6.075572177032597392e+04 1.065290733511485399e+00
6.075572203038667794e+04 1.055686263447569440e+00
6.075572229044737469e+04 9.999164280912773428e-01
6.075572255050806416e+04 1.035395715478266476e+00
6.075572281056877546e+04 1.044521514527093631e+00
6.075572307062946493e+04 1.023236620686319709e+00
6.075572333069016167e+04 9.794785726286772132e-01
6.075572359075086570e+04 1.069443882347649755e+00
6.075572385081155517e+04 1.033627439472052822e+00
6.075572411087225191e+04 9.813050075183682441e-01
6.075572437093294866e+04 1.043527673172565784e+00
6.075572463099365268e+04 9.826435794039645177e-01
6.075572489105434943e+04 1.045506113528502423e+00
6.075572515111503890e+04 1.000538627857014751e+00
6.075572541117574292e+04 9.681438096844545704e-01
6.075572567123643967e+04 1.050046877143637092e+00
6.075572593129713641e+04 1.021816220982628920e+00
6.075572619135784043e+04 1.052303386211109082e+00
6.075572645141852990e+04 1.026923292261729070e+00
6.075572671147922665e+04 1.024940319785215381e+00
6.075572697153993067e+04 9.829325656807514910e-01
6.075572723160062014e+04 9.975807033761144860e-01
6.075572749166131689e+04 1.026830239650539323e+00
6.075572775172202091e+04 9.963073767024328564e-01
6.075572801178271766e+04 1.041233428013294660e+00
6.075572827184341440e+04 1.022476463040695949e+00
6.075572853190411115e+04 1.012697627867820804e+00
6.075572879196480790e+04 1.065823964945495916e+00
6.075572905202550464e+04 1.004943990382531238e+00
6.075572931208620867e+04 1.014587067654539876e+00
6.075572957214690541e+04 9.770443180485204326e-01
6.075572983220759488e+04 1.028684122668169332e+00
6.075573009226829890e+04 1.029873433289453244e+00
6.075573035232899565e+04 1.020038375955641285e+00
6.075573061238968512e+04 9.654418519856894365e-01
6.075573087245038914e+04 1.067036008100436417e+00
6.075573113251108589e+04 9.613902402919956014e-01
6.075573139257178264e+04 1.014671209398507301e+00
6.075573165263248666e+04 9.889597494318097537e-01
6.075573191269317613e+04 1.056177353895888515e+00
6.075573217275387287e+04 1.022140121203759078e+00
6.075573243281457690e+04 9.914204424861131626e-01
6.075573269287527364e+04 1.041319835995960119e+00
6.075573295293597039e+04 9.819622441471244079e-01
6.075573321299666713e+04 1.031036641027625045e+00
6.075573347305736388e+04 1.044633189288569630e+00
6.075573373311806063e+04 1.058548403282523864e+00
6.075573399317875737e+04 1.047635712370895034e+00
6.075573425323946140e+04 1.001374465709862438e+00
6.075573451330015087e+04 1.004954022080548848e+00
6.075573477336085489e+04 1.070033921031214419e+00
6.075573503342155163e+04 9.733985939009378585e-01
6.075573529348224110e+04 1.066017398933533977e+00
6.075573555354294513e+04 1.041507548467460076e+00
6.075573581360364187e+04 1.005667845580606956e+00
6.075573607366434589e+04 1.008278896164576333e+00
6.075573633372504264e+04 1.010014019329343427e+00
6.075573659378573211e+04 1.066040708793970060e+00
6.075573685384643613e+04 9.831901695329386959e-01
6.075573711390713288e+04 1.027028141908375991e+00
6.075573737396782963e+04 1.014458595610070013e+00
6.075573763402853365e+04 1.053405377222410122e+00
6.075573789408922312e+04 9.799756507033501318e-01
6.075573815414991986e+04 1.021583679071872197e+00
6.075573841421062389e+04 1.000962267115473425e+00
6.075573867427131336e+04 9.884909155629414412e-01
6.075573893433201010e+04 9.905622727953021789e-01
6.075573919439271413e+04 1.042509019020193772e+00
6.075573945445341087e+04 1.011239048382271521e+00
6.075573971451411489e+04 9.898449878290583870e-01
6.075573997457480436e+04 1.002370899975672636e+00
6.075574023463550111e+04 1.025188259975732707e+00
6.075574049469620513e+04 9.808593680459879449e-01
6.075574075475690188e+04 1.032051601458124468e+00
6.075574101481759863e+04 1.000632406230467675e+00
6.075574127487829537e+04 1.000275366525359200e+00
6.075574153493899212e+04 9.539283326449360390e-01
6.075574179499969614e+04 9.777613796398247903e-01
6.075574205506038561e+04 1.022959162187487170e+00
6.075574231512108236e+04 1.021340924479931855e+00
6.075574257518178638e+04 1.031819622051852736e+00
6.075574283524248312e+04 1.009206861917486542e+00
6.075574309530317987e+04 1.017429944595616975e+00
6.075574483016229351e+04 1.008584203808679636e+00
6.075574509021608537e+04 1.049740348155908887e+00
6.075574535026989179e+04 9.645356540727944017e-01
6.075574561032369093e+04 1.049709179773927081e+00
6.075574587037748279e+04 9.930653853026462086e-01
6.075574613043128193e+04 1.033640254643119150e+00
6.075574639048507379e+04 9.868009572116572814e-01
6.075574665053887293e+04 1.033780849770672638e+00
6.075574691059266479e+04 1.006468788998110098e+00
6.075574717064645665e+04 9.893280934359481860e-01
6.075574743070025579e+04 1.031938363866582886e+00
6.075574769075404765e+04 9.940898492426519795e-01
6.075574795080784679e+04 1.015941930863985432e+00
6.075574821086163865e+04 9.846023753798426315e-01
6.075574847091544507e+04 9.390515610796048573e-01
6.075574873096924421e+04 9.489584695547428339e-01
6.075574899102303607e+04 9.993812692516376162e-01
6.075574925107683521e+04 1.023952501141884852e+00
6.075574951113062707e+04 9.892587474541447712e-01
6.075574977118442621e+04 1.018859180736862324e+00
6.075575003123821807e+04 9.674131631426604594e-01
6.075575029129201721e+04 1.040205254062274820e+00
6.075575055134580907e+04 1.004429611821473500e+00
6.075575081139960093e+04 1.011697734018141892e+00
6.075575107145340007e+04 1.013311270381638041e+00
6.075575133150719921e+04 1.002117180631670657e+00
6.075575159156100563e+04 9.955805585071387798e-01
6.075575185161479749e+04 1.038377062169898668e+00
6.075575211166859663e+04 9.814296080266247113e-01
6.075575237172238849e+04 9.816459101016743460e-01
6.075575263177618035e+04 1.041024686940025479e+00
6.075575289182997949e+04 9.623926911794357109e-01
6.075575315188377135e+04 1.025371969147303775e+00
6.075575341193757049e+04 9.756687599862855498e-01
6.075575367199136235e+04 1.029757366245081407e+00
6.075575393204516149e+04 1.006986686900890104e+00
6.075575419209895335e+04 9.947838011454770424e-01
6.075575445215275249e+04 9.775547806138485951e-01
6.075575471220655891e+04 1.001758019304465064e+00
6.075575497226035077e+04 1.048221746577028268e+00
6.075575523231414991e+04 1.009177449810959137e+00
6.075575549236794177e+04 9.925837960134850091e-01
6.075575575242174091e+04 9.423537306907608935e-01
6.075575601247553277e+04 9.639682064970909181e-01
6.075575627252933191e+04 9.932686228090362723e-01
6.075575653258312377e+04 1.035508393793913795e+00
6.075575679263691563e+04 1.059150636653240163e+00
6.075575705269071477e+04 9.561202987979185997e-01
6.075575731274451391e+04 9.882127608612344405e-01
6.075575757279832033e+04 9.906571652562128349e-01
6.075575783285211219e+04 9.936401771310737763e-01
6.075575809290591133e+04 1.037940346040854722e+00
6.075575835295970319e+04 1.032151005566307900e+00
6.075575861301350233e+04 1.046388851329801861e+00
6.075575887306729419e+04 1.031819499464901257e+00
6.075575913312109333e+04 9.972465999630893974e-01
6.075575939317488519e+04 9.957124868585776056e-01
6.075575965322867705e+04 1.009420147898782982e+00
6.075575991328247619e+04 1.043724487381522126e+00
6.075576017333626805e+04 1.030862978967288512e+00
6.075576043339007447e+04 1.049577468969046912e+00
6.075576069344387361e+04 9.743543433735005754e-01
6.075576095349767274e+04 1.045691619309894405e+00
6.075576121355146461e+04 9.565732907906958626e-01
6.075576147360526375e+04 1.054704574513051218e+00
6.075576173365905561e+04 9.615564622801129335e-01
6.075576199371285475e+04 9.742100102833622932e-01
6.075576225376664661e+04 1.030701221563559589e+00
6.075576251382044575e+04 1.014654513838916472e+00
6.075576277387423761e+04 1.055591594632870667e+00
6.075576303392802947e+04 1.014140141379629600e+00
6.075576329398183589e+04 9.828439081841330305e-01
6.075576355403563502e+04 9.980507116667907130e-01
6.075576381408943416e+04 1.003226524062631908e+00
6.075576407414322603e+04 1.001239132695244560e+00
6.075576433419702516e+04 9.689322555456026942e-01
6.075576459425081703e+04 1.058919848528342866e+00
6.075576485430461616e+04 9.914763390990271041e-01
6.075576511435840803e+04 9.859621114416590171e-01
6.075576537441220717e+04 9.986550986103465144e-01
6.075576563446599903e+04 9.932925204418719956e-01
6.075576589451979817e+04 1.005800068140932257e+00
6.075576615457359003e+04 1.011341024881052819e+00
6.075576641462739644e+04 1.038664599721223825e+00
6.075576667468119558e+04 9.848942139434622156e-01
6.075576693473499472e+04 9.977354406417758836e-01
6.075576719478878658e+04 1.011128911247572537e+00
6.075576745484258572e+04 1.023160627052774663e+00
6.075576771489637758e+04 9.877734759598255643e-01
6.075576797495017672e+04 9.190960610942213727e-01
6.075576823500396858e+04 1.069570592302904410e+00
6.075576849505776045e+04 1.014528656090580405e+00
6.075576875511155959e+04 1.031857828858079307e+00
6.075576901516535145e+04 1.002945278311977884e+00
6.075576927521915786e+04 1.039390811906398371e+00
6.075576953527295700e+04 1.007346056920841670e+00
6.075576979532675614e+04 1.010005222164133132e+00
6.075577005538054800e+04 1.017077716732370352e+00
6.075577031543434714e+04 1.045285603126708596e+00
6.075577057548813900e+04 1.007965563751803240e+00
6.075577083554193814e+04 1.032272907571146536e+00
6.075577109559573000e+04 1.000688616319342694e+00
6.075577135564952914e+04 9.741304946741017323e-01
6.075577161570332100e+04 1.017245536815592599e+00
6.075577187575712014e+04 9.974029133687563053e-01
6.075577213581091200e+04 1.034212987994107547e+00
6.075577239586471842e+04 1.031671177198318246e+00
6.075577265591851756e+04 1.024522383041365448e+00
6.075577291597231670e+04 1.007710505219481023e+00
6.075577317602610856e+04 9.862487705514728642e-01
