6.075547523418369383e+04 9.487245260879976216e-01
6.075547549424438330e+04 1.010480796329082276e+00
6.075547575430508005e+04 9.204113298276677124e-01
6.075547601436576224e+04 9.528492962288501733e-01
6.075547627442645899e+04 9.206834489147386336e-01
6.075547653448714846e+04 9.963060756718778999e-01
6.075547679454784520e+04 1.016108573478296417e+00
6.075547705460853467e+04 9.573683945410342844e-01
6.075547731466922414e+04 1.042730194814363687e+00
6.075547757472991361e+04 1.059177940497729509e+00
6.075547783479061036e+04 9.494035156680104004e-01
6.075547809485129255e+04 9.335116117512133327e-01
6.075547835491198930e+04 9.265282393055898069e-01
6.075547861497267877e+04 8.875419555136691008e-01
6.075547887503337552e+04 9.687929435431270608e-01
6.075547913509406499e+04 8.555170845220647635e-01
6.075547939515475446e+04 9.477151774933822992e-01
6.075547965521544393e+04 1.119666894497344689e+00
6.075547991527614067e+04 9.964403684645094517e-01
6.075548017533683014e+04 1.102233878617376206e+00
6.075548043539752689e+04 1.071028220837676015e+00
6.075548069545820908e+04 1.019594055071303851e+00
6.075548095551890583e+04 9.967203046117669718e-01
6.075548121557959530e+04 9.757980356504197816e-01
6.075548147564028477e+04 1.017686710852040655e+00
6.075548173570098152e+04 9.584215305439761634e-01
6.075548199576167099e+04 9.562238255573529688e-01
6.075548225582236773e+04 9.055988266430570199e-01
6.075548251588305720e+04 1.042021031342361237e+00
6.075548277594374667e+04 9.676276640781419358e-01
6.075548303600443614e+04 9.368184334985337758e-01
6.075548329606513289e+04 8.710757380732166988e-01
6.075548355612582236e+04 9.195634623469604030e-01
6.075548381618651911e+04 9.404974716759294529e-01
6.075548407624720130e+04 1.032037224124130015e+00
6.075548433630789805e+04 1.027203441308944365e+00
6.075548459636858752e+04 1.050779562102595710e+00
6.075548485642928426e+04 9.617133301392146727e-01
6.075548511648997373e+04 9.955036733038455932e-01
6.075548537655066320e+04 1.084504746458966107e+00
6.075548563661135267e+04 9.608858874190068233e-01
6.075548589667204942e+04 1.051519096268332065e+00
6.075548615673273162e+04 9.791654173699125829e-01
6.075548641679342836e+04 1.000643016149406650e+00
6.075548667685411783e+04 9.321811329236798782e-01
6.075548693691481458e+04 1.077346779320428105e+00
6.075548719697551132e+04 9.902185266128634700e-01
6.075548745703619352e+04 8.470761578218114485e-01
6.075548771709689026e+04 9.521898574087126477e-01
6.075548797715757973e+04 9.298980676567523140e-01
6.075548823721827648e+04 9.646826493930835689e-01
6.075548849727896595e+04 9.335318060154979003e-01
6.075548875733965542e+04 1.047068869539806713e+00
6.075548901740034489e+04 8.217881206595415433e-01
6.075548927746104164e+04 8.791044072278636490e-01
6.075548953752172383e+04 9.621137785602336123e-01
6.075548979758242058e+04 9.747246344375198879e-01
6.075549005764311732e+04 1.028860863486160682e+00
6.075549031770380680e+04 1.072615222592992357e+00
6.075549057776450354e+04 9.391786928457946937e-01
6.075549083782518574e+04 9.268647649028997071e-01
6.075549109788588248e+04 1.033248649557373611e+00
6.075549135794657195e+04 9.664306479530884175e-01
6.075549161800726870e+04 9.699576036536636803e-01
6.075549187806795817e+04 9.429559579601749508e-01
6.075549213812864764e+04 8.444546992667798513e-01
6.075549239818933711e+04 1.095212712703957703e+00
6.075549265825003386e+04 9.114044322458160208e-01
6.075549291831072333e+04 9.564113340334272628e-01
6.075549317837142007e+04 9.612283693939074336e-01
6.075549343843210954e+04 9.803292385492463623e-01
6.075549369849279901e+04 9.685972623176727359e-01
6.075549395855349576e+04 1.018146989330902308e+00
6.075549421861417795e+04 9.997589807096661785e-01
6.075549447867487470e+04 9.969376361061840219e-01
6.075549473873556417e+04 1.036979020664381634e+00
6.075549499879626092e+04 9.619221893824581038e-01
6.075549525885695766e+04 1.018285711824697071e+00
6.075549551891763986e+04 9.279587399491046051e-01
6.075549577897833660e+04 1.000983248824938610e+00
6.075549603903902607e+04 9.656542894368791430e-01
6.075549629909972282e+04 9.869714161951104181e-01
6.075549655916041229e+04 9.478782814516046873e-01
6.075549681922110176e+04 1.004583507658579400e+00
6.075549707928179851e+04 9.394802379804105819e-01
6.075549733934248798e+04 9.234330122715694866e-01
6.075549759940317745e+04 9.189438246854194636e-01
6.075549785946386692e+04 8.757149787620200909e-01
6.075549811952456366e+04 9.703069857048056690e-01
6.075549837958525313e+04 9.417403468295361124e-01
6.075549863964594988e+04 9.083288184710444080e-01
6.075549889970663935e+04 1.031294004455478808e+00
6.075549915976732882e+04 9.248887854072134207e-01
6.075549941982802557e+04 1.002895206700085806e+00
6.075549967988871504e+04 9.792142899089502084e-01
6.075549993994941178e+04 8.542090411988888521e-01
6.075550020001009398e+04 9.642231028883483379e-01
6.075550046007079072e+04 9.526318169650456191e-01
6.075550072013148747e+04 9.382364245210549347e-01
6.075550098019216966e+04 1.029916614181582757e+00
6.075550124025286641e+04 1.033161183837275399e+00
6.075550150031355588e+04 1.046518800573832619e+00
6.075550176037425263e+04 9.998169404066374888e-01
6.075550202043494210e+04 8.868870821581397168e-01
6.075550228049563157e+04 9.379138310977960247e-01
6.075550254055632831e+04 1.032763514946781980e+00
6.075550280061701778e+04 8.716990474565927682e-01
6.075550306067771453e+04 7.716883336062981824e-01
6.075550332073840400e+04 1.021914757395455897e+00
6.075550358079909347e+04 8.322849382008109531e-01
6.075550513883041276e+04 9.259101621349558053e-01
6.075550539889110951e+04 9.420000029015263010e-01
6.075550565895179898e+04 9.793066413302372597e-01
6.075550591901248845e+04 9.706823100805519466e-01
6.075550617907318519e+04 9.477214466936888515e-01
6.075550643913387466e+04 9.878803321865814446e-01
6.075550669919457141e+04 9.394904223137848787e-01
6.075550695925526088e+04 9.330598082832487483e-01
6.075550721931595035e+04 9.802774943768196581e-01
6.075550747937664710e+04 8.556347134120539932e-01
6.075550773943733657e+04 9.563673784874348049e-01
6.075550799949803331e+04 9.807770345072495122e-01
6.075550825955872278e+04 9.837402635382095362e-01
6.075550851961941225e+04 1.005429852028803417e+00
6.075550877968010900e+04 8.901431958774747022e-01
6.075550903974079847e+04 9.157071389713447029e-01
6.075550929980148794e+04 9.540640767785655285e-01
6.075550955986217741e+04 9.746911097034005600e-01
6.075550981992287416e+04 9.313416573579943458e-01
6.075551007998357090e+04 8.277803928456236582e-01
6.075551034004426037e+04 9.350853512257586431e-01
6.075551060010494984e+04 9.353147031735467021e-01
6.075551086016564659e+04 9.283994091314425878e-01
6.075551112022633606e+04 8.769911849036854390e-01
6.075551138028703281e+04 1.030241402738272249e+00
6.075551164034772228e+04 9.559250924044812026e-01
6.075551190040841175e+04 8.842721248312396254e-01
6.075551216046910849e+04 9.874101274342760304e-01
6.075551242052979796e+04 1.076480012242959416e+00
6.075551268059049471e+04 9.651698083958810681e-01
6.075551294065118418e+04 1.039989567150929384e+00
6.075551320071187365e+04 9.738667244397706257e-01
6.075551346077257040e+04 8.367257878918025193e-01
6.075551372083325987e+04 1.004099969188244623e+00
6.075551398089394934e+04 9.474092060398893178e-01
6.075551424095464608e+04 9.385736176437897704e-01
6.075551450101533555e+04 9.592078724669766965e-01
6.075551476107603230e+04 9.399304678945867852e-01
6.075551502113672177e+04 1.018436458397337541e+00
6.075551528119741124e+04 9.791247899736953419e-01
6.075551554125810799e+04 9.480765029404498723e-01
6.075551580131879746e+04 1.009853506450520966e+00
6.075551606137949420e+04 1.002047303808934586e+00
6.075551632144019095e+04 9.891952157930401501e-01
6.075551658150087314e+04 8.676279726791863434e-01
6.075551684156156989e+04 8.525552431399050501e-01
6.075551710162226664e+04 9.727359047232225775e-01
6.075551736168294883e+04 9.178726192471751144e-01
6.075551762174364558e+04 9.526000362854634140e-01
6.075551788180433505e+04 9.515219026210232078e-01
6.075551814186503179e+04 9.241848873653927265e-01
6.075551840192572854e+04 8.884391667504054624e-01
6.075551866198641073e+04 8.753359690818589556e-01
6.075551892204710748e+04 1.000798706514267833e+00
6.075551918210780423e+04 8.919928018644357470e-01
6.075551944216849370e+04 9.823815717006543213e-01
6.075551970222919044e+04 8.865863192747696075e-01
6.075551996228987991e+04 9.508059770158192592e-01
6.075552022235056938e+04 9.132010063090957308e-01
6.075552048241126613e+04 8.797777255141784325e-01
6.075552074247194832e+04 9.428451176889370844e-01
6.075552100253265235e+04 9.672448663213305542e-01
6.075552126259334182e+04 9.375785627284858315e-01
6.075552152265403129e+04 8.546751987302869669e-01
6.075552178271472803e+04 9.908036733604022039e-01
6.075552204277541750e+04 9.450692309028145832e-01
6.075552230283610697e+04 9.912040947171619765e-01
6.075552256289680372e+04 1.025935069838887603e+00
6.075552282295750047e+04 9.654426994934942607e-01
6.075552308301818994e+04 9.957304414403231885e-01
6.075552334307887941e+04 9.362100732233794576e-01
6.075552360313957615e+04 9.278882339498875087e-01
6.075552386320026562e+04 9.561875480973013319e-01
6.075552412326096237e+04 9.565084407198404248e-01
6.075552438332165912e+04 8.902504023753365914e-01
6.075552464338234131e+04 9.048263197651966738e-01
6.075552490344303806e+04 9.130962973811674877e-01
6.075552516350373480e+04 9.382210626198786985e-01
6.075552542356441700e+04 9.331566404278144322e-01
6.075552568362511374e+04 9.983427973592108318e-01
6.075552594368581049e+04 8.326430692107813503e-01
6.075552620374649996e+04 1.033053942901315470e+00
6.075552646380719671e+04 1.035473467425255034e+00
6.075552672386788618e+04 1.024238915937396577e+00
6.075552698392857565e+04 9.501327238056080926e-01
6.075552724398927239e+04 9.891237056741722933e-01
6.075552750404996914e+04 9.371152040238417413e-01
6.075552776411065861e+04 9.467406992717952718e-01
6.075552802417134808e+04 9.711094932739048335e-01
6.075552828423204483e+04 9.731486157013466975e-01
6.075552854429273430e+04 9.490131017494141119e-01
6.075552880435342377e+04 1.014159420731354455e+00
6.075552906441412051e+04 9.474824735727023217e-01
6.075552932447480998e+04 8.201403347436193592e-01
6.075552958453550673e+04 9.293897353514212201e-01
6.075552984459620347e+04 8.895652816285768427e-01
6.075553010465688567e+04 1.032210200608397077e+00
6.075553036471758242e+04 8.982464689263256474e-01
6.075553062477827916e+04 8.614959215165753914e-01
6.075553088483896863e+04 9.024932121820580244e-01
6.075553114489966538e+04 1.040743254668156759e+00
6.075553140496035485e+04 1.012766718445051728e+00
6.075553166502104432e+04 8.802218731945924413e-01
6.075553192508174106e+04 8.134995219100135122e-01
6.075553218514243054e+04 8.586200376670573009e-01
6.075553244520312728e+04 9.399530337363709576e-01
6.075553270526381675e+04 9.336539087628554778e-01
6.075553296532451350e+04 9.646065167868382861e-01
6.075553322538520297e+04 9.594630012142415509e-01
6.075553348544589244e+04 9.389053938256171072e-01
6.075553503087646095e+04 8.653390593250421814e-01
6.075553529093715770e+04 1.031556310195259840e+00
6.075553555099784717e+04 1.026184221036927635e+00
6.075553581105853664e+04 9.625570779041995317e-01
6.075553607111923338e+04 8.647525324429649052e-01
6.075553633117992285e+04 9.571240367678269800e-01
6.075553659124061960e+04 9.223317595253966994e-01
6.075553685130131635e+04 9.740026724655015400e-01
6.075553711136199854e+04 1.020818259440958942e+00
6.075553737142269529e+04 9.691837443331122737e-01
6.075553763148339203e+04 9.233798964336802362e-01
6.075553789154408878e+04 9.473613730080036044e-01
6.075553815160477825e+04 9.107121478102447876e-01
6.075553841166546772e+04 1.006780926712754987e+00
6.075553867172616447e+04 8.892648211327321972e-01
6.075553893178685394e+04 8.137668579067987018e-01
6.075553919184754341e+04 9.660146614000563181e-01
6.075553945190824015e+04 8.667466800962397855e-01
6.075553971196892962e+04 8.196505351895084779e-01
6.075553997202962637e+04 1.105803574229755393e+00
6.075554023209032312e+04 9.540075386591297946e-01
6.075554049215101259e+04 9.041794094480329891e-01
6.075554075221170206e+04 9.179786490153354350e-01
6.075554101227239880e+04 8.988009953897482252e-01
6.075554127233309555e+04 9.732231527433721219e-01
6.075554153239378502e+04 1.072971340071748658e+00
6.075554179245447449e+04 1.028236900848200630e+00
6.075554205251517124e+04 9.525490264967266807e-01
6.075554231257586798e+04 1.065600452938890719e+00
6.075554257263655018e+04 9.000607630569140705e-01
6.075554283269725420e+04 1.003251802731241815e+00
6.075554309275794367e+04 9.883984947183672709e-01
6.075554335281863314e+04 9.133908945791733291e-01
6.075554361287932988e+04 9.966473528788727387e-01
6.075554387294001936e+04 9.879063864107182624e-01
6.075554413300071610e+04 9.574004688285693287e-01
6.075554439306140557e+04 9.358612478618425490e-01
6.075554465312210232e+04 9.180825785106114800e-01
6.075554491318279906e+04 9.245360751009241707e-01
6.075554517324348853e+04 1.068779117764895537e+00
6.075554543330417800e+04 9.818218090757379057e-01
6.075554569336487475e+04 1.083738082057138730e+00
6.075554595342557150e+04 1.034109546670740620e+00
6.075554621348626097e+04 9.382254187599960993e-01
6.075554647354695044e+04 9.957020250741642764e-01
6.075554673360764718e+04 1.030001935915759503e+00
6.075554699366834393e+04 9.221369702433316329e-01
6.075554725372902612e+04 1.007704738846104675e+00
6.075554751378972287e+04 9.688347301273456669e-01
6.075554777385041962e+04 1.034549609761442390e+00
6.075554803391111636e+04 1.074917368292869657e+00
6.075554829397180583e+04 1.022834986657881640e+00
6.075554855403249530e+04 9.085438341670641904e-01
6.075554881409319205e+04 1.003090013284078097e+00
6.075554907415388152e+04 8.373319548043516303e-01
6.075554933421457827e+04 9.614114923483741970e-01
6.075554959427527501e+04 8.733304323919656165e-01
6.075554985433596448e+04 1.041198062873144092e+00
6.075555011439665395e+04 9.779412216885999820e-01
6.075555037445735070e+04 9.787858261507744739e-01
6.075555063451804017e+04 9.759694322370952024e-01
6.075555089457873692e+04 1.014130138637047152e+00
6.075555115463942639e+04 9.990809868764227719e-01
6.075555141470012313e+04 1.076930371042877477e+00
6.075555167476081988e+04 1.025421401143295386e+00
6.075555193482150935e+04 9.925439596707837930e-01
6.075555219488219882e+04 9.939970998329351604e-01
6.075555245494289557e+04 1.054673127473561456e+00
6.075555271500359231e+04 1.035855980994679904e+00
6.075555297506428906e+04 9.293668945862445518e-01
6.075555323512497125e+04 9.414786631433234021e-01
6.075555349518566800e+04 1.052964785365768874e+00
6.075555375524636474e+04 9.989780642395994503e-01
6.075555401530705421e+04 1.022702018129945989e+00
6.075555427536775096e+04 9.500048157243202729e-01
6.075555453542844043e+04 9.832372162057207987e-01
6.075555479548913718e+04 9.417492837451854060e-01
6.075555505554983392e+04 9.658507365906398023e-01
6.075555531561051612e+04 1.064352546848557068e+00
6.075555557567121286e+04 1.028889307704814904e+00
6.075555583573190961e+04 9.581730315270255982e-01
6.075555609579260636e+04 9.244133917379819820e-01
6.075555635585329583e+04 1.021426972096368013e+00
6.075555661591398530e+04 9.342355614509441075e-01
6.075555687597468204e+04 9.231996280694397816e-01
6.075555713603537879e+04 1.005641100599774962e+00
6.075555739609607554e+04 9.206234444799306083e-01
6.075555765615676501e+04 9.916411574288154229e-01
6.075555791621745448e+04 9.151295768998136682e-01
6.075555817627815122e+04 9.832076700910825640e-01
6.075555843633884797e+04 1.027502741504958461e+00
6.075555869639953016e+04 1.060061314574340274e+00
6.075555895646022691e+04 8.796919644427902973e-01
6.075555921652092366e+04 8.798146315224265601e-01
6.075555947658162040e+04 9.706504735467902378e-01
6.075555973664230987e+04 1.000508326508592782e+00
6.075555999670299934e+04 9.926541530108722311e-01
6.075556025676369609e+04 9.470470667910639850e-01
6.075556051682439283e+04 9.860180650726033669e-01
6.075556077688508958e+04 1.010529612030856228e+00
6.075556103694577905e+04 9.039445896977014172e-01
6.075556129700646852e+04 9.935258488411276012e-01
6.075556155706716527e+04 9.337991378874599402e-01
6.075556181712786201e+04 1.044835263041437479e+00
6.075556207718854421e+04 8.902951271981832670e-01
6.075556233724924095e+04 9.691367353546277430e-01
6.075556259730993770e+04 1.027136997449596079e+00
6.075556285737063445e+04 1.078401794862271945e+00
6.075556311743133119e+04 1.054012007599320899e+00
6.075556337749201339e+04 8.806446528126318229e-01
6.075556504896522529e+04 9.423708920029877367e-01
6.075556530902591476e+04 8.794000988332255631e-01
6.075556556908661150e+04 9.767260842024365619e-01
6.075556582914730097e+04 9.564319020939873184e-01
6.075556608920799772e+04 9.947121417757204265e-01
6.075556634926869447e+04 8.987646109858157262e-01
6.075556660932938394e+04 9.839160206669603781e-01
6.075556686939008068e+04 8.983311240508394802e-01
6.075556712945077015e+04 9.074364518337633134e-01
6.075556738951146690e+04 8.647268440841588966e-01
6.075556764957216365e+04 1.046926769955029757e+00
6.075556790963285312e+04 1.069818199762317290e+00
6.075556816969354986e+04 1.011874083056609530e+00
6.075556842975423933e+04 1.023593680569001352e+00
6.075556868981492880e+04 1.046194588132654424e+00
6.075556894987563282e+04 9.477805481177429270e-01
6.075556920993632230e+04 9.660926262812186138e-01
6.075556946999701904e+04 9.308612819311627984e-01
6.075556973005770851e+04 9.997183201368725625e-01
6.075556999011839798e+04 1.006290843493210074e+00
6.075557025017909473e+04 1.032242780355360878e+00
6.075557051023979147e+04 9.632477437464301850e-01
6.075557077030048822e+04 9.474549705856989412e-01
6.075557103036117769e+04 9.739316051596846879e-01
6.075557129042186716e+04 1.011588332153422698e+00
6.075557155048256391e+04 1.044414463354519818e+00
6.075557181054326065e+04 1.026893859544094179e+00
6.075557207060395740e+04 9.687473149261837113e-01
6.075557233066464687e+04 1.018119596470723920e+00
6.075557259072533634e+04 9.518480312140473742e-01
6.075557285078603309e+04 1.029179717259079307e+00
6.075557311084672983e+04 9.974718707514644844e-01
6.075557337090741930e+04 1.018181010077475301e+00
6.075557363096811605e+04 1.018791397517953889e+00
6.075557389102880552e+04 8.541441677231377261e-01
6.075557415108950227e+04 1.015706500079367469e+00
6.075557441115019901e+04 8.737215504640052366e-01
6.075557467121088848e+04 9.677716037453438780e-01
6.075557493127158523e+04 9.852304571937676725e-01
6.075557519133227470e+04 1.023452015841766150e+00
6.075557545139297144e+04 9.061976277833428961e-01
6.075557571145366819e+04 9.259483826178794841e-01
6.075557597151435766e+04 1.039723287633691706e+00
6.075557623157505441e+04 9.624652621689550047e-01
6.075557649163575115e+04 1.014110640582795098e+00
6.075557675169643335e+04 9.668695906520108352e-01
6.075557701175713009e+04 9.815585915490546709e-01
6.075557727181782684e+04 9.881013993458412914e-01
6.075557753187852359e+04 1.007592319066977993e+00
6.075557779193922033e+04 9.481914909062908459e-01
6.075557805199990980e+04 1.001452752473199981e+00
6.075557831206059927e+04 8.226171317065228417e-01
6.075557857212129602e+04 1.007022197194910040e+00
6.075557883218199277e+04 9.537976997610009278e-01
6.075557909224268951e+04 9.399598994586767509e-01
6.075557935230337898e+04 9.927194368821817827e-01
6.075557961236407573e+04 9.259184828535134137e-01
6.075557987242476520e+04 9.330214730177609495e-01
6.075558013248546195e+04 1.018546073388945095e+00
6.075558039254615869e+04 8.731294438751007192e-01
6.075558065260684816e+04 9.725428366926303081e-01
6.075558091266754491e+04 8.972659482587894697e-01
6.075558117272824165e+04 9.350433900991843572e-01
6.075558143278892385e+04 8.271688226586731973e-01
6.075558169284962059e+04 1.050787103225632402e+00
6.075558195291031734e+04 9.321246173918640299e-01
6.075558221297101409e+04 1.044893692300740806e+00
6.075558247303171083e+04 1.015967873825218692e+00
6.075558273309240030e+04 9.521543770419975683e-01
6.075558299315309705e+04 1.014698173904660994e+00
6.075558325321378652e+04 9.274266886117957798e-01
6.075558351327448327e+04 9.887520355455566845e-01
6.075558377333518001e+04 9.828354412478524926e-01
6.075558403339586948e+04 9.967727624859864521e-01
6.075558429345656623e+04 9.750029052751438829e-01
6.075558455351726298e+04 8.992599384009518637e-01
6.075558481357794517e+04 9.551056526380826694e-01
6.075558507363864192e+04 8.855356544713860467e-01
6.075558533369933866e+04 9.094734940264473932e-01
6.075558559376003541e+04 9.603303430463639989e-01
6.075558585382073215e+04 8.576763909512095108e-01
6.075558611388142162e+04 8.767373567679517254e-01
6.075558637394211837e+04 9.989877763551340273e-01
6.075558663400280784e+04 9.384688464064323554e-01
6.075558689406350459e+04 9.611072459784916200e-01
6.075558715412420133e+04 9.039047062438382296e-01
6.075558741418489080e+04 9.331345323349146126e-01
6.075558767424558755e+04 8.448582971514640994e-01
6.075558793430628430e+04 1.053799876495194576e+00
6.075558819436697377e+04 1.048595907283329520e+00
6.075558845442767051e+04 9.204725637937120064e-01
6.075558871448835998e+04 9.428486619843050587e-01
6.075558897454905673e+04 1.016445448662252060e+00
6.075558923460975348e+04 8.799980583079972662e-01
6.075558949467044295e+04 1.005688183732222685e+00
6.075558975473113969e+04 9.182526351310091872e-01
6.075559001479183644e+04 8.980787408315535902e-01
6.075559027485253318e+04 9.655251012377287223e-01
6.075559053491322265e+04 9.979687850540709393e-01
6.075559079497391212e+04 1.019072374587734586e+00
6.075559105503460887e+04 8.560450511046027167e-01
6.075559131509530562e+04 1.029556644221771178e+00
6.075559157515600236e+04 8.179595208732123313e-01
6.075559183521669911e+04 9.602456549470380631e-01
6.075559209527738858e+04 9.836668472547638320e-01
6.075559235533808533e+04 9.870659987151096937e-01
6.075559261539877480e+04 9.150918109840526782e-01
6.075559287545946427e+04 9.377830912963487364e-01
6.075559313552016101e+04 9.338849725824458492e-01
6.075559339558085776e+04 1.017750865948725547e+00
6.075559494101491873e+04 9.539556623908653776e-01
6.075559520107561548e+04 1.022672734087416879e+00
6.075559546113631222e+04 1.024706362244008684e+00
6.075559572119700897e+04 1.010404018164830608e+00
6.075559598125769844e+04 1.020950151848694532e+00
6.075559624131839519e+04 9.500318212520769690e-01
6.075559650137908466e+04 9.583024014796980294e-01
6.075559676143977413e+04 8.595341740627927551e-01
6.075559702150047087e+04 8.758129970883501425e-01
6.075559728156116762e+04 1.054733911799960344e+00
6.075559754162186437e+04 9.842555391990998048e-01
6.075559780168256111e+04 1.091558656574233677e+00
6.075559806174325058e+04 8.919053437127935080e-01
6.075559832180394733e+04 1.002227078657008663e+00
6.075559858186464407e+04 1.131905783273363220e+00
6.075559884192533355e+04 9.678054285712934801e-01
6.075559910198603029e+04 1.073027643420612076e+00
6.075559936204671976e+04 1.042806520581163632e+00
6.075559962210741651e+04 9.243020615812826968e-01
6.075559988216811325e+04 1.062776245640170147e+00
6.075560014222880272e+04 9.949427774890953202e-01
6.075560040228950675e+04 9.166910042871704301e-01
6.075560066235019622e+04 9.616048435694914964e-01
6.075560092241089296e+04 1.013512848479336315e+00
6.075560118247158971e+04 9.461078303936286682e-01
6.075560144253227918e+04 9.055776135171224039e-01
6.075560170259296865e+04 1.005362380926779764e+00
6.075560196265366540e+04 9.613359868491047067e-01
6.075560222271436214e+04 1.016575034660957222e+00
6.075560248277505889e+04 1.173202382350455375e+00
6.075560274283574836e+04 1.049364719808871138e+00
6.075560300289644510e+04 1.004333302357103719e+00
6.075560326295714185e+04 9.605754767327182586e-01
6.075560352301783860e+04 9.368233004458118574e-01
6.075560378307853534e+04 9.946181257108585028e-01
6.075560404313922481e+04 9.936369476735320561e-01
6.075560430319992156e+04 9.848759962161407477e-01
6.075560456326061831e+04 1.015119532643881328e+00
6.075560482332130050e+04 1.029718799083540803e+00
6.075560508338199725e+04 1.056721817311278677e+00
6.075560534344269399e+04 1.011335025360829531e+00
6.075560560350339074e+04 8.884771971677585256e-01
6.075560586356408749e+04 8.956243306336331145e-01
6.075560612362477696e+04 1.007721909046170872e+00
6.075560638368547370e+04 1.066177860379947884e+00
6.075560664374617045e+04 1.029925324624055616e+00
6.075560690380686719e+04 9.895086183547762149e-01
6.075560716386756394e+04 8.973293123609139554e-01
6.075560742392825341e+04 9.388619839031622227e-01
6.075560768398895016e+04 9.684898649600497400e-01
6.075560794404964690e+04 9.467732970258244674e-01
6.075560820411032910e+04 9.758111499153486745e-01
6.075560846417102584e+04 9.784353238779369688e-01
6.075560872423172259e+04 9.714420417352568338e-01
6.075560898429241934e+04 1.145932291145874693e+00
6.075560924435311608e+04 1.009578940410166714e+00
6.075560950441380555e+04 1.015892825850678749e+00
6.075560976447450230e+04 1.025581664092096501e+00
6.075561002453519905e+04 9.711301349613845613e-01
6.075561028459589579e+04 1.028803090076022775e+00
6.075561054465659254e+04 9.637464831371553853e-01
6.075561080471728201e+04 8.682111947279025355e-01
6.075561106477797875e+04 9.246855438197737476e-01
6.075561132483867550e+04 1.006862229265239383e+00
6.075561158489937225e+04 9.799163862717098494e-01
6.075561184496006899e+04 1.017371428655793331e+00
6.075561210502075846e+04 9.706952745171547603e-01
6.075561236508144793e+04 9.496833423017588816e-01
6.075561262514214468e+04 1.037960769135930050e+00
6.075561288520283415e+04 1.116299341056361083e+00
6.075561314526353090e+04 1.009156868715679334e+00
6.075561340532422764e+04 9.644660464517013088e-01
6.075561366538492439e+04 1.055257338854328930e+00
6.075561392544562113e+04 9.942323643130099864e-01
6.075561418550631060e+04 1.059141365564731263e+00
6.075561444556700735e+04 9.371971095778597327e-01
6.075561470562770410e+04 1.017356629413522118e+00
6.075561496568840084e+04 9.570442303713561083e-01
6.075561522574909759e+04 9.042211075338042470e-01
6.075561548580978706e+04 1.007609225498195205e+00
6.075561574587048381e+04 9.764318830644361791e-01
6.075561600593118055e+04 8.913693996428917465e-01
6.075561626599187002e+04 1.050187751586377782e+00
6.075561652605256677e+04 9.857078318753687007e-01
6.075561678611326352e+04 9.909848425836740304e-01
6.075561704617396026e+04 9.599861139200999149e-01
6.075561730623465701e+04 9.515822712573288600e-01
6.075561756629534648e+04 8.110646402580549141e-01
6.075561782635604322e+04 9.747841936536690843e-01
6.075561808641673269e+04 9.722498138816032531e-01
6.075561834647742944e+04 1.044290818146381472e+00
6.075561860653812619e+04 1.018982495853745229e+00
6.075561886659881566e+04 9.876475229298848912e-01
6.075561912665951240e+04 8.927996521832357590e-01
6.075561938672020915e+04 8.932625812014984845e-01
6.075561964678089862e+04 9.818530933148477136e-01
6.075561990684160264e+04 1.037383961349710004e+00
6.075562016690229211e+04 1.028845016817850899e+00
6.075562042696298886e+04 9.302694689970304465e-01
6.075562068702368560e+04 1.084655519017995395e+00
6.075562094708437508e+04 1.023546090337036141e+00
6.075562120714507182e+04 9.328767749706990964e-01
6.075562146720576857e+04 1.017856190166582575e+00
6.075562172726646531e+04 1.069092420535718624e+00
6.075562198732716206e+04 1.012908169798798497e+00
6.075562224738785153e+04 1.031014420473073345e+00
6.075562250744854828e+04 9.643169030515057472e-01
6.075562276750924502e+04 1.031875246659375023e+00
6.075562302756994177e+04 9.760384870890456144e-01
6.075562328763063852e+04 9.890510742922015153e-01
6.075562490904599690e+04 1.141432342331617278e+00
6.075562516909990518e+04 1.029691941013365808e+00
6.075562542915379890e+04 9.992112000755999368e-01
6.075562568920769263e+04 1.031214052712704499e+00
6.075562594926160091e+04 9.941033898571315364e-01
6.075562620931549463e+04 1.023843823348727256e+00
6.075562646936939564e+04 1.008999283587594498e+00
6.075562672942329664e+04 1.099620647605577428e+00
6.075562698947719036e+04 9.891929468588794849e-01
6.075562724953109864e+04 9.368563568015815246e-01
6.075562750958499237e+04 9.930720987381838061e-01
6.075562776963889337e+04 9.850991488486356973e-01
6.075562802969280165e+04 1.079939440980770771e+00
6.075562828974669537e+04 1.000724384795747879e+00
6.075562854980059637e+04 8.956173777075929765e-01
6.075562880985449738e+04 9.172454449363648399e-01
6.075562906990839110e+04 9.402770243420143226e-01
6.075562932996229938e+04 1.036425148327208667e+00
6.075562959001619311e+04 9.745113236018986269e-01
6.075562985007009411e+04 9.323392201728107898e-01
6.075563011012399511e+04 1.027173740825493509e+00
6.075563037017788884e+04 9.092356560775516350e-01
6.075563063023179711e+04 1.085236820876104735e+00
6.075563089028569084e+04 1.039989984553107760e+00
6.075563115033958456e+04 1.058855738152316706e+00
6.075563141039349284e+04 9.973532404379228389e-01
6.075563167044738657e+04 8.999191233986785221e-01
6.075563193050128757e+04 9.411957166302878930e-01
6.075563219055518857e+04 9.408731401690715312e-01
6.075563245060908230e+04 1.038273557993027785e+00
6.075563271066299058e+04 9.837848719494493022e-01
6.075563297071688430e+04 1.012198203899355553e+00
6.075563323077078530e+04 1.106963902948350675e+00
6.075563349082468631e+04 1.093627446571454387e+00
6.075563375087858003e+04 1.075415256712558332e+00
6.075563401093248831e+04 9.387110360550796617e-01
6.075563427098638203e+04 1.025459353806398077e+00
6.075563453104027576e+04 1.001339164411819693e+00
6.075563479109418404e+04 1.042295860280784359e+00
6.075563505114807776e+04 9.792750543564777699e-01
6.075563531120197877e+04 9.385042069853771762e-01
6.075563557125588704e+04 1.067731794380477606e+00
6.075563583130978077e+04 1.013439779812068453e+00
6.075563609136368905e+04 1.011335402183039189e+00
6.075563635141758277e+04 1.048386625421846574e+00
6.075563661147148377e+04 1.049288610508171349e+00
6.075563687152538478e+04 1.038209644955883082e+00
6.075563713157927850e+04 9.513770482506096471e-01
6.075563739163318678e+04 8.699547601153395648e-01
6.075563765168708051e+04 9.717156221849155839e-01
6.075563791174097423e+04 8.872263990708781911e-01
6.075563817179488251e+04 9.552968205142896574e-01
6.075563843184877624e+04 9.750132816818339876e-01
6.075563869190267724e+04 1.015575824118709392e+00
6.075563895195657824e+04 8.568464214518428657e-01
6.075563921201047197e+04 8.772961430551521333e-01
6.075563947206438024e+04 9.534556246667620361e-01
6.075563973211827397e+04 9.425412592446437143e-01
6.075563999217217497e+04 1.033188106879941337e+00
6.075564025222608325e+04 9.367098462338496745e-01
6.075564051227997697e+04 1.068855140920984326e+00
6.075564077233388525e+04 9.140161092909413476e-01
6.075564103238777898e+04 1.017328119359192318e+00
6.075564129244167270e+04 1.039785708358221594e+00
6.075564155249558098e+04 1.022900815821022658e+00
6.075564181254947471e+04 1.049089513761266135e+00
6.075564207260337571e+04 9.689724771069705422e-01
6.075564233265727671e+04 9.856369124255953684e-01
6.075564259271117044e+04 1.047374273517285292e+00
6.075564285276507871e+04 9.987126087019186915e-01
6.075564311281897244e+04 1.033336082369460840e+00
6.075564337287286617e+04 1.046272292354015532e+00
6.075564363292677444e+04 1.006104759160854067e+00
6.075564389298066817e+04 9.375828847778082675e-01
6.075564415303458372e+04 9.960935468158390593e-01
6.075564441308847745e+04 1.068448399158090867e+00
6.075564467314237118e+04 1.154847413168234027e+00
6.075564493319627945e+04 1.065165398431050070e+00
6.075564519325017318e+04 9.142281162949352780e-01
6.075564545330407418e+04 9.961594089174959921e-01
6.075564571335797518e+04 9.935954073184593005e-01
6.075564597341186891e+04 1.128294862866145998e+00
6.075564623346577719e+04 1.074148351442550497e+00
6.075564649351967091e+04 1.028002683063341749e+00
6.075564675357356464e+04 9.033187383944325521e-01
6.075564701362747292e+04 1.046182310769261825e+00
6.075564727368136664e+04 9.405339182110648011e-01
6.075564753373527492e+04 9.688632113220611020e-01
6.075564779378917592e+04 9.380873433101338810e-01
6.075564805384306965e+04 9.621383080324356074e-01
6.075564831389697792e+04 1.010701500302567890e+00
6.075564857395087165e+04 1.066006209018026896e+00
6.075564883400477265e+04 9.274184934226684662e-01
6.075564909405867365e+04 9.120897496234356971e-01
6.075564935411256738e+04 9.719023066337298955e-01
6.075564961416647566e+04 1.058922106501520188e+00
6.075564987422036938e+04 9.650863680635334285e-01
6.075565013427426311e+04 1.140105346973677714e+00
6.075565039432817866e+04 1.038724265140571257e+00
6.075565065438207239e+04 1.025649092996804068e+00
6.075565091443597339e+04 9.846646039635655878e-01
6.075565117448987439e+04 8.669491856319730960e-01
6.075565143454376812e+04 1.056353507967384475e+00
6.075565169459767640e+04 9.057679232264495006e-01
6.075565195465157012e+04 1.026009051697198693e+00
6.075565221470547112e+04 1.046151644769053535e+00
6.075565247475937213e+04 1.135868813871767635e+00
6.075565273481326585e+04 1.036817734002252633e+00
6.075565299486718141e+04 1.118938289027440414e+00
6.075565325492107513e+04 1.031137176806137257e+00
6.075565492676799477e+04 1.103279304270553540e+00
6.075565518682868424e+04 9.051559326023708163e-01
6.075565544688938098e+04 9.147127243138530872e-01
6.075565570695007773e+04 1.092456231553383228e+00
6.075565596701077448e+04 1.004833904414780932e+00
6.075565622707147122e+04 9.382453460164215109e-01
6.075565648713216069e+04 1.006275606899578845e+00
6.075565674719285744e+04 9.111777452880125416e-01
6.075565700725356146e+04 9.919772374456601316e-01
6.075565726731425821e+04 1.022130103357281605e+00
6.075565752737495495e+04 9.344273799448058471e-01
6.075565778743564442e+04 9.379260331847947274e-01
6.075565804749634117e+04 9.712421052171219538e-01
6.075565830755703792e+04 1.147614870375226248e+00
6.075565856761772739e+04 1.026992865763317608e+00
6.075565882767842413e+04 1.125760188891296254e+00
6.075565908773912088e+04 9.752631315860270655e-01
6.075565934779981762e+04 9.087564050689190820e-01
6.075565960786051437e+04 1.077576209023447529e+00
6.075565986792121112e+04 1.037171762501495342e+00
6.075566012798190786e+04 1.064989876457448581e+00
6.075566038804260461e+04 1.012192496623003812e+00
6.075566064810330136e+04 1.057879917419091154e+00
6.075566090816399810e+04 1.010713737211178964e+00
6.075566116822468757e+04 1.028197291635763566e+00
6.075566142828538432e+04 1.062027503493191638e+00
6.075566168834608106e+04 1.091231090980782970e+00
6.075566194840677781e+04 1.041438147689208060e+00
6.075566220846748183e+04 1.067425379368712068e+00
6.075566246852817130e+04 1.059944150103952154e+00
6.075566272858886805e+04 1.069883417202199816e+00
6.075566298864956480e+04 9.680270644614282771e-01
6.075566324871025427e+04 1.001241672755482703e+00
6.075566350877095101e+04 9.456519612789991980e-01
6.075566376883164776e+04 1.022514733266641107e+00
6.075566402889234450e+04 1.142020290504966340e+00
6.075566428895304125e+04 1.032309532095798676e+00
6.075566454901373800e+04 1.117257164707790684e+00
6.075566480907443474e+04 1.035602521613169236e+00
6.075566506913513149e+04 9.953404823939838719e-01
6.075566532919582824e+04 1.001329196140217759e+00
6.075566558925652498e+04 1.040438453517277928e+00
6.075566584931721445e+04 1.000276933783519118e+00
6.075566610937791120e+04 1.019761917002289575e+00
6.075566636943860794e+04 1.029917416221233895e+00
6.075566662949930469e+04 9.916688321027307129e-01
6.075566688956000144e+04 1.121196176766992014e+00
6.075566714962069818e+04 1.053748697722046490e+00
6.075566740968139493e+04 9.722416474318088531e-01
6.075566766974209168e+04 1.018672661235495713e+00
6.075566792980278115e+04 1.003842365765132305e+00
6.075566818986347789e+04 1.004015825119702665e+00
6.075566844992417464e+04 1.002712894686464740e+00
6.075566870998487866e+04 1.041232326045321788e+00
6.075566897004557541e+04 1.091212827722896073e+00
6.075566923010626488e+04 1.033520484312330234e+00
6.075566949016696162e+04 1.046837984257741994e+00
6.075566975022765837e+04 1.110151389091188046e+00
6.075567001028834784e+04 1.064215841857420575e+00
6.075567027034905186e+04 9.615960674405474862e-01
6.075567053040974133e+04 1.021747709028090867e+00
6.075567079047044535e+04 1.037704622933368848e+00
6.075567105053114210e+04 1.016191857229517215e+00
6.075567131059183157e+04 1.009751117103115048e+00
6.075567157065252832e+04 9.338834924090130274e-01
6.075567183071322506e+04 1.026467227109483460e+00
6.075567209077392181e+04 1.035708921198780885e+00
6.075567235083461856e+04 1.037143180552788646e+00
6.075567261089531530e+04 1.090843807173015545e+00
6.075567287095601205e+04 1.006931591332455467e+00
6.075567313101670879e+04 1.073526303334018550e+00
6.075567339107740554e+04 1.159826070723094293e+00
6.075567365113810229e+04 9.043856656011022288e-01
6.075567391119879176e+04 9.381306516052526634e-01
6.075567417125948850e+04 9.295590505211834831e-01
6.075567443132019253e+04 9.928768550282259797e-01
6.075567469138088200e+04 1.053773589728387527e+00
6.075567495144157874e+04 1.034090610439162727e+00
6.075567521150227549e+04 1.056756702191155917e+00
6.075567547156297223e+04 1.142815616058347805e+00
6.075567573162366898e+04 1.132704546466150486e+00
6.075567599168436573e+04 1.015810302314700708e+00
6.075567625174506247e+04 9.731362195519664970e-01
6.075567651180575922e+04 1.026152973183153128e+00
6.075567677186645597e+04 1.116237843766868965e+00
6.075567703192715271e+04 1.039774978743019718e+00
6.075567729198784218e+04 1.129204045004909895e+00
6.075567755204853893e+04 1.030718778665815183e+00
6.075567781210924295e+04 1.119529643987912104e+00
6.075567807216993242e+04 1.044353908483431903e+00
6.075567833223062917e+04 9.983499093602565821e-01
6.075567859229132591e+04 9.941325369598985606e-01
6.075567885235202266e+04 9.919099213948582294e-01
6.075567911241271941e+04 9.973627202172838935e-01
6.075567937247341615e+04 9.645417077835626296e-01
6.075567963253411290e+04 1.035578588438933245e+00
6.075567989259480964e+04 1.028025011591978233e+00
6.075568015265550639e+04 1.060735751642086777e+00
6.075568041271620314e+04 9.917635126937716095e-01
6.075568067277689261e+04 1.126565281370337734e+00
6.075568093283759663e+04 1.013774874799211467e+00
6.075568119289829338e+04 9.823839769661006915e-01
6.075568145295898285e+04 1.035807613078945755e+00
6.075568171301968687e+04 9.698163773949349808e-01
6.075568197308037634e+04 9.019837118319106173e-01
6.075568223314107308e+04 9.769765532593572832e-01
6.075568249320177711e+04 1.067887426827544450e+00
6.075568275326246658e+04 1.060744247705331267e+00
6.075568301332316332e+04 9.624923445943722733e-01
6.075568327338386007e+04 9.427593188202043617e-01
6.075568483179301256e+04 9.896715919170419040e-01
6.075568509184680443e+04 9.764054676388500553e-01
6.075568535190059629e+04 1.017670907076822173e+00
6.075568561195438815e+04 1.068520021944084020e+00
6.075568587200818729e+04 9.935568369486560414e-01
6.075568613206199370e+04 1.034492187064161017e+00
6.075568639211578557e+04 1.033254189887475638e+00
6.075568665216957743e+04 1.100470807053963052e+00
6.075568691222336929e+04 1.000762368480097697e+00
6.075568717227716115e+04 1.118506056987719210e+00
6.075568743233096029e+04 1.036693477880421099e+00
6.075568769238475215e+04 1.139109777059476025e+00
6.075568795243854402e+04 1.066063326318461790e+00
6.075568821249233588e+04 1.061612848684272858e+00
6.075568847254613502e+04 9.856022279027395472e-01
6.075568873259992688e+04 1.032691160616197035e+00
6.075568899265372602e+04 9.815051437173125670e-01
6.075568925270752516e+04 1.048505037097637427e+00
6.075568951276131702e+04 9.964131841449669347e-01
6.075568977281511616e+04 1.002642973649625402e+00
6.075569003286890802e+04 1.026410093063756523e+00
6.075569029292269988e+04 9.979805066681677328e-01
6.075569055297649174e+04 1.036731129022567810e+00
6.075569081303029088e+04 1.092099048051899279e+00
6.075569107308408275e+04 1.085707067713297391e+00
6.075569133313787461e+04 1.058537279482123505e+00
6.075569159319166647e+04 1.047371806265410932e+00
6.075569185324547288e+04 9.833802475261005371e-01
6.075569211329927202e+04 1.093199402323109304e+00
6.075569237335306389e+04 1.107719413277012732e+00
6.075569263340685575e+04 1.112158785068140254e+00
6.075569289346064761e+04 1.048889440690962571e+00
6.075569315351444675e+04 1.004940048061101709e+00
6.075569341356823861e+04 9.683711394556241414e-01
6.075569367362203047e+04 9.126305359089360580e-01
6.075569393367582234e+04 1.059944413223119497e+00
6.075569419372962147e+04 1.091138845469946883e+00
6.075569445378341334e+04 1.124297472004135212e+00
6.075569471383720520e+04 9.500297582963354026e-01
6.075569497389100434e+04 1.082800735141627779e+00
6.075569523394481075e+04 1.043645419351866721e+00
6.075569549399860261e+04 1.095140824583781036e+00
6.075569575405239448e+04 9.260894471216761792e-01
6.075569601410618634e+04 1.007088028097404386e+00
6.075569627415998548e+04 1.054862952385576591e+00
6.075569653421377734e+04 1.032108437646554577e+00
6.075569679426756920e+04 1.076302251488051809e+00
6.075569705432136107e+04 1.058613606211471936e+00
6.075569731437516020e+04 1.096962308797139629e+00
6.075569757442895207e+04 1.047546171833678486e+00
6.075569783448274393e+04 1.017021687356681747e+00
6.075569809453654307e+04 1.027158003388652041e+00
6.075569835459034948e+04 1.067972416167301652e+00
6.075569861464414134e+04 9.908608622447729886e-01
6.075569887469793321e+04 1.032962439381447828e+00
6.075569913475172507e+04 1.087526840509914550e+00
6.075569939480552421e+04 1.002672017503338120e+00
6.075569965485931607e+04 1.045355133697156491e+00
6.075569991491310793e+04 9.898149886690988941e-01
6.075570017496689979e+04 1.013364342660932005e+00
6.075570043502069893e+04 1.036971525303433284e+00
6.075570069507449080e+04 1.021894775533347177e+00
6.075570095512828993e+04 9.790139911933660732e-01
6.075570121518208907e+04 9.355887239218557694e-01
6.075570147523588821e+04 9.652812433288636695e-01
6.075570173528968007e+04 1.009112788184993503e+00
6.075570199534347194e+04 9.629387486141188779e-01
6.075570225539727107e+04 9.789020204031787520e-01
6.075570251545106294e+04 1.075233708400263222e+00
6.075570277550485480e+04 9.868494130438526524e-01
6.075570303555864666e+04 1.029612081089210429e+00
6.075570329561244580e+04 1.019964074725696390e+00
6.075570355566623766e+04 9.976876743432180339e-01
6.075570381572002952e+04 1.019691284907086493e+00
6.075570407577382866e+04 9.836847172261130590e-01
6.075570433582763508e+04 1.065949800595737518e+00
6.075570459588142694e+04 9.502097002923941549e-01
6.075570485593521880e+04 1.074128390220989493e+00
6.075570511598901066e+04 9.682024631876041676e-01
6.075570537604280980e+04 1.050340342460870158e+00
6.075570563609660167e+04 1.122542858298750001e+00
6.075570589615039353e+04 9.933870444037437020e-01
6.075570615620419267e+04 1.009931311359185013e+00
6.075570641625798453e+04 9.914687300044913165e-01
6.075570667631177639e+04 9.724303245390808481e-01
6.075570693636557553e+04 9.366146339266927523e-01
6.075570719641938194e+04 9.709727498063989160e-01
6.075570745647317381e+04 1.004079864063463834e+00
6.075570771652696567e+04 1.015089340918839733e+00
6.075570797658076481e+04 1.041756157127867288e+00
6.075570823663455667e+04 1.038525377765043833e+00
6.075570849668834853e+04 1.098611973181756518e+00
6.075570875674214039e+04 1.043933329068921889e+00
6.075570901679593953e+04 9.897710650025233203e-01
6.075570927684973140e+04 1.019745496887475955e+00
6.075570953690352326e+04 1.041979403375214996e+00
6.075570979695732240e+04 1.000384335493198718e+00
6.075571005701112153e+04 9.921634145340392230e-01
6.075571031706492067e+04 1.039443368647575694e+00
6.075571057711871254e+04 1.069629702991178322e+00
6.075571083717251167e+04 1.089810712259047021e+00
6.075571109722630354e+04 9.350438567879868490e-01
6.075571135728009540e+04 9.695342804799664815e-01
6.075571161733389454e+04 1.003692822719653099e+00
6.075571187738768640e+04 1.058089954415024847e+00
6.075571213744147826e+04 1.068673326975136728e+00
6.075571239749527740e+04 1.069229791268896390e+00
6.075571265754906926e+04 1.014650621272499054e+00
6.075571291760286840e+04 1.066556817424344938e+00
6.075571317765666754e+04 1.017604957783841524e+00
6.075571474868715450e+04 1.013353086085482913e+00
6.075571500874785124e+04 1.071841066495460293e+00
6.075571526880854799e+04 1.059633973217862790e+00
6.075571552886924474e+04 1.033974758142384154e+00
6.075571578892994148e+04 1.085411283303472807e+00
6.075571604899063823e+04 1.106067520809299376e+00
6.075571630905133497e+04 1.004178201596995557e+00
6.075571656911203172e+04 1.106048785012355262e+00
6.075571682917273574e+04 1.028351621935085669e+00
6.075571708923342521e+04 9.995924990570158597e-01
6.075571734929412196e+04 1.053105428018005441e+00
6.075571760935482598e+04 9.101284209841062900e-01
6.075571786941552273e+04 9.658531938911291137e-01
6.075571812947621947e+04 1.076013450202401023e+00
6.075571838953690894e+04 1.004354560635215776e+00
6.075571864959761297e+04 9.967801045726142339e-01
6.075571890965830971e+04 1.053973639550864982e+00
6.075571916971899918e+04 9.722427420779931051e-01
6.075571942977970320e+04 1.068939991103522225e+00
6.075571968984039995e+04 1.078172366429067663e+00
6.075571994990109670e+04 1.074787131547886077e+00
6.075572020996180072e+04 1.060124638636678052e+00
6.075572047002249019e+04 1.091423276435033785e+00
6.075572073008318694e+04 1.020633207381689722e+00
6.075572099014388368e+04 9.570508123340562001e-01
6.075572125020458770e+04 1.041712991667270050e+00
6.075572151026528445e+04 1.051394707701253317e+00
6.075572177032597392e+04 1.074719241635590405e+00
6.075572203038667794e+04 1.087447277674564949e+00
6.075572229044737469e+04 1.038885097821000469e+00
6.075572255050806416e+04 1.089455423583868265e+00
6.075572281056877546e+04 9.791882700964560371e-01
6.075572307062946493e+04 1.133286100276382768e+00
6.075572333069016167e+04 1.056365557925902809e+00
6.075572359075086570e+04 1.064109543317391493e+00
6.075572385081155517e+04 1.085795885754811785e+00
6.075572411087225191e+04 8.866871634563916471e-01
6.075572437093294866e+04 1.074902545504977880e+00
6.075572463099365268e+04 1.115721335333480058e+00
6.075572489105434943e+04 1.067093172492419084e+00
6.075572515111503890e+04 1.113416775663991221e+00
6.075572541117574292e+04 9.029648744354374923e-01
6.075572567123643967e+04 1.088801849226655349e+00
6.075572593129713641e+04 1.072436984241945668e+00
6.075572619135784043e+04 9.694048719432467598e-01
6.075572645141852990e+04 9.255973623939676154e-01
6.075572671147922665e+04 8.857306846972394787e-01
6.075572697153993067e+04 1.055751814337554162e+00
6.075572723160062014e+04 9.829908631202894931e-01
6.075572749166131689e+04 1.054277369727849800e+00
6.075572775172202091e+04 9.617986903198790793e-01
6.075572801178271766e+04 1.103616796247727461e+00
6.075572827184341440e+04 1.049944554924724827e+00
6.075572853190411115e+04 9.433350067646975035e-01
6.075572879196480790e+04 1.024915044942937170e+00
6.075572905202550464e+04 1.002046273336351545e+00
6.075572931208620867e+04 9.942023636275311160e-01
6.075572957214690541e+04 9.384090050236446601e-01
6.075572983220759488e+04 1.017815015683661617e+00
6.075573009226829890e+04 9.142374259913348400e-01
6.075573035232899565e+04 8.872253252275998925e-01
6.075573061238968512e+04 1.033092078266655944e+00
6.075573087245038914e+04 1.109565336038192518e+00
6.075573113251108589e+04 1.109246554812145513e+00
6.075573139257178264e+04 1.048426633806893049e+00
6.075573165263248666e+04 9.839662201383243545e-01
6.075573191269317613e+04 9.783101292806909433e-01
6.075573217275387287e+04 1.099882327002294158e+00
6.075573243281457690e+04 1.117788905931462073e+00
6.075573269287527364e+04 9.637337861628630931e-01
6.075573295293597039e+04 1.032648987270790908e+00
6.075573321299666713e+04 1.136661404215659754e+00
6.075573347305736388e+04 1.001080778715894182e+00
6.075573373311806063e+04 1.057796302651053511e+00
6.075573399317875737e+04 1.038112656619471830e+00
6.075573425323946140e+04 9.288781005897022158e-01
6.075573451330015087e+04 1.002308657040548612e+00
6.075573477336085489e+04 1.037142608509213915e+00
6.075573503342155163e+04 1.003521400930096563e+00
6.075573529348224110e+04 9.557678958365737332e-01
6.075573555354294513e+04 1.062616273140553069e+00
6.075573581360364187e+04 1.133750524937920501e+00
6.075573607366434589e+04 1.049176450491228207e+00
6.075573633372504264e+04 1.080926303339368566e+00
6.075573659378573211e+04 1.006479329740193052e+00
6.075573685384643613e+04 1.076571053218134955e+00
6.075573711390713288e+04 1.126654815159957579e+00
6.075573737396782963e+04 1.257226261894128339e+00
6.075573763402853365e+04 1.113523744432932228e+00
6.075573789408922312e+04 1.043726086327543712e+00
6.075573815414991986e+04 1.025767867910455378e+00
6.075573841421062389e+04 1.098297540701287378e+00
6.075573867427131336e+04 1.033129725982732561e+00
6.075573893433201010e+04 9.934995448887746772e-01
6.075573919439271413e+04 9.931660011206885352e-01
6.075573945445341087e+04 1.063351226034036312e+00
6.075573971451411489e+04 1.059820797979126095e+00
6.075573997457480436e+04 1.047523118193398384e+00
6.075574023463550111e+04 1.004364569019000397e+00
6.075574049469620513e+04 1.061822097569959045e+00
6.075574075475690188e+04 1.109422159965973931e+00
6.075574101481759863e+04 1.043313761523330108e+00
6.075574127487829537e+04 1.021223566000847516e+00
6.075574153493899212e+04 1.102410120911351044e+00
6.075574179499969614e+04 1.072895937037623204e+00
6.075574205506038561e+04 1.129679924119004308e+00
6.075574231512108236e+04 1.084493354538741627e+00
6.075574257518178638e+04 1.005421631480354572e+00
6.075574283524248312e+04 1.116217130697052751e+00
6.075574309530317987e+04 1.006336619241106511e+00
6.075574483016229351e+04 9.300394129510697327e-01
6.075574509021608537e+04 1.115425431884300211e+00
6.075574535026989179e+04 1.058175103848959742e+00
6.075574561032369093e+04 1.020486660809835966e+00
6.075574587037748279e+04 1.079259731150524981e+00
6.075574613043128193e+04 1.080432294605080390e+00
6.075574639048507379e+04 1.034439973166311422e+00
6.075574665053887293e+04 9.642678903397144952e-01
6.075574691059266479e+04 9.847290865740482291e-01
6.075574717064645665e+04 1.014889932302062148e+00
6.075574743070025579e+04 8.851917847182609878e-01
6.075574769075404765e+04 9.621933000027046434e-01
6.075574795080784679e+04 9.449557959124501583e-01
6.075574821086163865e+04 9.401901127418706983e-01
6.075574847091544507e+04 1.009957269015816506e+00
6.075574873096924421e+04 9.317747888576692894e-01
6.075574899102303607e+04 1.111927214651112550e+00
6.075574925107683521e+04 1.172107635981071594e+00
6.075574951113062707e+04 1.133655861658743103e+00
6.075574977118442621e+04 1.053005400454776197e+00
6.075575003123821807e+04 1.074214541793101496e+00
6.075575029129201721e+04 1.170118858212354729e+00
6.075575055134580907e+04 1.112547559578165979e+00
6.075575081139960093e+04 1.029720308212700886e+00
6.075575107145340007e+04 1.083181131531111951e+00
6.075575133150719921e+04 1.043405417404692503e+00
6.075575159156100563e+04 1.064107192823918302e+00
6.075575185161479749e+04 1.028265827586772652e+00
6.075575211166859663e+04 1.023993914291984497e+00
6.075575237172238849e+04 9.929671456086144321e-01
6.075575263177618035e+04 1.128510486736230112e+00
6.075575289182997949e+04 1.000933056473774840e+00
6.075575315188377135e+04 9.812202031452674778e-01
6.075575341193757049e+04 9.805055397008888285e-01
6.075575367199136235e+04 1.112657265776365145e+00
6.075575393204516149e+04 1.031770574727028045e+00
6.075575419209895335e+04 9.560226126481699005e-01
6.075575445215275249e+04 1.030305031052304088e+00
6.075575471220655891e+04 1.054608343607505105e+00
6.075575497226035077e+04 9.270214449951412750e-01
6.075575523231414991e+04 1.087961305933488720e+00
6.075575549236794177e+04 9.930916862578613724e-01
6.075575575242174091e+04 1.021266220728397345e+00
6.075575601247553277e+04 1.152977272565450351e+00
6.075575627252933191e+04 1.066471061861619773e+00
6.075575653258312377e+04 1.081079891887972488e+00
6.075575679263691563e+04 9.708889328609341396e-01
6.075575705269071477e+04 1.071665007955464599e+00
6.075575731274451391e+04 9.223347815904967550e-01
6.075575757279832033e+04 1.102710229508398143e+00
6.075575783285211219e+04 1.020303905707862668e+00
6.075575809290591133e+04 9.560968885265065387e-01
6.075575835295970319e+04 1.110034938000503457e+00
6.075575861301350233e+04 1.115202705884725587e+00
6.075575887306729419e+04 1.101124741121906059e+00
6.075575913312109333e+04 1.019602888950632558e+00
6.075575939317488519e+04 1.031986641570071361e+00
6.075575965322867705e+04 1.039873073817729532e+00
6.075575991328247619e+04 1.140879049272622625e+00
6.075576017333626805e+04 1.052787951668541222e+00
6.075576043339007447e+04 1.103365104469463454e+00
6.075576069344387361e+04 1.118372461877491508e+00
6.075576095349767274e+04 9.928304549927947642e-01
6.075576121355146461e+04 9.965388772108585425e-01
6.075576147360526375e+04 1.085817008090570246e+00
6.075576173365905561e+04 1.173762690352320837e+00
6.075576199371285475e+04 1.043477854751888811e+00
6.075576225376664661e+04 1.047475757484912062e+00
6.075576251382044575e+04 1.004177657962855408e+00
6.075576277387423761e+04 1.025063181873497431e+00
6.075576303392802947e+04 1.021187793552522649e+00
6.075576329398183589e+04 9.995724390616680388e-01
6.075576355403563502e+04 9.370990617931790334e-01
6.075576381408943416e+04 1.094077788529240092e+00
6.075576407414322603e+04 1.031011267745404636e+00
6.075576433419702516e+04 1.010863237293049721e+00
6.075576459425081703e+04 1.171421798532354508e+00
6.075576485430461616e+04 9.703113717205940070e-01
6.075576511435840803e+04 9.967606789456555649e-01
6.075576537441220717e+04 9.996613312747331115e-01
6.075576563446599903e+04 9.597087742637616659e-01
6.075576589451979817e+04 1.087369808511839286e+00
6.075576615457359003e+04 1.020984982534323571e+00
6.075576641462739644e+04 1.094499297003833860e+00
6.075576667468119558e+04 1.032330710952909847e+00
6.075576693473499472e+04 9.902546869423232145e-01
6.075576719478878658e+04 9.831444651670103729e-01
6.075576745484258572e+04 1.093778719209440586e+00
6.075576771489637758e+04 1.003336797790874924e+00
6.075576797495017672e+04 1.094451793316105093e+00
6.075576823500396858e+04 1.031584152432354573e+00
6.075576849505776045e+04 1.097269500959321853e+00
6.075576875511155959e+04 9.892989545759257597e-01
6.075576901516535145e+04 1.040618623618844607e+00
6.075576927521915786e+04 1.080941703900035744e+00
6.075576953527295700e+04 1.023177826823076675e+00
6.075576979532675614e+04 1.004506402781991214e+00
6.075577005538054800e+04 9.846788822676838526e-01
6.075577031543434714e+04 1.073423570274544936e+00
6.075577057548813900e+04 1.059013161686459314e+00
6.075577083554193814e+04 1.039422369613669739e+00
6.075577109559573000e+04 1.071558727516325416e+00
6.075577135564952914e+04 1.079557345491107601e+00
6.075577161570332100e+04 1.096490472656715731e+00
6.075577187575712014e+04 1.223546983130638477e+00
6.075577213581091200e+04 1.092705660938357193e+00
6.075577239586471842e+04 1.031584833135606338e+00
6.075577265591851756e+04 1.034065451793362289e+00
6.075577291597231670e+04 1.025043631743389527e+00
6.075577317602610856e+04 1.028420533870731290e+00
