6.075547523418369383e+04 1.136123277416981159e+00
6.075547549424438330e+04 1.136563940171117171e+00
6.075547575430508005e+04 1.000419632540818560e+00
6.075547601436576224e+04 9.983413013766134769e-01
6.075547627442645899e+04 1.066475746963073679e+00
6.075547653448714846e+04 1.037817293269829522e+00
6.075547679454784520e+04 1.025026653717655778e+00
6.075547705460853467e+04 1.044032353286433734e+00
6.075547731466922414e+04 9.970457576634065289e-01
6.075547757472991361e+04 1.067413381299644026e+00
6.075547783479061036e+04 1.039500978126977726e+00
6.075547809485129255e+04 1.024039285686441314e+00
6.075547835491198930e+04 1.193940964081787515e+00
6.075547861497267877e+04 1.086042653101360500e+00
6.075547887503337552e+04 1.097533107593413160e+00
6.075547913509406499e+04 1.042943585478145696e+00
6.075547939515475446e+04 8.369208901582235738e-01
6.075547965521544393e+04 9.127835517914074659e-01
6.075547991527614067e+04 1.007869695250123376e+00
6.075548017533683014e+04 1.004402353565451822e+00
6.075548043539752689e+04 9.369168975136498156e-01
6.075548069545820908e+04 1.085481489118361953e+00
6.075548095551890583e+04 1.035876091984229586e+00
6.075548121557959530e+04 9.581519231429774797e-01
6.075548147564028477e+04 1.070537511998597147e+00
6.075548173570098152e+04 1.000896822442143508e+00
6.075548199576167099e+04 1.132211216264009668e+00
6.075548225582236773e+04 9.619062445752177837e-01
6.075548251588305720e+04 1.013405739681425555e+00
6.075548277594374667e+04 1.049161062143031620e+00
6.075548303600443614e+04 1.036236347844349481e+00
6.075548329606513289e+04 9.902795674162493400e-01
6.075548355612582236e+04 1.053199381179178218e+00
6.075548381618651911e+04 9.075695747746879150e-01
6.075548407624720130e+04 9.840339723001519934e-01
6.075548433630789805e+04 1.010572323575561704e+00
6.075548459636858752e+04 1.065284881539027895e+00
6.075548485642928426e+04 9.420878145552754601e-01
6.075548511648997373e+04 1.029463712308332557e+00
6.075548537655066320e+04 9.888546901206860529e-01
6.075548563661135267e+04 1.034630580754448026e+00
6.075548589667204942e+04 9.076920685820180079e-01
6.075548615673273162e+04 9.958479276232016231e-01
6.075548641679342836e+04 1.017254947735455994e+00
6.075548667685411783e+04 9.605056506774470870e-01
6.075548693691481458e+04 9.405692059828655305e-01
6.075548719697551132e+04 1.041757878052365083e+00
6.075548745703619352e+04 8.735633553494378534e-01
6.075548771709689026e+04 9.638902726468175919e-01
6.075548797715757973e+04 1.130830073302836025e+00
6.075548823721827648e+04 1.084825629677578451e+00
6.075548849727896595e+04 9.764494506551925079e-01
6.075548875733965542e+04 9.833074127405935227e-01
6.075548901740034489e+04 1.014656783994975608e+00
6.075548927746104164e+04 1.007341062603374526e+00
6.075548953752172383e+04 1.047253580065242939e+00
6.075548979758242058e+04 9.374434351497178408e-01
6.075549005764311732e+04 1.006597431316630153e+00
6.075549031770380680e+04 9.611024727593530104e-01
6.075549057776450354e+04 9.242908974406501832e-01
6.075549083782518574e+04 1.031807739302277316e+00
6.075549109788588248e+04 8.899441213704512021e-01
6.075549135794657195e+04 1.064932498537847883e+00
6.075549161800726870e+04 1.035689876634989348e+00
6.075549187806795817e+04 1.025991248093817143e+00
6.075549213812864764e+04 9.817595245696094652e-01
6.075549239818933711e+04 1.053652245168694046e+00
6.075549265825003386e+04 9.363803434046364949e-01
6.075549291831072333e+04 1.032195914048763763e+00
6.075549317837142007e+04 1.057183107831620728e+00
6.075549343843210954e+04 9.293061616761264521e-01
6.075549369849279901e+04 1.064835505781396074e+00
6.075549395855349576e+04 1.070892894235806025e+00
6.075549421861417795e+04 9.940575977438930177e-01
6.075549447867487470e+04 9.898576322746514000e-01
6.075549473873556417e+04 9.744634134982306239e-01
6.075549499879626092e+04 9.496556746341228150e-01
6.075549525885695766e+04 1.097494288544557994e+00
6.075549551891763986e+04 9.108050271671924714e-01
6.075549577897833660e+04 1.011416682925182275e+00
6.075549603903902607e+04 9.792253311637775237e-01
6.075549629909972282e+04 9.111657449672109221e-01
6.075549655916041229e+04 9.570352652317224429e-01
6.075549681922110176e+04 9.604466582447734879e-01
6.075549707928179851e+04 1.075940878483602425e+00
6.075549733934248798e+04 9.263145596505450996e-01
6.075549759940317745e+04 1.044826245667630493e+00
6.075549785946386692e+04 9.703767045565352412e-01
6.075549811952456366e+04 1.002905553163209840e+00
6.075549837958525313e+04 1.004551335346328234e+00
6.075549863964594988e+04 9.769320790435923607e-01
6.075549889970663935e+04 9.786839405187512941e-01
6.075549915976732882e+04 1.003569417410143494e+00
6.075549941982802557e+04 9.022249955440631020e-01
6.075549967988871504e+04 9.499399784333479868e-01
6.075549993994941178e+04 9.536170733350963769e-01
6.075550020001009398e+04 1.005418129481653322e+00
6.075550046007079072e+04 9.613573274242466216e-01
6.075550072013148747e+04 1.035477586120490789e+00
6.075550098019216966e+04 1.025283444106483088e+00
6.075550124025286641e+04 9.154933301916842181e-01
6.075550150031355588e+04 1.189714863428900316e+00
6.075550176037425263e+04 9.389448733542892223e-01
6.075550202043494210e+04 1.047243112514970820e+00
6.075550228049563157e+04 1.021779410821998857e+00
6.075550254055632831e+04 9.323045905325900717e-01
6.075550280061701778e+04 9.454289631552966755e-01
6.075550306067771453e+04 9.775690373839457381e-01
6.075550332073840400e+04 9.596203284954093471e-01
6.075550358079909347e+04 9.785435897428642615e-01
6.075550513883041276e+04 1.000902852286643441e+00
6.075550539889110951e+04 1.042796024870858096e+00
6.075550565895179898e+04 9.622865782654702604e-01
6.075550591901248845e+04 1.106788932086229194e+00
6.075550617907318519e+04 9.173289413502535572e-01
6.075550643913387466e+04 1.023952325761315896e+00
6.075550669919457141e+04 9.772608993386471266e-01
6.075550695925526088e+04 9.859061332026298752e-01
6.075550721931595035e+04 9.907904370465355770e-01
6.075550747937664710e+04 1.179919002684315821e+00
6.075550773943733657e+04 1.025778339207504608e+00
6.075550799949803331e+04 1.017546646595784310e+00
6.075550825955872278e+04 9.502293376710254647e-01
6.075550851961941225e+04 1.055990987911007650e+00
6.075550877968010900e+04 9.908792648101207856e-01
6.075550903974079847e+04 1.009351531676503821e+00
6.075550929980148794e+04 9.366349355250711550e-01
6.075550955986217741e+04 9.239029306405726061e-01
6.075550981992287416e+04 1.003975438161300193e+00
6.075551007998357090e+04 9.693717497948257655e-01
6.075551034004426037e+04 1.034420819842766459e+00
6.075551060010494984e+04 1.110306793193962749e+00
6.075551086016564659e+04 8.868528711887356808e-01
6.075551112022633606e+04 9.649122739327588016e-01
6.075551138028703281e+04 9.675247561339181956e-01
6.075551164034772228e+04 9.898848211250503848e-01
6.075551190040841175e+04 1.034620784574045382e+00
6.075551216046910849e+04 1.049731125149848898e+00
6.075551242052979796e+04 9.654284358184836989e-01
6.075551268059049471e+04 1.044937932714027795e+00
6.075551294065118418e+04 1.042061515705991370e+00
6.075551320071187365e+04 1.015170493590892287e+00
6.075551346077257040e+04 1.033706124845563457e+00
6.075551372083325987e+04 1.007097370699840067e+00
6.075551398089394934e+04 9.986499042074096222e-01
6.075551424095464608e+04 9.518326801529827241e-01
6.075551450101533555e+04 1.062671673148503526e+00
6.075551476107603230e+04 9.412874652926197516e-01
6.075551502113672177e+04 9.456777378577264637e-01
6.075551528119741124e+04 1.074786963917291782e+00
6.075551554125810799e+04 1.078251986445142530e+00
6.075551580131879746e+04 1.032515578916503918e+00
6.075551606137949420e+04 9.236251796428330829e-01
6.075551632144019095e+04 1.046248866131273658e+00
6.075551658150087314e+04 1.106616463431235431e+00
6.075551684156156989e+04 1.164196209877720767e+00
6.075551710162226664e+04 9.862025954851203480e-01
6.075551736168294883e+04 9.872628449506701820e-01
6.075551762174364558e+04 1.026636801367786900e+00
6.075551788180433505e+04 8.857025855004211357e-01
6.075551814186503179e+04 1.010552138465145910e+00
6.075551840192572854e+04 1.035702819795793816e+00
6.075551866198641073e+04 1.011235610298320209e+00
6.075551892204710748e+04 1.038848214161807615e+00
6.075551918210780423e+04 8.978736699279139533e-01
6.075551944216849370e+04 1.023021763389382999e+00
6.075551970222919044e+04 9.984619631666682427e-01
6.075551996228987991e+04 9.691808109321325970e-01
6.075552022235056938e+04 9.545214154360651682e-01
6.075552048241126613e+04 9.961386453320736356e-01
6.075552074247194832e+04 1.019562565718782343e+00
6.075552100253265235e+04 1.041132396340286759e+00
6.075552126259334182e+04 1.078932117515870370e+00
6.075552152265403129e+04 1.075971807930704793e+00
6.075552178271472803e+04 9.935832359149365800e-01
6.075552204277541750e+04 1.010696275331774308e+00
6.075552230283610697e+04 1.020903039145249602e+00
6.075552256289680372e+04 1.000664300165509335e+00
6.075552282295750047e+04 1.041881731138144529e+00
6.075552308301818994e+04 8.895170702427510623e-01
6.075552334307887941e+04 1.017597608902734541e+00
6.075552360313957615e+04 1.024189447640565742e+00
6.075552386320026562e+04 1.034005904948344545e+00
6.075552412326096237e+04 9.179482998666802507e-01
6.075552438332165912e+04 9.362013441899361688e-01
6.075552464338234131e+04 1.049658883843665125e+00
6.075552490344303806e+04 9.724031565542250455e-01
6.075552516350373480e+04 1.058786520379269236e+00
6.075552542356441700e+04 9.245526334623269671e-01
6.075552568362511374e+04 9.995421435274959299e-01
6.075552594368581049e+04 9.794606087043666864e-01
6.075552620374649996e+04 1.029467041154154439e+00
6.075552646380719671e+04 9.858307286970304784e-01
6.075552672386788618e+04 9.427155550182028110e-01
6.075552698392857565e+04 9.144524492721005648e-01
6.075552724398927239e+04 1.049770626072493940e+00
6.075552750404996914e+04 1.031532051210386713e+00
6.075552776411065861e+04 1.029126154890970035e+00
6.075552802417134808e+04 9.767579073376493337e-01
6.075552828423204483e+04 1.055219389372017869e+00
6.075552854429273430e+04 9.388640513883284022e-01
6.075552880435342377e+04 9.369011637847730611e-01
6.075552906441412051e+04 1.053362664564267970e+00
6.075552932447480998e+04 1.097648695694588561e+00
6.075552958453550673e+04 9.943070508259037599e-01
6.075552984459620347e+04 1.027950183617071467e+00
6.075553010465688567e+04 1.117107569583055682e+00
6.075553036471758242e+04 1.013008843627325239e+00
6.075553062477827916e+04 9.783071787313327716e-01
6.075553088483896863e+04 9.671417256589540656e-01
6.075553114489966538e+04 1.058455507955358588e+00
6.075553140496035485e+04 1.056587974241949723e+00
6.075553166502104432e+04 9.511566144336015549e-01
6.075553192508174106e+04 9.280537577431011709e-01
6.075553218514243054e+04 1.069876192836157314e+00
6.075553244520312728e+04 9.646768579793491005e-01
6.075553270526381675e+04 9.717764555764324408e-01
6.075553296532451350e+04 8.920322895238760319e-01
6.075553322538520297e+04 1.024824379037020172e+00
6.075553348544589244e+04 9.715295759080064819e-01
6.075553503087646095e+04 9.368856726720350414e-01
6.075553529093715770e+04 1.048125308406571810e+00
6.075553555099784717e+04 9.582020468390252121e-01
6.075553581105853664e+04 1.136938937983055675e+00
6.075553607111923338e+04 1.073858196738904036e+00
6.075553633117992285e+04 9.924922178480996005e-01
6.075553659124061960e+04 1.032927508310616638e+00
6.075553685130131635e+04 1.031683966356195414e+00
6.075553711136199854e+04 9.535870933715753228e-01
6.075553737142269529e+04 1.066258201132375349e+00
6.075553763148339203e+04 9.572965768342025505e-01
6.075553789154408878e+04 9.639915905771414550e-01
6.075553815160477825e+04 1.087835560947800095e+00
6.075553841166546772e+04 9.531568302228028422e-01
6.075553867172616447e+04 9.232072500514162394e-01
6.075553893178685394e+04 1.032630446833808779e+00
6.075553919184754341e+04 9.427487037907689160e-01
6.075553945190824015e+04 1.000592943998078299e+00
6.075553971196892962e+04 9.989199863090764131e-01
6.075553997202962637e+04 1.121654571063829042e+00
6.075554023209032312e+04 9.962886225133071871e-01
6.075554049215101259e+04 8.479932783012014141e-01
6.075554075221170206e+04 1.010825113161598621e+00
6.075554101227239880e+04 9.733982412003351348e-01
6.075554127233309555e+04 9.681624956129559756e-01
6.075554153239378502e+04 9.611244580401754334e-01
6.075554179245447449e+04 1.034697839215247273e+00
6.075554205251517124e+04 9.418285262843690830e-01
6.075554231257586798e+04 1.073038693564512425e+00
6.075554257263655018e+04 1.011964018975992863e+00
6.075554283269725420e+04 1.029606852477396028e+00
6.075554309275794367e+04 9.734510955424380274e-01
6.075554335281863314e+04 1.062843619027295405e+00
6.075554361287932988e+04 9.392434583294880790e-01
6.075554387294001936e+04 9.130692200944164894e-01
6.075554413300071610e+04 9.811994864307155284e-01
6.075554439306140557e+04 9.912845748013466851e-01
6.075554465312210232e+04 8.755950907638125891e-01
6.075554491318279906e+04 1.012456455627344099e+00
6.075554517324348853e+04 1.012148945050400650e+00
6.075554543330417800e+04 1.073889188061371014e+00
6.075554569336487475e+04 1.027434644017004350e+00
6.075554595342557150e+04 9.883175087273464721e-01
6.075554621348626097e+04 9.344967004958705248e-01
6.075554647354695044e+04 1.019158239698653601e+00
6.075554673360764718e+04 9.751169229723151144e-01
6.075554699366834393e+04 8.807548036868798613e-01
6.075554725372902612e+04 1.098890639113519141e+00
6.075554751378972287e+04 1.013855997384284890e+00
6.075554777385041962e+04 1.052349109940440730e+00
6.075554803391111636e+04 9.226247109667714552e-01
6.075554829397180583e+04 1.056604621408905320e+00
6.075554855403249530e+04 9.896458504850356164e-01
6.075554881409319205e+04 9.612723492283229421e-01
6.075554907415388152e+04 9.143724427548652889e-01
6.075554933421457827e+04 9.753013925920137606e-01
6.075554959427527501e+04 9.441737901021798329e-01
6.075554985433596448e+04 1.052058564947510266e+00
6.075555011439665395e+04 9.689819032209440186e-01
6.075555037445735070e+04 9.230833144459263950e-01
6.075555063451804017e+04 9.844232488640292100e-01
6.075555089457873692e+04 1.014779208141794342e+00
6.075555115463942639e+04 1.011494698024849148e+00
6.075555141470012313e+04 1.046039190613038627e+00
6.075555167476081988e+04 1.007123982029273446e+00
6.075555193482150935e+04 1.017369949589630451e+00
6.075555219488219882e+04 9.524270527564847599e-01
6.075555245494289557e+04 1.013289991062492179e+00
6.075555271500359231e+04 9.196731773101407548e-01
6.075555297506428906e+04 1.113712537655818569e+00
6.075555323512497125e+04 1.011048062936131586e+00
6.075555349518566800e+04 1.020065385020672011e+00
6.075555375524636474e+04 1.061581005925426258e+00
6.075555401530705421e+04 9.655781322615272222e-01
6.075555427536775096e+04 1.055371149134658681e+00
6.075555453542844043e+04 1.037204359532768905e+00
6.075555479548913718e+04 1.097009611136409379e+00
6.075555505554983392e+04 1.010630032980750270e+00
6.075555531561051612e+04 1.067508690019520312e+00
6.075555557567121286e+04 1.046668374500093979e+00
6.075555583573190961e+04 9.533949311042316799e-01
6.075555609579260636e+04 1.097846174619210524e+00
6.075555635585329583e+04 8.764752046806657537e-01
6.075555661591398530e+04 1.100314000956538862e+00
6.075555687597468204e+04 9.834320996008345528e-01
6.075555713603537879e+04 1.029548158492738841e+00
6.075555739609607554e+04 1.086159488324921485e+00
6.075555765615676501e+04 8.987770655989513191e-01
6.075555791621745448e+04 9.899059341857536776e-01
6.075555817627815122e+04 8.841302587723910422e-01
6.075555843633884797e+04 1.087713574661236082e+00
6.075555869639953016e+04 9.335204045020755181e-01
6.075555895646022691e+04 1.006120800369690871e+00
6.075555921652092366e+04 9.431669267555430336e-01
6.075555947658162040e+04 1.119655001537236183e+00
6.075555973664230987e+04 1.022940634628751733e+00
6.075555999670299934e+04 9.338924185885455476e-01
6.075556025676369609e+04 1.023182447079793222e+00
6.075556051682439283e+04 1.082471368023915748e+00
6.075556077688508958e+04 1.152367606841671055e+00
6.075556103694577905e+04 9.652950629727040655e-01
6.075556129700646852e+04 1.063393962873859344e+00
6.075556155706716527e+04 9.742525604079695922e-01
6.075556181712786201e+04 1.042454270541286920e+00
6.075556207718854421e+04 1.041604418452609870e+00
6.075556233724924095e+04 1.071172557217262344e+00
6.075556259730993770e+04 1.040346210606859279e+00
6.075556285737063445e+04 1.066915015366714181e+00
6.075556311743133119e+04 9.660585523599840574e-01
6.075556337749201339e+04 9.006159627431457038e-01
6.075556504896522529e+04 9.875173520142735972e-01
6.075556530902591476e+04 1.036552646215965989e+00
6.075556556908661150e+04 9.889941210008913464e-01
6.075556582914730097e+04 8.197554835653300120e-01
6.075556608920799772e+04 1.006012010528171796e+00
6.075556634926869447e+04 8.457541558986981789e-01
6.075556660932938394e+04 1.009585508484897032e+00
6.075556686939008068e+04 1.019440754806400840e+00
6.075556712945077015e+04 1.062544651209951452e+00
6.075556738951146690e+04 9.645410252335828716e-01
6.075556764957216365e+04 1.014776388773762417e+00
6.075556790963285312e+04 1.003786651889124526e+00
6.075556816969354986e+04 1.020279788650379826e+00
6.075556842975423933e+04 1.076390290468687727e+00
6.075556868981492880e+04 1.006015034361760874e+00
6.075556894987563282e+04 9.978327602743334301e-01
6.075556920993632230e+04 9.885090952895073668e-01
6.075556946999701904e+04 1.074040027616660398e+00
6.075556973005770851e+04 9.946264944006020237e-01
6.075556999011839798e+04 9.309151474677896942e-01
6.075557025017909473e+04 9.522967371942655523e-01
6.075557051023979147e+04 9.189191530939390118e-01
6.075557077030048822e+04 9.206193075846307305e-01
6.075557103036117769e+04 1.018015621221902034e+00
6.075557129042186716e+04 9.453477545658578451e-01
6.075557155048256391e+04 1.055373628086129889e+00
6.075557181054326065e+04 9.396998354238947915e-01
6.075557207060395740e+04 9.207125578499125718e-01
6.075557233066464687e+04 8.838870195424850529e-01
6.075557259072533634e+04 1.048610094963844164e+00
6.075557285078603309e+04 1.016832590377470869e+00
6.075557311084672983e+04 1.101736322718934069e+00
6.075557337090741930e+04 9.135570190511671518e-01
6.075557363096811605e+04 9.818527286361267148e-01
6.075557389102880552e+04 1.028051909690269605e+00
6.075557415108950227e+04 9.925790266121352623e-01
6.075557441115019901e+04 9.411092740801435541e-01
6.075557467121088848e+04 1.126168211968934019e+00
6.075557493127158523e+04 1.002160880549751498e+00
6.075557519133227470e+04 1.033695356952673006e+00
6.075557545139297144e+04 9.279791741195114740e-01
6.075557571145366819e+04 1.035033974566488713e+00
6.075557597151435766e+04 1.049848644450810387e+00
6.075557623157505441e+04 9.074916945885581621e-01
6.075557649163575115e+04 9.934764692031677891e-01
6.075557675169643335e+04 9.803413627328987356e-01
6.075557701175713009e+04 1.046310825424298097e+00
6.075557727181782684e+04 9.718347802720794792e-01
6.075557753187852359e+04 9.573840994110142111e-01
6.075557779193922033e+04 9.207585080851696802e-01
6.075557805199990980e+04 9.214547668783288348e-01
6.075557831206059927e+04 9.664188940784013138e-01
6.075557857212129602e+04 1.003162815066546587e+00
6.075557883218199277e+04 1.078369070156793841e+00
6.075557909224268951e+04 9.416602160720662917e-01
6.075557935230337898e+04 1.029135276808711419e+00
6.075557961236407573e+04 9.291251494216861140e-01
6.075557987242476520e+04 9.716730557697326187e-01
6.075558013248546195e+04 1.057135442647529011e+00
6.075558039254615869e+04 9.299861810753111691e-01
6.075558065260684816e+04 1.023570721290109509e+00
6.075558091266754491e+04 8.930790600805948998e-01
6.075558117272824165e+04 9.285051445963603545e-01
6.075558143278892385e+04 1.012128773134602033e+00
6.075558169284962059e+04 1.011735675635906828e+00
6.075558195291031734e+04 9.108580657821852000e-01
6.075558221297101409e+04 1.005963137792928785e+00
6.075558247303171083e+04 9.334364563432663298e-01
6.075558273309240030e+04 1.006551309795230331e+00
6.075558299315309705e+04 9.381694329020997536e-01
6.075558325321378652e+04 9.371565476426086949e-01
6.075558351327448327e+04 1.009493403783809695e+00
6.075558377333518001e+04 9.481790385313128011e-01
6.075558403339586948e+04 1.074541770953254538e+00
6.075558429345656623e+04 9.941449576809651134e-01
6.075558455351726298e+04 1.071413080499219905e+00
6.075558481357794517e+04 9.702215523711321676e-01
6.075558507363864192e+04 1.008900851271947507e+00
6.075558533369933866e+04 1.118812201656958161e+00
6.075558559376003541e+04 1.017881023229168624e+00
6.075558585382073215e+04 1.092594393173602185e+00
6.075558611388142162e+04 9.118430491660826087e-01
6.075558637394211837e+04 9.420953141450151280e-01
6.075558663400280784e+04 9.546922426043354948e-01
6.075558689406350459e+04 9.688606081650175117e-01
6.075558715412420133e+04 9.465148560146026124e-01
6.075558741418489080e+04 9.095821116138018692e-01
6.075558767424558755e+04 1.011366602595865416e+00
6.075558793430628430e+04 9.690489473461897374e-01
6.075558819436697377e+04 9.640696359896463452e-01
6.075558845442767051e+04 9.353352560848158248e-01
6.075558871448835998e+04 9.800741001715251866e-01
6.075558897454905673e+04 1.044477276949508537e+00
6.075558923460975348e+04 9.452795551630929216e-01
6.075558949467044295e+04 1.019770044953498767e+00
6.075558975473113969e+04 9.721309651868753621e-01
6.075559001479183644e+04 1.031027401876374094e+00
6.075559027485253318e+04 1.065054233692047214e+00
6.075559053491322265e+04 8.880114360441592192e-01
6.075559079497391212e+04 1.000299797590318285e+00
6.075559105503460887e+04 9.949397004955230495e-01
6.075559131509530562e+04 9.868871689917814161e-01
6.075559157515600236e+04 1.038402465135667141e+00
6.075559183521669911e+04 9.872884725112400783e-01
6.075559209527738858e+04 1.008519532220764514e+00
6.075559235533808533e+04 1.067969426637974228e+00
6.075559261539877480e+04 9.376265649025434801e-01
6.075559287545946427e+04 1.003181878560174267e+00
6.075559313552016101e+04 9.561847853490198501e-01
6.075559339558085776e+04 9.727776062137443169e-01
6.075559494101491873e+04 9.121920008123216572e-01
6.075559520107561548e+04 9.964722394415067575e-01
6.075559546113631222e+04 9.595958630369770814e-01
6.075559572119700897e+04 9.444883621652667705e-01
6.075559598125769844e+04 9.958355115136199309e-01
6.075559624131839519e+04 1.017590941203107224e+00
6.075559650137908466e+04 1.073093491136657196e+00
6.075559676143977413e+04 1.058840293726160953e+00
6.075559702150047087e+04 9.653235604864491837e-01
6.075559728156116762e+04 1.030313885337803770e+00
6.075559754162186437e+04 1.050152595721341564e+00
6.075559780168256111e+04 1.013461000892391217e+00
6.075559806174325058e+04 1.081313890568490033e+00
6.075559832180394733e+04 1.011752146972511257e+00
6.075559858186464407e+04 1.021666069844805902e+00
6.075559884192533355e+04 9.462497734528141358e-01
6.075559910198603029e+04 1.024906801376318732e+00
6.075559936204671976e+04 1.064703886084999551e+00
6.075559962210741651e+04 9.551014559782762259e-01
6.075559988216811325e+04 1.041543619220260064e+00
6.075560014222880272e+04 9.988652111406538525e-01
6.075560040228950675e+04 1.049248259291584384e+00
6.075560066235019622e+04 8.854367435375857243e-01
6.075560092241089296e+04 9.743622517435213126e-01
6.075560118247158971e+04 1.023732549993383589e+00
6.075560144253227918e+04 9.831101784944670241e-01
6.075560170259296865e+04 9.573738453137298210e-01
6.075560196265366540e+04 1.011721589799710275e+00
6.075560222271436214e+04 9.023364842318424284e-01
6.075560248277505889e+04 9.976143864186514110e-01
6.075560274283574836e+04 9.754159472941565934e-01
6.075560300289644510e+04 9.863343667782114021e-01
6.075560326295714185e+04 9.426280467470339319e-01
6.075560352301783860e+04 9.968624770922540623e-01
6.075560378307853534e+04 1.168701299670629412e+00
6.075560404313922481e+04 1.043286341609447998e+00
6.075560430319992156e+04 1.029206355210080082e+00
6.075560456326061831e+04 9.618334128831749208e-01
6.075560482332130050e+04 9.498503053644085092e-01
6.075560508338199725e+04 9.807723679643500780e-01
6.075560534344269399e+04 9.844770525718029575e-01
6.075560560350339074e+04 9.510379302340556951e-01
6.075560586356408749e+04 1.039541502336383427e+00
6.075560612362477696e+04 1.066668175267696306e+00
6.075560638368547370e+04 1.059882685281194226e+00
6.075560664374617045e+04 9.791207112990342187e-01
6.075560690380686719e+04 9.190090141349323005e-01
6.075560716386756394e+04 1.045132881682212078e+00
6.075560742392825341e+04 9.822226838949721373e-01
6.075560768398895016e+04 9.526478283235707556e-01
6.075560794404964690e+04 9.138334424403162792e-01
6.075560820411032910e+04 8.964708090213761027e-01
6.075560846417102584e+04 1.010979208864955847e+00
6.075560872423172259e+04 9.525820461139791195e-01
6.075560898429241934e+04 9.487442102982316383e-01
6.075560924435311608e+04 1.047486380572330678e+00
6.075560950441380555e+04 9.512462092326380292e-01
6.075560976447450230e+04 9.108305448560640727e-01
6.075561002453519905e+04 9.927294651688741700e-01
6.075561028459589579e+04 9.574007588856177087e-01
6.075561054465659254e+04 1.039265813856965037e+00
6.075561080471728201e+04 9.360361875376584928e-01
6.075561106477797875e+04 8.959105108470778456e-01
6.075561132483867550e+04 9.425244834091864865e-01
6.075561158489937225e+04 1.014088957951722048e+00
6.075561184496006899e+04 9.507992594300488376e-01
6.075561210502075846e+04 1.085315898696409542e+00
6.075561236508144793e+04 9.549940889027648261e-01
6.075561262514214468e+04 9.837052978096415545e-01
6.075561288520283415e+04 1.043895891180945057e+00
6.075561314526353090e+04 9.403810494172569756e-01
6.075561340532422764e+04 9.385748277627085079e-01
6.075561366538492439e+04 8.715339003325495160e-01
6.075561392544562113e+04 9.392484948683580415e-01
6.075561418550631060e+04 1.034726741831611507e+00
6.075561444556700735e+04 9.412049853266271082e-01
6.075561470562770410e+04 9.111268536836372167e-01
6.075561496568840084e+04 9.157291016333042322e-01
6.075561522574909759e+04 9.529646184622841965e-01
6.075561548580978706e+04 1.100674967381515712e+00
6.075561574587048381e+04 9.536279062317455368e-01
6.075561600593118055e+04 1.052534733344911766e+00
6.075561626599187002e+04 9.392948264214602272e-01
6.075561652605256677e+04 9.720201292180105090e-01
6.075561678611326352e+04 9.238196551066070183e-01
6.075561704617396026e+04 9.117614405896230512e-01
6.075561730623465701e+04 9.563770756900010772e-01
6.075561756629534648e+04 1.133788290955715317e+00
6.075561782635604322e+04 9.788062145524975000e-01
6.075561808641673269e+04 9.563764763948322534e-01
6.075561834647742944e+04 8.572844104518884123e-01
6.075561860653812619e+04 9.131415551300590128e-01
6.075561886659881566e+04 1.015963331500517652e+00
6.075561912665951240e+04 1.040628221043721879e+00
6.075561938672020915e+04 1.055075159150395958e+00
6.075561964678089862e+04 9.634758851669822377e-01
6.075561990684160264e+04 9.935200927517668923e-01
6.075562016690229211e+04 9.873768232384858567e-01
6.075562042696298886e+04 9.372013344761722653e-01
6.075562068702368560e+04 9.976038260888394626e-01
6.075562094708437508e+04 1.013469904877776218e+00
6.075562120714507182e+04 1.024951758315336914e+00
6.075562146720576857e+04 1.018181794723110878e+00
6.075562172726646531e+04 1.014733920858381877e+00
6.075562198732716206e+04 1.013492509485555582e+00
6.075562224738785153e+04 9.868317441350830110e-01
6.075562250744854828e+04 1.028496730899940648e+00
6.075562276750924502e+04 9.241376139298026482e-01
6.075562302756994177e+04 9.881919649073048761e-01
6.075562328763063852e+04 1.018977063723629950e+00
6.075562490904599690e+04 1.001592637861291379e+00
6.075562516909990518e+04 1.077065614232862067e+00
6.075562542915379890e+04 9.645349944752820148e-01
6.075562568920769263e+04 1.043189787633437282e+00
6.075562594926160091e+04 1.008088905091723220e+00
6.075562620931549463e+04 1.032637300836744210e+00
6.075562646936939564e+04 9.834210811664527707e-01
6.075562672942329664e+04 9.638381028826668029e-01
6.075562698947719036e+04 1.011522514099324033e+00
6.075562724953109864e+04 9.075641828031879577e-01
6.075562750958499237e+04 1.014979721662645717e+00
6.075562776963889337e+04 9.340854049388753744e-01
6.075562802969280165e+04 9.736883065940123982e-01
6.075562828974669537e+04 9.578380007475015834e-01
6.075562854980059637e+04 9.566630993794507098e-01
6.075562880985449738e+04 9.230134725177621124e-01
6.075562906990839110e+04 9.288138491348004733e-01
6.075562932996229938e+04 1.022651298298353550e+00
6.075562959001619311e+04 9.894291901532740185e-01
6.075562985007009411e+04 9.928140820678115208e-01
6.075563011012399511e+04 9.364505734989736485e-01
6.075563037017788884e+04 1.116495818317294608e+00
6.075563063023179711e+04 8.642917040321481670e-01
6.075563089028569084e+04 9.781636985797028672e-01
6.075563115033958456e+04 9.812126778428817975e-01
6.075563141039349284e+04 9.855626692523051791e-01
6.075563167044738657e+04 9.038475163074354279e-01
6.075563193050128757e+04 9.719039500550987754e-01
6.075563219055518857e+04 9.911811112087228759e-01
6.075563245060908230e+04 9.047945724220363140e-01
6.075563271066299058e+04 9.524213405444217351e-01
6.075563297071688430e+04 1.076768656211736674e+00
6.075563323077078530e+04 1.004778660465014406e+00
6.075563349082468631e+04 9.253636801029547776e-01
6.075563375087858003e+04 9.049926624956120547e-01
6.075563401093248831e+04 9.116422491387081717e-01
6.075563427098638203e+04 9.449258389610435405e-01
6.075563453104027576e+04 9.880182901904165371e-01
6.075563479109418404e+04 9.984671535246575358e-01
6.075563505114807776e+04 9.600136869424340524e-01
6.075563531120197877e+04 9.852510163685390676e-01
6.075563557125588704e+04 9.599881193207681074e-01
6.075563583130978077e+04 1.035335588086320202e+00
6.075563609136368905e+04 9.403928537244027330e-01
6.075563635141758277e+04 9.029321249295114704e-01
6.075563661147148377e+04 9.170378500935870703e-01
6.075563687152538478e+04 9.893117595666230946e-01
6.075563713157927850e+04 9.948663421905908910e-01
6.075563739163318678e+04 9.241932153838150477e-01
6.075563765168708051e+04 1.059922682769313784e+00
6.075563791174097423e+04 9.400905641070717023e-01
6.075563817179488251e+04 9.084618964633336402e-01
6.075563843184877624e+04 1.073978873756095354e+00
6.075563869190267724e+04 9.822276254410183816e-01
6.075563895195657824e+04 1.007482988049935635e+00
6.075563921201047197e+04 9.082742887999379899e-01
6.075563947206438024e+04 1.001554234042608238e+00
6.075563973211827397e+04 9.241378869533413143e-01
6.075563999217217497e+04 1.132636581184074842e+00
6.075564025222608325e+04 1.043462293802319696e+00
6.075564051227997697e+04 9.912954058841135785e-01
6.075564077233388525e+04 1.118180818287172862e+00
6.075564103238777898e+04 1.009444086240072869e+00
6.075564129244167270e+04 9.320590808467676958e-01
6.075564155249558098e+04 9.739993036394398729e-01
6.075564181254947471e+04 1.016807394774427165e+00
6.075564207260337571e+04 9.339288621683000668e-01
6.075564233265727671e+04 9.426229342597250982e-01
6.075564259271117044e+04 1.000031340791976309e+00
6.075564285276507871e+04 9.815561573223891001e-01
6.075564311281897244e+04 1.002173924531470472e+00
6.075564337287286617e+04 1.020521987608559167e+00
6.075564363292677444e+04 1.060970199534780445e+00
6.075564389298066817e+04 1.021759136432824455e+00
6.075564415303458372e+04 9.603289859366030967e-01
6.075564441308847745e+04 9.344502368584338692e-01
6.075564467314237118e+04 9.209033187164955558e-01
6.075564493319627945e+04 1.043272857160129519e+00
6.075564519325017318e+04 9.854410970645405277e-01
6.075564545330407418e+04 1.010616062748834532e+00
6.075564571335797518e+04 1.075262698830858232e+00
6.075564597341186891e+04 1.066357732401646663e+00
6.075564623346577719e+04 9.651763304123807119e-01
6.075564649351967091e+04 8.990283566557982775e-01
6.075564675357356464e+04 1.009023913339228917e+00
6.075564701362747292e+04 9.787937287183016144e-01
6.075564727368136664e+04 1.046738147043078548e+00
6.075564753373527492e+04 1.131984094816016917e+00
6.075564779378917592e+04 1.041317386925521671e+00
6.075564805384306965e+04 1.045783771115832650e+00
6.075564831389697792e+04 1.079084536445358511e+00
6.075564857395087165e+04 1.118888143981131345e+00
6.075564883400477265e+04 1.021349410476902753e+00
6.075564909405867365e+04 8.967931206796342369e-01
6.075564935411256738e+04 1.006374662094261296e+00
6.075564961416647566e+04 9.765641777819733527e-01
6.075564987422036938e+04 8.935529419401242457e-01
6.075565013427426311e+04 9.722899656178152217e-01
6.075565039432817866e+04 1.080055677528530156e+00
6.075565065438207239e+04 9.347573388497217861e-01
6.075565091443597339e+04 1.021333014605349199e+00
6.075565117448987439e+04 1.028499639993651016e+00
6.075565143454376812e+04 1.027286053720922965e+00
6.075565169459767640e+04 1.004771666262069596e+00
6.075565195465157012e+04 9.781433107229812185e-01
6.075565221470547112e+04 1.051335101530857852e+00
6.075565247475937213e+04 9.290528828961925889e-01
6.075565273481326585e+04 9.632446506215797122e-01
6.075565299486718141e+04 9.491661186143367512e-01
6.075565325492107513e+04 9.778359007196892883e-01
6.075565492676799477e+04 1.116684528331835846e+00
6.075565518682868424e+04 1.053859635225979030e+00
6.075565544688938098e+04 1.023150927139131250e+00
6.075565570695007773e+04 9.651147397367469960e-01
6.075565596701077448e+04 9.424772194765215216e-01
6.075565622707147122e+04 9.908874742194283547e-01
6.075565648713216069e+04 9.704591014992766107e-01
6.075565674719285744e+04 9.331482379723439191e-01
6.075565700725356146e+04 9.332041059370014269e-01
6.075565726731425821e+04 9.062720925818067430e-01
6.075565752737495495e+04 9.825301465210107832e-01
6.075565778743564442e+04 9.763902883278844369e-01
6.075565804749634117e+04 1.006984528447381511e+00
6.075565830755703792e+04 9.443978875525957939e-01
6.075565856761772739e+04 1.059954977465462411e+00
6.075565882767842413e+04 1.078472907672270553e+00
6.075565908773912088e+04 1.003095142673463558e+00
6.075565934779981762e+04 1.086764700130291805e+00
6.075565960786051437e+04 9.805089906016263290e-01
6.075565986792121112e+04 9.228585996046785311e-01
6.075566012798190786e+04 9.064001189714940843e-01
6.075566038804260461e+04 1.136083452446899456e+00
6.075566064810330136e+04 9.870099947355249759e-01
6.075566090816399810e+04 9.871490695717931585e-01
6.075566116822468757e+04 9.553403070598047719e-01
6.075566142828538432e+04 9.482741328416072202e-01
6.075566168834608106e+04 9.195899315004846253e-01
6.075566194840677781e+04 1.098137381484669328e+00
6.075566220846748183e+04 1.010965280354489293e+00
6.075566246852817130e+04 1.019990050005274540e+00
6.075566272858886805e+04 1.031012575936558928e+00
6.075566298864956480e+04 1.000977761807773092e+00
6.075566324871025427e+04 1.128543056640153752e+00
6.075566350877095101e+04 1.025843844727799326e+00
6.075566376883164776e+04 9.525013017132460957e-01
6.075566402889234450e+04 1.039769226942144353e+00
6.075566428895304125e+04 9.386073396340947061e-01
6.075566454901373800e+04 9.982336777226039626e-01
6.075566480907443474e+04 1.023150351788606693e+00
6.075566506913513149e+04 1.108298897946459860e+00
6.075566532919582824e+04 9.708461746119555480e-01
6.075566558925652498e+04 1.031211046725159397e+00
6.075566584931721445e+04 9.080331509585587435e-01
6.075566610937791120e+04 9.273865598486425998e-01
6.075566636943860794e+04 9.528374924302124294e-01
6.075566662949930469e+04 9.792334859826657967e-01
6.075566688956000144e+04 1.041651837291348359e+00
6.075566714962069818e+04 9.027563132557897552e-01
6.075566740968139493e+04 1.133454608017635090e+00
6.075566766974209168e+04 1.015930149388410753e+00
6.075566792980278115e+04 1.034432067497555119e+00
6.075566818986347789e+04 1.048452158628231601e+00
6.075566844992417464e+04 9.328486391704600145e-01
6.075566870998487866e+04 1.065780720632268919e+00
6.075566897004557541e+04 1.064074973526276446e+00
6.075566923010626488e+04 9.584735208037057363e-01
6.075566949016696162e+04 1.032449668673879550e+00
6.075566975022765837e+04 1.047991557322171197e+00
6.075567001028834784e+04 1.006670376294034996e+00
6.075567027034905186e+04 1.079147452555667241e+00
6.075567053040974133e+04 9.367831970702873434e-01
6.075567079047044535e+04 1.008813196265402556e+00
6.075567105053114210e+04 9.870596592263646274e-01
6.075567131059183157e+04 9.959791960860387983e-01
6.075567157065252832e+04 9.518075964365793062e-01
6.075567183071322506e+04 1.166541700322739850e+00
6.075567209077392181e+04 1.017699345435670866e+00
6.075567235083461856e+04 9.250267775656174640e-01
6.075567261089531530e+04 1.132001758941168834e+00
6.075567287095601205e+04 1.014128413046057053e+00
6.075567313101670879e+04 9.912953978282552647e-01
6.075567339107740554e+04 9.450615425587567398e-01
6.075567365113810229e+04 1.097493579596528823e+00
6.075567391119879176e+04 9.721326627448978464e-01
6.075567417125948850e+04 9.967200997958313158e-01
6.075567443132019253e+04 1.044861463875367269e+00
6.075567469138088200e+04 1.008419874505621650e+00
6.075567495144157874e+04 9.952023575959108026e-01
6.075567521150227549e+04 9.980251207758286114e-01
6.075567547156297223e+04 1.014058726327326632e+00
6.075567573162366898e+04 1.001032242782590398e+00
6.075567599168436573e+04 1.002306489198618866e+00
6.075567625174506247e+04 1.096403145892755893e+00
6.075567651180575922e+04 9.835512959469145944e-01
6.075567677186645597e+04 9.065969716581872007e-01
6.075567703192715271e+04 9.416373569759048934e-01
6.075567729198784218e+04 1.000322009037860616e+00
6.075567755204853893e+04 9.930987573232284982e-01
6.075567781210924295e+04 1.001503966672607104e+00
6.075567807216993242e+04 9.865622446117352506e-01
6.075567833223062917e+04 9.719119155021369583e-01
6.075567859229132591e+04 1.037659332947576951e+00
6.075567885235202266e+04 9.935379738789660298e-01
6.075567911241271941e+04 1.021139532592171273e+00
6.075567937247341615e+04 1.054901901177485390e+00
6.075567963253411290e+04 1.012826249385453181e+00
6.075567989259480964e+04 1.067992296038992928e+00
6.075568015265550639e+04 9.985056440697276381e-01
6.075568041271620314e+04 9.038215399424799346e-01
6.075568067277689261e+04 9.933221635833684449e-01
6.075568093283759663e+04 9.909378149523375701e-01
6.075568119289829338e+04 9.975642895496167339e-01
6.075568145295898285e+04 1.036030920068276684e+00
6.075568171301968687e+04 1.025387680027618709e+00
6.075568197308037634e+04 9.149107261525875057e-01
6.075568223314107308e+04 9.741077589321385233e-01
6.075568249320177711e+04 1.014502705914679170e+00
6.075568275326246658e+04 9.860060311897984597e-01
6.075568301332316332e+04 1.004862716491558894e+00
6.075568327338386007e+04 9.316307593022161715e-01
6.075568483179301256e+04 9.674569679976612324e-01
6.075568509184680443e+04 1.051747312131201761e+00
6.075568535190059629e+04 9.588554095949172185e-01
6.075568561195438815e+04 1.046557807238037041e+00
6.075568587200818729e+04 1.004103929290118158e+00
6.075568613206199370e+04 8.915841838263571795e-01
6.075568639211578557e+04 9.840603633829904107e-01
6.075568665216957743e+04 1.051015360801061060e+00
6.075568691222336929e+04 9.792049925250521092e-01
6.075568717227716115e+04 1.106710544787287809e+00
6.075568743233096029e+04 9.942023348202086996e-01
6.075568769238475215e+04 9.447043107864183664e-01
6.075568795243854402e+04 1.124349377872767564e+00
6.075568821249233588e+04 1.088853742375659017e+00
6.075568847254613502e+04 9.807793328490304052e-01
6.075568873259992688e+04 9.719032125263746824e-01
6.075568899265372602e+04 1.058152166340911693e+00
6.075568925270752516e+04 9.679824633184861415e-01
6.075568951276131702e+04 1.103346320037621675e+00
6.075568977281511616e+04 1.067600139578354534e+00
6.075569003286890802e+04 1.013473886206576413e+00
6.075569029292269988e+04 9.666246677933669762e-01
6.075569055297649174e+04 9.900462919939904127e-01
6.075569081303029088e+04 9.862594946290039744e-01
6.075569107308408275e+04 9.441321661597567028e-01
6.075569133313787461e+04 9.522686773681636740e-01
6.075569159319166647e+04 1.009106959158207806e+00
6.075569185324547288e+04 9.901989509524578015e-01
6.075569211329927202e+04 9.631473056889284790e-01
6.075569237335306389e+04 9.887636557907608648e-01
6.075569263340685575e+04 1.070820731967306871e+00
6.075569289346064761e+04 9.516152831355753072e-01
6.075569315351444675e+04 9.754228454421660643e-01
6.075569341356823861e+04 1.031500497573372588e+00
6.075569367362203047e+04 9.749040409143887587e-01
6.075569393367582234e+04 1.058086412115750941e+00
6.075569419372962147e+04 1.014647926467602712e+00
6.075569445378341334e+04 9.543003741405157170e-01
6.075569471383720520e+04 8.608674402982895435e-01
6.075569497389100434e+04 9.577198663121618827e-01
6.075569523394481075e+04 1.002301533766492003e+00
6.075569549399860261e+04 9.912770719046120060e-01
6.075569575405239448e+04 9.744282669135940766e-01
6.075569601410618634e+04 1.040510273106099781e+00
6.075569627415998548e+04 9.549459521864366307e-01
6.075569653421377734e+04 9.631042514044000358e-01
6.075569679426756920e+04 9.292468579405641638e-01
6.075569705432136107e+04 9.140678931994071776e-01
6.075569731437516020e+04 9.466543063047876405e-01
6.075569757442895207e+04 9.516554571672704022e-01
6.075569783448274393e+04 9.804019414383984277e-01
6.075569809453654307e+04 1.001833838176683145e+00
6.075569835459034948e+04 9.602095250446482932e-01
6.075569861464414134e+04 1.056137276225547872e+00
6.075569887469793321e+04 9.596772240828268519e-01
6.075569913475172507e+04 9.430786693469187520e-01
6.075569939480552421e+04 9.882795088438963704e-01
6.075569965485931607e+04 1.053490888810867165e+00
6.075569991491310793e+04 9.587919276251888334e-01
6.075570017496689979e+04 1.079873494076592166e+00
6.075570043502069893e+04 9.841478052855432423e-01
6.075570069507449080e+04 9.087641142970933616e-01
6.075570095512828993e+04 1.058719644430479612e+00
6.075570121518208907e+04 1.054540205542197739e+00
6.075570147523588821e+04 9.600117887807395611e-01
6.075570173528968007e+04 1.069215080652867966e+00
6.075570199534347194e+04 9.746523991325716230e-01
6.075570225539727107e+04 9.712608632583908941e-01
6.075570251545106294e+04 1.057627872160318505e+00
6.075570277550485480e+04 1.039396321988181215e+00
6.075570303555864666e+04 9.432307812387346058e-01
6.075570329561244580e+04 1.023737683643519025e+00
6.075570355566623766e+04 9.842157384331272629e-01
6.075570381572002952e+04 1.093011394054415275e+00
6.075570407577382866e+04 1.027748314963214948e+00
6.075570433582763508e+04 1.069672889540294491e+00
6.075570459588142694e+04 1.068886027950524120e+00
6.075570485593521880e+04 9.224198128911302863e-01
6.075570511598901066e+04 1.004023194066283375e+00
6.075570537604280980e+04 9.014066591731472178e-01
6.075570563609660167e+04 9.702013761688059734e-01
6.075570589615039353e+04 9.689397189728640170e-01
6.075570615620419267e+04 1.012303838438580961e+00
6.075570641625798453e+04 1.057368436548499657e+00
6.075570667631177639e+04 9.862962827308228153e-01
6.075570693636557553e+04 1.109162451447561981e+00
6.075570719641938194e+04 9.714243503245899580e-01
6.075570745647317381e+04 9.683391510900148935e-01
6.075570771652696567e+04 1.069460182916956992e+00
6.075570797658076481e+04 1.020986244239744378e+00
6.075570823663455667e+04 9.841742088705847102e-01
6.075570849668834853e+04 1.007051004737870237e+00
6.075570875674214039e+04 1.128029418559388208e+00
6.075570901679593953e+04 9.936420181924379147e-01
6.075570927684973140e+04 1.090838780954506149e+00
6.075570953690352326e+04 9.810329636596929470e-01
6.075570979695732240e+04 1.059419018499882181e+00
6.075571005701112153e+04 1.089458313902303743e+00
6.075571031706492067e+04 1.034177327830487547e+00
6.075571057711871254e+04 9.380036836504461739e-01
6.075571083717251167e+04 9.255679437038097923e-01
6.075571109722630354e+04 9.713514150101287825e-01
6.075571135728009540e+04 9.587380056777090598e-01
6.075571161733389454e+04 1.072057648152356046e+00
6.075571187738768640e+04 9.474685282243973106e-01
6.075571213744147826e+04 8.869638262946595297e-01
6.075571239749527740e+04 1.065529908528203729e+00
6.075571265754906926e+04 1.141967426350855241e+00
6.075571291760286840e+04 1.037956015896895900e+00
6.075571317765666754e+04 9.813356965450967806e-01
6.075571474868715450e+04 9.647066534843917740e-01
6.075571500874785124e+04 9.307552196691565305e-01
6.075571526880854799e+04 9.857083125809380508e-01
6.075571552886924474e+04 9.604664246507020886e-01
6.075571578892994148e+04 1.124869449067104954e+00
6.075571604899063823e+04 1.012705289800901465e+00
6.075571630905133497e+04 1.012753720363210430e+00
6.075571656911203172e+04 1.020992836335402831e+00
6.075571682917273574e+04 9.690162365177115156e-01
6.075571708923342521e+04 1.007730490508896404e+00
6.075571734929412196e+04 9.897442426612785837e-01
6.075571760935482598e+04 1.059323571735758751e+00
6.075571786941552273e+04 1.074021595542751450e+00
6.075571812947621947e+04 1.023916766613804041e+00
6.075571838953690894e+04 9.806870043778065371e-01
6.075571864959761297e+04 9.985109156392193430e-01
6.075571890965830971e+04 1.072904181426854286e+00
6.075571916971899918e+04 9.196708105858185656e-01
6.075571942977970320e+04 1.042120720628934238e+00
6.075571968984039995e+04 1.032416350539595573e+00
6.075571994990109670e+04 1.042432503261486731e+00
6.075572020996180072e+04 1.065772130761297731e+00
6.075572047002249019e+04 1.040431226326415493e+00
6.075572073008318694e+04 1.112666785421715154e+00
6.075572099014388368e+04 1.042123886491505891e+00
6.075572125020458770e+04 9.829587577585445768e-01
6.075572151026528445e+04 9.918998891905872473e-01
6.075572177032597392e+04 9.354639804112447887e-01
6.075572203038667794e+04 9.925345868766140001e-01
6.075572229044737469e+04 9.916293864661758217e-01
6.075572255050806416e+04 9.689270258321337481e-01
6.075572281056877546e+04 1.016029952036157757e+00
6.075572307062946493e+04 1.051520842648738352e+00
6.075572333069016167e+04 1.004714063257718726e+00
6.075572359075086570e+04 9.238748739314063263e-01
6.075572385081155517e+04 1.046004765121387958e+00
6.075572411087225191e+04 9.544406882134126580e-01
6.075572437093294866e+04 1.028258475071751832e+00
6.075572463099365268e+04 1.075573244444067766e+00
6.075572489105434943e+04 9.775187695088015660e-01
6.075572515111503890e+04 1.026864576261586670e+00
6.075572541117574292e+04 1.045779289286643987e+00
6.075572567123643967e+04 1.047588609936378035e+00
6.075572593129713641e+04 9.745491294238972646e-01
6.075572619135784043e+04 9.970958886723646497e-01
6.075572645141852990e+04 1.134911903136168299e+00
6.075572671147922665e+04 9.111839251016687902e-01
6.075572697153993067e+04 9.599588945520380889e-01
6.075572723160062014e+04 1.012603431529248921e+00
6.075572749166131689e+04 1.113566500903669043e+00
6.075572775172202091e+04 1.063978023034229503e+00
6.075572801178271766e+04 1.060126805676668393e+00
6.075572827184341440e+04 1.027572224370171039e+00
6.075572853190411115e+04 9.980204583486081971e-01
6.075572879196480790e+04 9.616183315382587082e-01
6.075572905202550464e+04 1.045608299210420089e+00
6.075572931208620867e+04 1.032425269817596636e+00
6.075572957214690541e+04 1.038655079151131755e+00
6.075572983220759488e+04 1.063384937933243624e+00
6.075573009226829890e+04 9.698037417126272874e-01
6.075573035232899565e+04 9.343598070681029544e-01
6.075573061238968512e+04 9.786625376259630027e-01
6.075573087245038914e+04 9.607737356169734344e-01
6.075573113251108589e+04 1.062853115824855310e+00
6.075573139257178264e+04 1.035891985176006669e+00
6.075573165263248666e+04 8.720057996104720877e-01
6.075573191269317613e+04 1.043622528703978647e+00
6.075573217275387287e+04 1.029174385051690122e+00
6.075573243281457690e+04 9.976635202507956324e-01
6.075573269287527364e+04 1.042769388060176272e+00
6.075573295293597039e+04 8.426376382906047846e-01
6.075573321299666713e+04 1.014841155475516343e+00
6.075573347305736388e+04 1.025962963189505750e+00
6.075573373311806063e+04 1.022835988738601820e+00
6.075573399317875737e+04 1.140653557254275086e+00
6.075573425323946140e+04 9.365660088321500210e-01
6.075573451330015087e+04 8.577626810960052861e-01
6.075573477336085489e+04 1.023892942891924784e+00
6.075573503342155163e+04 1.063720954698861521e+00
6.075573529348224110e+04 9.973447263268874208e-01
6.075573555354294513e+04 1.027691336910514508e+00
6.075573581360364187e+04 1.080585437068237287e+00
6.075573607366434589e+04 9.359081327338837353e-01
6.075573633372504264e+04 9.996191624468638848e-01
6.075573659378573211e+04 9.808905688854099303e-01
6.075573685384643613e+04 1.138542921949535325e+00
6.075573711390713288e+04 1.065178622723216728e+00
6.075573737396782963e+04 9.659904368945820829e-01
6.075573763402853365e+04 9.296228910423322001e-01
6.075573789408922312e+04 1.036558592124326772e+00
6.075573815414991986e+04 1.011423714562136089e+00
6.075573841421062389e+04 9.145199136758643821e-01
6.075573867427131336e+04 1.007085556766291523e+00
6.075573893433201010e+04 9.654538876660320179e-01
6.075573919439271413e+04 9.686060593105155769e-01
6.075573945445341087e+04 9.341562550983107949e-01
6.075573971451411489e+04 1.016587016553631040e+00
6.075573997457480436e+04 9.628058190949758677e-01
6.075574023463550111e+04 9.029296331969373091e-01
6.075574049469620513e+04 1.060502522252787294e+00
6.075574075475690188e+04 1.048705960031988793e+00
6.075574101481759863e+04 9.412885465978739763e-01
6.075574127487829537e+04 1.052200131841654951e+00
6.075574153493899212e+04 1.047847274767436332e+00
6.075574179499969614e+04 1.034969280313953854e+00
6.075574205506038561e+04 1.011367898709264912e+00
6.075574231512108236e+04 1.023726253500885530e+00
6.075574257518178638e+04 1.026542679967016758e+00
6.075574283524248312e+04 1.019701188363399291e+00
6.075574309530317987e+04 9.896727314817715948e-01
6.075574483016229351e+04 1.035837969073742260e+00
6.075574509021608537e+04 1.026263822272037940e+00
6.075574535026989179e+04 9.972320102843249545e-01
6.075574561032369093e+04 9.904842404254058374e-01
6.075574587037748279e+04 1.069334600281265368e+00
6.075574613043128193e+04 1.070942975565007727e+00
6.075574639048507379e+04 1.025376643465724102e+00
6.075574665053887293e+04 9.260793477504363214e-01
6.075574691059266479e+04 9.784901125449873005e-01
6.075574717064645665e+04 9.644399611003569017e-01
6.075574743070025579e+04 1.013172096207245465e+00
6.075574769075404765e+04 9.458779149803274722e-01
6.075574795080784679e+04 1.021127913483792948e+00
6.075574821086163865e+04 1.068165128312254186e+00
6.075574847091544507e+04 1.005508626282507034e+00
6.075574873096924421e+04 9.413313858792063948e-01
6.075574899102303607e+04 8.803439209823975542e-01
6.075574925107683521e+04 1.044500433317414156e+00
6.075574951113062707e+04 9.867224394371356677e-01
6.075574977118442621e+04 1.009014307018035739e+00
6.075575003123821807e+04 9.445190807975953895e-01
6.075575029129201721e+04 9.630482108321428703e-01
6.075575055134580907e+04 1.071518265491090638e+00
6.075575081139960093e+04 1.003958671747265274e+00
6.075575107145340007e+04 9.142883450291580116e-01
6.075575133150719921e+04 1.000634898677608353e+00
6.075575159156100563e+04 1.077667618353540968e+00
6.075575185161479749e+04 1.100948444087508804e+00
6.075575211166859663e+04 1.017523301908829225e+00
6.075575237172238849e+04 1.002399050426163063e+00
6.075575263177618035e+04 1.085860296044305784e+00
6.075575289182997949e+04 9.830931882145330647e-01
6.075575315188377135e+04 1.040330933283772241e+00
6.075575341193757049e+04 1.086625638914758829e+00
6.075575367199136235e+04 1.074877583398521130e+00
6.075575393204516149e+04 1.009815685322548395e+00
6.075575419209895335e+04 1.001519620119120324e+00
6.075575445215275249e+04 1.098901714848393718e+00
6.075575471220655891e+04 9.974330559549171582e-01
6.075575497226035077e+04 9.486150765613803326e-01
6.075575523231414991e+04 9.671868549470720167e-01
6.075575549236794177e+04 9.968308767465311471e-01
6.075575575242174091e+04 9.904545918619180878e-01
6.075575601247553277e+04 9.290413691851725497e-01
6.075575627252933191e+04 1.000813308550580372e+00
6.075575653258312377e+04 8.165783169306614075e-01
6.075575679263691563e+04 9.765718761876631682e-01
6.075575705269071477e+04 9.652780780516102555e-01
6.075575731274451391e+04 1.028407567805884604e+00
6.075575757279832033e+04 9.729838323730294336e-01
6.075575783285211219e+04 1.104262141275632603e+00
6.075575809290591133e+04 1.033483273421841542e+00
6.075575835295970319e+04 9.844022482785073080e-01
6.075575861301350233e+04 1.009803440165616850e+00
6.075575887306729419e+04 1.008414586517059952e+00
6.075575913312109333e+04 9.455718266403386751e-01
6.075575939317488519e+04 1.026725459692272135e+00
6.075575965322867705e+04 1.079521400436990408e+00
6.075575991328247619e+04 1.008165339585626041e+00
6.075576017333626805e+04 1.021827919189395528e+00
6.075576043339007447e+04 9.088317790451128086e-01
6.075576069344387361e+04 1.026945872187168929e+00
6.075576095349767274e+04 1.031433788814852592e+00
6.075576121355146461e+04 9.977537748102404125e-01
6.075576147360526375e+04 9.811709158017678511e-01
6.075576173365905561e+04 1.018129919081583123e+00
6.075576199371285475e+04 9.533206925983362945e-01
6.075576225376664661e+04 1.000587133402810691e+00
6.075576251382044575e+04 9.043341905067852071e-01
6.075576277387423761e+04 9.889857751650047435e-01
6.075576303392802947e+04 9.753131599154365450e-01
6.075576329398183589e+04 1.066950841384831650e+00
6.075576355403563502e+04 1.034492745249762979e+00
6.075576381408943416e+04 9.590470293088010356e-01
6.075576407414322603e+04 9.201695177013889948e-01
6.075576433419702516e+04 9.452734332406627082e-01
6.075576459425081703e+04 1.001555381555434110e+00
6.075576485430461616e+04 1.084010169129801637e+00
6.075576511435840803e+04 1.044245388408278963e+00
6.075576537441220717e+04 9.005885576459943254e-01
6.075576563446599903e+04 1.050194067367590245e+00
6.075576589451979817e+04 9.344747902966249464e-01
6.075576615457359003e+04 1.045520460434629317e+00
6.075576641462739644e+04 1.056414364707653597e+00
6.075576667468119558e+04 9.990381584823734284e-01
6.075576693473499472e+04 9.346383958199683262e-01
6.075576719478878658e+04 1.108304007285738191e+00
6.075576745484258572e+04 1.012817746913969641e+00
6.075576771489637758e+04 1.071940558751887318e+00
6.075576797495017672e+04 1.078268196996144290e+00
6.075576823500396858e+04 9.884555300265588373e-01
6.075576849505776045e+04 1.020428423061328527e+00
6.075576875511155959e+04 1.004743289160718422e+00
6.075576901516535145e+04 1.070595716716886692e+00
6.075576927521915786e+04 9.214555612505636040e-01
6.075576953527295700e+04 1.078063180186055625e+00
6.075576979532675614e+04 9.380603552061170802e-01
6.075577005538054800e+04 1.033837472645997790e+00
6.075577031543434714e+04 9.810799823042585244e-01
6.075577057548813900e+04 1.070664200177384062e+00
6.075577083554193814e+04 9.826077846500148594e-01
6.075577109559573000e+04 1.105842102494878576e+00
6.075577135564952914e+04 9.448986786248799730e-01
6.075577161570332100e+04 1.046448891047385921e+00
6.075577187575712014e+04 9.994279565020682821e-01
6.075577213581091200e+04 1.107348227394050477e+00
6.075577239586471842e+04 1.058561238987114850e+00
6.075577265591851756e+04 1.037403630625851836e+00
6.075577291597231670e+04 1.108497884557885671e+00
6.075577317602610856e+04 1.016251687924399683e+00
