6.075547523418369383e+04 1.023381262821038140e+00
6.075547549424438330e+04 9.985364774925272746e-01
6.075547575430508005e+04 1.015269443032956742e+00
6.075547601436576224e+04 1.024086008736051934e+00
6.075547627442645899e+04 1.023665361589950473e+00
6.075547653448714846e+04 9.724585637915245107e-01
6.075547679454784520e+04 1.029781920285833818e+00
6.075547705460853467e+04 9.785216274470052156e-01
6.075547731466922414e+04 1.028284119340350911e+00
6.075547757472991361e+04 9.778856203148901249e-01
6.075547783479061036e+04 1.032474792272521924e+00
6.075547809485129255e+04 1.014666873995907714e+00
6.075547835491198930e+04 1.019398040651861459e+00
6.075547861497267877e+04 9.999155386831503067e-01
6.075547887503337552e+04 9.661442102391429865e-01
6.075547913509406499e+04 1.030010344277539458e+00
6.075547939515475446e+04 1.011991749810106311e+00
6.075547965521544393e+04 9.660196770600051330e-01
6.075547991527614067e+04 1.006661048171856976e+00
6.075548017533683014e+04 9.788001277602352834e-01
6.075548043539752689e+04 9.935208966570781008e-01
6.075548069545820908e+04 1.003024425956861920e+00
6.075548095551890583e+04 1.006798085421250377e+00
6.075548121557959530e+04 9.886427775164524645e-01
6.075548147564028477e+04 9.920278625189339339e-01
6.075548173570098152e+04 1.005963362029836494e+00
6.075548199576167099e+04 1.039547462469804229e+00
6.075548225582236773e+04 9.923359079218448953e-01
6.075548251588305720e+04 9.957593873860084432e-01
6.075548277594374667e+04 1.017994519926723074e+00
6.075548303600443614e+04 9.813212031400690982e-01
6.075548329606513289e+04 1.038153417679249069e+00
6.075548355612582236e+04 1.026881850436061727e+00
6.075548381618651911e+04 1.027223543967352715e+00
6.075548407624720130e+04 9.654289657365618949e-01
6.075548433630789805e+04 9.627682523861403885e-01
6.075548459636858752e+04 1.039975463024253921e+00
6.075548485642928426e+04 9.960740786190596108e-01
6.075548511648997373e+04 1.017272223476017867e+00
6.075548537655066320e+04 1.001176726185780241e+00
6.075548563661135267e+04 1.013543576665795420e+00
6.075548589667204942e+04 9.257766199443540067e-01
6.075548615673273162e+04 1.005516278869782010e+00
6.075548641679342836e+04 9.820519886797051123e-01
6.075548667685411783e+04 9.957841462591235926e-01
6.075548693691481458e+04 1.034327998334724441e+00
6.075548719697551132e+04 9.816805675328671432e-01
6.075548745703619352e+04 1.002384301485439888e+00
6.075548771709689026e+04 1.030198015197197225e+00
6.075548797715757973e+04 1.005997464409232212e+00
6.075548823721827648e+04 9.733077909079792533e-01
6.075548849727896595e+04 1.021207373628197690e+00
6.075548875733965542e+04 9.493612818446111046e-01
6.075548901740034489e+04 9.985181904104268868e-01
6.075548927746104164e+04 1.005351444529584581e+00
6.075548953752172383e+04 9.957878172939846895e-01
6.075548979758242058e+04 9.799944673071250278e-01
6.075549005764311732e+04 1.003774757192192002e+00
6.075549031770380680e+04 9.896557380304293883e-01
6.075549057776450354e+04 9.841103906549703018e-01
6.075549083782518574e+04 9.901055250379539041e-01
6.075549109788588248e+04 9.783496825419776277e-01
6.075549135794657195e+04 9.796314402090117168e-01
6.075549161800726870e+04 9.966958729954962237e-01
6.075549187806795817e+04 1.016019823650763820e+00
6.075549213812864764e+04 9.843177133274001456e-01
6.075549239818933711e+04 9.841198764547920419e-01
6.075549265825003386e+04 9.573982013387726253e-01
6.075549291831072333e+04 1.001730878916450740e+00
6.075549317837142007e+04 9.987111911325425861e-01
6.075549343843210954e+04 9.963174952423600184e-01
6.075549369849279901e+04 1.000191185885327183e+00
6.075549395855349576e+04 9.859021553031493967e-01
6.075549421861417795e+04 9.911109399206416981e-01
6.075549447867487470e+04 9.691108789404708768e-01
6.075549473873556417e+04 1.002715892669274300e+00
6.075549499879626092e+04 1.034519591576851250e+00
6.075549525885695766e+04 9.869612914585754737e-01
6.075549551891763986e+04 9.786388578571479924e-01
6.075549577897833660e+04 9.963847616758143566e-01
6.075549603903902607e+04 1.006831444111702778e+00
6.075549629909972282e+04 1.024827759463006638e+00
6.075549655916041229e+04 1.013374861891227052e+00
6.075549681922110176e+04 9.762995987572118395e-01
6.075549707928179851e+04 9.849453006140596045e-01
6.075549733934248798e+04 1.019404896633840263e+00
6.075549759940317745e+04 1.004361843943472943e+00
6.075549785946386692e+04 9.979594041178950770e-01
6.075549811952456366e+04 1.004274074722993682e+00
6.075549837958525313e+04 1.007442619529125061e+00
6.075549863964594988e+04 1.004918034275250616e+00
6.075549889970663935e+04 1.009230921376077061e+00
6.075549915976732882e+04 9.938878299877849098e-01
6.075549941982802557e+04 9.704568034118112863e-01
6.075549967988871504e+04 1.032539202018492031e+00
6.075549993994941178e+04 1.003274954685754672e+00
6.075550020001009398e+04 1.029111006969583686e+00
6.075550046007079072e+04 9.971316256756196372e-01
6.075550072013148747e+04 9.806371792096475470e-01
6.075550098019216966e+04 9.883188293711731021e-01
6.075550124025286641e+04 1.006360872381811156e+00
6.075550150031355588e+04 1.006168991684202707e+00
6.075550176037425263e+04 9.894048592226816208e-01
6.075550202043494210e+04 9.796912522627634345e-01
6.075550228049563157e+04 1.019068843317125772e+00
6.075550254055632831e+04 1.000307616922406551e+00
6.075550280061701778e+04 9.906247520158121267e-01
6.075550306067771453e+04 9.793134837610848464e-01
6.075550332073840400e+04 9.751027069131921188e-01
6.075550358079909347e+04 9.780347424542485957e-01
6.075550513883041276e+04 1.007092753018616671e+00
6.075550539889110951e+04 1.002303354153526005e+00
6.075550565895179898e+04 1.016235457426687416e+00
6.075550591901248845e+04 9.703196574956012288e-01
6.075550617907318519e+04 1.003352690670313407e+00
6.075550643913387466e+04 9.884211464948422510e-01
6.075550669919457141e+04 9.999208750251062927e-01
6.075550695925526088e+04 9.882227319360673556e-01
6.075550721931595035e+04 9.817942153517345005e-01
6.075550747937664710e+04 1.017961081161272707e+00
6.075550773943733657e+04 9.861141044719620163e-01
6.075550799949803331e+04 9.725792019326847671e-01
6.075550825955872278e+04 9.868150408712533794e-01
6.075550851961941225e+04 1.005450547443715870e+00
6.075550877968010900e+04 1.030697352581038784e+00
6.075550903974079847e+04 9.795230281033211472e-01
6.075550929980148794e+04 1.011335594732683862e+00
6.075550955986217741e+04 1.019080435291537912e+00
6.075550981992287416e+04 9.986109804618705788e-01
6.075551007998357090e+04 9.895877315393605267e-01
6.075551034004426037e+04 9.890761317784391160e-01
6.075551060010494984e+04 9.846341972881913485e-01
6.075551086016564659e+04 9.922738580152882237e-01
6.075551112022633606e+04 1.000355608303373556e+00
6.075551138028703281e+04 9.990150355468481180e-01
6.075551164034772228e+04 9.905332544743483680e-01
6.075551190040841175e+04 9.953870986344461880e-01
6.075551216046910849e+04 1.001716371730906330e+00
6.075551242052979796e+04 1.008308390439921709e+00
6.075551268059049471e+04 9.919494212054558169e-01
6.075551294065118418e+04 9.864347213006148252e-01
6.075551320071187365e+04 1.040481625858057368e+00
6.075551346077257040e+04 1.013262730115627841e+00
6.075551372083325987e+04 9.786323810799471001e-01
6.075551398089394934e+04 1.025798154730074518e+00
6.075551424095464608e+04 1.001450167403011626e+00
6.075551450101533555e+04 9.896561116929816215e-01
6.075551476107603230e+04 1.001184895409719333e+00
6.075551502113672177e+04 1.012503699018436842e+00
6.075551528119741124e+04 1.009906162484843550e+00
6.075551554125810799e+04 1.005949363095963722e+00
6.075551580131879746e+04 9.852509831526835571e-01
6.075551606137949420e+04 1.042930485520494388e+00
6.075551632144019095e+04 1.021678522636304765e+00
6.075551658150087314e+04 9.926235134971455043e-01
6.075551684156156989e+04 1.030288033152687133e+00
6.075551710162226664e+04 9.812910103761892655e-01
6.075551736168294883e+04 1.005955111488423759e+00
6.075551762174364558e+04 9.592506784951955190e-01
6.075551788180433505e+04 1.016826064561537235e+00
6.075551814186503179e+04 1.024948499249024980e+00
6.075551840192572854e+04 9.970675630635457143e-01
6.075551866198641073e+04 9.767801957808434077e-01
6.075551892204710748e+04 1.016860929836723715e+00
6.075551918210780423e+04 9.978518713398621953e-01
6.075551944216849370e+04 1.019984084724428142e+00
6.075551970222919044e+04 1.034230501199701946e+00
6.075551996228987991e+04 1.035198089001985622e+00
6.075552022235056938e+04 1.028513619877444496e+00
6.075552048241126613e+04 1.034625164253824225e+00
6.075552074247194832e+04 1.039461623173309368e+00
6.075552100253265235e+04 1.019661667561265084e+00
6.075552126259334182e+04 1.026896335854411868e+00
6.075552152265403129e+04 9.766470690747405259e-01
6.075552178271472803e+04 1.031672978745690417e+00
6.075552204277541750e+04 1.007640169566713428e+00
6.075552230283610697e+04 9.667931396252242848e-01
6.075552256289680372e+04 1.011890966377564371e+00
6.075552282295750047e+04 9.972149690645267794e-01
6.075552308301818994e+04 9.828483952746372987e-01
6.075552334307887941e+04 9.880944522313097611e-01
6.075552360313957615e+04 9.637814930129605662e-01
6.075552386320026562e+04 1.006016664079808942e+00
6.075552412326096237e+04 9.775190709690497748e-01
6.075552438332165912e+04 1.004624651921898648e+00
6.075552464338234131e+04 9.868816317943280847e-01
6.075552490344303806e+04 9.888305621133617329e-01
6.075552516350373480e+04 9.940629183717575312e-01
6.075552542356441700e+04 9.875597372876329105e-01
6.075552568362511374e+04 1.009336597446495620e+00
6.075552594368581049e+04 9.963408380407788867e-01
6.075552620374649996e+04 1.009820095098099779e+00
6.075552646380719671e+04 1.016266749542218184e+00
6.075552672386788618e+04 1.044579233806693486e+00
6.075552698392857565e+04 1.004137206167140306e+00
6.075552724398927239e+04 9.681707942066376527e-01
6.075552750404996914e+04 1.021690779492122836e+00
6.075552776411065861e+04 1.016691009952135571e+00
6.075552802417134808e+04 1.008748163012973320e+00
6.075552828423204483e+04 1.014330851947583545e+00
6.075552854429273430e+04 9.789872858577978176e-01
6.075552880435342377e+04 9.889246932815178859e-01
6.075552906441412051e+04 1.025540035865658561e+00
6.075552932447480998e+04 1.007498270204289392e+00
6.075552958453550673e+04 1.006772724917544437e+00
6.075552984459620347e+04 1.013168155387503822e+00
6.075553010465688567e+04 1.021035856143821974e+00
6.075553036471758242e+04 9.871125992259974780e-01
6.075553062477827916e+04 1.023434207717687228e+00
6.075553088483896863e+04 1.013423756267622267e+00
6.075553114489966538e+04 1.001017982445248755e+00
6.075553140496035485e+04 1.047773264131413251e+00
6.075553166502104432e+04 9.985048004254168941e-01
6.075553192508174106e+04 1.047839987490960967e+00
6.075553218514243054e+04 9.615121302577667173e-01
6.075553244520312728e+04 1.011513878011995216e+00
6.075553270526381675e+04 1.014102882401059613e+00
6.075553296532451350e+04 9.841226451560118882e-01
6.075553322538520297e+04 1.007939228693046640e+00
6.075553348544589244e+04 9.712528461551028780e-01
6.075553503087646095e+04 1.000840503548255711e+00
6.075553529093715770e+04 1.005865459438484155e+00
6.075553555099784717e+04 9.997840097255634717e-01
6.075553581105853664e+04 1.024121073710712260e+00
6.075553607111923338e+04 9.960549352565996051e-01
6.075553633117992285e+04 9.666721248787875087e-01
6.075553659124061960e+04 1.024837448578794774e+00
6.075553685130131635e+04 9.642803895093559063e-01
6.075553711136199854e+04 9.542110253280925436e-01
6.075553737142269529e+04 1.017162042017810242e+00
6.075553763148339203e+04 9.704662424069803173e-01
6.075553789154408878e+04 9.869518717550531672e-01
6.075553815160477825e+04 1.019772838456998398e+00
6.075553841166546772e+04 1.013958408592219529e+00
6.075553867172616447e+04 1.019728322569056544e+00
6.075553893178685394e+04 9.730953529096817434e-01
6.075553919184754341e+04 1.030940942721138009e+00
6.075553945190824015e+04 1.003607303795197581e+00
6.075553971196892962e+04 9.940517407839026820e-01
6.075553997202962637e+04 1.002365428992791685e+00
6.075554023209032312e+04 9.763831986281821251e-01
6.075554049215101259e+04 1.006475992007258125e+00
6.075554075221170206e+04 1.006633552663610542e+00
6.075554101227239880e+04 9.614902236498996668e-01
6.075554127233309555e+04 1.004248765141822375e+00
6.075554153239378502e+04 9.982540263584939177e-01
6.075554179245447449e+04 1.021121878202889910e+00
6.075554205251517124e+04 9.953253144874696368e-01
6.075554231257586798e+04 9.790299691890923528e-01
6.075554257263655018e+04 9.620373379372092471e-01
6.075554283269725420e+04 9.974121264644039142e-01
6.075554309275794367e+04 9.687692309694604376e-01
6.075554335281863314e+04 1.015979607002738261e+00
6.075554361287932988e+04 9.938888721207440602e-01
6.075554387294001936e+04 9.670605118849141535e-01
6.075554413300071610e+04 9.492426413086755277e-01
6.075554439306140557e+04 1.016794371555011622e+00
6.075554465312210232e+04 9.489943786872465648e-01
6.075554491318279906e+04 9.561627137788327735e-01
6.075554517324348853e+04 1.019347761576994360e+00
6.075554543330417800e+04 1.007361955648656604e+00
6.075554569336487475e+04 9.805851042362626613e-01
6.075554595342557150e+04 1.016935963261305753e+00
6.075554621348626097e+04 1.008559961822902862e+00
6.075554647354695044e+04 1.015504056731904470e+00
6.075554673360764718e+04 9.980786788070630244e-01
6.075554699366834393e+04 9.849670835478555597e-01
6.075554725372902612e+04 9.949278683030267079e-01
6.075554751378972287e+04 9.971289613794309670e-01
6.075554777385041962e+04 1.001429204346894863e+00
6.075554803391111636e+04 9.900192114167740698e-01
6.075554829397180583e+04 9.763030870942639439e-01
6.075554855403249530e+04 9.637421847986874512e-01
6.075554881409319205e+04 1.002804882547793763e+00
6.075554907415388152e+04 9.772169129341637950e-01
6.075554933421457827e+04 9.895393103598835172e-01
6.075554959427527501e+04 9.761583383818243087e-01
6.075554985433596448e+04 1.004745412245718672e+00
6.075555011439665395e+04 9.911001374876207137e-01
6.075555037445735070e+04 9.890794332886472251e-01
6.075555063451804017e+04 1.000711794705986701e+00
6.075555089457873692e+04 9.913024765509902414e-01
6.075555115463942639e+04 9.724238496318818870e-01
6.075555141470012313e+04 1.000655564624349125e+00
6.075555167476081988e+04 9.669312107439210768e-01
6.075555193482150935e+04 1.000036412580622258e+00
6.075555219488219882e+04 9.946789195345673296e-01
6.075555245494289557e+04 9.894892049771989440e-01
6.075555271500359231e+04 9.730286777145843446e-01
6.075555297506428906e+04 9.936103774882012463e-01
6.075555323512497125e+04 1.004121843912450407e+00
6.075555349518566800e+04 1.008363751641979222e+00
6.075555375524636474e+04 9.785639381667488035e-01
6.075555401530705421e+04 9.981804124727851057e-01
6.075555427536775096e+04 9.888997922181984590e-01
6.075555453542844043e+04 9.797221651512738605e-01
6.075555479548913718e+04 9.587713459073127220e-01
6.075555505554983392e+04 9.915406948805820520e-01
6.075555531561051612e+04 9.585748908819634595e-01
6.075555557567121286e+04 1.031000679607637416e+00
6.075555583573190961e+04 9.982628266460051858e-01
6.075555609579260636e+04 9.348249719073300490e-01
6.075555635585329583e+04 1.002000605454117288e+00
6.075555661591398530e+04 1.005194925716249132e+00
6.075555687597468204e+04 1.004480706060455697e+00
6.075555713603537879e+04 9.923379887705451319e-01
6.075555739609607554e+04 1.037248059772156061e+00
6.075555765615676501e+04 9.965682140039917591e-01
6.075555791621745448e+04 9.557103162440501176e-01
6.075555817627815122e+04 1.012503549380457279e+00
6.075555843633884797e+04 1.003496491722314365e+00
6.075555869639953016e+04 9.820550678560959756e-01
6.075555895646022691e+04 9.899226482525558257e-01
6.075555921652092366e+04 9.918821026200119739e-01
6.075555947658162040e+04 9.863551484996330165e-01
6.075555973664230987e+04 9.643497121642389258e-01
6.075555999670299934e+04 9.591855533652168253e-01
6.075556025676369609e+04 9.840477720833673558e-01
6.075556051682439283e+04 9.765591558509423287e-01
6.075556077688508958e+04 1.028519156155628167e+00
6.075556103694577905e+04 9.612551743470376664e-01
6.075556129700646852e+04 9.899181073047963464e-01
6.075556155706716527e+04 9.800179597634878226e-01
6.075556181712786201e+04 9.956719306163515082e-01
6.075556207718854421e+04 1.004242756143432169e+00
6.075556233724924095e+04 9.984119005965826910e-01
6.075556259730993770e+04 1.007258556978558817e+00
6.075556285737063445e+04 9.837050813476153621e-01
6.075556311743133119e+04 9.935246292017152481e-01
6.075556337749201339e+04 9.950957877659076800e-01
6.075556504896522529e+04 1.003227704357758654e+00
6.075556530902591476e+04 9.869111532576402279e-01
6.075556556908661150e+04 1.003167976071308143e+00
6.075556582914730097e+04 9.846585376574195081e-01
6.075556608920799772e+04 1.019175463078174859e+00
6.075556634926869447e+04 1.047954171411943136e+00
6.075556660932938394e+04 9.815423059052870158e-01
6.075556686939008068e+04 9.830516337482617661e-01
6.075556712945077015e+04 1.017516606424792469e+00
6.075556738951146690e+04 9.488279931366568887e-01
6.075556764957216365e+04 9.909782739400303520e-01
6.075556790963285312e+04 1.006191898166719279e+00
6.075556816969354986e+04 1.007512670592155768e+00
6.075556842975423933e+04 9.758005655459877081e-01
6.075556868981492880e+04 9.874776077499690663e-01
6.075556894987563282e+04 9.794860608395257184e-01
6.075556920993632230e+04 9.902304047694234779e-01
6.075556946999701904e+04 9.882436793655907659e-01
6.075556973005770851e+04 1.019442894822637058e+00
6.075556999011839798e+04 9.828852374110750301e-01
6.075557025017909473e+04 9.874675946031985507e-01
6.075557051023979147e+04 1.008643857632381069e+00
6.075557077030048822e+04 1.016963904494077475e+00
6.075557103036117769e+04 1.002281099242234630e+00
6.075557129042186716e+04 1.004656774841848899e+00
6.075557155048256391e+04 9.788141018908591562e-01
6.075557181054326065e+04 9.816015297040051601e-01
6.075557207060395740e+04 1.014021468888597788e+00
6.075557233066464687e+04 9.849691724154477912e-01
6.075557259072533634e+04 1.005807999173280232e+00
6.075557285078603309e+04 1.022692873844802008e+00
6.075557311084672983e+04 9.646988420267063047e-01
6.075557337090741930e+04 1.002471097128751154e+00
6.075557363096811605e+04 9.920928769532292302e-01
6.075557389102880552e+04 9.879982803022628879e-01
6.075557415108950227e+04 9.796883537115318452e-01
6.075557441115019901e+04 1.007031864242040831e+00
6.075557467121088848e+04 1.023509516071561709e+00
6.075557493127158523e+04 1.015385896802316834e+00
6.075557519133227470e+04 1.019527248108618833e+00
6.075557545139297144e+04 9.910503117896670711e-01
6.075557571145366819e+04 9.988446540412477814e-01
6.075557597151435766e+04 9.999558113192195119e-01
6.075557623157505441e+04 9.741393334445309637e-01
6.075557649163575115e+04 1.033785468372083072e+00
6.075557675169643335e+04 1.014438906261560192e+00
6.075557701175713009e+04 9.890138809576730639e-01
6.075557727181782684e+04 1.020986003064215719e+00
6.075557753187852359e+04 9.853997267194856136e-01
6.075557779193922033e+04 9.970677515324278817e-01
6.075557805199990980e+04 1.033609884603612805e+00
6.075557831206059927e+04 1.010595595330044283e+00
6.075557857212129602e+04 1.007483007239430073e+00
6.075557883218199277e+04 1.012704952401939584e+00
6.075557909224268951e+04 1.007767857137909395e+00
6.075557935230337898e+04 1.029795686172004565e+00
6.075557961236407573e+04 9.639260370645414966e-01
6.075557987242476520e+04 9.770814636141866849e-01
6.075558013248546195e+04 1.003563573775928308e+00
6.075558039254615869e+04 1.019853009424594337e+00
6.075558065260684816e+04 1.007179817860956117e+00
6.075558091266754491e+04 1.019452005182704735e+00
6.075558117272824165e+04 9.705065012761382448e-01
6.075558143278892385e+04 9.667566840213135393e-01
6.075558169284962059e+04 9.836310035867077417e-01
6.075558195291031734e+04 9.760721836614297819e-01
6.075558221297101409e+04 9.803727975009524087e-01
6.075558247303171083e+04 9.732596907250071760e-01
6.075558273309240030e+04 1.002314713727270767e+00
6.075558299315309705e+04 9.813900363672106719e-01
6.075558325321378652e+04 9.807361959588809519e-01
6.075558351327448327e+04 1.021577915701180395e+00
6.075558377333518001e+04 9.661019592181305793e-01
6.075558403339586948e+04 1.001171702736302738e+00
6.075558429345656623e+04 9.718134830569743476e-01
6.075558455351726298e+04 9.791761297489203208e-01
6.075558481357794517e+04 9.724739757584776045e-01
6.075558507363864192e+04 9.905631688292699799e-01
6.075558533369933866e+04 9.946387266650926762e-01
6.075558559376003541e+04 1.012698135983933767e+00
6.075558585382073215e+04 9.636177017474945039e-01
6.075558611388142162e+04 9.981810778423565456e-01
6.075558637394211837e+04 1.002660098665411503e+00
6.075558663400280784e+04 9.598250373793164592e-01
6.075558689406350459e+04 9.820280767035725056e-01
6.075558715412420133e+04 9.593376772425492582e-01
6.075558741418489080e+04 9.942521800182981817e-01
6.075558767424558755e+04 1.005804912727271905e+00
6.075558793430628430e+04 1.004113121628705807e+00
6.075558819436697377e+04 9.755297769510575812e-01
6.075558845442767051e+04 9.759427389910987349e-01
6.075558871448835998e+04 1.005770911961577641e+00
6.075558897454905673e+04 9.920832854641127296e-01
6.075558923460975348e+04 9.661046345647016365e-01
6.075558949467044295e+04 1.001021734473387825e+00
6.075558975473113969e+04 9.850847222817394888e-01
6.075559001479183644e+04 9.990335715537161931e-01
6.075559027485253318e+04 9.984105158104497058e-01
6.075559053491322265e+04 9.999643890288916204e-01
6.075559079497391212e+04 1.002527743561781648e+00
6.075559105503460887e+04 9.809922358490751337e-01
6.075559131509530562e+04 1.013979131880240914e+00
6.075559157515600236e+04 1.012973765721175479e+00
6.075559183521669911e+04 9.893040221036656368e-01
6.075559209527738858e+04 9.779200895459951859e-01
6.075559235533808533e+04 1.015295871602751143e+00
6.075559261539877480e+04 9.558789251225603412e-01
6.075559287545946427e+04 9.673092352532033367e-01
6.075559313552016101e+04 9.527563835916089685e-01
6.075559339558085776e+04 9.766328611180256081e-01
6.075559494101491873e+04 1.004631656000291695e+00
6.075559520107561548e+04 9.744917307491967051e-01
6.075559546113631222e+04 9.904657269468195580e-01
6.075559572119700897e+04 1.006394321068909026e+00
6.075559598125769844e+04 1.009198187007171343e+00
6.075559624131839519e+04 1.002697427721255474e+00
6.075559650137908466e+04 1.040677223512311622e+00
6.075559676143977413e+04 9.753463859996653884e-01
6.075559702150047087e+04 9.847349230441200252e-01
6.075559728156116762e+04 1.023495557785431442e+00
6.075559754162186437e+04 9.903031245426225926e-01
6.075559780168256111e+04 1.004715331927525490e+00
6.075559806174325058e+04 1.005053795405073114e+00
6.075559832180394733e+04 9.944178460232802053e-01
6.075559858186464407e+04 1.005004657459875439e+00
6.075559884192533355e+04 9.890205706129665542e-01
6.075559910198603029e+04 9.978195930212786502e-01
6.075559936204671976e+04 9.928773043325950232e-01
6.075559962210741651e+04 9.728628717278983151e-01
6.075559988216811325e+04 9.415464074297417163e-01
6.075560014222880272e+04 9.942351532625125499e-01
6.075560040228950675e+04 9.872374853320972088e-01
6.075560066235019622e+04 9.876587188959481400e-01
6.075560092241089296e+04 1.002173840520432124e+00
6.075560118247158971e+04 9.736535842199465218e-01
6.075560144253227918e+04 1.019333423327206445e+00
6.075560170259296865e+04 9.927873165101620545e-01
6.075560196265366540e+04 9.708519226843417282e-01
6.075560222271436214e+04 9.524177378598369659e-01
6.075560248277505889e+04 9.822533676742878361e-01
6.075560274283574836e+04 9.904088910439271531e-01
6.075560300289644510e+04 1.006271841294049008e+00
6.075560326295714185e+04 9.951132865256898663e-01
6.075560352301783860e+04 1.038832453955046198e+00
6.075560378307853534e+04 9.803260249997737263e-01
6.075560404313922481e+04 9.902248253114834808e-01
6.075560430319992156e+04 1.001445718162328857e+00
6.075560456326061831e+04 1.031826847714534923e+00
6.075560482332130050e+04 9.770253567288086360e-01
6.075560508338199725e+04 9.694226926641461572e-01
6.075560534344269399e+04 9.930786833923223034e-01
6.075560560350339074e+04 9.862034638644308071e-01
6.075560586356408749e+04 9.892946488710562258e-01
6.075560612362477696e+04 1.011560380220904776e+00
6.075560638368547370e+04 9.854021384692952523e-01
6.075560664374617045e+04 9.899301800562450016e-01
6.075560690380686719e+04 1.005783664645829356e+00
6.075560716386756394e+04 1.008407604910028788e+00
6.075560742392825341e+04 1.010821533670172023e+00
6.075560768398895016e+04 9.988133330203267102e-01
6.075560794404964690e+04 9.885074536216861274e-01
6.075560820411032910e+04 9.714544215946894212e-01
6.075560846417102584e+04 1.022380300824815125e+00
6.075560872423172259e+04 9.729356097185563046e-01
6.075560898429241934e+04 9.652759055600466098e-01
6.075560924435311608e+04 1.027103265653856790e+00
6.075560950441380555e+04 9.941448721398690180e-01
6.075560976447450230e+04 9.734507727511233499e-01
6.075561002453519905e+04 9.812148362086715592e-01
6.075561028459589579e+04 1.006484304723576528e+00
6.075561054465659254e+04 1.004367937226788854e+00
6.075561080471728201e+04 1.044772936020732290e+00
6.075561106477797875e+04 9.732777116043072052e-01
6.075561132483867550e+04 1.012323240069574304e+00
6.075561158489937225e+04 9.953971389844343820e-01
6.075561184496006899e+04 1.008249207218945731e+00
6.075561210502075846e+04 9.665205594230782404e-01
6.075561236508144793e+04 9.993928215592249309e-01
6.075561262514214468e+04 9.907065413432478707e-01
6.075561288520283415e+04 9.855669654851212380e-01
6.075561314526353090e+04 9.927379646814910030e-01
6.075561340532422764e+04 9.865708685948970658e-01
6.075561366538492439e+04 9.803018601362388784e-01
6.075561392544562113e+04 9.737194961806974192e-01
6.075561418550631060e+04 9.729032244325683809e-01
6.075561444556700735e+04 1.010194792807081798e+00
6.075561470562770410e+04 1.014270802799867921e+00
6.075561496568840084e+04 1.027728980905876943e+00
6.075561522574909759e+04 1.006198064838006001e+00
6.075561548580978706e+04 1.004002421832273839e+00
6.075561574587048381e+04 1.018727861771497656e+00
6.075561600593118055e+04 1.004947456685684637e+00
6.075561626599187002e+04 1.004982091336707573e+00
6.075561652605256677e+04 9.893013689688464618e-01
6.075561678611326352e+04 1.086412556048715228e+00
6.075561704617396026e+04 1.038283832688334352e+00
6.075561730623465701e+04 9.814337550492842066e-01
6.075561756629534648e+04 1.006904981213666783e+00
6.075561782635604322e+04 1.042364265140714563e+00
6.075561808641673269e+04 1.030434232008827777e+00
6.075561834647742944e+04 1.014364248209848940e+00
6.075561860653812619e+04 9.817957034661541904e-01
6.075561886659881566e+04 1.059189266171364885e+00
6.075561912665951240e+04 1.014971401633542269e+00
6.075561938672020915e+04 9.656037706621892758e-01
6.075561964678089862e+04 9.972947617846583679e-01
6.075561990684160264e+04 1.009186634601380472e+00
6.075562016690229211e+04 1.004823772680150329e+00
6.075562042696298886e+04 9.942361974040558881e-01
6.075562068702368560e+04 1.012132947019371843e+00
6.075562094708437508e+04 9.802971209744553160e-01
6.075562120714507182e+04 9.694559711643520039e-01
6.075562146720576857e+04 1.019239670493172323e+00
6.075562172726646531e+04 9.892489946516711541e-01
6.075562198732716206e+04 9.648278837370427574e-01
6.075562224738785153e+04 9.846732830175372042e-01
6.075562250744854828e+04 9.967515552200040263e-01
6.075562276750924502e+04 1.013246380222357912e+00
6.075562302756994177e+04 9.741328827162791804e-01
6.075562328763063852e+04 9.929618941281908029e-01
6.075562490904599690e+04 9.981497685305912304e-01
6.075562516909990518e+04 9.814944980315295497e-01
6.075562542915379890e+04 9.984506964716786115e-01
6.075562568920769263e+04 1.020565417640456607e+00
6.075562594926160091e+04 9.986525377394414038e-01
6.075562620931549463e+04 9.770986362843807616e-01
6.075562646936939564e+04 9.938491995652045663e-01
6.075562672942329664e+04 9.831548294921347297e-01
6.075562698947719036e+04 9.814702725841381037e-01
6.075562724953109864e+04 9.962226736999316712e-01
6.075562750958499237e+04 9.819994953807288374e-01
6.075562776963889337e+04 1.020764854642887354e+00
6.075562802969280165e+04 1.013958801536273047e+00
6.075562828974669537e+04 9.811208693370909728e-01
6.075562854980059637e+04 1.014470274997144594e+00
6.075562880985449738e+04 9.926204344765701126e-01
6.075562906990839110e+04 1.009559289034973384e+00
6.075562932996229938e+04 9.908623881879322637e-01
6.075562959001619311e+04 9.934621413788488065e-01
6.075562985007009411e+04 1.022053539886353946e+00
6.075563011012399511e+04 9.947287497255252742e-01
6.075563037017788884e+04 9.847503757843407701e-01
6.075563063023179711e+04 1.014916865334876794e+00
6.075563089028569084e+04 1.019958952808379227e+00
6.075563115033958456e+04 9.706572664277003382e-01
6.075563141039349284e+04 9.584683838561585123e-01
6.075563167044738657e+04 1.009078543749946988e+00
6.075563193050128757e+04 9.832719545659014404e-01
6.075563219055518857e+04 1.032480699620557774e+00
6.075563245060908230e+04 1.024176276215389203e+00
6.075563271066299058e+04 9.982770476442033303e-01
6.075563297071688430e+04 1.031602100256528542e+00
6.075563323077078530e+04 9.848234576428581688e-01
6.075563349082468631e+04 1.004823482929306566e+00
6.075563375087858003e+04 1.001985413261248015e+00
6.075563401093248831e+04 9.878344622811806586e-01
6.075563427098638203e+04 1.005285684908028276e+00
6.075563453104027576e+04 1.016476082566469152e+00
6.075563479109418404e+04 1.019924590763611638e+00
6.075563505114807776e+04 9.943910467434153855e-01
6.075563531120197877e+04 1.008361756963370492e+00
6.075563557125588704e+04 9.880059222937807029e-01
6.075563583130978077e+04 1.018939802718492382e+00
6.075563609136368905e+04 9.711235325662151974e-01
6.075563635141758277e+04 1.030044231755662842e+00
6.075563661147148377e+04 1.024111249685951019e+00
6.075563687152538478e+04 9.721713455062706011e-01
6.075563713157927850e+04 1.008667639304553276e+00
6.075563739163318678e+04 9.864687276234566093e-01
6.075563765168708051e+04 9.943322006900453536e-01
6.075563791174097423e+04 1.001353000568758533e+00
6.075563817179488251e+04 9.767556722735318830e-01
6.075563843184877624e+04 1.039495906999716723e+00
6.075563869190267724e+04 1.028204698970372588e+00
6.075563895195657824e+04 1.033370029531063050e+00
6.075563921201047197e+04 9.732742994296141870e-01
6.075563947206438024e+04 1.039892638582432083e+00
6.075563973211827397e+04 9.847499330628123326e-01
6.075563999217217497e+04 9.880439283634909753e-01
6.075564025222608325e+04 1.018544983085669209e+00
6.075564051227997697e+04 1.018846993721293614e+00
6.075564077233388525e+04 1.034419459500144800e+00
6.075564103238777898e+04 1.006578861321678175e+00
6.075564129244167270e+04 9.912585700410821987e-01
6.075564155249558098e+04 1.038231240592792703e+00
6.075564181254947471e+04 1.037517770593724409e+00
6.075564207260337571e+04 1.009509192361244256e+00
6.075564233265727671e+04 1.023941224960138729e+00
6.075564259271117044e+04 1.036465173873596601e+00
6.075564285276507871e+04 1.007805287188845877e+00
6.075564311281897244e+04 1.020403226175792932e+00
6.075564337287286617e+04 9.956569006510951336e-01
6.075564363292677444e+04 1.012919189135433440e+00
6.075564389298066817e+04 1.006876275856039449e+00
6.075564415303458372e+04 1.029404468614882440e+00
6.075564441308847745e+04 9.777767899453722045e-01
6.075564467314237118e+04 9.916458094931862588e-01
6.075564493319627945e+04 9.947561694324468240e-01
6.075564519325017318e+04 1.002928263832692179e+00
6.075564545330407418e+04 9.543283497494534640e-01
6.075564571335797518e+04 1.003652371794738984e+00
6.075564597341186891e+04 9.931895687071972123e-01
6.075564623346577719e+04 9.942639361123090103e-01
6.075564649351967091e+04 9.550684548609985614e-01
6.075564675357356464e+04 9.935490715759034419e-01
6.075564701362747292e+04 9.940475470285412563e-01
6.075564727368136664e+04 1.007741531929843282e+00
6.075564753373527492e+04 1.003497497399812755e+00
6.075564779378917592e+04 9.738923394238013787e-01
6.075564805384306965e+04 1.000068623456351835e+00
6.075564831389697792e+04 1.009047981916260328e+00
6.075564857395087165e+04 9.818074276190826843e-01
6.075564883400477265e+04 9.840363262064434346e-01
6.075564909405867365e+04 9.924591872617288812e-01
6.075564935411256738e+04 1.025922716958063141e+00
6.075564961416647566e+04 9.667955183373032613e-01
6.075564987422036938e+04 1.031068407482951699e+00
6.075565013427426311e+04 1.008102049557721536e+00
6.075565039432817866e+04 9.834974809535989015e-01
6.075565065438207239e+04 9.981948223600135561e-01
6.075565091443597339e+04 9.619775725365882213e-01
6.075565117448987439e+04 9.970674960186467484e-01
6.075565143454376812e+04 1.049619453290253412e+00
6.075565169459767640e+04 1.030062245588852399e+00
6.075565195465157012e+04 9.975697570346054865e-01
6.075565221470547112e+04 9.892491309938236110e-01
6.075565247475937213e+04 9.781112398242892692e-01
6.075565273481326585e+04 1.025338896143807244e+00
6.075565299486718141e+04 9.787275185861428195e-01
6.075565325492107513e+04 1.005250438676231317e+00
6.075565492676799477e+04 9.939243710439841228e-01
6.075565518682868424e+04 9.689770535257504758e-01
6.075565544688938098e+04 9.993131114255557890e-01
6.075565570695007773e+04 9.831472075477052375e-01
6.075565596701077448e+04 1.012489440209597191e+00
6.075565622707147122e+04 9.934338942704893372e-01
6.075565648713216069e+04 1.008916467212993773e+00
6.075565674719285744e+04 1.010064579133903351e+00
6.075565700725356146e+04 1.003826663493565530e+00
6.075565726731425821e+04 1.041137725022667659e+00
6.075565752737495495e+04 1.017918546928423318e+00
6.075565778743564442e+04 9.845665341107653346e-01
6.075565804749634117e+04 1.002417222858779322e+00
6.075565830755703792e+04 9.830570734882974060e-01
6.075565856761772739e+04 1.012041167756281723e+00
6.075565882767842413e+04 1.011678795430428046e+00
6.075565908773912088e+04 1.007607294443937596e+00
6.075565934779981762e+04 1.067166593117526707e+00
6.075565960786051437e+04 1.017317474980486525e+00
6.075565986792121112e+04 1.017092490234187352e+00
6.075566012798190786e+04 1.016986150555786006e+00
6.075566038804260461e+04 9.977093088190435166e-01
6.075566064810330136e+04 1.049491562457427474e+00
6.075566090816399810e+04 9.803285962404907350e-01
6.075566116822468757e+04 9.791124645860996845e-01
6.075566142828538432e+04 9.618531204317460892e-01
6.075566168834608106e+04 9.793957654994598361e-01
6.075566194840677781e+04 1.022346485712639419e+00
6.075566220846748183e+04 9.586916098475415371e-01
6.075566246852817130e+04 9.680895227655200719e-01
6.075566272858886805e+04 1.022673968476054629e+00
6.075566298864956480e+04 1.024746822147288627e+00
6.075566324871025427e+04 9.754984128232023766e-01
6.075566350877095101e+04 9.874946719151157515e-01
6.075566376883164776e+04 1.010136386728765823e+00
6.075566402889234450e+04 1.015931079565322692e+00
6.075566428895304125e+04 1.002371742384638997e+00
6.075566454901373800e+04 1.014635750878377873e+00
6.075566480907443474e+04 9.716240812684077133e-01
6.075566506913513149e+04 9.846025241806061201e-01
6.075566532919582824e+04 1.020761580309666794e+00
6.075566558925652498e+04 1.014975019369739107e+00
6.075566584931721445e+04 1.011557965708883122e+00
6.075566610937791120e+04 1.014774807196202167e+00
6.075566636943860794e+04 1.015284933330653061e+00
6.075566662949930469e+04 1.032027693864289830e+00
6.075566688956000144e+04 1.017050606251639122e+00
6.075566714962069818e+04 1.005753930898058535e+00
6.075566740968139493e+04 1.001423343872317240e+00
6.075566766974209168e+04 1.006418239189469599e+00
6.075566792980278115e+04 1.021009665184970272e+00
6.075566818986347789e+04 1.015495216018697189e+00
6.075566844992417464e+04 1.007655499395834431e+00
6.075566870998487866e+04 1.017476814940412533e+00
6.075566897004557541e+04 9.583979940220365146e-01
6.075566923010626488e+04 9.897973805940669667e-01
6.075566949016696162e+04 1.004437206870125054e+00
6.075566975022765837e+04 9.886828588843800114e-01
6.075567001028834784e+04 9.979365848861536659e-01
6.075567027034905186e+04 9.710210618488320788e-01
6.075567053040974133e+04 9.979709305813749820e-01
6.075567079047044535e+04 1.019329709939694739e+00
6.075567105053114210e+04 1.012253551543095487e+00
6.075567131059183157e+04 1.012241280708596314e+00
6.075567157065252832e+04 9.992403924876334109e-01
6.075567183071322506e+04 9.669703194879413211e-01
6.075567209077392181e+04 1.012531969508002394e+00
6.075567235083461856e+04 1.019095993840704706e+00
6.075567261089531530e+04 1.008798485469844186e+00
6.075567287095601205e+04 1.002881406109322526e+00
6.075567313101670879e+04 9.891907216945001746e-01
6.075567339107740554e+04 1.030776132462127403e+00
6.075567365113810229e+04 1.037713119705415687e+00
6.075567391119879176e+04 9.871942955099600736e-01
6.075567417125948850e+04 1.002249843065202262e+00
6.075567443132019253e+04 1.008592206382751044e+00
6.075567469138088200e+04 9.922161872756621870e-01
6.075567495144157874e+04 9.833629498617811882e-01
6.075567521150227549e+04 1.020834040667553788e+00
6.075567547156297223e+04 1.014500666511440663e+00
6.075567573162366898e+04 1.023142929936758927e+00
6.075567599168436573e+04 9.968365069526322619e-01
6.075567625174506247e+04 1.036204330706311794e+00
6.075567651180575922e+04 9.794736826672564289e-01
6.075567677186645597e+04 9.785125737356422659e-01
6.075567703192715271e+04 9.987508358548978782e-01
6.075567729198784218e+04 1.024217984814330462e+00
6.075567755204853893e+04 1.009301049204701872e+00
6.075567781210924295e+04 9.886513605070030852e-01
6.075567807216993242e+04 9.794455970026257896e-01
6.075567833223062917e+04 1.001926415463894049e+00
6.075567859229132591e+04 9.772102304789644922e-01
6.075567885235202266e+04 1.039326958798327594e+00
6.075567911241271941e+04 1.019945571946111462e+00
6.075567937247341615e+04 1.009174181083238642e+00
6.075567963253411290e+04 1.004034346489597329e+00
6.075567989259480964e+04 1.018960076807133852e+00
6.075568015265550639e+04 9.933750602364023186e-01
6.075568041271620314e+04 9.851758534446012350e-01
6.075568067277689261e+04 1.003378222317231172e+00
6.075568093283759663e+04 9.988863671229101238e-01
6.075568119289829338e+04 1.004441533506082784e+00
6.075568145295898285e+04 1.028106429539509037e+00
6.075568171301968687e+04 1.009802986535978997e+00
6.075568197308037634e+04 1.045675210632513341e+00
6.075568223314107308e+04 1.020654262631445652e+00
6.075568249320177711e+04 1.001271527602673350e+00
6.075568275326246658e+04 9.941891999530103607e-01
6.075568301332316332e+04 9.862655919111722458e-01
6.075568327338386007e+04 1.010365323323592968e+00
6.075568483179301256e+04 9.599786366586325892e-01
6.075568509184680443e+04 1.029665583738487378e+00
6.075568535190059629e+04 1.026362874737985820e+00
6.075568561195438815e+04 1.061355323726088207e+00
6.075568587200818729e+04 9.952539343914886816e-01
6.075568613206199370e+04 1.012122689102660456e+00
6.075568639211578557e+04 1.014403671612752023e+00
6.075568665216957743e+04 1.003085262872181804e+00
6.075568691222336929e+04 1.017319924827222666e+00
6.075568717227716115e+04 1.002869440151810121e+00
6.075568743233096029e+04 1.002386862964352643e+00
6.075568769238475215e+04 1.002371255091952795e+00
6.075568795243854402e+04 1.030224047365632778e+00
6.075568821249233588e+04 1.028913375360965610e+00
6.075568847254613502e+04 9.928001560072495790e-01
6.075568873259992688e+04 1.025132843012222628e+00
6.075568899265372602e+04 1.011319745029652717e+00
6.075568925270752516e+04 9.963525818003778900e-01
6.075568951276131702e+04 1.013969561048612356e+00
6.075568977281511616e+04 1.013044226261615055e+00
6.075569003286890802e+04 9.835219877531923283e-01
6.075569029292269988e+04 1.028218967528415240e+00
6.075569055297649174e+04 1.012938228619038705e+00
6.075569081303029088e+04 1.013731668729117796e+00
6.075569107308408275e+04 1.008890431520557129e+00
6.075569133313787461e+04 9.924464433871621472e-01
6.075569159319166647e+04 1.011738653262923782e+00
6.075569185324547288e+04 1.031798583182106821e+00
6.075569211329927202e+04 9.663221329042034347e-01
6.075569237335306389e+04 1.006172910845106960e+00
6.075569263340685575e+04 1.029590834793030707e+00
6.075569289346064761e+04 1.027806245609101943e+00
6.075569315351444675e+04 1.013929904419499817e+00
6.075569341356823861e+04 9.857884906221584531e-01
6.075569367362203047e+04 9.690112797625659580e-01
6.075569393367582234e+04 9.868253926334205062e-01
6.075569419372962147e+04 9.928558201053276910e-01
6.075569445378341334e+04 1.009529836063892239e+00
6.075569471383720520e+04 1.011758582586868904e+00
6.075569497389100434e+04 1.006270905891263556e+00
6.075569523394481075e+04 1.008148275687814177e+00
6.075569549399860261e+04 1.021922566575943270e+00
6.075569575405239448e+04 9.931654340157166638e-01
6.075569601410618634e+04 1.001200385439742879e+00
6.075569627415998548e+04 9.976600512661678577e-01
6.075569653421377734e+04 1.011615755476887646e+00
6.075569679426756920e+04 9.790617923261757394e-01
6.075569705432136107e+04 1.043982658326258806e+00
6.075569731437516020e+04 1.027940607045829235e+00
6.075569757442895207e+04 1.012950624548297540e+00
6.075569783448274393e+04 1.009084955747256096e+00
6.075569809453654307e+04 1.001276230158327785e+00
6.075569835459034948e+04 9.925335042471241653e-01
6.075569861464414134e+04 9.772970019111509865e-01
6.075569887469793321e+04 1.008017426358277291e+00
6.075569913475172507e+04 9.674185987713586066e-01
6.075569939480552421e+04 1.018845047981020047e+00
6.075569965485931607e+04 1.022667908598313691e+00
6.075569991491310793e+04 1.010133515431494544e+00
6.075570017496689979e+04 9.949849890017481435e-01
6.075570043502069893e+04 1.041340362681487886e+00
6.075570069507449080e+04 9.861169335196584562e-01
6.075570095512828993e+04 1.013662705462684555e+00
6.075570121518208907e+04 1.017728510487044824e+00
6.075570147523588821e+04 1.005433855530895926e+00
6.075570173528968007e+04 1.036910201355262906e+00
6.075570199534347194e+04 1.027139977692067330e+00
6.075570225539727107e+04 1.006556176242725531e+00
6.075570251545106294e+04 9.832086002209258213e-01
6.075570277550485480e+04 1.029460424560535881e+00
6.075570303555864666e+04 1.029288058490409830e+00
6.075570329561244580e+04 1.005316820508592057e+00
6.075570355566623766e+04 1.038058281238363190e+00
6.075570381572002952e+04 9.964568171471844815e-01
6.075570407577382866e+04 9.967882371594670721e-01
6.075570433582763508e+04 9.804532473617596500e-01
6.075570459588142694e+04 1.034761000763033678e+00
6.075570485593521880e+04 9.756049081349346119e-01
6.075570511598901066e+04 1.020847569965660284e+00
6.075570537604280980e+04 1.007025696448956786e+00
6.075570563609660167e+04 1.018082129158343063e+00
6.075570589615039353e+04 1.025224524359970912e+00
6.075570615620419267e+04 1.003882108011057595e+00
6.075570641625798453e+04 1.003949823722752432e+00
6.075570667631177639e+04 1.017477194903160465e+00
6.075570693636557553e+04 1.006730029474687926e+00
6.075570719641938194e+04 1.010210120315507387e+00
6.075570745647317381e+04 1.028332972530589196e+00
6.075570771652696567e+04 1.002911135007031662e+00
6.075570797658076481e+04 9.720514787420433400e-01
6.075570823663455667e+04 1.018690016396646358e+00
6.075570849668834853e+04 9.952547894534430339e-01
6.075570875674214039e+04 9.744032650210430191e-01
6.075570901679593953e+04 9.744410686156870227e-01
6.075570927684973140e+04 9.960661357586240161e-01
6.075570953690352326e+04 1.019001418508517665e+00
6.075570979695732240e+04 1.001600088684126089e+00
6.075571005701112153e+04 1.002144115057328255e+00
6.075571031706492067e+04 1.028930004993273917e+00
6.075571057711871254e+04 1.006637552707509098e+00
6.075571083717251167e+04 9.876065415033328243e-01
6.075571109722630354e+04 9.627890226504337567e-01
6.075571135728009540e+04 1.006418620197464087e+00
6.075571161733389454e+04 1.031293202233703576e+00
6.075571187738768640e+04 1.019360199827379798e+00
6.075571213744147826e+04 1.005671812686058431e+00
6.075571239749527740e+04 1.029043379648463485e+00
6.075571265754906926e+04 1.008219658906513327e+00
6.075571291760286840e+04 1.030297631771941447e+00
6.075571317765666754e+04 9.919495181513794391e-01
6.075571474868715450e+04 9.824298019226647138e-01
6.075571500874785124e+04 1.025125384585203747e+00
6.075571526880854799e+04 9.842607678415249417e-01
6.075571552886924474e+04 9.995121338983633530e-01
6.075571578892994148e+04 9.956502085970431182e-01
6.075571604899063823e+04 9.935425870639568169e-01
6.075571630905133497e+04 1.014072859098233748e+00
6.075571656911203172e+04 1.000920745363679476e+00
6.075571682917273574e+04 9.989222497426707426e-01
6.075571708923342521e+04 9.934651514727882438e-01
6.075571734929412196e+04 1.006844251848270089e+00
6.075571760935482598e+04 9.821446418009348589e-01
6.075571786941552273e+04 1.022309138266783490e+00
6.075571812947621947e+04 1.025598847275122072e+00
6.075571838953690894e+04 1.002219335359045838e+00
6.075571864959761297e+04 1.005107024346631794e+00
6.075571890965830971e+04 1.017596902185250451e+00
6.075571916971899918e+04 9.900140536077495224e-01
6.075571942977970320e+04 1.003767707524326758e+00
6.075571968984039995e+04 1.026422042615315000e+00
6.075571994990109670e+04 1.028202140142599363e+00
6.075572020996180072e+04 9.751408437252818695e-01
6.075572047002249019e+04 1.032483661221241356e+00
6.075572073008318694e+04 9.903268827277337261e-01
6.075572099014388368e+04 1.001405161219266038e+00
6.075572125020458770e+04 9.694182055537232667e-01
6.075572151026528445e+04 1.019052821409938359e+00
6.075572177032597392e+04 1.006098150140986913e+00
6.075572203038667794e+04 9.876590905723252600e-01
6.075572229044737469e+04 9.956707187282597404e-01
6.075572255050806416e+04 1.053181192337668604e+00
6.075572281056877546e+04 9.937574678518339422e-01
6.075572307062946493e+04 9.762013918058859430e-01
6.075572333069016167e+04 1.026790358972700767e+00
6.075572359075086570e+04 1.004745198121407501e+00
6.075572385081155517e+04 1.026427772495447366e+00
6.075572411087225191e+04 9.969685698785790695e-01
6.075572437093294866e+04 9.842574850319413260e-01
6.075572463099365268e+04 9.989783516299984845e-01
6.075572489105434943e+04 9.846271054436072090e-01
6.075572515111503890e+04 9.741926763899008135e-01
6.075572541117574292e+04 9.824468212040027293e-01
6.075572567123643967e+04 9.901854152801742304e-01
6.075572593129713641e+04 1.001791869738171359e+00
6.075572619135784043e+04 9.938984972127387074e-01
6.075572645141852990e+04 1.028611270748679862e+00
6.075572671147922665e+04 1.002956776543622697e+00
6.075572697153993067e+04 9.879756386171387739e-01
6.075572723160062014e+04 1.030006449094217791e+00
6.075572749166131689e+04 1.030277100581865612e+00
6.075572775172202091e+04 1.013955864715179844e+00
6.075572801178271766e+04 1.006987161273930287e+00
6.075572827184341440e+04 9.764678841080364213e-01
6.075572853190411115e+04 9.786459304672961990e-01
6.075572879196480790e+04 9.702848128181335019e-01
6.075572905202550464e+04 1.027459861833825094e+00
6.075572931208620867e+04 9.845063970903515926e-01
6.075572957214690541e+04 1.029048613175887583e+00
6.075572983220759488e+04 9.673463485401713191e-01
6.075573009226829890e+04 9.927208953646141643e-01
6.075573035232899565e+04 1.027305167557075904e+00
6.075573061238968512e+04 1.005835193794599292e+00
6.075573087245038914e+04 1.020413723211183399e+00
6.075573113251108589e+04 9.944415602039061719e-01
6.075573139257178264e+04 9.770385635297288429e-01
6.075573165263248666e+04 1.009803862970212629e+00
6.075573191269317613e+04 1.032270295584081454e+00
6.075573217275387287e+04 9.641354588065655928e-01
6.075573243281457690e+04 1.007222146878687941e+00
6.075573269287527364e+04 1.035768131400266912e+00
6.075573295293597039e+04 1.023129673070435564e+00
6.075573321299666713e+04 9.962659531829998194e-01
6.075573347305736388e+04 9.907377503450022216e-01
6.075573373311806063e+04 1.009334396547123092e+00
6.075573399317875737e+04 9.809723034854883617e-01
6.075573425323946140e+04 9.972506374344369817e-01
6.075573451330015087e+04 1.018689452524538686e+00
6.075573477336085489e+04 1.019546319602758766e+00
6.075573503342155163e+04 1.009828310118290995e+00
6.075573529348224110e+04 9.835342791152779096e-01
6.075573555354294513e+04 1.006199985745884318e+00
6.075573581360364187e+04 1.015376019492002735e+00
6.075573607366434589e+04 1.005332490056325856e+00
6.075573633372504264e+04 9.886364782933166895e-01
6.075573659378573211e+04 9.667032823183483448e-01
6.075573685384643613e+04 1.028038236738434419e+00
6.075573711390713288e+04 1.012088781687432437e+00
6.075573737396782963e+04 9.988986656455539626e-01
6.075573763402853365e+04 9.983984068429108127e-01
6.075573789408922312e+04 1.027042756328835571e+00
6.075573815414991986e+04 1.012241193555061924e+00
6.075573841421062389e+04 1.012820198970256991e+00
6.075573867427131336e+04 9.952907360488101318e-01
6.075573893433201010e+04 1.010021598504266871e+00
6.075573919439271413e+04 1.028241986493869442e+00
6.075573945445341087e+04 1.007409275148887229e+00
6.075573971451411489e+04 9.730377091248894050e-01
6.075573997457480436e+04 1.013708217351233953e+00
6.075574023463550111e+04 9.869857381224272919e-01
6.075574049469620513e+04 1.010653187202138703e+00
6.075574075475690188e+04 9.985565516667485042e-01
6.075574101481759863e+04 9.991963031473650725e-01
6.075574127487829537e+04 9.903883280739468331e-01
6.075574153493899212e+04 1.010974460775001083e+00
6.075574179499969614e+04 1.031808124955572614e+00
6.075574205506038561e+04 1.003713364957150800e+00
6.075574231512108236e+04 1.001894283873786984e+00
6.075574257518178638e+04 1.008821511663513304e+00
6.075574283524248312e+04 1.007885239944201983e+00
6.075574309530317987e+04 1.017583253844788649e+00
6.075574483016229351e+04 9.956586958051953928e-01
6.075574509021608537e+04 1.005891625469104822e+00
6.075574535026989179e+04 9.822934716435077762e-01
6.075574561032369093e+04 1.042945804520033048e+00
6.075574587037748279e+04 1.017246429936748964e+00
6.075574613043128193e+04 1.052036793470811915e+00
6.075574639048507379e+04 1.000342915527016485e+00
6.075574665053887293e+04 9.973645659485854686e-01
6.075574691059266479e+04 9.766416863837841245e-01
6.075574717064645665e+04 1.029116815887421099e+00
6.075574743070025579e+04 1.025739422024544378e+00
6.075574769075404765e+04 1.014226713420049109e+00
6.075574795080784679e+04 9.839545497235785421e-01
6.075574821086163865e+04 9.717348649463467547e-01
6.075574847091544507e+04 9.926637642963516139e-01
6.075574873096924421e+04 9.912232619259880861e-01
6.075574899102303607e+04 9.966768085452581971e-01
6.075574925107683521e+04 1.023664484044476408e+00
6.075574951113062707e+04 9.951594151654418186e-01
6.075574977118442621e+04 9.753063199791895954e-01
6.075575003123821807e+04 1.021003226709914724e+00
6.075575029129201721e+04 1.000067284863154216e+00
6.075575055134580907e+04 9.721044153127782472e-01
6.075575081139960093e+04 9.985571255381431310e-01
6.075575107145340007e+04 9.869494310693173178e-01
6.075575133150719921e+04 9.981064600757658667e-01
6.075575159156100563e+04 1.000368482108735524e+00
6.075575185161479749e+04 1.003159001447926135e+00
6.075575211166859663e+04 9.924014278513881848e-01
6.075575237172238849e+04 1.021373061488039413e+00
6.075575263177618035e+04 9.733551702771411351e-01
6.075575289182997949e+04 9.784050690609831236e-01
6.075575315188377135e+04 1.003053171751788986e+00
6.075575341193757049e+04 1.019235617295170204e+00
6.075575367199136235e+04 1.028022881170189695e+00
6.075575393204516149e+04 1.018812383993642712e+00
6.075575419209895335e+04 1.004657179767435959e+00
6.075575445215275249e+04 9.872125603752519574e-01
6.075575471220655891e+04 9.915321673285566462e-01
6.075575497226035077e+04 1.012425104889632665e+00
6.075575523231414991e+04 1.010618713444201067e+00
6.075575549236794177e+04 1.002024948421083916e+00
6.075575575242174091e+04 9.844089218749535464e-01
6.075575601247553277e+04 1.007524907418222870e+00
6.075575627252933191e+04 9.759084715942283328e-01
6.075575653258312377e+04 1.032304076350529787e+00
6.075575679263691563e+04 9.721770375627285521e-01
6.075575705269071477e+04 9.852661741234503001e-01
6.075575731274451391e+04 1.032904922222832367e+00
6.075575757279832033e+04 1.000219556028098422e+00
6.075575783285211219e+04 1.002044858183228193e+00
6.075575809290591133e+04 1.011354345657546450e+00
6.075575835295970319e+04 1.016815471990236031e+00
6.075575861301350233e+04 1.000842470229022840e+00
6.075575887306729419e+04 1.012101722741280740e+00
6.075575913312109333e+04 9.853142033917428044e-01
6.075575939317488519e+04 9.926516977247458184e-01
6.075575965322867705e+04 9.911264260971858198e-01
6.075575991328247619e+04 1.002537073077251817e+00
6.075576017333626805e+04 9.906724201383370065e-01
6.075576043339007447e+04 1.008087404195004755e+00
6.075576069344387361e+04 9.742067530756475247e-01
6.075576095349767274e+04 1.023870949697230026e+00
6.075576121355146461e+04 9.832958789173829039e-01
6.075576147360526375e+04 1.012696718118442085e+00
6.075576173365905561e+04 1.020453549017768635e+00
6.075576199371285475e+04 1.006052408795042652e+00
6.075576225376664661e+04 1.009255683786629776e+00
6.075576251382044575e+04 9.890473033420735804e-01
6.075576277387423761e+04 1.013028324260294655e+00
6.075576303392802947e+04 9.817656799576023330e-01
6.075576329398183589e+04 9.709782567900865358e-01
6.075576355403563502e+04 1.001483258925732089e+00
6.075576381408943416e+04 1.009216012906011262e+00
6.075576407414322603e+04 9.843299374071783348e-01
6.075576433419702516e+04 9.866372415104829319e-01
6.075576459425081703e+04 1.007792016196110252e+00
6.075576485430461616e+04 9.872394579823176031e-01
6.075576511435840803e+04 9.860538535821172790e-01
6.075576537441220717e+04 9.785249718769613025e-01
6.075576563446599903e+04 1.013739789693292925e+00
6.075576589451979817e+04 1.012520117630891336e+00
6.075576615457359003e+04 1.016583612047312402e+00
6.075576641462739644e+04 1.005020711543984424e+00
6.075576667468119558e+04 1.041725100434655937e+00
6.075576693473499472e+04 9.910144670097287278e-01
6.075576719478878658e+04 1.009059079453856089e+00
6.075576745484258572e+04 1.018002980817515946e+00
6.075576771489637758e+04 1.002062332706189940e+00
6.075576797495017672e+04 9.873967861840725613e-01
6.075576823500396858e+04 1.000232897351602146e+00
6.075576849505776045e+04 9.814914876146506595e-01
6.075576875511155959e+04 1.009632536964429228e+00
6.075576901516535145e+04 9.917055282640829805e-01
6.075576927521915786e+04 1.022840131549094034e+00
6.075576953527295700e+04 9.771033290129861326e-01
6.075576979532675614e+04 9.958599634309781568e-01
6.075577005538054800e+04 1.006365386786687077e+00
6.075577031543434714e+04 9.757206310357069423e-01
6.075577057548813900e+04 1.041641811123954264e+00
6.075577083554193814e+04 9.861907383694045182e-01
6.075577109559573000e+04 9.826011646436577651e-01
6.075577135564952914e+04 9.830853178522499514e-01
6.075577161570332100e+04 1.042728162881030984e+00
6.075577187575712014e+04 9.933469777592703887e-01
6.075577213581091200e+04 9.922811086201200892e-01
6.075577239586471842e+04 1.007975212303689361e+00
6.075577265591851756e+04 9.753191527149398521e-01
6.075577291597231670e+04 9.824762624629155283e-01
6.075577317602610856e+04 1.001065551756778360e+00
