6.075547523418369383e+04 1.067840472134726992e+00
6.075547549424438330e+04 6.753942349532109368e-01
6.075547575430508005e+04 9.385147769821039487e-01
6.075547601436576224e+04 7.854060808853748910e-01
6.075547627442645899e+04 1.033958132272130070e+00
6.075547653448714846e+04 1.061500421521980320e+00
6.075547679454784520e+04 7.039519917532536253e-01
6.075547705460853467e+04 9.335836282995811919e-01
6.075547731466922414e+04 9.386254495280725862e-01
6.075547757472991361e+04 7.189612583358254705e-01
6.075547783479061036e+04 1.008100006273737970e+00
6.075547809485129255e+04 1.083435449431006781e+00
6.075547835491198930e+04 7.978467700639664262e-01
6.075547861497267877e+04 9.879075489995032822e-01
6.075547887503337552e+04 1.055674534618086025e+00
6.075547913509406499e+04 5.918321588991412030e-01
6.075547939515475446e+04 1.295965966299917449e+00
6.075547965521544393e+04 1.306315394000079344e+00
6.075547991527614067e+04 9.053880856379319386e-01
6.075548017533683014e+04 8.803710238246457154e-01
6.075548043539752689e+04 1.032612275207319019e+00
6.075548069545820908e+04 7.165105815112643439e-01
6.075548095551890583e+04 8.477973722735128170e-01
6.075548121557959530e+04 8.536263735611813175e-01
6.075548147564028477e+04 9.968176341989687383e-01
6.075548173570098152e+04 1.051832422593404370e+00
6.075548199576167099e+04 1.120745311822105350e+00
6.075548225582236773e+04 7.711225106144884434e-01
6.075548251588305720e+04 1.026930430838228325e+00
6.075548277594374667e+04 1.009440788709555337e+00
6.075548303600443614e+04 8.820218201750363862e-01
6.075548329606513289e+04 1.075652572350978886e+00
6.075548355612582236e+04 1.017084979486497121e+00
6.075548381618651911e+04 7.205890976792944658e-01
6.075548407624720130e+04 8.963326141711047690e-01
6.075548433630789805e+04 1.042733375531395890e+00
6.075548459636858752e+04 1.121925027004271547e+00
6.075548485642928426e+04 8.096598950688346230e-01
6.075548511648997373e+04 9.416093348414885655e-01
6.075548537655066320e+04 1.145007737205872234e+00
6.075548563661135267e+04 1.071144415849005549e+00
6.075548589667204942e+04 1.285213663982935683e+00
6.075548615673273162e+04 8.836458951715825405e-01
6.075548641679342836e+04 1.163572623639189674e+00
6.075548667685411783e+04 9.966617662544217104e-01
6.075548693691481458e+04 7.691278751413045400e-01
6.075548719697551132e+04 9.684318681004703278e-01
6.075548745703619352e+04 1.247659586620112337e+00
6.075548771709689026e+04 8.767938649253982364e-01
6.075548797715757973e+04 1.065759937571229665e+00
6.075548823721827648e+04 1.064347949086985823e+00
6.075548849727896595e+04 9.795563060540108946e-01
6.075548875733965542e+04 1.092130613303379461e+00
6.075548901740034489e+04 9.831492248589283056e-01
6.075548927746104164e+04 7.532536574994492806e-01
6.075548953752172383e+04 7.253643446427532337e-01
6.075548979758242058e+04 7.811978537630639430e-01
6.075549005764311732e+04 7.597370970539863988e-01
6.075549031770380680e+04 1.096085920087421561e+00
6.075549057776450354e+04 7.848070011175812821e-01
6.075549083782518574e+04 1.145734808146262607e+00
6.075549109788588248e+04 1.101703119092375394e+00
6.075549135794657195e+04 8.337137432993632080e-01
6.075549161800726870e+04 1.021584326581652435e+00
6.075549187806795817e+04 9.545281689801080605e-01
6.075549213812864764e+04 1.328200200224784577e+00
6.075549239818933711e+04 9.266685727142539575e-01
6.075549265825003386e+04 8.238762942225028585e-01
6.075549291831072333e+04 1.296795079119694050e+00
6.075549317837142007e+04 1.247724124589663530e+00
6.075549343843210954e+04 1.054201172156749688e+00
6.075549369849279901e+04 1.101950931173620640e+00
6.075549395855349576e+04 1.181685880317975945e+00
6.075549421861417795e+04 8.235878513268933832e-01
6.075549447867487470e+04 8.101749018152824000e-01
6.075549473873556417e+04 9.561067630612918311e-01
6.075549499879626092e+04 8.693914782724017076e-01
6.075549525885695766e+04 1.100229252568279303e+00
6.075549551891763986e+04 1.218614930736867885e+00
6.075549577897833660e+04 1.155129339520606369e+00
6.075549603903902607e+04 7.069380772009308256e-01
6.075549629909972282e+04 8.592904216918813010e-01
6.075549655916041229e+04 1.022649272977073087e+00
6.075549681922110176e+04 9.063727315992825551e-01
6.075549707928179851e+04 7.907663245469153113e-01
6.075549733934248798e+04 1.184272816235398817e+00
6.075549759940317745e+04 9.480505103662075772e-01
6.075549785946386692e+04 6.570882187985541689e-01
6.075549811952456366e+04 1.001508359582005570e+00
6.075549837958525313e+04 1.129181928142614755e+00
6.075549863964594988e+04 8.941489358912390051e-01
6.075549889970663935e+04 1.106155058617135367e+00
6.075549915976732882e+04 8.419638219931103729e-01
6.075549941982802557e+04 9.846559261005038977e-01
6.075549967988871504e+04 8.538146223195878237e-01
6.075549993994941178e+04 8.812209164056888921e-01
6.075550020001009398e+04 1.196722957123774744e+00
6.075550046007079072e+04 1.231439296026267893e+00
6.075550072013148747e+04 8.352481283565225123e-01
6.075550098019216966e+04 1.043820077698540683e+00
6.075550124025286641e+04 7.804123767967627856e-01
6.075550150031355588e+04 6.826640900409683965e-01
6.075550176037425263e+04 8.953242597729769159e-01
6.075550202043494210e+04 1.178666830861742065e+00
6.075550228049563157e+04 1.039033036605076843e+00
6.075550254055632831e+04 1.062354671867424827e+00
6.075550280061701778e+04 1.023100722748122138e+00
6.075550306067771453e+04 8.710020481902392975e-01
6.075550332073840400e+04 1.149153777033796953e+00
6.075550358079909347e+04 7.018258170199395130e-01
6.075550513883041276e+04 1.095864175196251455e+00
6.075550539889110951e+04 8.722598289423116880e-01
6.075550565895179898e+04 1.107806074246221018e+00
6.075550591901248845e+04 1.002533159139541663e+00
6.075550617907318519e+04 8.687917697047172760e-01
6.075550643913387466e+04 7.100776663471026762e-01
6.075550669919457141e+04 7.406798496557165379e-01
6.075550695925526088e+04 5.123248266131595896e-01
6.075550721931595035e+04 9.817664304151745291e-01
6.075550747937664710e+04 7.139182978485446585e-01
6.075550773943733657e+04 9.598174689752511091e-01
6.075550799949803331e+04 7.905152489804253557e-01
6.075550825955872278e+04 8.005636261234252427e-01
6.075550851961941225e+04 6.809923129027826150e-01
6.075550877968010900e+04 1.278816908334031943e+00
6.075550903974079847e+04 7.157063788110605840e-01
6.075550929980148794e+04 9.928434192480405374e-01
6.075550955986217741e+04 9.449266200327509635e-01
6.075550981992287416e+04 1.250231140480416059e+00
6.075551007998357090e+04 9.364730139165997613e-01
6.075551034004426037e+04 1.060720564040196656e+00
6.075551060010494984e+04 1.110339079748680735e+00
6.075551086016564659e+04 1.004966820815053286e+00
6.075551112022633606e+04 1.073758060431638128e+00
6.075551138028703281e+04 1.096157537256120085e+00
6.075551164034772228e+04 1.109949640957724304e+00
6.075551190040841175e+04 1.156279391368334242e+00
6.075551216046910849e+04 1.082086917511995816e+00
6.075551242052979796e+04 1.098139261327550464e+00
6.075551268059049471e+04 7.485315524697170320e-01
6.075551294065118418e+04 9.025443010853898551e-01
6.075551320071187365e+04 1.169785830634879620e+00
6.075551346077257040e+04 1.186864947870044595e+00
6.075551372083325987e+04 1.121320678894442091e+00
6.075551398089394934e+04 1.410704279511843851e+00
6.075551424095464608e+04 9.639603874749285151e-01
6.075551450101533555e+04 8.555200016705265531e-01
6.075551476107603230e+04 1.174662675823830327e+00
6.075551502113672177e+04 8.696298310194254810e-01
6.075551528119741124e+04 1.047107689993383550e+00
6.075551554125810799e+04 9.008383946110846141e-01
6.075551580131879746e+04 1.025787178953408763e+00
6.075551606137949420e+04 1.054889094036254527e+00
6.075551632144019095e+04 1.199178991424242779e+00
6.075551658150087314e+04 1.043902008351582422e+00
6.075551684156156989e+04 1.253176084768880649e+00
6.075551710162226664e+04 9.812995205169859902e-01
6.075551736168294883e+04 8.374779856149936474e-01
6.075551762174364558e+04 9.938338679732464653e-01
6.075551788180433505e+04 7.398059102010957622e-01
6.075551814186503179e+04 9.575322211565447938e-01
6.075551840192572854e+04 9.766640729449408420e-01
6.075551866198641073e+04 1.106063645351004210e+00
6.075551892204710748e+04 1.103637042246325750e+00
6.075551918210780423e+04 8.425795194653669107e-01
6.075551944216849370e+04 1.077433648428379964e+00
6.075551970222919044e+04 9.377251013860196105e-01
6.075551996228987991e+04 9.477320467040252217e-01
6.075552022235056938e+04 9.017042474008546415e-01
6.075552048241126613e+04 9.083255027631068623e-01
6.075552074247194832e+04 1.002181690884993870e+00
6.075552100253265235e+04 9.323182021007531128e-01
6.075552126259334182e+04 8.832976504916647542e-01
6.075552152265403129e+04 7.553128194631675285e-01
6.075552178271472803e+04 7.333034072080335530e-01
6.075552204277541750e+04 1.016927840333586186e+00
6.075552230283610697e+04 9.572386469778766394e-01
6.075552256289680372e+04 9.514428249192098397e-01
6.075552282295750047e+04 9.964362097829299048e-01
6.075552308301818994e+04 1.027645327865429836e+00
6.075552334307887941e+04 8.628080398359987413e-01
6.075552360313957615e+04 1.043277998986210653e+00
6.075552386320026562e+04 7.575931248012097718e-01
6.075552412326096237e+04 7.040835592155816336e-01
6.075552438332165912e+04 9.284034622808369219e-01
6.075552464338234131e+04 5.488526344820419123e-01
6.075552490344303806e+04 1.073203282293414551e+00
6.075552516350373480e+04 9.308463660979459098e-01
6.075552542356441700e+04 9.185148956211405258e-01
6.075552568362511374e+04 1.107078335289979343e+00
6.075552594368581049e+04 6.683016050775005823e-01
6.075552620374649996e+04 8.514719304642933695e-01
6.075552646380719671e+04 7.916889236035734578e-01
6.075552672386788618e+04 1.111922627555564258e+00
6.075552698392857565e+04 9.063166720387314523e-01
6.075552724398927239e+04 1.316206938448739372e+00
6.075552750404996914e+04 6.778497812589185934e-01
6.075552776411065861e+04 1.071340074021330580e+00
6.075552802417134808e+04 9.775985807687007645e-01
6.075552828423204483e+04 1.103406651375042458e+00
6.075552854429273430e+04 5.912872049455354384e-01
6.075552880435342377e+04 8.954317527417043898e-01
6.075552906441412051e+04 1.012924376435290874e+00
6.075552932447480998e+04 1.103107974792295387e+00
6.075552958453550673e+04 9.263424549429049026e-01
6.075552984459620347e+04 1.023853260492991080e+00
6.075553010465688567e+04 9.892807333044263407e-01
6.075553036471758242e+04 1.028903292095762145e+00
6.075553062477827916e+04 8.861756214407250365e-01
6.075553088483896863e+04 1.118312926565195431e+00
6.075553114489966538e+04 9.668369243079948383e-01
6.075553140496035485e+04 8.307282519138842192e-01
6.075553166502104432e+04 8.551132772717582320e-01
6.075553192508174106e+04 8.591621382201708457e-01
6.075553218514243054e+04 9.113036018718410070e-01
6.075553244520312728e+04 9.056829872322476049e-01
6.075553270526381675e+04 1.257996068860859573e+00
6.075553296532451350e+04 7.724990834302525311e-01
6.075553322538520297e+04 8.320767867289434738e-01
6.075553348544589244e+04 9.049240203115417325e-01
6.075553503087646095e+04 9.078030491966349036e-01
6.075553529093715770e+04 1.027938388087311861e+00
6.075553555099784717e+04 8.682825178431576862e-01
6.075553581105853664e+04 8.793567748958979191e-01
6.075553607111923338e+04 1.264320744584059852e+00
6.075553633117992285e+04 9.397448764120127640e-01
6.075553659124061960e+04 1.078841816531794562e+00
6.075553685130131635e+04 8.724788752478013221e-01
6.075553711136199854e+04 9.272375689986658287e-01
6.075553737142269529e+04 1.056898664464809734e+00
6.075553763148339203e+04 1.007401581490690257e+00
6.075553789154408878e+04 9.164169905967365359e-01
6.075553815160477825e+04 7.964983191444766630e-01
6.075553841166546772e+04 8.444193145304931258e-01
6.075553867172616447e+04 7.769508483696691004e-01
6.075553893178685394e+04 1.015363669768955202e+00
6.075553919184754341e+04 8.947381137363856762e-01
6.075553945190824015e+04 8.695712625905444026e-01
6.075553971196892962e+04 8.644246673819863114e-01
6.075553997202962637e+04 1.367737575086845458e+00
6.075554023209032312e+04 9.048453069441768637e-01
6.075554049215101259e+04 1.031011310329267516e+00
6.075554075221170206e+04 1.207006774810716276e+00
6.075554101227239880e+04 9.420073921204228373e-01
6.075554127233309555e+04 1.001426260159069326e+00
6.075554153239378502e+04 9.502854673245859640e-01
6.075554179245447449e+04 1.285376021384374345e+00
6.075554205251517124e+04 9.364686514157853914e-01
6.075554231257586798e+04 1.300592746122658960e+00
6.075554257263655018e+04 1.293809109446713235e+00
6.075554283269725420e+04 1.207748951371604873e+00
6.075554309275794367e+04 1.062464760430116506e+00
6.075554335281863314e+04 1.247825367299321586e+00
6.075554361287932988e+04 9.381164219125921466e-01
6.075554387294001936e+04 1.185801453641036840e+00
6.075554413300071610e+04 1.229111606071318974e+00
6.075554439306140557e+04 8.464222308367866932e-01
6.075554465312210232e+04 1.319238092385580874e+00
6.075554491318279906e+04 9.449248252455842989e-01
6.075554517324348853e+04 9.756061856240606511e-01
6.075554543330417800e+04 1.035798072151695060e+00
6.075554569336487475e+04 1.099916483191348382e+00
6.075554595342557150e+04 1.283725062243495696e+00
6.075554621348626097e+04 1.122066823211835151e+00
6.075554647354695044e+04 1.127538505286814541e+00
6.075554673360764718e+04 1.028466798329553678e+00
6.075554699366834393e+04 1.067812134430827342e+00
6.075554725372902612e+04 1.110119127397058314e+00
6.075554751378972287e+04 1.185310738683941878e+00
6.075554777385041962e+04 1.113961782863028160e+00
6.075554803391111636e+04 1.219113272569229744e+00
6.075554829397180583e+04 8.932332899636996615e-01
6.075554855403249530e+04 1.234064635541693100e+00
6.075554881409319205e+04 1.145780369300232415e+00
6.075554907415388152e+04 8.875795111230900813e-01
6.075554933421457827e+04 1.053563013624124967e+00
6.075554959427527501e+04 1.071719253723345755e+00
6.075554985433596448e+04 1.225892844339442345e+00
6.075555011439665395e+04 1.229782536811150129e+00
6.075555037445735070e+04 9.896101325289953232e-01
6.075555063451804017e+04 9.249391475420727371e-01
6.075555089457873692e+04 1.155720402754364384e+00
6.075555115463942639e+04 1.167254745592984921e+00
6.075555141470012313e+04 1.052055642577545580e+00
6.075555167476081988e+04 1.169922323398584485e+00
6.075555193482150935e+04 1.089795866130858659e+00
6.075555219488219882e+04 1.032785539392864438e+00
6.075555245494289557e+04 9.970473502541851163e-01
6.075555271500359231e+04 1.147223794239504713e+00
6.075555297506428906e+04 1.044681168154016904e+00
6.075555323512497125e+04 1.051627595872926868e+00
6.075555349518566800e+04 1.183502588787674892e+00
6.075555375524636474e+04 1.333939693527093295e+00
6.075555401530705421e+04 1.283071203964054385e+00
6.075555427536775096e+04 1.193651485325826211e+00
6.075555453542844043e+04 7.775794272792188044e-01
6.075555479548913718e+04 1.033013736185115716e+00
6.075555505554983392e+04 1.037420594451957445e+00
6.075555531561051612e+04 8.995619201994395908e-01
6.075555557567121286e+04 1.093372641968663794e+00
6.075555583573190961e+04 9.215658959387189597e-01
6.075555609579260636e+04 1.158573897305505529e+00
6.075555635585329583e+04 1.469750095817978996e+00
6.075555661591398530e+04 1.297547951700365410e+00
6.075555687597468204e+04 1.367057643095803243e+00
6.075555713603537879e+04 1.087878464251010868e+00
6.075555739609607554e+04 1.348096708823530276e+00
6.075555765615676501e+04 1.095904457465427084e+00
6.075555791621745448e+04 1.403764335011398190e+00
6.075555817627815122e+04 9.119420837149951886e-01
6.075555843633884797e+04 1.025753281022054431e+00
6.075555869639953016e+04 1.126039838823922112e+00
6.075555895646022691e+04 1.091508512847953138e+00
6.075555921652092366e+04 1.299302037885720518e+00
6.075555947658162040e+04 1.318306005015396076e+00
6.075555973664230987e+04 9.596006505994671976e-01
6.075555999670299934e+04 1.049232090277506746e+00
6.075556025676369609e+04 1.063287374297749110e+00
6.075556051682439283e+04 9.335631164418616290e-01
6.075556077688508958e+04 1.174967399112588629e+00
6.075556103694577905e+04 1.005058902334871274e+00
6.075556129700646852e+04 1.055962753382167829e+00
6.075556155706716527e+04 1.223353325748326448e+00
6.075556181712786201e+04 9.141128453440282575e-01
6.075556207718854421e+04 1.181157697236496773e+00
6.075556233724924095e+04 1.073885670168587270e+00
6.075556259730993770e+04 1.080097264045917438e+00
6.075556285737063445e+04 1.015056688065105517e+00
6.075556311743133119e+04 1.190780268153203592e+00
6.075556337749201339e+04 9.820863135271167277e-01
6.075556504896522529e+04 9.379074562570274276e-01
6.075556530902591476e+04 1.201239688155435692e+00
6.075556556908661150e+04 1.115704186699454148e+00
6.075556582914730097e+04 1.115189257290226221e+00
6.075556608920799772e+04 1.108995331028308051e+00
6.075556634926869447e+04 7.526787084116433046e-01
6.075556660932938394e+04 9.413581329557476618e-01
6.075556686939008068e+04 8.915101315795497250e-01
6.075556712945077015e+04 1.167227343179068066e+00
6.075556738951146690e+04 1.300519157137441706e+00
6.075556764957216365e+04 1.003098486294492497e+00
6.075556790963285312e+04 1.042671812692902433e+00
6.075556816969354986e+04 9.980962637105955659e-01
6.075556842975423933e+04 8.916487902541866406e-01
6.075556868981492880e+04 1.098920581170573563e+00
6.075556894987563282e+04 7.271219820537317968e-01
6.075556920993632230e+04 1.108644374857704618e+00
6.075556946999701904e+04 1.098265477897600206e+00
6.075556973005770851e+04 9.633329739858834673e-01
6.075556999011839798e+04 1.254306054536780790e+00
6.075557025017909473e+04 1.291696518495952795e+00
6.075557051023979147e+04 1.201776345645475086e+00
6.075557077030048822e+04 1.029968412799176836e+00
6.075557103036117769e+04 9.672430604457381564e-01
6.075557129042186716e+04 9.802061731635707265e-01
6.075557155048256391e+04 1.048193291273182171e+00
6.075557181054326065e+04 1.001923368479637588e+00
6.075557207060395740e+04 1.251564063683311634e+00
6.075557233066464687e+04 1.034619461345158475e+00
6.075557259072533634e+04 1.030225993630011994e+00
6.075557285078603309e+04 1.136551166283737979e+00
6.075557311084672983e+04 8.168930269084168083e-01
6.075557337090741930e+04 9.952491023757000788e-01
6.075557363096811605e+04 1.015664037339070846e+00
6.075557389102880552e+04 1.068285442368239302e+00
6.075557415108950227e+04 1.290688853581849926e+00
6.075557441115019901e+04 1.174495826890392003e+00
6.075557467121088848e+04 1.202705928970099869e+00
6.075557493127158523e+04 1.093227055064471154e+00
6.075557519133227470e+04 1.045626081930494111e+00
6.075557545139297144e+04 7.425253739174932921e-01
6.075557571145366819e+04 1.172326841406986286e+00
6.075557597151435766e+04 1.333069640166935743e+00
6.075557623157505441e+04 1.192528449631020893e+00
6.075557649163575115e+04 1.139299037848809482e+00
6.075557675169643335e+04 1.069299422517009601e+00
6.075557701175713009e+04 1.318882416973180982e+00
6.075557727181782684e+04 7.338184841304965511e-01
6.075557753187852359e+04 9.418933958706454668e-01
6.075557779193922033e+04 8.002445099691999353e-01
6.075557805199990980e+04 1.164871007107657785e+00
6.075557831206059927e+04 1.397728838727642309e+00
6.075557857212129602e+04 1.145703952135995296e+00
6.075557883218199277e+04 1.002540894446646069e+00
6.075557909224268951e+04 1.159350345467752730e+00
6.075557935230337898e+04 1.076398936571319132e+00
6.075557961236407573e+04 1.075090532038211366e+00
6.075557987242476520e+04 1.134456441618543199e+00
6.075558013248546195e+04 1.053280894398360035e+00
6.075558039254615869e+04 9.667883926300077091e-01
6.075558065260684816e+04 1.093923268921114467e+00
6.075558091266754491e+04 1.061203676341289981e+00
6.075558117272824165e+04 1.238977612567594866e+00
6.075558143278892385e+04 1.073545004649491430e+00
6.075558169284962059e+04 9.910710301200931216e-01
6.075558195291031734e+04 1.034186702040769124e+00
6.075558221297101409e+04 7.966423000393902942e-01
6.075558247303171083e+04 8.676047550957766141e-01
6.075558273309240030e+04 1.014316183947595817e+00
6.075558299315309705e+04 1.149728199881179691e+00
6.075558325321378652e+04 1.346386103735688344e+00
6.075558351327448327e+04 9.940144777719284175e-01
6.075558377333518001e+04 1.294037306152445277e+00
6.075558403339586948e+04 9.771701876734353309e-01
6.075558429345656623e+04 1.053502946333142454e+00
6.075558455351726298e+04 9.951225808960763031e-01
6.075558481357794517e+04 8.827779966330966399e-01
6.075558507363864192e+04 1.100679763461991367e+00
6.075558533369933866e+04 7.501286180916896251e-01
6.075558559376003541e+04 9.338143451651113036e-01
6.075558585382073215e+04 9.943241103805924297e-01
6.075558611388142162e+04 9.221769679893161431e-01
6.075558637394211837e+04 1.207304784481086912e+00
6.075558663400280784e+04 8.538222558728151279e-01
6.075558689406350459e+04 1.176870799477693241e+00
6.075558715412420133e+04 1.203882281891586858e+00
6.075558741418489080e+04 1.248143620286407129e+00
6.075558767424558755e+04 1.122030103335749374e+00
6.075558793430628430e+04 9.308779347792254244e-01
6.075558819436697377e+04 1.176372286761739883e+00
6.075558845442767051e+04 1.160481698611094625e+00
6.075558871448835998e+04 9.523412702525098084e-01
6.075558897454905673e+04 1.090348683749659653e+00
6.075558923460975348e+04 9.101855333780906054e-01
6.075558949467044295e+04 1.058055110094832774e+00
6.075558975473113969e+04 9.679017595636469906e-01
6.075559001479183644e+04 9.144886474264661835e-01
6.075559027485253318e+04 1.059972483064288484e+00
6.075559053491322265e+04 8.509531845554892948e-01
6.075559079497391212e+04 7.707823520834785613e-01
6.075559105503460887e+04 9.315608181858983095e-01
6.075559131509530562e+04 9.022110922865366200e-01
6.075559157515600236e+04 7.908319647024006915e-01
6.075559183521669911e+04 9.705832597136223594e-01
6.075559209527738858e+04 1.144116241386110788e+00
6.075559235533808533e+04 1.009154323721637603e+00
6.075559261539877480e+04 1.056483459872839870e+00
6.075559287545946427e+04 1.315041828408068492e+00
6.075559313552016101e+04 1.025511729673042494e+00
6.075559339558085776e+04 1.180896469188240427e+00
6.075559494101491873e+04 9.291861422731213516e-01
6.075559520107561548e+04 7.185991346051266992e-01
6.075559546113631222e+04 1.049025344555593486e+00
6.075559572119700897e+04 8.651980179411572491e-01
6.075559598125769844e+04 9.671578560496879584e-01
6.075559624131839519e+04 8.445447524014441099e-01
6.075559650137908466e+04 1.031411092999755086e+00
6.075559676143977413e+04 9.852602757087097762e-01
6.075559702150047087e+04 1.198984615149820465e+00
6.075559728156116762e+04 9.832728925796352382e-01
6.075559754162186437e+04 1.158973768079220035e+00
6.075559780168256111e+04 1.043097213909936594e+00
6.075559806174325058e+04 9.835659604260623690e-01
6.075559832180394733e+04 1.244880067052027917e+00
6.075559858186464407e+04 1.021211788777033558e+00
6.075559884192533355e+04 9.244695464937829898e-01
6.075559910198603029e+04 1.064389293089708755e+00
6.075559936204671976e+04 8.915348171108300468e-01
6.075559962210741651e+04 1.092498993024098919e+00
6.075559988216811325e+04 9.066157069951292780e-01
6.075560014222880272e+04 9.566376283594215657e-01
6.075560040228950675e+04 1.067356147109765452e+00
6.075560066235019622e+04 1.064093356716076855e+00
6.075560092241089296e+04 9.916065908279471097e-01
6.075560118247158971e+04 1.103789884122529763e+00
6.075560144253227918e+04 1.015049221929531287e+00
6.075560170259296865e+04 9.761798324065606991e-01
6.075560196265366540e+04 1.023603856266806611e+00
6.075560222271436214e+04 1.074791749828900134e+00
6.075560248277505889e+04 7.139517548673747216e-01
6.075560274283574836e+04 1.165267240268518911e+00
6.075560300289644510e+04 9.703672512042681442e-01
6.075560326295714185e+04 9.625247965364869263e-01
6.075560352301783860e+04 1.067860139469684944e+00
6.075560378307853534e+04 1.253292551247294551e+00
6.075560404313922481e+04 9.599948531783900618e-01
6.075560430319992156e+04 1.246286979428963049e+00
6.075560456326061831e+04 7.962335473045287770e-01
6.075560482332130050e+04 9.930327314252602733e-01
6.075560508338199725e+04 1.083860951648685900e+00
6.075560534344269399e+04 1.056147729743005748e+00
6.075560560350339074e+04 1.061833956339903295e+00
6.075560586356408749e+04 1.116281606624912159e+00
6.075560612362477696e+04 1.017967391257482701e+00
6.075560638368547370e+04 1.105155244660858349e+00
6.075560664374617045e+04 1.216271142217716594e+00
6.075560690380686719e+04 1.030705918945071131e+00
6.075560716386756394e+04 9.921181976676894942e-01
6.075560742392825341e+04 1.097761629211590373e+00
6.075560768398895016e+04 7.521096146200195731e-01
6.075560794404964690e+04 9.315214639974346289e-01
6.075560820411032910e+04 7.296946927661858151e-01
6.075560846417102584e+04 1.161643370389684460e+00
6.075560872423172259e+04 9.349840714305612810e-01
6.075560898429241934e+04 1.073635239409306941e+00
6.075560924435311608e+04 1.078142993066050215e+00
6.075560950441380555e+04 1.244848669418780585e+00
6.075560976447450230e+04 8.807153516698955631e-01
6.075561002453519905e+04 1.080817281046141831e+00
6.075561028459589579e+04 8.378380241259174577e-01
6.075561054465659254e+04 1.130635143850192037e+00
6.075561080471728201e+04 1.048087758455635621e+00
6.075561106477797875e+04 9.574297999037429951e-01
6.075561132483867550e+04 1.049684710952139000e+00
6.075561158489937225e+04 9.665658900240183815e-01
6.075561184496006899e+04 1.316813157599532769e+00
6.075561210502075846e+04 9.519334769546931030e-01
6.075561236508144793e+04 1.069380424629203130e+00
6.075561262514214468e+04 1.251481100073937647e+00
6.075561288520283415e+04 1.219257947835175493e+00
6.075561314526353090e+04 1.066411824317128998e+00
6.075561340532422764e+04 1.040206444759124160e+00
6.075561366538492439e+04 9.638132540269466197e-01
6.075561392544562113e+04 9.683259747524204375e-01
6.075561418550631060e+04 1.023041617835717787e+00
6.075561444556700735e+04 1.136505307333228521e+00
6.075561470562770410e+04 9.140240145566824737e-01
6.075561496568840084e+04 9.806769658502931808e-01
6.075561522574909759e+04 9.713085626199750022e-01
6.075561548580978706e+04 9.964435538049333241e-01
6.075561574587048381e+04 1.107389319246516957e+00
6.075561600593118055e+04 1.178046928802063409e+00
6.075561626599187002e+04 1.043194979397870314e+00
6.075561652605256677e+04 8.832307142748789808e-01
6.075561678611326352e+04 1.159112748345649591e+00
6.075561704617396026e+04 9.868623195082428801e-01
6.075561730623465701e+04 8.385840149287797640e-01
6.075561756629534648e+04 7.001504624783837505e-01
6.075561782635604322e+04 1.126482784988356745e+00
6.075561808641673269e+04 9.166705453136557713e-01
6.075561834647742944e+04 1.125630881786683135e+00
6.075561860653812619e+04 1.017260352925727585e+00
6.075561886659881566e+04 1.205830499647116749e+00
6.075561912665951240e+04 1.050487161653718582e+00
6.075561938672020915e+04 1.269523824805941725e+00
6.075561964678089862e+04 9.661128044000725223e-01
6.075561990684160264e+04 1.341137678072611195e+00
6.075562016690229211e+04 1.125884714769088024e+00
6.075562042696298886e+04 8.998737172159967379e-01
6.075562068702368560e+04 8.682968951253587919e-01
6.075562094708437508e+04 1.177659788031039989e+00
6.075562120714507182e+04 1.280893511274633800e+00
6.075562146720576857e+04 8.153220333410772236e-01
6.075562172726646531e+04 8.996653198678580265e-01
6.075562198732716206e+04 9.119840891873149946e-01
6.075562224738785153e+04 1.092881682173480362e+00
6.075562250744854828e+04 7.819731681474155760e-01
6.075562276750924502e+04 1.075518179516474770e+00
6.075562302756994177e+04 9.715044687638164644e-01
6.075562328763063852e+04 1.099220296916541217e+00
6.075562490904599690e+04 8.228977599181055425e-01
6.075562516909990518e+04 1.089909796912776452e+00
6.075562542915379890e+04 9.987827779968196928e-01
6.075562568920769263e+04 1.282236639727535321e+00
6.075562594926160091e+04 1.114791750003022663e+00
6.075562620931549463e+04 1.190026512843738615e+00
6.075562646936939564e+04 1.089561218711526003e+00
6.075562672942329664e+04 1.027157857829849030e+00
6.075562698947719036e+04 1.038707899913302812e+00
6.075562724953109864e+04 1.312570986292835418e+00
6.075562750958499237e+04 1.140930456717573094e+00
6.075562776963889337e+04 1.022514145917075901e+00
6.075562802969280165e+04 9.798375262289897858e-01
6.075562828974669537e+04 9.182080140641931676e-01
6.075562854980059637e+04 9.276737175329493601e-01
6.075562880985449738e+04 8.999544853688319357e-01
6.075562906990839110e+04 9.529318299776327050e-01
6.075562932996229938e+04 9.261043769128223246e-01
6.075562959001619311e+04 1.118972624674265948e+00
6.075562985007009411e+04 1.154705761764857064e+00
6.075563011012399511e+04 9.964456323547454808e-01
6.075563037017788884e+04 8.938910305854527172e-01
6.075563063023179711e+04 1.004247358138548041e+00
6.075563089028569084e+04 8.620272212055736238e-01
6.075563115033958456e+04 1.028754990868355090e+00
6.075563141039349284e+04 8.248810232085148630e-01
6.075563167044738657e+04 1.064960374949012634e+00
6.075563193050128757e+04 8.161237093117008623e-01
6.075563219055518857e+04 1.092268300088046429e+00
6.075563245060908230e+04 1.137393731431576294e+00
6.075563271066299058e+04 9.852527332957610184e-01
6.075563297071688430e+04 1.280018647841465018e+00
6.075563323077078530e+04 8.282794974407741151e-01
6.075563349082468631e+04 1.046845448207106566e+00
6.075563375087858003e+04 1.062921229933631251e+00
6.075563401093248831e+04 1.210288306896264654e+00
6.075563427098638203e+04 7.636989252800229222e-01
6.075563453104027576e+04 1.062068822280217484e+00
6.075563479109418404e+04 1.128176284569556431e+00
6.075563505114807776e+04 1.159637316567695864e+00
6.075563531120197877e+04 8.951510259546239245e-01
6.075563557125588704e+04 8.932806176501941753e-01
6.075563583130978077e+04 9.217143697652991907e-01
6.075563609136368905e+04 1.113527750059716714e+00
6.075563635141758277e+04 9.169544397880098341e-01
6.075563661147148377e+04 8.357582225632210760e-01
6.075563687152538478e+04 9.075825944328388406e-01
6.075563713157927850e+04 8.379782844835046429e-01
6.075563739163318678e+04 8.210498142414914824e-01
6.075563765168708051e+04 1.001082530171469420e+00
6.075563791174097423e+04 8.921305953813947198e-01
6.075563817179488251e+04 9.785242773694107221e-01
6.075563843184877624e+04 1.035873485825655971e+00
6.075563869190267724e+04 9.760727979396609522e-01
6.075563895195657824e+04 1.134293980204280405e+00
6.075563921201047197e+04 1.016893793933308698e+00
6.075563947206438024e+04 8.593924422950656172e-01
6.075563973211827397e+04 1.067070017257511383e+00
6.075563999217217497e+04 1.023596429856722390e+00
6.075564025222608325e+04 1.004608484446304573e+00
6.075564051227997697e+04 9.002913060759897279e-01
6.075564077233388525e+04 1.082218673087985472e+00
6.075564103238777898e+04 9.672309766379499907e-01
6.075564129244167270e+04 1.032604338039833314e+00
6.075564155249558098e+04 1.049392361250143901e+00
6.075564181254947471e+04 9.042029351687101979e-01
6.075564207260337571e+04 1.129834410576209480e+00
6.075564233265727671e+04 8.411224175820019022e-01
6.075564259271117044e+04 1.226631647084383214e+00
6.075564285276507871e+04 1.193751980522550271e+00
6.075564311281897244e+04 9.453272917429018651e-01
6.075564337287286617e+04 9.305905795979686479e-01
6.075564363292677444e+04 6.994050863908973792e-01
6.075564389298066817e+04 9.113827566870258412e-01
6.075564415303458372e+04 9.896252634889869393e-01
6.075564441308847745e+04 1.228380582671977805e+00
6.075564467314237118e+04 1.107685912519967175e+00
6.075564493319627945e+04 1.011837744098666336e+00
6.075564519325017318e+04 1.196430087117394958e+00
6.075564545330407418e+04 1.035238716616390553e+00
6.075564571335797518e+04 1.022401381282907806e+00
6.075564597341186891e+04 1.040937561887416374e+00
6.075564623346577719e+04 1.066341805239134244e+00
6.075564649351967091e+04 1.276402090315784887e+00
6.075564675357356464e+04 9.998171306032214156e-01
6.075564701362747292e+04 1.047373166498973829e+00
6.075564727368136664e+04 1.033778154479588540e+00
6.075564753373527492e+04 1.087193732143271196e+00
6.075564779378917592e+04 1.075242281582876602e+00
6.075564805384306965e+04 8.250609850498195064e-01
6.075564831389697792e+04 8.195056118875957418e-01
6.075564857395087165e+04 9.903865819620060185e-01
6.075564883400477265e+04 1.126951974978179116e+00
6.075564909405867365e+04 1.040016754352154349e+00
6.075564935411256738e+04 8.983895336435412382e-01
6.075564961416647566e+04 8.571015362060495635e-01
6.075564987422036938e+04 1.036269717008656110e+00
6.075565013427426311e+04 1.127071736754222453e+00
6.075565039432817866e+04 1.028062424409009523e+00
6.075565065438207239e+04 9.501263379484825577e-01
6.075565091443597339e+04 9.522432304365430200e-01
6.075565117448987439e+04 1.068467708206640054e+00
6.075565143454376812e+04 9.571986379615664564e-01
6.075565169459767640e+04 9.489720685957354629e-01
6.075565195465157012e+04 1.012366642068293743e+00
6.075565221470547112e+04 1.268132465848917478e+00
6.075565247475937213e+04 9.864209248140685116e-01
6.075565273481326585e+04 1.077590293425790380e+00
6.075565299486718141e+04 1.051429794036016219e+00
6.075565325492107513e+04 1.092263461653559808e+00
6.075565492676799477e+04 1.114032897082316786e+00
6.075565518682868424e+04 1.004949379680083688e+00
6.075565544688938098e+04 7.357022535940996866e-01
6.075565570695007773e+04 1.197827950617743165e+00
6.075565596701077448e+04 7.800136236617295493e-01
6.075565622707147122e+04 9.708047315357704043e-01
6.075565648713216069e+04 9.757915004346474630e-01
6.075565674719285744e+04 8.582888153582360902e-01
6.075565700725356146e+04 9.820306556958010580e-01
6.075565726731425821e+04 9.552824406135661528e-01
6.075565752737495495e+04 8.566576367672014136e-01
6.075565778743564442e+04 1.077678660774177066e+00
6.075565804749634117e+04 7.971067180099377092e-01
6.075565830755703792e+04 7.506867545713374890e-01
6.075565856761772739e+04 1.191368409803507555e+00
6.075565882767842413e+04 9.840778781593437774e-01
6.075565908773912088e+04 6.585093381418180014e-01
6.075565934779981762e+04 1.070483859292116646e+00
6.075565960786051437e+04 9.034973981244573960e-01
6.075565986792121112e+04 1.104591408132598040e+00
6.075566012798190786e+04 1.039964839531284824e+00
6.075566038804260461e+04 1.231756045675827416e+00
6.075566064810330136e+04 7.953541998188492501e-01
6.075566090816399810e+04 8.372801742786738499e-01
6.075566116822468757e+04 8.520693147186325644e-01
6.075566142828538432e+04 8.656190180492134845e-01
6.075566168834608106e+04 9.798828484115228443e-01
6.075566194840677781e+04 9.850198759216531874e-01
6.075566220846748183e+04 1.134504500324813758e+00
6.075566246852817130e+04 9.477633020899511873e-01
6.075566272858886805e+04 1.182860719252805559e+00
6.075566298864956480e+04 1.290766364485895101e+00
6.075566324871025427e+04 8.501913710244115574e-01
6.075566350877095101e+04 9.658364858593310176e-01
6.075566376883164776e+04 8.380673639246324358e-01
6.075566402889234450e+04 1.178565142876303540e+00
6.075566428895304125e+04 1.066693683652976343e+00
6.075566454901373800e+04 8.021744119406518658e-01
6.075566480907443474e+04 9.262200788562439113e-01
6.075566506913513149e+04 1.204321267476053281e+00
6.075566532919582824e+04 1.156621737560068475e+00
6.075566558925652498e+04 1.119538449085451415e+00
6.075566584931721445e+04 1.147161237356634889e+00
6.075566610937791120e+04 1.053724420026981523e+00
6.075566636943860794e+04 1.178436549937841304e+00
6.075566662949930469e+04 1.140721296512500427e+00
6.075566688956000144e+04 7.069732017737587748e-01
6.075566714962069818e+04 1.101673380342176101e+00
6.075566740968139493e+04 7.846275639025853677e-01
6.075566766974209168e+04 1.047441929146257555e+00
6.075566792980278115e+04 1.050028667745876332e+00
6.075566818986347789e+04 1.246898483937031177e+00
6.075566844992417464e+04 8.722308433300802744e-01
6.075566870998487866e+04 9.391159268366858770e-01
6.075566897004557541e+04 8.473365630635888435e-01
6.075566923010626488e+04 7.717699466004812603e-01
6.075566949016696162e+04 8.951346316271389103e-01
6.075566975022765837e+04 1.006513609433284051e+00
6.075567001028834784e+04 8.526864516829879559e-01
6.075567027034905186e+04 1.052937748304475951e+00
6.075567053040974133e+04 1.330457148821004409e+00
6.075567079047044535e+04 1.067924261521906448e+00
6.075567105053114210e+04 1.389356300817145673e+00
6.075567131059183157e+04 1.065987241888989523e+00
6.075567157065252832e+04 8.207923675283217424e-01
6.075567183071322506e+04 8.283275833319483361e-01
6.075567209077392181e+04 1.006471737447900860e+00
6.075567235083461856e+04 1.124773698612658634e+00
6.075567261089531530e+04 8.239243568401437567e-01
6.075567287095601205e+04 9.512430677242763588e-01
6.075567313101670879e+04 8.882585591780407519e-01
6.075567339107740554e+04 1.043391442757223508e+00
6.075567365113810229e+04 1.348784146789980154e+00
6.075567391119879176e+04 1.038299969212611806e+00
6.075567417125948850e+04 6.828045325726808112e-01
6.075567443132019253e+04 9.426236821913751562e-01
6.075567469138088200e+04 1.182955016301261653e+00
6.075567495144157874e+04 9.978509923847820318e-01
6.075567521150227549e+04 1.449721936377404763e+00
6.075567547156297223e+04 1.258412698151569309e+00
6.075567573162366898e+04 1.059693655651904320e+00
6.075567599168436573e+04 1.004425599429717986e+00
6.075567625174506247e+04 9.233672894533616615e-01
6.075567651180575922e+04 8.843818390787542283e-01
6.075567677186645597e+04 1.110411647172157457e+00
6.075567703192715271e+04 8.830353362278067220e-01
6.075567729198784218e+04 1.095882392458300991e+00
6.075567755204853893e+04 1.034311126731597641e+00
6.075567781210924295e+04 1.055303043734036050e+00
6.075567807216993242e+04 1.101507827881200940e+00
6.075567833223062917e+04 9.514684848300980491e-01
6.075567859229132591e+04 1.013702896188660274e+00
6.075567885235202266e+04 1.218645325561070969e+00
6.075567911241271941e+04 1.122618053368808155e+00
6.075567937247341615e+04 7.552410414660365445e-01
6.075567963253411290e+04 1.298788486670391373e+00
6.075567989259480964e+04 1.020074038978104003e+00
6.075568015265550639e+04 1.060520792298174753e+00
6.075568041271620314e+04 1.239592521399449865e+00
6.075568067277689261e+04 7.087553856252052364e-01
6.075568093283759663e+04 9.162122801136598493e-01
6.075568119289829338e+04 9.310345116630691642e-01
6.075568145295898285e+04 8.429101524831632553e-01
6.075568171301968687e+04 1.173528421756061313e+00
6.075568197308037634e+04 1.017321004803685813e+00
6.075568223314107308e+04 1.115943146372723405e+00
6.075568249320177711e+04 1.063425035805363850e+00
6.075568275326246658e+04 1.315561637069166956e+00
6.075568301332316332e+04 1.261514214087065433e+00
6.075568327338386007e+04 9.884326696947762780e-01
6.075568483179301256e+04 1.062007778313323714e+00
6.075568509184680443e+04 1.144928146144891246e+00
6.075568535190059629e+04 9.689153296673130855e-01
6.075568561195438815e+04 1.083186392429005718e+00
6.075568587200818729e+04 1.127565926767329918e+00
6.075568613206199370e+04 1.019062891797752446e+00
6.075568639211578557e+04 1.181566547546562651e+00
6.075568665216957743e+04 1.201341979066815613e+00
6.075568691222336929e+04 1.124478774571170181e+00
6.075568717227716115e+04 1.203615656159163549e+00
6.075568743233096029e+04 1.136129308927809278e+00
6.075568769238475215e+04 9.971445656084728659e-01
6.075568795243854402e+04 9.017836675606740737e-01
6.075568821249233588e+04 9.454867164470694973e-01
6.075568847254613502e+04 9.763807532653733245e-01
6.075568873259992688e+04 1.023025961145594964e+00
6.075568899265372602e+04 1.201172749520700522e+00
6.075568925270752516e+04 1.020921357649023253e+00
6.075568951276131702e+04 1.136479641612551328e+00
6.075568977281511616e+04 1.046737875752530078e+00
6.075569003286890802e+04 1.243089589820328023e+00
6.075569029292269988e+04 1.113540347060976599e+00
6.075569055297649174e+04 9.719813129923315920e-01
6.075569081303029088e+04 7.681127642246289300e-01
6.075569107308408275e+04 1.039828667430655607e+00
6.075569133313787461e+04 1.000194391434378494e+00
6.075569159319166647e+04 1.111973462421482761e+00
6.075569185324547288e+04 7.615868988899122671e-01
6.075569211329927202e+04 1.001905704130293895e+00
6.075569237335306389e+04 1.177600027236043845e+00
6.075569263340685575e+04 1.070315941191158471e+00
6.075569289346064761e+04 7.535237600184463425e-01
6.075569315351444675e+04 9.035277950570316241e-01
6.075569341356823861e+04 1.199169729507582050e+00
6.075569367362203047e+04 9.948538036506685556e-01
6.075569393367582234e+04 8.970425320869604979e-01
6.075569419372962147e+04 1.005477452097009339e+00
6.075569445378341334e+04 1.108341313123079264e+00
6.075569471383720520e+04 9.513981666854409713e-01
6.075569497389100434e+04 9.015654953244059966e-01
6.075569523394481075e+04 1.005363570200764611e+00
6.075569549399860261e+04 1.088951554278278611e+00
6.075569575405239448e+04 8.329262728783862757e-01
6.075569601410618634e+04 9.987620132014950469e-01
6.075569627415998548e+04 1.029103673298353394e+00
6.075569653421377734e+04 7.812279428675983350e-01
6.075569679426756920e+04 1.283049012244364517e+00
6.075569705432136107e+04 1.066191946047638783e+00
6.075569731437516020e+04 1.067356116178229897e+00
6.075569757442895207e+04 9.860031636420723000e-01
6.075569783448274393e+04 1.013179019033314310e+00
6.075569809453654307e+04 1.106709463005113303e+00
6.075569835459034948e+04 8.752570064690932128e-01
6.075569861464414134e+04 1.109350281760117740e+00
6.075569887469793321e+04 1.164995710860269540e+00
6.075569913475172507e+04 1.064393425113260738e+00
6.075569939480552421e+04 9.639789582654416655e-01
6.075569965485931607e+04 9.593506447301691775e-01
6.075569991491310793e+04 9.256373458673482491e-01
6.075570017496689979e+04 1.044369525229692730e+00
6.075570043502069893e+04 1.165748516493592790e+00
6.075570069507449080e+04 8.699119073854328921e-01
6.075570095512828993e+04 1.036860844480720800e+00
6.075570121518208907e+04 1.167815585468179540e+00
6.075570147523588821e+04 8.813783961814040113e-01
6.075570173528968007e+04 1.088647639098241582e+00
6.075570199534347194e+04 1.036950885712885517e+00
6.075570225539727107e+04 9.968240778997520257e-01
6.075570251545106294e+04 1.052425483113445415e+00
6.075570277550485480e+04 1.036827135212887940e+00
6.075570303555864666e+04 1.169817176251715551e+00
6.075570329561244580e+04 1.100890559201495922e+00
6.075570355566623766e+04 1.107232037937335267e+00
6.075570381572002952e+04 8.523842766756549727e-01
6.075570407577382866e+04 9.926857664385339008e-01
6.075570433582763508e+04 9.928593204261801919e-01
6.075570459588142694e+04 1.215215108488001849e+00
6.075570485593521880e+04 1.075136276048414219e+00
6.075570511598901066e+04 7.539416266347025442e-01
6.075570537604280980e+04 1.000968402196458218e+00
6.075570563609660167e+04 1.021511544993667142e+00
6.075570589615039353e+04 1.251445951243797650e+00
6.075570615620419267e+04 1.181072309558396372e+00
6.075570641625798453e+04 9.546103287885042699e-01
6.075570667631177639e+04 8.681182126778808072e-01
6.075570693636557553e+04 1.007380136635003476e+00
6.075570719641938194e+04 1.233769378772886061e+00
6.075570745647317381e+04 1.082094005081631671e+00
6.075570771652696567e+04 8.007753554439381860e-01
6.075570797658076481e+04 1.026639294971285032e+00
6.075570823663455667e+04 1.087750467523597386e+00
6.075570849668834853e+04 1.064322003462964128e+00
6.075570875674214039e+04 1.083015804191616471e+00
6.075570901679593953e+04 1.009606777388768473e+00
6.075570927684973140e+04 1.271528957793452763e+00
6.075570953690352326e+04 1.056858714549146150e+00
6.075570979695732240e+04 1.062625379189005237e+00
6.075571005701112153e+04 1.082026127482020206e+00
6.075571031706492067e+04 1.147140986676593366e+00
6.075571057711871254e+04 1.156341672783246732e+00
6.075571083717251167e+04 8.473127408782819003e-01
6.075571109722630354e+04 1.127924571780220431e+00
6.075571135728009540e+04 7.128219916257851896e-01
6.075571161733389454e+04 1.019766409175092647e+00
6.075571187738768640e+04 9.161002217162911299e-01
6.075571213744147826e+04 9.918019765977731383e-01
6.075571239749527740e+04 7.384014343133211700e-01
6.075571265754906926e+04 8.911536357123779339e-01
6.075571291760286840e+04 1.323829920214583566e+00
6.075571317765666754e+04 8.880803718341332420e-01
6.075571474868715450e+04 9.342486216738128402e-01
6.075571500874785124e+04 1.105554701117844818e+00
6.075571526880854799e+04 9.341140188378210807e-01
6.075571552886924474e+04 1.145857144597175470e+00
6.075571578892994148e+04 1.158944767600117443e+00
6.075571604899063823e+04 9.161998681403117351e-01
6.075571630905133497e+04 1.101610447139343751e+00
6.075571656911203172e+04 1.092917764984661977e+00
6.075571682917273574e+04 9.360929232383610188e-01
6.075571708923342521e+04 7.981574082490634492e-01
6.075571734929412196e+04 7.690320368123866324e-01
6.075571760935482598e+04 1.022518367987577337e+00
6.075571786941552273e+04 8.881480549156897109e-01
6.075571812947621947e+04 1.100902445549759134e+00
6.075571838953690894e+04 8.613389567333921137e-01
6.075571864959761297e+04 8.058091597055492272e-01
6.075571890965830971e+04 9.332831776739454188e-01
6.075571916971899918e+04 7.427729343685853802e-01
6.075571942977970320e+04 1.038260450401220725e+00
6.075571968984039995e+04 9.712763625695887137e-01
6.075571994990109670e+04 9.958774997441773857e-01
6.075572020996180072e+04 1.308711018314125507e+00
6.075572047002249019e+04 9.164492291240859956e-01
6.075572073008318694e+04 1.377856663157645656e+00
6.075572099014388368e+04 1.061624389095889631e+00
6.075572125020458770e+04 9.405488129607864067e-01
6.075572151026528445e+04 7.919089701537160852e-01
6.075572177032597392e+04 8.267932466862850660e-01
6.075572203038667794e+04 9.188343017109013022e-01
6.075572229044737469e+04 8.441312030134946465e-01
6.075572255050806416e+04 1.175791807311570958e+00
6.075572281056877546e+04 9.948292947241100803e-01
6.075572307062946493e+04 1.101734881711850411e+00
6.075572333069016167e+04 1.227352435350509863e+00
6.075572359075086570e+04 1.128823370059565567e+00
6.075572385081155517e+04 1.049492959960606431e+00
6.075572411087225191e+04 8.419521697095447843e-01
6.075572437093294866e+04 1.259376606846788871e+00
6.075572463099365268e+04 1.184213344883956243e+00
6.075572489105434943e+04 1.152892808471372765e+00
6.075572515111503890e+04 1.177182827981211100e+00
6.075572541117574292e+04 1.118585837626616009e+00
6.075572567123643967e+04 1.278096973333377795e+00
6.075572593129713641e+04 1.148494925702675973e+00
6.075572619135784043e+04 1.000992041242817043e+00
6.075572645141852990e+04 9.778425090530948882e-01
6.075572671147922665e+04 1.180913760067449747e+00
6.075572697153993067e+04 1.082051504398492625e+00
6.075572723160062014e+04 1.122823525158400004e+00
6.075572749166131689e+04 1.185969774824839451e+00
6.075572775172202091e+04 1.292387782052021095e+00
6.075572801178271766e+04 1.089855692630557371e+00
6.075572827184341440e+04 8.300790499186706528e-01
6.075572853190411115e+04 1.097981346559187665e+00
6.075572879196480790e+04 8.969652849571506659e-01
6.075572905202550464e+04 1.175903627469689683e+00
6.075572931208620867e+04 8.363154662676089979e-01
6.075572957214690541e+04 1.083389112463565507e+00
6.075572983220759488e+04 9.902718792540941006e-01
6.075573009226829890e+04 1.070023887069180502e+00
6.075573035232899565e+04 1.154425388589861878e+00
6.075573061238968512e+04 1.110482195368530212e+00
6.075573087245038914e+04 1.138690965352290974e+00
6.075573113251108589e+04 1.205463405996022308e+00
6.075573139257178264e+04 1.127543439107035583e+00
6.075573165263248666e+04 1.023003122682379029e+00
6.075573191269317613e+04 8.928449238748120687e-01
6.075573217275387287e+04 1.012725153107411069e+00
6.075573243281457690e+04 1.252305976675399446e+00
6.075573269287527364e+04 9.246461192126813611e-01
6.075573295293597039e+04 1.194286490266059264e+00
6.075573321299666713e+04 1.150584758083003312e+00
6.075573347305736388e+04 1.108434979451413449e+00
6.075573373311806063e+04 1.025766638780470030e+00
6.075573399317875737e+04 1.345160578943911389e+00
6.075573425323946140e+04 1.087198187429917917e+00
6.075573451330015087e+04 9.518149691128082734e-01
6.075573477336085489e+04 1.051876357754812252e+00
6.075573503342155163e+04 9.243455761764773904e-01
6.075573529348224110e+04 8.343728106315436710e-01
6.075573555354294513e+04 8.229126268698940816e-01
6.075573581360364187e+04 9.100948649553657344e-01
6.075573607366434589e+04 1.347566680708105924e+00
6.075573633372504264e+04 1.057926974897803518e+00
6.075573659378573211e+04 9.665080891524593376e-01
6.075573685384643613e+04 1.050737393075130477e+00
6.075573711390713288e+04 8.544717207260174030e-01
6.075573737396782963e+04 9.251806359630369014e-01
6.075573763402853365e+04 7.872785814883809241e-01
6.075573789408922312e+04 1.056047744785790554e+00
6.075573815414991986e+04 8.620038816544340898e-01
6.075573841421062389e+04 1.210854513409679534e+00
6.075573867427131336e+04 1.075908025870510931e+00
6.075573893433201010e+04 9.898003851320212876e-01
6.075573919439271413e+04 8.843974577980536766e-01
6.075573945445341087e+04 1.105604767707541569e+00
6.075573971451411489e+04 9.106992500598084517e-01
6.075573997457480436e+04 9.146858196663624208e-01
6.075574023463550111e+04 1.130308003894876734e+00
6.075574049469620513e+04 1.010758554742628101e+00
6.075574075475690188e+04 1.104209883171979545e+00
6.075574101481759863e+04 1.205594815081748150e+00
6.075574127487829537e+04 1.124078202218944611e+00
6.075574153493899212e+04 1.126922490804955546e+00
6.075574179499969614e+04 9.371196035776847566e-01
6.075574205506038561e+04 1.186824846894212859e+00
6.075574231512108236e+04 7.980584500372391865e-01
6.075574257518178638e+04 9.463926046463999597e-01
6.075574283524248312e+04 1.203780888968232210e+00
6.075574309530317987e+04 8.622062703061673661e-01
6.075574483016229351e+04 6.939078835192704631e-01
6.075574509021608537e+04 1.009493449733961823e+00
6.075574535026989179e+04 6.619919770145047400e-01
6.075574561032369093e+04 7.209191630659503858e-01
6.075574587037748279e+04 1.060934121921833562e+00
6.075574613043128193e+04 1.062254786978265475e+00
6.075574639048507379e+04 1.014749185071070148e+00
6.075574665053887293e+04 1.123060893882640965e+00
6.075574691059266479e+04 1.103599457194603062e+00
6.075574717064645665e+04 7.289592034044111157e-01
6.075574743070025579e+04 1.043979510539554179e+00
6.075574769075404765e+04 1.024972438676116315e+00
6.075574795080784679e+04 1.143685389526571061e+00
6.075574821086163865e+04 1.198718567716100969e+00
6.075574847091544507e+04 9.626790952108904564e-01
6.075574873096924421e+04 1.272236627340620041e+00
6.075574899102303607e+04 1.007857043572185640e+00
6.075574925107683521e+04 1.010518527903891295e+00
6.075574951113062707e+04 1.172423103199185190e+00
6.075574977118442621e+04 1.077242403735103604e+00
6.075575003123821807e+04 9.115972520319355343e-01
6.075575029129201721e+04 1.068469087314953381e+00
6.075575055134580907e+04 1.093934469769639373e+00
6.075575081139960093e+04 1.168084238297516508e+00
6.075575107145340007e+04 1.009104497562154812e+00
6.075575133150719921e+04 1.204559250517609481e+00
6.075575159156100563e+04 1.060204194188525406e+00
6.075575185161479749e+04 9.830952758932370861e-01
6.075575211166859663e+04 1.123411853245489311e+00
6.075575237172238849e+04 9.085093292972354906e-01
6.075575263177618035e+04 1.187210351841404776e+00
6.075575289182997949e+04 1.166594119306510358e+00
6.075575315188377135e+04 1.104737325957689142e+00
6.075575341193757049e+04 1.249418663932190698e+00
6.075575367199136235e+04 1.024577755210670071e+00
6.075575393204516149e+04 1.373628392091565509e+00
6.075575419209895335e+04 1.067259557164964123e+00
6.075575445215275249e+04 1.166814757657421930e+00
6.075575471220655891e+04 9.116421601379591788e-01
6.075575497226035077e+04 1.169571745839345756e+00
6.075575523231414991e+04 1.234621617109866953e+00
6.075575549236794177e+04 1.281840980538571095e+00
6.075575575242174091e+04 9.366419854909072695e-01
6.075575601247553277e+04 1.025688639642908351e+00
6.075575627252933191e+04 1.077853574066513165e+00
6.075575653258312377e+04 1.015287547375863575e+00
6.075575679263691563e+04 9.679482139642103800e-01
6.075575705269071477e+04 1.222590185203498159e+00
6.075575731274451391e+04 1.096526972481207229e+00
6.075575757279832033e+04 1.095721416754660726e+00
6.075575783285211219e+04 1.053127093499343081e+00
6.075575809290591133e+04 8.059392258881512561e-01
6.075575835295970319e+04 1.036566831439931224e+00
6.075575861301350233e+04 1.230638912439212529e+00
6.075575887306729419e+04 1.109914881575953860e+00
6.075575913312109333e+04 1.303075011255631743e+00
6.075575939317488519e+04 7.426401434042462224e-01
6.075575965322867705e+04 1.228555892123225135e+00
6.075575991328247619e+04 9.906898580424828848e-01
6.075576017333626805e+04 1.031148704193773247e+00
6.075576043339007447e+04 1.248107844447343240e+00
6.075576069344387361e+04 1.133385518959016514e+00
6.075576095349767274e+04 1.052588892640315521e+00
6.075576121355146461e+04 8.967953442449351220e-01
6.075576147360526375e+04 1.026835118972716065e+00
6.075576173365905561e+04 9.388195940673453865e-01
6.075576199371285475e+04 1.168861767683587294e+00
6.075576225376664661e+04 8.084459905070181529e-01
6.075576251382044575e+04 8.836375264067592994e-01
6.075576277387423761e+04 7.536761387885759778e-01
6.075576303392802947e+04 9.881462546034937011e-01
6.075576329398183589e+04 1.191019069456622725e+00
6.075576355403563502e+04 1.080918490102093843e+00
6.075576381408943416e+04 1.247539708556864468e+00
6.075576407414322603e+04 9.535265959828277404e-01
6.075576433419702516e+04 8.734637060390982866e-01
6.075576459425081703e+04 1.015782045750419860e+00
6.075576485430461616e+04 1.123904126564964079e+00
6.075576511435840803e+04 7.993717639141911802e-01
6.075576537441220717e+04 1.188641322283881863e+00
6.075576563446599903e+04 1.282410645755595491e+00
6.075576589451979817e+04 1.290245211883964904e+00
6.075576615457359003e+04 8.099068353466248871e-01
6.075576641462739644e+04 9.695837782525784654e-01
6.075576667468119558e+04 7.569721820375858723e-01
6.075576693473499472e+04 1.147652971694363533e+00
6.075576719478878658e+04 9.728699610357418592e-01
6.075576745484258572e+04 1.046906737542320665e+00
6.075576771489637758e+04 1.036421370199424263e+00
6.075576797495017672e+04 1.066585019297313419e+00
6.075576823500396858e+04 1.159222379864649710e+00
6.075576849505776045e+04 1.059413226699238875e+00
6.075576875511155959e+04 1.119929548002033926e+00
6.075576901516535145e+04 1.152591253576899843e+00
6.075576927521915786e+04 1.186297880087479939e+00
6.075576953527295700e+04 1.014898029224431841e+00
6.075576979532675614e+04 1.157906163376036801e+00
6.075577005538054800e+04 1.206931797294899189e+00
6.075577031543434714e+04 1.018337067703724230e+00
6.075577057548813900e+04 9.175370131191503686e-01
6.075577083554193814e+04 7.546612090477777812e-01
6.075577109559573000e+04 9.675318692982879387e-01
6.075577135564952914e+04 1.047199686409404196e+00
6.075577161570332100e+04 1.014177701326119285e+00
6.075577187575712014e+04 1.045252062473769117e+00
6.075577213581091200e+04 1.112690348611115265e+00
6.075577239586471842e+04 8.803815259152101280e-01
6.075577265591851756e+04 1.285902425373701030e+00
6.075577291597231670e+04 1.158927779601819807e+00
6.075577317602610856e+04 1.060343740649893673e+00
