6.075547523418369383e+04 1.160238960403950470e+00
6.075547549424438330e+04 9.738532880798093094e-01
6.075547575430508005e+04 1.097479002369302625e+00
6.075547601436576224e+04 9.803567133811906809e-01
6.075547627442645899e+04 1.112694594854542585e+00
6.075547653448714846e+04 9.493159902144600037e-01
6.075547679454784520e+04 1.089440649423668139e+00
6.075547705460853467e+04 1.036174811868325607e+00
6.075547731466922414e+04 1.140362028668561178e+00
6.075547757472991361e+04 9.266608245904880414e-01
6.075547783479061036e+04 1.261574912610903487e+00
6.075547809485129255e+04 1.101136623969525274e+00
6.075547835491198930e+04 1.046787123005511022e+00
6.075547861497267877e+04 9.411927277511529244e-01
6.075547887503337552e+04 1.009059412959030233e+00
6.075547913509406499e+04 1.071862075798457825e+00
6.075547939515475446e+04 1.071422447428055591e+00
6.075547965521544393e+04 1.107022195771701467e+00
6.075547991527614067e+04 1.156180824639564619e+00
6.075548017533683014e+04 1.089229034781239447e+00
6.075548043539752689e+04 1.113006863683689396e+00
6.075548069545820908e+04 1.013227412686270368e+00
6.075548095551890583e+04 1.123784111159975785e+00
6.075548121557959530e+04 9.602054720874398930e-01
6.075548147564028477e+04 1.176769134975782505e+00
6.075548173570098152e+04 1.035185507355242285e+00
6.075548199576167099e+04 1.106661136379951005e+00
6.075548225582236773e+04 1.106438268184696261e+00
6.075548251588305720e+04 9.918256000158434116e-01
6.075548277594374667e+04 1.215996958702567188e+00
6.075548303600443614e+04 1.085248636870677297e+00
6.075548329606513289e+04 1.101549425719912101e+00
6.075548355612582236e+04 1.052975892917709766e+00
6.075548381618651911e+04 1.096695536013545302e+00
6.075548407624720130e+04 1.179556414450510182e+00
6.075548433630789805e+04 1.031215518713165524e+00
6.075548459636858752e+04 1.231644567646655197e+00
6.075548485642928426e+04 1.203329893368858539e+00
6.075548511648997373e+04 1.194560844258887311e+00
6.075548537655066320e+04 1.113154492402572027e+00
6.075548563661135267e+04 1.117452075915571497e+00
6.075548589667204942e+04 1.083864404873231102e+00
6.075548615673273162e+04 1.050118909285155055e+00
6.075548641679342836e+04 1.187104447548212871e+00
6.075548667685411783e+04 1.033093157708256493e+00
6.075548693691481458e+04 1.106054841879426487e+00
6.075548719697551132e+04 1.054831023718536320e+00
6.075548745703619352e+04 1.121509494797642059e+00
6.075548771709689026e+04 1.157118153386530901e+00
6.075548797715757973e+04 9.530062800957549429e-01
6.075548823721827648e+04 8.247023087130577190e-01
6.075548849727896595e+04 1.041134475005085047e+00
6.075548875733965542e+04 9.061700079650623074e-01
6.075548901740034489e+04 1.036909763662562600e+00
6.075548927746104164e+04 1.172669402608457423e+00
6.075548953752172383e+04 1.326937716168507198e+00
6.075548979758242058e+04 1.104089871503375342e+00
6.075549005764311732e+04 1.021985830791602767e+00
6.075549031770380680e+04 1.085478227572231447e+00
6.075549057776450354e+04 1.187522456361304712e+00
6.075549083782518574e+04 1.111222104193211102e+00
6.075549109788588248e+04 8.707929213166941684e-01
6.075549135794657195e+04 9.473763661827001581e-01
6.075549161800726870e+04 1.160182667117144240e+00
6.075549187806795817e+04 1.073030375951407489e+00
6.075549213812864764e+04 1.029699450676690331e+00
6.075549239818933711e+04 1.051764514811876827e+00
6.075549265825003386e+04 1.068607879091510116e+00
6.075549291831072333e+04 1.032150256899106999e+00
6.075549317837142007e+04 9.707055349949316181e-01
6.075549343843210954e+04 1.004201614395243025e+00
6.075549369849279901e+04 1.121982282419738963e+00
6.075549395855349576e+04 1.069488910821613459e+00
6.075549421861417795e+04 9.924010095605588777e-01
6.075549447867487470e+04 1.119426818736723783e+00
6.075549473873556417e+04 1.139574428110722293e+00
6.075549499879626092e+04 1.061776707923172358e+00
6.075549525885695766e+04 9.201760476118254761e-01
6.075549551891763986e+04 8.721290080785920606e-01
6.075549577897833660e+04 8.812087880732010214e-01
6.075549603903902607e+04 1.027822441169007339e+00
6.075549629909972282e+04 1.131380242677778813e+00
6.075549655916041229e+04 1.073608068967258466e+00
6.075549681922110176e+04 8.987858996696730385e-01
6.075549707928179851e+04 1.100905391666648914e+00
6.075549733934248798e+04 9.700629178685210574e-01
6.075549759940317745e+04 8.967549756468441435e-01
6.075549785946386692e+04 9.126011587424163185e-01
6.075549811952456366e+04 9.057001923764498308e-01
6.075549837958525313e+04 1.010852587684956561e+00
6.075549863964594988e+04 1.019845422039840743e+00
6.075549889970663935e+04 1.317767727424381086e+00
6.075549915976732882e+04 1.058143921270633392e+00
6.075549941982802557e+04 1.016908216801950537e+00
6.075549967988871504e+04 1.116974485342244527e+00
6.075549993994941178e+04 1.176631426065909203e+00
6.075550020001009398e+04 1.119528269790067698e+00
6.075550046007079072e+04 1.068036818606697524e+00
6.075550072013148747e+04 1.123352329729345067e+00
6.075550098019216966e+04 1.011674498645051878e+00
6.075550124025286641e+04 9.465389552686055419e-01
6.075550150031355588e+04 1.084825676627500179e+00
6.075550176037425263e+04 9.244847191319864876e-01
6.075550202043494210e+04 1.045034920045115223e+00
6.075550228049563157e+04 1.138610594197982939e+00
6.075550254055632831e+04 1.160056889361271271e+00
6.075550280061701778e+04 1.224115713923137783e+00
6.075550306067771453e+04 1.017187584601223493e+00
6.075550332073840400e+04 1.131302239640125551e+00
6.075550358079909347e+04 9.916910436201393786e-01
6.075550513883041276e+04 1.053821813878178082e+00
6.075550539889110951e+04 1.089230379503399515e+00
6.075550565895179898e+04 9.902463626197109958e-01
6.075550591901248845e+04 1.196804240693718047e+00
6.075550617907318519e+04 9.258768335751845768e-01
6.075550643913387466e+04 9.733660377059721869e-01
6.075550669919457141e+04 9.237769329860870959e-01
6.075550695925526088e+04 9.759974426858621932e-01
6.075550721931595035e+04 9.347530845271183608e-01
6.075550747937664710e+04 9.431810960622640794e-01
6.075550773943733657e+04 1.195164460558838293e+00
6.075550799949803331e+04 9.688418472683815175e-01
6.075550825955872278e+04 9.577467565406557748e-01
6.075550851961941225e+04 1.065983624370214544e+00
6.075550877968010900e+04 1.233441496129554782e+00
6.075550903974079847e+04 1.048787032678769160e+00
6.075550929980148794e+04 1.219971740445170427e+00
6.075550955986217741e+04 1.146436865438278385e+00
6.075550981992287416e+04 1.100748803828931699e+00
6.075551007998357090e+04 1.156402551127563294e+00
6.075551034004426037e+04 1.066073494909973940e+00
6.075551060010494984e+04 1.233403395728124075e+00
6.075551086016564659e+04 1.131654730254876506e+00
6.075551112022633606e+04 1.053025783981854202e+00
6.075551138028703281e+04 1.115960779995789132e+00
6.075551164034772228e+04 1.088062367290478782e+00
6.075551190040841175e+04 8.259592364997521141e-01
6.075551216046910849e+04 1.015850939099047334e+00
6.075551242052979796e+04 1.108638261682340920e+00
6.075551268059049471e+04 9.542984111894093902e-01
6.075551294065118418e+04 1.130138326818540540e+00
6.075551320071187365e+04 1.134101179611352039e+00
6.075551346077257040e+04 9.728662643048510139e-01
6.075551372083325987e+04 1.011296395315188335e+00
6.075551398089394934e+04 1.160699199642992285e+00
6.075551424095464608e+04 1.051029572474048601e+00
6.075551450101533555e+04 1.021912413717550150e+00
6.075551476107603230e+04 8.916898621816516934e-01
6.075551502113672177e+04 1.057789303305590289e+00
6.075551528119741124e+04 1.071362068531220180e+00
6.075551554125810799e+04 1.050129023637321968e+00
6.075551580131879746e+04 1.074202413283491309e+00
6.075551606137949420e+04 1.059655343545071737e+00
6.075551632144019095e+04 1.111162498594708170e+00
6.075551658150087314e+04 1.180976231845339841e+00
6.075551684156156989e+04 1.032032789505497705e+00
6.075551710162226664e+04 1.013215919088509054e+00
6.075551736168294883e+04 1.157441147237528112e+00
6.075551762174364558e+04 1.175349251821467877e+00
6.075551788180433505e+04 1.030522055197762077e+00
6.075551814186503179e+04 1.144818118305740651e+00
6.075551840192572854e+04 1.096798226948224375e+00
6.075551866198641073e+04 1.034397816894436328e+00
6.075551892204710748e+04 1.050600485030657838e+00
6.075551918210780423e+04 1.190598476085054758e+00
6.075551944216849370e+04 1.107954450400855384e+00
6.075551970222919044e+04 9.899011395430189486e-01
6.075551996228987991e+04 1.017821898121659796e+00
6.075552022235056938e+04 1.052223904585460446e+00
6.075552048241126613e+04 1.198639036596773177e+00
6.075552074247194832e+04 1.004684929792398984e+00
6.075552100253265235e+04 1.163161389915742916e+00
6.075552126259334182e+04 1.049976755417267871e+00
6.075552152265403129e+04 9.261021569044142199e-01
6.075552178271472803e+04 9.358965283927492829e-01
6.075552204277541750e+04 8.789985621160636420e-01
6.075552230283610697e+04 1.021520306095188735e+00
6.075552256289680372e+04 1.085783023696192506e+00
6.075552282295750047e+04 1.032343796142326520e+00
6.075552308301818994e+04 1.032876952345572086e+00
6.075552334307887941e+04 9.677716317413345148e-01
6.075552360313957615e+04 1.120894755076657034e+00
6.075552386320026562e+04 1.054513012798769855e+00
6.075552412326096237e+04 1.089027564400492309e+00
6.075552438332165912e+04 1.024223111012152909e+00
6.075552464338234131e+04 9.636882233794074049e-01
6.075552490344303806e+04 1.207876861610484909e+00
6.075552516350373480e+04 9.337470121660454980e-01
6.075552542356441700e+04 1.162078741283742112e+00
6.075552568362511374e+04 1.121248871673132808e+00
6.075552594368581049e+04 1.176413875855084390e+00
6.075552620374649996e+04 1.198576939105547412e+00
6.075552646380719671e+04 1.145536415903724459e+00
6.075552672386788618e+04 1.042806351753211569e+00
6.075552698392857565e+04 9.303840369139138033e-01
6.075552724398927239e+04 9.277467035234878701e-01
6.075552750404996914e+04 8.988423434510930399e-01
6.075552776411065861e+04 1.004906115797368882e+00
6.075552802417134808e+04 1.048480598989677937e+00
6.075552828423204483e+04 1.048026152219238005e+00
6.075552854429273430e+04 8.582364289990114248e-01
6.075552880435342377e+04 1.069131773215510117e+00
6.075552906441412051e+04 1.122070250526904678e+00
6.075552932447480998e+04 9.083040915718776365e-01
6.075552958453550673e+04 1.134894351421455783e+00
6.075552984459620347e+04 1.117646322802640979e+00
6.075553010465688567e+04 9.798493703139562472e-01
6.075553036471758242e+04 1.012776252218730466e+00
6.075553062477827916e+04 1.041548314400475794e+00
6.075553088483896863e+04 1.109271843265025037e+00
6.075553114489966538e+04 1.150994956555017490e+00
6.075553140496035485e+04 1.149223289338320964e+00
6.075553166502104432e+04 1.073531988290741479e+00
6.075553192508174106e+04 8.232124947458211439e-01
6.075553218514243054e+04 9.877735599591098703e-01
6.075553244520312728e+04 1.138472130620177047e+00
6.075553270526381675e+04 9.752338880543983679e-01
6.075553296532451350e+04 1.016677368421542882e+00
6.075553322538520297e+04 9.999631990098449830e-01
6.075553348544589244e+04 8.576794152483883105e-01
6.075553503087646095e+04 1.071613027717265965e+00
6.075553529093715770e+04 1.072614705572434213e+00
6.075553555099784717e+04 9.449170729188470785e-01
6.075553581105853664e+04 1.065574421483513445e+00
6.075553607111923338e+04 8.621172468375621900e-01
6.075553633117992285e+04 1.099840932402747828e+00
6.075553659124061960e+04 8.710281953791659815e-01
6.075553685130131635e+04 1.096918734802748263e+00
6.075553711136199854e+04 1.148318334229699866e+00
6.075553737142269529e+04 9.749077713811022949e-01
6.075553763148339203e+04 1.019263387807633148e+00
6.075553789154408878e+04 1.124300770500979541e+00
6.075553815160477825e+04 8.927024186226195646e-01
6.075553841166546772e+04 8.544257416223620671e-01
6.075553867172616447e+04 9.066449294036531548e-01
6.075553893178685394e+04 1.012621875981776887e+00
6.075553919184754341e+04 9.557645953985646203e-01
6.075553945190824015e+04 1.019233693148313691e+00
6.075553971196892962e+04 1.089699118942176970e+00
6.075553997202962637e+04 8.310122242876506471e-01
6.075554023209032312e+04 8.116177947900817813e-01
6.075554049215101259e+04 1.000214236892849051e+00
6.075554075221170206e+04 9.383256673898857647e-01
6.075554101227239880e+04 9.750332422894171236e-01
6.075554127233309555e+04 9.835267236276982183e-01
6.075554153239378502e+04 9.248527624267103286e-01
6.075554179245447449e+04 9.811180817765317030e-01
6.075554205251517124e+04 9.470480117194250980e-01
6.075554231257586798e+04 8.984185633961270234e-01
6.075554257263655018e+04 9.085983933867090023e-01
6.075554283269725420e+04 1.068531968160211676e+00
6.075554309275794367e+04 7.305802879647216308e-01
6.075554335281863314e+04 7.476862604917648980e-01
6.075554361287932988e+04 1.131327817272855585e+00
6.075554387294001936e+04 9.977112807346555368e-01
6.075554413300071610e+04 9.151364848300634902e-01
6.075554439306140557e+04 1.061499349656929825e+00
6.075554465312210232e+04 1.007366646900124119e+00
6.075554491318279906e+04 1.036956143804431685e+00
6.075554517324348853e+04 1.007701759842946521e+00
6.075554543330417800e+04 9.076803874315646503e-01
6.075554569336487475e+04 1.030015101830840552e+00
6.075554595342557150e+04 9.703431689866562904e-01
6.075554621348626097e+04 9.598928057092621646e-01
6.075554647354695044e+04 8.491875502424872657e-01
6.075554673360764718e+04 1.042740603351014483e+00
6.075554699366834393e+04 1.062415626290030168e+00
6.075554725372902612e+04 9.440666863493695216e-01
6.075554751378972287e+04 1.098887450466986770e+00
6.075554777385041962e+04 8.909702882895315090e-01
6.075554803391111636e+04 9.890948797821387251e-01
6.075554829397180583e+04 9.915954616832217683e-01
6.075554855403249530e+04 9.166115119078517282e-01
6.075554881409319205e+04 9.211383551567762229e-01
6.075554907415388152e+04 1.020209628222200848e+00
6.075554933421457827e+04 8.930740286935958672e-01
6.075554959427527501e+04 9.381484453941172363e-01
6.075554985433596448e+04 1.084773727457882808e+00
6.075555011439665395e+04 1.015685848256565160e+00
6.075555037445735070e+04 1.105837157319210284e+00
6.075555063451804017e+04 9.040804320624890034e-01
6.075555089457873692e+04 9.591318344388531925e-01
6.075555115463942639e+04 7.574766447680749692e-01
6.075555141470012313e+04 1.005025651816426890e+00
6.075555167476081988e+04 1.108289134751728744e+00
6.075555193482150935e+04 8.786349808692015539e-01
6.075555219488219882e+04 8.498312904179204930e-01
6.075555245494289557e+04 9.492276592935259272e-01
6.075555271500359231e+04 8.699945325705253918e-01
6.075555297506428906e+04 8.924352133746116245e-01
6.075555323512497125e+04 1.000921422131447525e+00
6.075555349518566800e+04 1.135862395333335995e+00
6.075555375524636474e+04 1.009641263446743098e+00
6.075555401530705421e+04 8.438899614129350413e-01
6.075555427536775096e+04 9.078424707624531687e-01
6.075555453542844043e+04 1.059256651271729632e+00
6.075555479548913718e+04 9.860565427222925949e-01
6.075555505554983392e+04 1.173218773818437421e+00
6.075555531561051612e+04 9.875557973759715447e-01
6.075555557567121286e+04 1.053659710746163825e+00
6.075555583573190961e+04 9.750610618721707867e-01
6.075555609579260636e+04 1.043236229382353164e+00
6.075555635585329583e+04 9.250236565847671510e-01
6.075555661591398530e+04 1.076270001839345181e+00
6.075555687597468204e+04 9.111005548204518245e-01
6.075555713603537879e+04 8.704656379703411551e-01
6.075555739609607554e+04 9.597578702367585146e-01
6.075555765615676501e+04 8.758564010129805677e-01
6.075555791621745448e+04 1.012704135188402965e+00
6.075555817627815122e+04 9.421194901891251083e-01
6.075555843633884797e+04 1.036980284581396239e+00
6.075555869639953016e+04 1.001540801036267192e+00
6.075555895646022691e+04 9.455464474963015675e-01
6.075555921652092366e+04 9.480832149021735100e-01
6.075555947658162040e+04 9.215390870483187724e-01
6.075555973664230987e+04 8.481358438053677729e-01
6.075555999670299934e+04 9.258886944831569155e-01
6.075556025676369609e+04 8.711169814305833592e-01
6.075556051682439283e+04 7.380305945287106706e-01
6.075556077688508958e+04 8.996667203586415917e-01
6.075556103694577905e+04 7.490555347771116201e-01
6.075556129700646852e+04 1.119844034565651514e+00
6.075556155706716527e+04 8.168720245970707561e-01
6.075556181712786201e+04 9.049576721039608307e-01
6.075556207718854421e+04 7.540347949068623157e-01
6.075556233724924095e+04 9.579431050053422991e-01
6.075556259730993770e+04 1.041302046050198937e+00
6.075556285737063445e+04 9.224632606753387920e-01
6.075556311743133119e+04 9.211597740540482526e-01
6.075556337749201339e+04 8.435671493712201263e-01
6.075556504896522529e+04 9.143279735607952041e-01
6.075556530902591476e+04 8.117057187144358643e-01
6.075556556908661150e+04 8.177934205369573606e-01
6.075556582914730097e+04 1.156431735259930704e+00
6.075556608920799772e+04 1.002037977179663697e+00
6.075556634926869447e+04 8.386267379955808510e-01
6.075556660932938394e+04 8.967427551678383013e-01
6.075556686939008068e+04 9.173029300667246977e-01
6.075556712945077015e+04 9.312131071065536947e-01
6.075556738951146690e+04 1.063564810829353169e+00
6.075556764957216365e+04 9.463206053961752406e-01
6.075556790963285312e+04 9.191794818281504575e-01
6.075556816969354986e+04 9.556121327746761596e-01
6.075556842975423933e+04 8.914424940968732614e-01
6.075556868981492880e+04 8.462180489859578714e-01
6.075556894987563282e+04 8.842082002213540459e-01
6.075556920993632230e+04 8.260712714798116307e-01
6.075556946999701904e+04 1.008547248531132201e+00
6.075556973005770851e+04 8.631414965556329921e-01
6.075556999011839798e+04 8.958122287610166268e-01
6.075557025017909473e+04 1.040718388657084770e+00
6.075557051023979147e+04 9.669369030918912866e-01
6.075557077030048822e+04 1.066350712374626974e+00
6.075557103036117769e+04 9.162085650419697913e-01
6.075557129042186716e+04 8.340432573927469839e-01
6.075557155048256391e+04 9.615702739071493310e-01
6.075557181054326065e+04 1.028843165045559394e+00
6.075557207060395740e+04 9.295344173750573757e-01
6.075557233066464687e+04 9.769821957663255008e-01
6.075557259072533634e+04 8.799894323932114792e-01
6.075557285078603309e+04 9.818096802896273401e-01
6.075557311084672983e+04 9.207080314175452029e-01
6.075557337090741930e+04 9.039731405567702494e-01
6.075557363096811605e+04 9.476069041959941375e-01
6.075557389102880552e+04 8.978602989829453929e-01
6.075557415108950227e+04 1.015295062520193081e+00
6.075557441115019901e+04 9.311286715325770569e-01
6.075557467121088848e+04 1.084283665924701712e+00
6.075557493127158523e+04 1.083181087426267064e+00
6.075557519133227470e+04 7.673472812794297493e-01
6.075557545139297144e+04 7.679233615097074139e-01
6.075557571145366819e+04 9.379175168155379216e-01
6.075557597151435766e+04 8.108519110029491772e-01
6.075557623157505441e+04 8.962295426773224660e-01
6.075557649163575115e+04 8.990422433287141857e-01
6.075557675169643335e+04 1.045130178237619889e+00
6.075557701175713009e+04 8.799340501392957092e-01
6.075557727181782684e+04 9.712586516008442361e-01
6.075557753187852359e+04 9.862211841931716183e-01
6.075557779193922033e+04 8.202116357499477095e-01
6.075557805199990980e+04 9.998804034971752186e-01
6.075557831206059927e+04 1.007207241336662840e+00
6.075557857212129602e+04 1.000369322793621230e+00
6.075557883218199277e+04 8.346187767910040467e-01
6.075557909224268951e+04 8.816376457834703695e-01
6.075557935230337898e+04 9.298941541175500536e-01
6.075557961236407573e+04 8.687376050331244715e-01
6.075557987242476520e+04 9.995337645790278724e-01
6.075558013248546195e+04 8.699243499198422436e-01
6.075558039254615869e+04 9.762657728938909374e-01
6.075558065260684816e+04 9.321472844852113360e-01
6.075558091266754491e+04 8.397442232786664906e-01
6.075558117272824165e+04 7.767387817575581721e-01
6.075558143278892385e+04 8.315104149931393795e-01
6.075558169284962059e+04 8.077307447875208268e-01
6.075558195291031734e+04 9.203144281888242517e-01
6.075558221297101409e+04 7.796228447024941000e-01
6.075558247303171083e+04 9.764453361211178350e-01
6.075558273309240030e+04 9.246872192865479567e-01
6.075558299315309705e+04 1.016577057444780108e+00
6.075558325321378652e+04 8.397937365460067527e-01
6.075558351327448327e+04 9.710480836142408867e-01
6.075558377333518001e+04 1.003629253021838919e+00
6.075558403339586948e+04 1.019982853351626195e+00
6.075558429345656623e+04 9.913341436414023766e-01
6.075558455351726298e+04 8.043664513483556044e-01
6.075558481357794517e+04 9.718644572112614677e-01
6.075558507363864192e+04 9.900535504922406416e-01
6.075558533369933866e+04 1.051675464466075738e+00
6.075558559376003541e+04 9.822845102746139423e-01
6.075558585382073215e+04 9.497696887568434221e-01
6.075558611388142162e+04 9.059941012505274838e-01
6.075558637394211837e+04 1.001308326064986209e+00
6.075558663400280784e+04 1.189332298496693197e+00
6.075558689406350459e+04 7.691388651862796078e-01
6.075558715412420133e+04 9.689608019309023934e-01
6.075558741418489080e+04 7.750622070611753456e-01
6.075558767424558755e+04 9.978500599059344500e-01
6.075558793430628430e+04 9.719254387686521168e-01
6.075558819436697377e+04 1.062822811002484880e+00
6.075558845442767051e+04 7.516672577067623484e-01
6.075558871448835998e+04 9.205767087185429132e-01
6.075558897454905673e+04 1.050505421310484300e+00
6.075558923460975348e+04 9.859416213481834168e-01
6.075558949467044295e+04 8.056932663632454528e-01
6.075558975473113969e+04 9.468530477999548278e-01
6.075559001479183644e+04 8.564290309147269964e-01
6.075559027485253318e+04 8.493444136342069850e-01
6.075559053491322265e+04 8.551591397013600382e-01
6.075559079497391212e+04 1.017631029405212884e+00
6.075559105503460887e+04 1.007608648946243468e+00
6.075559131509530562e+04 1.104676001956421016e+00
6.075559157515600236e+04 1.181375954933770123e+00
6.075559183521669911e+04 9.125741970588040486e-01
6.075559209527738858e+04 8.891340898730918374e-01
6.075559235533808533e+04 7.412359559396795028e-01
6.075559261539877480e+04 8.868716651295541764e-01
6.075559287545946427e+04 8.973338879067104257e-01
6.075559313552016101e+04 8.383803862960303999e-01
6.075559339558085776e+04 1.169715032666273302e+00
6.075559494101491873e+04 9.554718758609587193e-01
6.075559520107561548e+04 7.933207869136401635e-01
6.075559546113631222e+04 7.617575495417300280e-01
6.075559572119700897e+04 9.473838480587588595e-01
6.075559598125769844e+04 9.278013049909605847e-01
6.075559624131839519e+04 1.109496723026047293e+00
6.075559650137908466e+04 1.011928527861241101e+00
6.075559676143977413e+04 9.898702803716132870e-01
6.075559702150047087e+04 8.891633168824533140e-01
6.075559728156116762e+04 8.914723549661500712e-01
6.075559754162186437e+04 6.823069131594595715e-01
6.075559780168256111e+04 8.841960782651452355e-01
6.075559806174325058e+04 1.021771825873153849e+00
6.075559832180394733e+04 1.092263573859723280e+00
6.075559858186464407e+04 9.469234803253414601e-01
6.075559884192533355e+04 7.901156355484343363e-01
6.075559910198603029e+04 7.834957421459031179e-01
6.075559936204671976e+04 7.644721883763851977e-01
6.075559962210741651e+04 8.628610441489147354e-01
6.075559988216811325e+04 8.880025118957785013e-01
6.075560014222880272e+04 1.070416908639723719e+00
6.075560040228950675e+04 9.151026800214254742e-01
6.075560066235019622e+04 1.102504594037664098e+00
6.075560092241089296e+04 9.629779389141236434e-01
6.075560118247158971e+04 1.121323496492558691e+00
6.075560144253227918e+04 8.172331178165432863e-01
6.075560170259296865e+04 9.304690945055585916e-01
6.075560196265366540e+04 9.139172722418820172e-01
6.075560222271436214e+04 9.390599996947226469e-01
6.075560248277505889e+04 1.073644061817311979e+00
6.075560274283574836e+04 9.854888239550436690e-01
6.075560300289644510e+04 9.367513004427387990e-01
6.075560326295714185e+04 1.077423352658107403e+00
6.075560352301783860e+04 8.308691631587803439e-01
6.075560378307853534e+04 9.481377185807288166e-01
6.075560404313922481e+04 8.213018485946264047e-01
6.075560430319992156e+04 8.505652360370415943e-01
6.075560456326061831e+04 7.342773164868807712e-01
6.075560482332130050e+04 1.052109059119594514e+00
6.075560508338199725e+04 8.644488604877003102e-01
6.075560534344269399e+04 8.309414791827851587e-01
6.075560560350339074e+04 8.344679620856063629e-01
6.075560586356408749e+04 1.003860770037618089e+00
6.075560612362477696e+04 7.769693471130690865e-01
6.075560638368547370e+04 9.021074801707761326e-01
6.075560664374617045e+04 9.752434898591719747e-01
6.075560690380686719e+04 8.559436198130098150e-01
6.075560716386756394e+04 8.813001016905425145e-01
6.075560742392825341e+04 8.104175657227599139e-01
6.075560768398895016e+04 7.433225967351219099e-01
6.075560794404964690e+04 1.063214189633754581e+00
6.075560820411032910e+04 9.249938056678265186e-01
6.075560846417102584e+04 7.584979285168981233e-01
6.075560872423172259e+04 9.768490976458179542e-01
6.075560898429241934e+04 8.432978447283794310e-01
6.075560924435311608e+04 7.798001378919959814e-01
6.075560950441380555e+04 9.637938099315198626e-01
6.075560976447450230e+04 1.120862311561977354e+00
6.075561002453519905e+04 8.523542673790802660e-01
6.075561028459589579e+04 1.090981317043118626e+00
6.075561054465659254e+04 1.207688887343524087e+00
6.075561080471728201e+04 9.294561574676183380e-01
6.075561106477797875e+04 9.238638194361132872e-01
6.075561132483867550e+04 7.882883247112846270e-01
6.075561158489937225e+04 8.987452308912753374e-01
6.075561184496006899e+04 9.613498502487887176e-01
6.075561210502075846e+04 1.062983463569464382e+00
6.075561236508144793e+04 9.990650013786150918e-01
6.075561262514214468e+04 1.030621021071099985e+00
6.075561288520283415e+04 1.026334213838751674e+00
6.075561314526353090e+04 1.020700159256074269e+00
6.075561340532422764e+04 8.893498904109456982e-01
6.075561366538492439e+04 9.015729079092977827e-01
6.075561392544562113e+04 8.206957628523986470e-01
6.075561418550631060e+04 9.685756722132644603e-01
6.075561444556700735e+04 9.933970479525865427e-01
6.075561470562770410e+04 9.751856977699427942e-01
6.075561496568840084e+04 9.626764444687641031e-01
6.075561522574909759e+04 8.582180307819646803e-01
6.075561548580978706e+04 9.715627723199294907e-01
6.075561574587048381e+04 8.687759933785309530e-01
6.075561600593118055e+04 8.859513072587942295e-01
6.075561626599187002e+04 8.367474943253453423e-01
6.075561652605256677e+04 6.746361744887940937e-01
6.075561678611326352e+04 9.485759906517182705e-01
6.075561704617396026e+04 1.021305727511899075e+00
6.075561730623465701e+04 9.100507467238557746e-01
6.075561756629534648e+04 8.062857749247217543e-01
6.075561782635604322e+04 1.086797296808442059e+00
6.075561808641673269e+04 8.731273042160009323e-01
6.075561834647742944e+04 9.675823572899788783e-01
6.075561860653812619e+04 1.008121726010357877e+00
6.075561886659881566e+04 9.643865998728845534e-01
6.075561912665951240e+04 9.812708262131769610e-01
6.075561938672020915e+04 8.091259228705381945e-01
6.075561964678089862e+04 9.229281094634527172e-01
6.075561990684160264e+04 1.024607619847953011e+00
6.075562016690229211e+04 8.137424003456662502e-01
6.075562042696298886e+04 8.702370848292628747e-01
6.075562068702368560e+04 8.889518246350349706e-01
6.075562094708437508e+04 1.011767735905902077e+00
6.075562120714507182e+04 9.465245489680511604e-01
6.075562146720576857e+04 1.073087386781875097e+00
6.075562172726646531e+04 9.471937477519207782e-01
6.075562198732716206e+04 8.202335173722096195e-01
6.075562224738785153e+04 7.420957570562065619e-01
6.075562250744854828e+04 7.216973138221869366e-01
6.075562276750924502e+04 9.696705740229285553e-01
6.075562302756994177e+04 1.127127863723870860e+00
6.075562328763063852e+04 1.001540410597638653e+00
6.075562490904599690e+04 9.299458658972831193e-01
6.075562516909990518e+04 8.717029082551188690e-01
6.075562542915379890e+04 8.874730830524084624e-01
6.075562568920769263e+04 8.379382581466439106e-01
6.075562594926160091e+04 7.159050216168448832e-01
6.075562620931549463e+04 7.862227961834258316e-01
6.075562646936939564e+04 1.100602799630663542e+00
6.075562672942329664e+04 1.085569096108827125e+00
6.075562698947719036e+04 9.572601073111975944e-01
6.075562724953109864e+04 9.556964635557673171e-01
6.075562750958499237e+04 8.932835290373032366e-01
6.075562776963889337e+04 8.887550192063212728e-01
6.075562802969280165e+04 8.260508160395757526e-01
6.075562828974669537e+04 1.003040245406723985e+00
6.075562854980059637e+04 9.356240866050433702e-01
6.075562880985449738e+04 9.884761812020792515e-01
6.075562906990839110e+04 8.907099377795381079e-01
6.075562932996229938e+04 7.747631208450678209e-01
6.075562959001619311e+04 8.978669486404083910e-01
6.075562985007009411e+04 9.077203174796099061e-01
6.075563011012399511e+04 7.802530719179966434e-01
6.075563037017788884e+04 1.072907746003073370e+00
6.075563063023179711e+04 8.829419137169119969e-01
6.075563089028569084e+04 1.035853967639300377e+00
6.075563115033958456e+04 8.500046947571192613e-01
6.075563141039349284e+04 1.045286270109124116e+00
6.075563167044738657e+04 8.392742327583869733e-01
6.075563193050128757e+04 9.821303166929153949e-01
6.075563219055518857e+04 8.385636930386827226e-01
6.075563245060908230e+04 1.005796159443897553e+00
6.075563271066299058e+04 8.808540629623606844e-01
6.075563297071688430e+04 1.118158279948141542e+00
6.075563323077078530e+04 9.303317317780659401e-01
6.075563349082468631e+04 9.350696467331494066e-01
6.075563375087858003e+04 7.162090659871863663e-01
6.075563401093248831e+04 1.003069646072914711e+00
6.075563427098638203e+04 8.643598554851898985e-01
6.075563453104027576e+04 1.120884431490103639e+00
6.075563479109418404e+04 8.688884515550145959e-01
6.075563505114807776e+04 8.762908796271591250e-01
6.075563531120197877e+04 1.017516104336408045e+00
6.075563557125588704e+04 1.082380623047705770e+00
6.075563583130978077e+04 1.030937307322298713e+00
6.075563609136368905e+04 9.090651626743349034e-01
6.075563635141758277e+04 1.071640369843740226e+00
6.075563661147148377e+04 8.875769388158051276e-01
6.075563687152538478e+04 8.277512738220341726e-01
6.075563713157927850e+04 9.594683007983108025e-01
6.075563739163318678e+04 8.536467902593593005e-01
6.075563765168708051e+04 9.585569549181008897e-01
6.075563791174097423e+04 8.634130866760967304e-01
6.075563817179488251e+04 1.034750774961688213e+00
6.075563843184877624e+04 1.040874709170438228e+00
6.075563869190267724e+04 9.467812867788436559e-01
6.075563895195657824e+04 8.770755634834157544e-01
6.075563921201047197e+04 8.557146105403297121e-01
6.075563947206438024e+04 1.099616605375074663e+00
6.075563973211827397e+04 7.755316725120243726e-01
6.075563999217217497e+04 8.597656515613395500e-01
6.075564025222608325e+04 1.120991139258326497e+00
6.075564051227997697e+04 1.013601884568044786e+00
6.075564077233388525e+04 8.367219290200186288e-01
6.075564103238777898e+04 9.427601236648656124e-01
6.075564129244167270e+04 7.760356002914389206e-01
6.075564155249558098e+04 8.781407856062408701e-01
6.075564181254947471e+04 1.112233022892856749e+00
6.075564207260337571e+04 7.802813225754404725e-01
6.075564233265727671e+04 8.817716293128419203e-01
6.075564259271117044e+04 8.351013385763927932e-01
6.075564285276507871e+04 9.407665312300654836e-01
6.075564311281897244e+04 9.540544397758738970e-01
6.075564337287286617e+04 1.024529726652734896e+00
6.075564363292677444e+04 8.544092054192231611e-01
6.075564389298066817e+04 1.170049618169385575e+00
6.075564415303458372e+04 8.259608613948993261e-01
6.075564441308847745e+04 9.434307631227424329e-01
6.075564467314237118e+04 1.061727196077625335e+00
6.075564493319627945e+04 1.010666792913019751e+00
6.075564519325017318e+04 8.862118646634418173e-01
6.075564545330407418e+04 9.059262447233720206e-01
6.075564571335797518e+04 1.060978871905548626e+00
6.075564597341186891e+04 9.417757614151597290e-01
6.075564623346577719e+04 1.002367725770035634e+00
6.075564649351967091e+04 9.109849960470483010e-01
6.075564675357356464e+04 1.092138590891480909e+00
6.075564701362747292e+04 9.406268870592658926e-01
6.075564727368136664e+04 9.185802922757733135e-01
6.075564753373527492e+04 8.892343929393552449e-01
6.075564779378917592e+04 9.693536134958095074e-01
6.075564805384306965e+04 9.233729267816402908e-01
6.075564831389697792e+04 9.924042860715116543e-01
6.075564857395087165e+04 9.982171145574795235e-01
6.075564883400477265e+04 8.577254188930821810e-01
6.075564909405867365e+04 1.092647881800349108e+00
6.075564935411256738e+04 9.666929738626229840e-01
6.075564961416647566e+04 1.074052970804213025e+00
6.075564987422036938e+04 7.843712013712708098e-01
6.075565013427426311e+04 8.980660188182126857e-01
6.075565039432817866e+04 1.069359814140153020e+00
6.075565065438207239e+04 1.014478401630930060e+00
6.075565091443597339e+04 1.065648518994357419e+00
6.075565117448987439e+04 8.359311118708512289e-01
6.075565143454376812e+04 1.055136477421952490e+00
6.075565169459767640e+04 1.025474294244030027e+00
6.075565195465157012e+04 8.282637332346404202e-01
6.075565221470547112e+04 9.189789130950605234e-01
6.075565247475937213e+04 9.440287252413905872e-01
6.075565273481326585e+04 1.021346337049243935e+00
6.075565299486718141e+04 9.636448757073268201e-01
6.075565325492107513e+04 1.024902533806410831e+00
6.075565492676799477e+04 8.096993872350607413e-01
6.075565518682868424e+04 8.951188303532700008e-01
6.075565544688938098e+04 1.038714058531320150e+00
6.075565570695007773e+04 9.470256120322233517e-01
6.075565596701077448e+04 9.212140545682808712e-01
6.075565622707147122e+04 1.044749363729976066e+00
6.075565648713216069e+04 1.118733293104865689e+00
6.075565674719285744e+04 8.449138072253039589e-01
6.075565700725356146e+04 1.022611433971718053e+00
6.075565726731425821e+04 8.461838845281958177e-01
6.075565752737495495e+04 9.375243068605850771e-01
6.075565778743564442e+04 8.778591471344312502e-01
6.075565804749634117e+04 1.013707185438393221e+00
6.075565830755703792e+04 8.184005449091288353e-01
6.075565856761772739e+04 9.953900179589296737e-01
6.075565882767842413e+04 9.387756103340083591e-01
6.075565908773912088e+04 8.232116629907483274e-01
6.075565934779981762e+04 8.413364710863580065e-01
6.075565960786051437e+04 9.775622558483122448e-01
6.075565986792121112e+04 9.330658101418952688e-01
6.075566012798190786e+04 8.285424588962225778e-01
6.075566038804260461e+04 9.889660431674133223e-01
6.075566064810330136e+04 7.818088651163048741e-01
6.075566090816399810e+04 7.404961083492012097e-01
6.075566116822468757e+04 8.581769101156262458e-01
6.075566142828538432e+04 1.069317827807134913e+00
6.075566168834608106e+04 7.239938879316440978e-01
6.075566194840677781e+04 1.066467152837058396e+00
6.075566220846748183e+04 9.533100627566375440e-01
6.075566246852817130e+04 1.025259124945815392e+00
6.075566272858886805e+04 8.926323428453324382e-01
6.075566298864956480e+04 8.762819291326663373e-01
6.075566324871025427e+04 1.020210377379663802e+00
6.075566350877095101e+04 1.046594525025676292e+00
6.075566376883164776e+04 8.936513667856941234e-01
6.075566402889234450e+04 8.390183122700928253e-01
6.075566428895304125e+04 1.057649080641547279e+00
6.075566454901373800e+04 9.783834702965955588e-01
6.075566480907443474e+04 8.809951648542692082e-01
6.075566506913513149e+04 9.031316562766661393e-01
6.075566532919582824e+04 9.411767192110249702e-01
6.075566558925652498e+04 7.671652007260595374e-01
6.075566584931721445e+04 7.581033271205107615e-01
6.075566610937791120e+04 9.425868110752883000e-01
6.075566636943860794e+04 1.081687130461114421e+00
6.075566662949930469e+04 9.197677788739104798e-01
6.075566688956000144e+04 1.158002160818647930e+00
6.075566714962069818e+04 8.469018588878693965e-01
6.075566740968139493e+04 9.423319902228477485e-01
6.075566766974209168e+04 9.769096472145450960e-01
6.075566792980278115e+04 9.135874713511361600e-01
6.075566818986347789e+04 9.854255729334803204e-01
6.075566844992417464e+04 1.069494641459348472e+00
6.075566870998487866e+04 9.018594077344842530e-01
6.075566897004557541e+04 8.975177219294536712e-01
6.075566923010626488e+04 1.061436025201985434e+00
6.075566949016696162e+04 9.104923891893712540e-01
6.075566975022765837e+04 9.847237335601095598e-01
6.075567001028834784e+04 9.201785690831550957e-01
6.075567027034905186e+04 8.326138917976514398e-01
6.075567053040974133e+04 7.372059804843446029e-01
6.075567079047044535e+04 1.024085314266581781e+00
6.075567105053114210e+04 8.884594676590382711e-01
6.075567131059183157e+04 1.041167893126221600e+00
6.075567157065252832e+04 1.049658188943322523e+00
6.075567183071322506e+04 8.994430422529101632e-01
6.075567209077392181e+04 1.077099643584043864e+00
6.075567235083461856e+04 1.005933300274695741e+00
6.075567261089531530e+04 8.654864037641581964e-01
6.075567287095601205e+04 8.565700343474910161e-01
6.075567313101670879e+04 8.861164408923078994e-01
6.075567339107740554e+04 9.884354621772124538e-01
6.075567365113810229e+04 1.081647122429043595e+00
6.075567391119879176e+04 1.072313305485013801e+00
6.075567417125948850e+04 9.973850639951038488e-01
6.075567443132019253e+04 1.116601518476445731e+00
6.075567469138088200e+04 8.628586667067760230e-01
6.075567495144157874e+04 8.447091280982017558e-01
6.075567521150227549e+04 1.192292737920431112e+00
6.075567547156297223e+04 8.733548816727647601e-01
6.075567573162366898e+04 1.189193143385696150e+00
6.075567599168436573e+04 1.121012321845671122e+00
6.075567625174506247e+04 9.348996821091827281e-01
6.075567651180575922e+04 1.006263554675311367e+00
6.075567677186645597e+04 8.103696322144077202e-01
6.075567703192715271e+04 9.027029053435859929e-01
6.075567729198784218e+04 9.121690034688728632e-01
6.075567755204853893e+04 7.450353815251135048e-01
6.075567781210924295e+04 1.046315976426158256e+00
6.075567807216993242e+04 8.333587956927508422e-01
6.075567833223062917e+04 1.010127433352641324e+00
6.075567859229132591e+04 9.295836432234366731e-01
6.075567885235202266e+04 1.142955154296130482e+00
6.075567911241271941e+04 1.110568096603359756e+00
6.075567937247341615e+04 9.870751384094401670e-01
6.075567963253411290e+04 9.326955538731479534e-01
6.075567989259480964e+04 1.086699488344664566e+00
6.075568015265550639e+04 8.669601222166850585e-01
6.075568041271620314e+04 9.971083250481910243e-01
6.075568067277689261e+04 8.097285641619251795e-01
6.075568093283759663e+04 8.527130204869265429e-01
6.075568119289829338e+04 1.101977124133034946e+00
6.075568145295898285e+04 1.088143002335561826e+00
6.075568171301968687e+04 1.024768842559408144e+00
6.075568197308037634e+04 9.495617172191241906e-01
6.075568223314107308e+04 9.566744456325563251e-01
6.075568249320177711e+04 8.368732075302682816e-01
6.075568275326246658e+04 7.905486844533234914e-01
6.075568301332316332e+04 8.013277327586374454e-01
6.075568327338386007e+04 7.991335928687582912e-01
6.075568483179301256e+04 9.602236696081423162e-01
6.075568509184680443e+04 1.034697685654646371e+00
6.075568535190059629e+04 9.824581693254204051e-01
6.075568561195438815e+04 7.844436348100928269e-01
6.075568587200818729e+04 7.552739646540473917e-01
6.075568613206199370e+04 9.156368101439219531e-01
6.075568639211578557e+04 9.325685302879019867e-01
6.075568665216957743e+04 1.025848819217365593e+00
6.075568691222336929e+04 8.821805541671640105e-01
6.075568717227716115e+04 8.135691094997148376e-01
6.075568743233096029e+04 1.151187561832306194e+00
6.075568769238475215e+04 8.838456524805642367e-01
6.075568795243854402e+04 8.479249676002591496e-01
6.075568821249233588e+04 1.132667321328624244e+00
6.075568847254613502e+04 1.176472171073751127e+00
6.075568873259992688e+04 1.107799857349025974e+00
6.075568899265372602e+04 9.828995138039312573e-01
6.075568925270752516e+04 8.081602267688149377e-01
6.075568951276131702e+04 6.526861752293733332e-01
6.075568977281511616e+04 1.104280346461798068e+00
6.075569003286890802e+04 8.866622641895882673e-01
6.075569029292269988e+04 1.039523420380806584e+00
6.075569055297649174e+04 1.034094615525621430e+00
6.075569081303029088e+04 8.500887878642318096e-01
6.075569107308408275e+04 1.021895377080441092e+00
6.075569133313787461e+04 9.280781735931129539e-01
6.075569159319166647e+04 1.064471892579156753e+00
6.075569185324547288e+04 9.644730087395542162e-01
6.075569211329927202e+04 7.566992747639620376e-01
6.075569237335306389e+04 8.762075664130567487e-01
6.075569263340685575e+04 9.776322917020502379e-01
6.075569289346064761e+04 9.500764716818970168e-01
6.075569315351444675e+04 9.695836874951253570e-01
6.075569341356823861e+04 9.274140936545796077e-01
6.075569367362203047e+04 9.821920522613358795e-01
6.075569393367582234e+04 1.122296801715643610e+00
6.075569419372962147e+04 9.590329210499819457e-01
6.075569445378341334e+04 1.016344911105508286e+00
6.075569471383720520e+04 9.985679327514593862e-01
6.075569497389100434e+04 8.997046173415315096e-01
6.075569523394481075e+04 1.106989514375116057e+00
6.075569549399860261e+04 8.902246489769594096e-01
6.075569575405239448e+04 9.058409506061884109e-01
6.075569601410618634e+04 9.650155854529403054e-01
6.075569627415998548e+04 9.868682870277026842e-01
6.075569653421377734e+04 8.344087416704019100e-01
6.075569679426756920e+04 9.910377298447116123e-01
6.075569705432136107e+04 7.613134874378332251e-01
6.075569731437516020e+04 8.907558256528628204e-01
6.075569757442895207e+04 9.542495677099361862e-01
6.075569783448274393e+04 8.577697663343670786e-01
6.075569809453654307e+04 9.303164505588974453e-01
6.075569835459034948e+04 1.049745306557958946e+00
6.075569861464414134e+04 9.596766822912957684e-01
6.075569887469793321e+04 1.026285759573440259e+00
6.075569913475172507e+04 9.245226751933603992e-01
6.075569939480552421e+04 9.558884477719674644e-01
6.075569965485931607e+04 1.003942907698944342e+00
6.075569991491310793e+04 1.053890821685472545e+00
6.075570017496689979e+04 7.798856343189493057e-01
6.075570043502069893e+04 1.019121318940441778e+00
6.075570069507449080e+04 9.226868475607521436e-01
6.075570095512828993e+04 9.750098282200128086e-01
6.075570121518208907e+04 1.051716172922896764e+00
6.075570147523588821e+04 1.015014959347442458e+00
6.075570173528968007e+04 8.422517121179060595e-01
6.075570199534347194e+04 1.094843226159633476e+00
6.075570225539727107e+04 1.049588720788762419e+00
6.075570251545106294e+04 8.505166819139288181e-01
6.075570277550485480e+04 1.181621584373259370e+00
6.075570303555864666e+04 1.012794007116313733e+00
6.075570329561244580e+04 9.924867427482463311e-01
6.075570355566623766e+04 8.263854656456237624e-01
6.075570381572002952e+04 1.091416781047518159e+00
6.075570407577382866e+04 1.079595466772460544e+00
6.075570433582763508e+04 9.785014884727707418e-01
6.075570459588142694e+04 1.168297906280668208e+00
6.075570485593521880e+04 1.026525028748280111e+00
6.075570511598901066e+04 1.144235965913658504e+00
6.075570537604280980e+04 1.154348521067213751e+00
6.075570563609660167e+04 1.026399341133390486e+00
6.075570589615039353e+04 1.039439301321020137e+00
6.075570615620419267e+04 1.100160657810493881e+00
6.075570641625798453e+04 9.900287231846452984e-01
6.075570667631177639e+04 9.155489758537477263e-01
6.075570693636557553e+04 1.065085441244978615e+00
6.075570719641938194e+04 9.781946261887621841e-01
6.075570745647317381e+04 1.052486355115549665e+00
6.075570771652696567e+04 1.155584527741720047e+00
6.075570797658076481e+04 1.145819951207093235e+00
6.075570823663455667e+04 9.407749110357739308e-01
6.075570849668834853e+04 9.476048706362720786e-01
6.075570875674214039e+04 1.083919783296440453e+00
6.075570901679593953e+04 8.699050368758277640e-01
6.075570927684973140e+04 8.980740322511662210e-01
6.075570953690352326e+04 1.207613212946265779e+00
6.075570979695732240e+04 1.093186266668524587e+00
6.075571005701112153e+04 9.881923193844202036e-01
6.075571031706492067e+04 1.055643239040401582e+00
6.075571057711871254e+04 1.053059436000260307e+00
6.075571083717251167e+04 9.709688291002186444e-01
6.075571109722630354e+04 1.044489921166620983e+00
6.075571135728009540e+04 9.749568226444308428e-01
6.075571161733389454e+04 8.465754590906987564e-01
6.075571187738768640e+04 9.638803856100053302e-01
6.075571213744147826e+04 1.067376489620803781e+00
6.075571239749527740e+04 1.122331131557987804e+00
6.075571265754906926e+04 9.160544705241047136e-01
6.075571291760286840e+04 1.000157784925327142e+00
6.075571317765666754e+04 1.057108960599403957e+00
6.075571474868715450e+04 1.139552893003988432e+00
6.075571500874785124e+04 9.025300473604984663e-01
6.075571526880854799e+04 1.001631178607188977e+00
6.075571552886924474e+04 9.408758887522504777e-01
6.075571578892994148e+04 9.118552597862962239e-01
6.075571604899063823e+04 9.352164462326645333e-01
6.075571630905133497e+04 1.197761722926229622e+00
6.075571656911203172e+04 1.033840409751791922e+00
6.075571682917273574e+04 1.117042983878061557e+00
6.075571708923342521e+04 9.293032464470670773e-01
6.075571734929412196e+04 1.216250578045005470e+00
6.075571760935482598e+04 1.093530745519468494e+00
6.075571786941552273e+04 9.753404524136448650e-01
6.075571812947621947e+04 1.023990237041449758e+00
6.075571838953690894e+04 1.023947565323571451e+00
6.075571864959761297e+04 1.144908823855750990e+00
6.075571890965830971e+04 1.067683035206565156e+00
6.075571916971899918e+04 9.397473616762553883e-01
6.075571942977970320e+04 9.979587043921853695e-01
6.075571968984039995e+04 1.025527427741470543e+00
6.075571994990109670e+04 1.029851521814825199e+00
6.075572020996180072e+04 1.023892391584992234e+00
6.075572047002249019e+04 8.792181615786229809e-01
6.075572073008318694e+04 1.051747032249234159e+00
6.075572099014388368e+04 1.168189551914019964e+00
6.075572125020458770e+04 1.078503982410071949e+00
6.075572151026528445e+04 1.020419558793378867e+00
6.075572177032597392e+04 1.153662913216150665e+00
6.075572203038667794e+04 1.151759734430762849e+00
6.075572229044737469e+04 1.031768760291856157e+00
6.075572255050806416e+04 8.737616299504626927e-01
6.075572281056877546e+04 9.127586523219601844e-01
6.075572307062946493e+04 1.098598929581435124e+00
6.075572333069016167e+04 1.042062238923173734e+00
6.075572359075086570e+04 1.146362964395101658e+00
6.075572385081155517e+04 1.186735398063213376e+00
6.075572411087225191e+04 1.039709927141039714e+00
6.075572437093294866e+04 9.684421492570355339e-01
6.075572463099365268e+04 1.099933428546127079e+00
6.075572489105434943e+04 1.107299083859490052e+00
6.075572515111503890e+04 9.113348428328028605e-01
6.075572541117574292e+04 9.171731953109673041e-01
6.075572567123643967e+04 9.925335320253158011e-01
6.075572593129713641e+04 1.027182380156769881e+00
6.075572619135784043e+04 9.723945852217672492e-01
6.075572645141852990e+04 1.022101872520288390e+00
6.075572671147922665e+04 1.061868211676114448e+00
6.075572697153993067e+04 8.129603696117092548e-01
6.075572723160062014e+04 9.010209760598427708e-01
6.075572749166131689e+04 9.883786101516358613e-01
6.075572775172202091e+04 9.111150341551296217e-01
6.075572801178271766e+04 1.086340055658034487e+00
6.075572827184341440e+04 8.992452228561572669e-01
6.075572853190411115e+04 9.608265954159770361e-01
6.075572879196480790e+04 9.345634111056652094e-01
6.075572905202550464e+04 1.032606242961047638e+00
6.075572931208620867e+04 1.036657125648081879e+00
6.075572957214690541e+04 1.247110188898156835e+00
6.075572983220759488e+04 1.067193121706065728e+00
6.075573009226829890e+04 7.714115624118655923e-01
6.075573035232899565e+04 8.799621581087507804e-01
6.075573061238968512e+04 1.012803105190793751e+00
6.075573087245038914e+04 1.002654179111601263e+00
6.075573113251108589e+04 1.052128010848971451e+00
6.075573139257178264e+04 1.078840023156023564e+00
6.075573165263248666e+04 9.894411300698902068e-01
6.075573191269317613e+04 9.845002495244975504e-01
6.075573217275387287e+04 1.084433295037205536e+00
6.075573243281457690e+04 9.946199733755501926e-01
6.075573269287527364e+04 1.075702361801561091e+00
6.075573295293597039e+04 1.189585537379546976e+00
6.075573321299666713e+04 1.187965790888316109e+00
6.075573347305736388e+04 1.091019691840518613e+00
6.075573373311806063e+04 1.140271757288210619e+00
6.075573399317875737e+04 9.908696357111559383e-01
6.075573425323946140e+04 1.003666745806718996e+00
6.075573451330015087e+04 1.010186131895931982e+00
6.075573477336085489e+04 9.227933553538653078e-01
6.075573503342155163e+04 1.035702495712680582e+00
6.075573529348224110e+04 1.066170281455579794e+00
6.075573555354294513e+04 9.519991174239615939e-01
6.075573581360364187e+04 9.547833722143795887e-01
6.075573607366434589e+04 1.243977859209451031e+00
6.075573633372504264e+04 1.108560255080759616e+00
6.075573659378573211e+04 1.189182836580264357e+00
6.075573685384643613e+04 8.805617392878479777e-01
6.075573711390713288e+04 1.180778649336918340e+00
6.075573737396782963e+04 9.639215489814841886e-01
6.075573763402853365e+04 8.884445229708517466e-01
6.075573789408922312e+04 1.109518288586644807e+00
6.075573815414991986e+04 9.650926313789820465e-01
6.075573841421062389e+04 1.102035675313032703e+00
6.075573867427131336e+04 9.870643327994045313e-01
6.075573893433201010e+04 9.386661635956893290e-01
6.075573919439271413e+04 1.060050062721094477e+00
6.075573945445341087e+04 1.063096788483632205e+00
6.075573971451411489e+04 1.066912167299497449e+00
6.075573997457480436e+04 1.103073906637062063e+00
6.075574023463550111e+04 1.203535359835197438e+00
6.075574049469620513e+04 1.048204635731873280e+00
6.075574075475690188e+04 1.004758604698692048e+00
6.075574101481759863e+04 9.004842580622214321e-01
6.075574127487829537e+04 1.127514319853536229e+00
6.075574153493899212e+04 1.193238596397121043e+00
6.075574179499969614e+04 1.108170241779645071e+00
6.075574205506038561e+04 1.071581887738059180e+00
6.075574231512108236e+04 9.978578936001282207e-01
6.075574257518178638e+04 9.350142393516357453e-01
6.075574283524248312e+04 1.086306624631985907e+00
6.075574309530317987e+04 1.283928038223167256e+00
6.075574483016229351e+04 9.898478630291989155e-01
6.075574509021608537e+04 1.091462983702552236e+00
6.075574535026989179e+04 9.607355904654754086e-01
6.075574561032369093e+04 8.126528688736823769e-01
6.075574587037748279e+04 1.103658137616643886e+00
6.075574613043128193e+04 9.853391529553108263e-01
6.075574639048507379e+04 1.145269964449550981e+00
6.075574665053887293e+04 1.259406207979189007e+00
6.075574691059266479e+04 1.045747792251909170e+00
6.075574717064645665e+04 1.155216666625705990e+00
6.075574743070025579e+04 9.441792399778974332e-01
6.075574769075404765e+04 1.179791250674491421e+00
6.075574795080784679e+04 1.101204468254004976e+00
6.075574821086163865e+04 1.107331803727601871e+00
6.075574847091544507e+04 1.083072048195230508e+00
6.075574873096924421e+04 1.006101579614815833e+00
6.075574899102303607e+04 1.260185991522854820e+00
6.075574925107683521e+04 1.083202237651913036e+00
6.075574951113062707e+04 1.024522169296141483e+00
6.075574977118442621e+04 9.590043615799515031e-01
6.075575003123821807e+04 8.905887743652116662e-01
6.075575029129201721e+04 1.065771359124282558e+00
6.075575055134580907e+04 8.031263735349755128e-01
6.075575081139960093e+04 1.054060253823116522e+00
6.075575107145340007e+04 1.129442730533343431e+00
6.075575133150719921e+04 1.097142156195154872e+00
6.075575159156100563e+04 1.170909227533474484e+00
6.075575185161479749e+04 1.059912028018965779e+00
6.075575211166859663e+04 1.335432824054269663e+00
6.075575237172238849e+04 1.165946291721547734e+00
6.075575263177618035e+04 1.001224152413935586e+00
6.075575289182997949e+04 9.114087231290909363e-01
6.075575315188377135e+04 1.028270141238245117e+00
6.075575341193757049e+04 9.792703142913044001e-01
6.075575367199136235e+04 9.347771264522086732e-01
6.075575393204516149e+04 1.099593390926695280e+00
6.075575419209895335e+04 1.177149947882688563e+00
6.075575445215275249e+04 1.202696174554822361e+00
6.075575471220655891e+04 1.131543879709152822e+00
6.075575497226035077e+04 1.112503968455220926e+00
6.075575523231414991e+04 8.848799637044144628e-01
6.075575549236794177e+04 1.126534705856765850e+00
6.075575575242174091e+04 1.006825962230693206e+00
6.075575601247553277e+04 1.233019059138276363e+00
6.075575627252933191e+04 1.169507529980904126e+00
6.075575653258312377e+04 8.966957186544577407e-01
6.075575679263691563e+04 1.081101850916117213e+00
6.075575705269071477e+04 1.113722208859470264e+00
6.075575731274451391e+04 1.095170281211014895e+00
6.075575757279832033e+04 1.164601992916632689e+00
6.075575783285211219e+04 1.106122854964572744e+00
6.075575809290591133e+04 1.171395047657201927e+00
6.075575835295970319e+04 1.035600841186204990e+00
6.075575861301350233e+04 9.870761948763169258e-01
6.075575887306729419e+04 1.137950845706249714e+00
6.075575913312109333e+04 9.475639497555649049e-01
6.075575939317488519e+04 1.022787498202435641e+00
6.075575965322867705e+04 1.045502956622325064e+00
6.075575991328247619e+04 7.928364227041142520e-01
6.075576017333626805e+04 9.938011649338189812e-01
6.075576043339007447e+04 1.153221206001233012e+00
6.075576069344387361e+04 1.143544429925869022e+00
6.075576095349767274e+04 9.962042834444941874e-01
6.075576121355146461e+04 1.003658094909999132e+00
6.075576147360526375e+04 1.053532002998246897e+00
6.075576173365905561e+04 9.929012173405277197e-01
6.075576199371285475e+04 9.131409388242709424e-01
6.075576225376664661e+04 1.007600883461932995e+00
6.075576251382044575e+04 1.032170621639544317e+00
6.075576277387423761e+04 1.013287063733042448e+00
6.075576303392802947e+04 1.126304696584504272e+00
6.075576329398183589e+04 1.077198172800756248e+00
6.075576355403563502e+04 1.085550904470280242e+00
6.075576381408943416e+04 1.036246168798347966e+00
6.075576407414322603e+04 1.216791311311297363e+00
6.075576433419702516e+04 1.025423757560890436e+00
6.075576459425081703e+04 1.027167300267047612e+00
6.075576485430461616e+04 9.547148128035104486e-01
6.075576511435840803e+04 1.098984326063619177e+00
6.075576537441220717e+04 1.121315341872017868e+00
6.075576563446599903e+04 1.056368743378634845e+00
6.075576589451979817e+04 9.539527286329413380e-01
6.075576615457359003e+04 1.049001220026923864e+00
6.075576641462739644e+04 1.073706991102234554e+00
6.075576667468119558e+04 1.000609977138187778e+00
6.075576693473499472e+04 9.776033530441242680e-01
6.075576719478878658e+04 1.129716936639491909e+00
6.075576745484258572e+04 1.250441936899511663e+00
6.075576771489637758e+04 1.043490070385478585e+00
6.075576797495017672e+04 9.312697238744785944e-01
6.075576823500396858e+04 1.269470918447302310e+00
6.075576849505776045e+04 9.448272509423877308e-01
6.075576875511155959e+04 1.254263454406787881e+00
6.075576901516535145e+04 1.000512278673373112e+00
6.075576927521915786e+04 1.100102899498385245e+00
6.075576953527295700e+04 1.108025232778127922e+00
6.075576979532675614e+04 9.553305860134106986e-01
6.075577005538054800e+04 1.190926306383331523e+00
6.075577031543434714e+04 1.020747924946928231e+00
6.075577057548813900e+04 1.129605284700595735e+00
6.075577083554193814e+04 9.909599650661444770e-01
6.075577109559573000e+04 1.090099099404273408e+00
6.075577135564952914e+04 9.717577216440735910e-01
6.075577161570332100e+04 1.062784719454236582e+00
6.075577187575712014e+04 9.201377632947871366e-01
6.075577213581091200e+04 1.096571661419178056e+00
6.075577239586471842e+04 1.195633753490032314e+00
6.075577265591851756e+04 9.279670141064121358e-01
6.075577291597231670e+04 9.338910795871567805e-01
6.075577317602610856e+04 1.038509995801911279e+00
