6.075585120116569306e+04 1.058279907536740172e+00
6.075585146121949219e+04 1.065432804348253271e+00
6.075585172127328406e+04 1.005139149071820004e+00
6.075585198132708319e+04 1.001127741333430965e+00
6.075585224138088233e+04 1.075734683889036924e+00
6.075585250143468147e+04 9.191265087797892974e-01
6.075585276148847333e+04 1.055184923079851789e+00
6.075585302154227247e+04 1.002013115042001745e+00
6.075585328159607161e+04 1.207816024589821513e+00
6.075585354164987803e+04 1.106441466047270339e+00
6.075585380170368444e+04 1.018746467663352639e+00
6.075585406175747630e+04 1.015294627675781047e+00
6.075585432181127544e+04 1.006071289979597605e+00
6.075585458186507458e+04 9.256139747820403274e-01
6.075585484191887372e+04 1.033790244450748741e+00
6.075585510197266558e+04 1.026140130992579502e+00
6.075585536202646472e+04 1.099440427756555039e+00
6.075585562208026386e+04 1.110791762653551285e+00
6.075585588213406299e+04 1.072107684995917909e+00
6.075585614218786213e+04 1.084486959935900385e+00
6.075585640224165400e+04 1.109493584356937124e+00
6.075585666229546041e+04 1.084125905734572681e+00
6.075585692234926682e+04 1.050211032610654849e+00
6.075585718240306596e+04 1.026879059167267183e+00
6.075585744245685783e+04 1.029971704600388671e+00
6.075585770251065696e+04 1.081058558611571296e+00
6.075585796256445610e+04 1.044937348175673408e+00
6.075585822261825524e+04 1.141139491787050542e+00
6.075585848267205438e+04 1.033147356378198101e+00
6.075585874272584624e+04 1.025884343398936638e+00
6.075585900277964538e+04 9.765282360038077814e-01
6.075585926283344452e+04 1.060693933563216840e+00
6.075585952288725093e+04 9.827274123619217372e-01
6.075585978294105735e+04 1.062547895008856935e+00
6.075586004299484921e+04 9.045014874310012276e-01
6.075586030304864835e+04 1.027186383238948952e+00
6.075586056310244749e+04 9.603069608566893178e-01
6.075586082315624662e+04 9.945028357242167161e-01
6.075586108321004576e+04 1.046959206275431598e+00
6.075586134326383763e+04 9.580860134871461709e-01
6.075586160331763676e+04 1.147379949964285162e+00
6.075586186337143590e+04 9.414899275110077959e-01
6.075586212342523504e+04 9.566403599733697138e-01
6.075586238347903418e+04 9.771018257816138641e-01
6.075586264353283332e+04 9.977622911611123691e-01
6.075586290358663973e+04 9.930879758942056101e-01
6.075586316364043887e+04 1.090118647066621094e+00
6.075586342369423801e+04 1.068160375189828315e+00
6.075586368374803715e+04 9.980217678138638693e-01
6.075586394380182901e+04 1.045225998687700386e+00
6.075586420385562815e+04 1.046624486712894653e+00
6.075586446390942729e+04 1.010085602442340136e+00
6.075586472396322642e+04 1.017338361703176375e+00
6.075586498401702556e+04 1.066497013034128916e+00
6.075586524407081743e+04 1.041938945240000969e+00
6.075586550412462384e+04 1.057686776165814413e+00
6.075586576417843025e+04 1.152273454082020310e+00
6.075586602423222939e+04 9.663983977182760698e-01
6.075586628428602853e+04 9.478888609194499049e-01
6.075586654433982039e+04 1.142505928868196463e+00
6.075586680439361953e+04 9.889806185943639250e-01
6.075586706444741867e+04 1.115767202264256630e+00
6.075586732450121781e+04 1.035227103555198536e+00
6.075586758455501695e+04 1.046501478412426245e+00
6.075586784460881609e+04 9.688153669327702611e-01
6.075586810466260795e+04 1.031227151038566214e+00
6.075586836471640709e+04 1.077547221995711846e+00
6.075586862477021350e+04 1.001972126972465960e+00
6.075586888482401991e+04 1.122348557059010599e+00
6.075586914487781905e+04 1.101301673557740113e+00
6.075586940493161092e+04 1.036208387270051601e+00
6.075586966498541005e+04 1.037027089767429633e+00
6.075586992503920919e+04 1.038941110637294996e+00
6.075587018509300833e+04 9.188458579167735341e-01
6.075587044514680747e+04 1.049677315232530272e+00
6.075587070520060661e+04 1.112034544067189490e+00
6.075587096525439847e+04 1.002597394827006605e+00
6.075587122530819761e+04 1.013139413120673016e+00
6.075587148536199675e+04 9.565432497445475191e-01
6.075587174541581044e+04 1.052876201381885979e+00
6.075587200546960958e+04 8.824085048011506283e-01
6.075587226552340871e+04 1.009332577638660133e+00
6.075587252557720058e+04 9.849808155807543431e-01
6.075587278563099972e+04 1.003151604233395222e+00
6.075587304568479885e+04 1.035275160700681152e+00
6.075587330573859799e+04 9.597353121455356462e-01
6.075587356579239713e+04 1.066365896231188382e+00
6.075587382584619627e+04 1.071867126493498246e+00
6.075587408589998813e+04 1.010091214692197870e+00
6.075587434595378727e+04 9.473457013837932594e-01
6.075587460600759368e+04 1.072688678799563755e+00
6.075587486606140010e+04 1.017977341598275576e+00
6.075587512611519924e+04 1.085399950379713374e+00
6.075587538616899838e+04 9.808301004021794389e-01
6.075587564622279751e+04 9.016239931942198194e-01
6.075587590627658938e+04 1.084162791746961396e+00
6.075587616633038851e+04 1.106645774554336326e+00
6.075587642638418765e+04 9.812182396418620556e-01
6.075587668643798679e+04 1.028364791601474426e+00
6.075587694649178593e+04 1.032836288062240149e+00
6.075587720654558507e+04 1.052326256172865682e+00
6.075587746659937693e+04 9.296275502933298851e-01
6.075587772665318334e+04 9.257565636773604778e-01
6.075587798670698976e+04 9.875387274550299077e-01
6.075587824676078890e+04 1.035196602811722766e+00
6.075587850681458804e+04 1.035670909984245824e+00
6.075587876686838717e+04 1.030421595321185935e+00
6.075587902692218631e+04 9.585033923922179344e-01
6.075587928697597818e+04 1.020148756407441404e+00
6.075587954702977731e+04 9.201804904363453108e-01
6.075588115586427011e+04 9.826920789914530552e-01
6.075588141592496686e+04 1.049725040919885055e+00
6.075588167598567088e+04 9.634664437193267705e-01
6.075588193604636763e+04 9.718079068648775021e-01
6.075588219610707165e+04 1.060717835323504277e+00
6.075588245616777567e+04 9.544543063921060444e-01
6.075588271622847242e+04 1.100674430426549888e+00
6.075588297628917644e+04 9.629919260339813158e-01
6.075588323634988046e+04 1.049414275390198936e+00
6.075588349641056993e+04 1.076501286300671767e+00
6.075588375647127395e+04 1.067347162598504706e+00
6.075588401653197798e+04 1.020221600199538559e+00
6.075588427659268200e+04 1.061846329471836770e+00
6.075588453665338602e+04 1.089359378953355106e+00
6.075588479671408277e+04 9.920574024309176675e-01
6.075588505677478679e+04 9.687659407901914044e-01
6.075588531683548354e+04 9.838001757406059644e-01
6.075588557689618756e+04 9.820952550271102588e-01
6.075588583695689158e+04 1.055420779393335451e+00
6.075588609701758833e+04 9.745443577882506592e-01
6.075588635707829235e+04 1.029049974880211993e+00
6.075588661713899637e+04 1.020013254570861783e+00
6.075588687719969312e+04 1.033337450481694786e+00
6.075588713726038986e+04 8.770641646307049122e-01
6.075588739732109389e+04 9.595314747240615283e-01
6.075588765738179791e+04 9.717114230172398948e-01
6.075588791744250193e+04 9.953211639351720041e-01
6.075588817750319868e+04 9.744732961527733384e-01
6.075588843756390270e+04 1.030616269158710407e+00
6.075588869762460672e+04 9.927956058945724971e-01
6.075588895768530347e+04 9.975523620297662708e-01
6.075588921774600749e+04 9.582749953798335163e-01
6.075588947780670424e+04 1.018413917079044495e+00
6.075588973786740826e+04 1.032776665536430771e+00
6.075588999792811228e+04 1.034590959330587534e+00
6.075589025798880903e+04 9.684303741669971766e-01
6.075589051804952032e+04 9.851517432367081772e-01
6.075589077811021707e+04 1.008307343047707638e+00
6.075589103817091382e+04 1.011725941627797942e+00
6.075589129823161784e+04 1.048721932658540634e+00
6.075589155829231458e+04 9.932776672454306510e-01
6.075589181835301861e+04 9.627830343305734395e-01
6.075589207841372263e+04 9.402458250088322478e-01
6.075589233847442665e+04 9.925392831892155820e-01
6.075589259853513067e+04 1.105275675092464160e+00
6.075589285859582742e+04 1.034704099284774692e+00
6.075589311865652417e+04 9.922872303002595595e-01
6.075589337871722819e+04 1.067181123160638956e+00
6.075589363877793221e+04 1.036451171008758276e+00
6.075589389883863623e+04 9.792315146759782429e-01
6.075589415889933298e+04 1.058047996128747004e+00
6.075589441896003700e+04 1.059623463277152178e+00
6.075589467902074102e+04 1.061842423755459119e+00
6.075589493908143777e+04 1.052955070803230253e+00
6.075589519914213452e+04 1.011962955777227391e+00
6.075589545920283854e+04 9.688248340185630081e-01
6.075589571926354256e+04 1.141662144213875907e+00
6.075589597932424658e+04 9.846150814699742293e-01
6.075589623938494333e+04 1.036867903585228401e+00
6.075589649944564735e+04 9.572400386905426384e-01
6.075589675950635137e+04 1.100968747753077848e+00
6.075589701956705539e+04 9.485375406864702263e-01
6.075589727962775942e+04 8.379070684046232564e-01
6.075589753968844889e+04 1.002097391547414063e+00
6.075589779974915291e+04 9.951001958809829739e-01
6.075589805980985693e+04 1.014008341346980036e+00
6.075589831987055368e+04 9.601080581084442400e-01
6.075589857993125770e+04 9.731553674740021087e-01
6.075589883999196172e+04 8.975287803519438334e-01
6.075589910005266574e+04 1.065487016821543342e+00
6.075589936011336977e+04 9.790704568024111154e-01
6.075589962017406651e+04 9.400169349163030041e-01
6.075589988023477054e+04 9.812475860529883409e-01
6.075590014029546728e+04 1.024001221811366547e+00
6.075590040035617130e+04 1.079215188218374255e+00
6.075590066041687533e+04 1.009726267319845494e+00
6.075590092047757207e+04 8.508619559227367235e-01
6.075590118053827609e+04 1.026399994276982142e+00
6.075590144059898012e+04 9.840720792834365405e-01
6.075590170065967686e+04 1.007129683056270819e+00
6.075590196072038816e+04 9.897461220176356766e-01
6.075590222078108491e+04 1.044330307660331636e+00
6.075590248084178893e+04 9.536406386091118570e-01
6.075590274090249295e+04 9.804934443781403441e-01
6.075590300096318242e+04 1.002643271024895144e+00
6.075590326102388644e+04 9.724229892112354889e-01
6.075590352108459047e+04 1.041607971174899783e+00
6.075590378114529449e+04 9.481453523643161851e-01
6.075590404120599851e+04 1.028229537815988248e+00
6.075590430126669526e+04 1.065212325407491889e+00
6.075590456132739928e+04 1.056298606504335380e+00
6.075590482138810330e+04 9.527969634556144873e-01
6.075590508144880732e+04 1.043465437844081078e+00
6.075590534150951135e+04 9.754770763627701458e-01
6.075590560157020809e+04 9.851349701253377944e-01
6.075590586163091211e+04 8.664490693439413915e-01
6.075590612169160886e+04 1.023942791091216664e+00
6.075590638175230561e+04 9.791164445160372987e-01
6.075590664181300963e+04 9.600617154163663125e-01
6.075590690187371365e+04 1.107879054553350562e+00
6.075590716193441767e+04 1.037614542847040244e+00
6.075590742199512169e+04 1.049706146157978415e+00
6.075590768205581844e+04 1.090233912316746823e+00
6.075590794211652246e+04 1.016314706396799883e+00
6.075590820217722649e+04 9.572275885743749546e-01
6.075590846223793051e+04 8.815603965098826045e-01
6.075590872229863453e+04 9.979964553056509535e-01
6.075590898235933128e+04 1.126105429754796994e+00
6.075590924242003530e+04 9.836590588874660757e-01
6.075590950248073932e+04 9.226508620931769267e-01
6.075591106051386305e+04 1.003149277900468483e+00
6.075591132057445793e+04 9.441717248685919106e-01
6.075591158063505281e+04 1.061311254831662776e+00
6.075591184069564770e+04 1.022188418641742258e+00
6.075591210075624258e+04 1.032200962958935930e+00
6.075591236081683746e+04 1.048906592030264040e+00
6.075591262087743235e+04 1.010568576332799173e+00
6.075591288093802723e+04 9.616652358506122544e-01
6.075591314099862211e+04 8.968488403490515459e-01
6.075591340105922427e+04 1.011030399239055022e+00
6.075591366111981915e+04 9.659108561558977790e-01
6.075591392118041404e+04 1.047571232995904378e+00
6.075591418124100892e+04 1.061908137975683397e+00
6.075591444130160380e+04 9.270964208051947208e-01
6.075591470136219868e+04 9.844698929385744535e-01
6.075591496142279357e+04 1.081211560494235391e+00
6.075591522148338845e+04 9.134774083721290960e-01
6.075591548154399061e+04 1.011833718622154654e+00
6.075591574160458549e+04 9.371519811133555145e-01
6.075591600166518037e+04 1.012219342881716555e+00
6.075591626172577526e+04 9.555616723305032645e-01
6.075591652178637742e+04 8.882965561585733916e-01
6.075591678184697230e+04 1.014511006853717756e+00
6.075591704190756718e+04 1.011836788904231010e+00
6.075591730196816206e+04 9.766208686380744020e-01
6.075591756202875695e+04 9.720327274326725497e-01
6.075591782208935183e+04 9.528561863447634339e-01
6.075591808214994671e+04 9.451264454842654983e-01
6.075591834221054160e+04 9.906717239885505233e-01
6.075591860227113648e+04 1.063673566942552773e+00
6.075591886233173136e+04 9.156077689821522370e-01
6.075591912239232624e+04 9.475081186627795082e-01
6.075591938245292840e+04 1.012049927519637738e+00
6.075591964251352329e+04 9.632396955282163109e-01
6.075591990257411817e+04 1.050466860539063907e+00
6.075592016263471305e+04 9.383289840053227193e-01
6.075592042269530793e+04 9.978846293444194604e-01
6.075592068275590282e+04 9.883034678252691219e-01
6.075592094281649770e+04 9.060254338372549787e-01
6.075592120287709986e+04 9.938487909522231156e-01
6.075592146293769474e+04 9.890075420889331559e-01
6.075592172299828962e+04 1.051430797266812878e+00
6.075592198305888451e+04 1.080023762860729208e+00
6.075592224311948667e+04 9.083887989143555330e-01
6.075592250318008155e+04 1.052497989767174902e+00
6.075592276324067643e+04 9.668602398494251515e-01
6.075592302330127131e+04 9.849073895153190872e-01
6.075592328336186620e+04 1.051215269073424219e+00
6.075592354342246108e+04 1.012613480467998706e+00
6.075592380348305596e+04 1.096522571649506173e+00
6.075592406354365812e+04 9.469901555617695754e-01
6.075592432360425300e+04 1.077146411205473830e+00
6.075592458366484789e+04 1.079964903317531366e+00
6.075592484372544277e+04 1.085588873294065948e+00
6.075592510378604493e+04 8.780798146892390132e-01
6.075592536384663981e+04 9.510174936727834316e-01
6.075592562390723469e+04 1.043154100683888474e+00
6.075592588396782958e+04 1.058442968954740326e+00
6.075592614402842446e+04 8.525683555212685283e-01
6.075592640408901934e+04 9.647183111527311006e-01
6.075592666414961423e+04 1.076266703988257190e+00
6.075592692421020911e+04 9.550735615556903424e-01
6.075592718427081127e+04 9.680325109414489315e-01
6.075592744433140615e+04 1.033618286108173745e+00
6.075592770439200103e+04 1.143752064203627183e+00
6.075592796445260319e+04 9.879064525377722061e-01
6.075592822451319807e+04 1.044464720811811409e+00
6.075592848457379296e+04 1.018735182160138253e+00
6.075592874463438784e+04 1.064593658209826321e+00
6.075592900469498272e+04 9.414335269999998257e-01
6.075592926475557761e+04 9.336263204637653690e-01
6.075592952481617249e+04 9.650383571740073219e-01
6.075592978487676737e+04 9.794376570676804894e-01
6.075593004493736953e+04 9.383506578353002503e-01
6.075593030499796441e+04 9.872204406808616772e-01
6.075593056505855930e+04 1.036497703499478895e+00
6.075593082511916145e+04 9.948070468792766796e-01
6.075593108517975634e+04 9.788059807324062112e-01
6.075593134524035122e+04 9.619804232033284386e-01
6.075593160530094610e+04 9.676763997181092591e-01
6.075593186536154099e+04 9.632089294953957159e-01
6.075593212542213587e+04 9.812945204798514398e-01
6.075593238548273075e+04 1.056474673932325858e+00
6.075593264554332563e+04 9.794298062945551164e-01
6.075593290560392779e+04 8.651520603681158716e-01
6.075593316566452268e+04 1.073313936183179829e+00
6.075593342572511756e+04 1.061855179431173690e+00
6.075593368578571244e+04 1.096716673719260848e+00
6.075593394584631460e+04 9.969276693802674449e-01
6.075593420590690948e+04 1.014734285243165557e+00
6.075593446596750437e+04 9.025142421355994982e-01
6.075593472602809925e+04 9.292757786072638471e-01
6.075593498608869413e+04 9.498668893913913003e-01
6.075593524614928901e+04 9.929199523330798360e-01
6.075593550620988390e+04 1.045963932148557651e+00
6.075593576627048606e+04 9.794106538945950291e-01
6.075593602633108094e+04 1.118374863329933078e+00
6.075593628639167582e+04 9.241314792091803731e-01
6.075593654645227070e+04 9.186839423731770760e-01
6.075593680651287286e+04 9.649176516381705593e-01
6.075593706657346775e+04 9.421264443135753952e-01
6.075593732663406263e+04 9.974796439656529179e-01
6.075593758669465751e+04 1.034580133690071957e+00
6.075593784675525239e+04 9.577768533083140801e-01
6.075593810681584728e+04 8.783331754140412118e-01
6.075593836687644216e+04 1.038160362871973330e+00
6.075593862693704432e+04 1.002734067835980403e+00
6.075593888699763920e+04 9.971603990929671646e-01
6.075593914705823408e+04 9.473698286128764412e-01
6.075593940711883624e+04 9.685936065618214741e-01
6.075594106598430517e+04 1.066295740674492842e+00
6.075594132604500919e+04 9.942767397323879486e-01
6.075594158610571321e+04 9.019195080078894478e-01
6.075594184616640996e+04 9.276821987402541492e-01
6.075594210622711398e+04 9.489113077999090651e-01
6.075594236628781800e+04 9.468385119454373333e-01
6.075594262634852203e+04 1.031492122261443711e+00
6.075594288640922605e+04 9.760412456043832119e-01
6.075594314646992279e+04 9.354841628216360450e-01
6.075594340653063409e+04 9.641424221596064381e-01
6.075594366659133811e+04 8.425640800263908270e-01
6.075594392665203486e+04 8.794629462203653603e-01
6.075594418671273888e+04 1.052894368406122050e+00
6.075594444677344291e+04 1.029333354617759211e+00
6.075594470683414693e+04 1.041944801421589073e+00
6.075594496689485095e+04 1.099350226907204853e+00
6.075594522695554770e+04 8.919833225486784034e-01
6.075594548701625172e+04 9.203653860270664122e-01
6.075594574707695574e+04 1.093146590381831817e+00
6.075594600713765976e+04 9.218123795540219545e-01
6.075594626719836378e+04 9.073103834550364510e-01
6.075594652725906053e+04 1.042674681479968335e+00
6.075594678731976455e+04 9.239991688594084707e-01
6.075594704738046858e+04 9.700627647058900349e-01
6.075594730744116532e+04 1.023638719119361662e+00
6.075594756750187662e+04 9.614204843293631120e-01
6.075594782756257337e+04 1.012896051508325845e+00
6.075594808762328466e+04 1.032539782251697291e+00
6.075594834768398869e+04 1.047702492196612045e+00
6.075594860774468543e+04 9.716758085319624483e-01
6.075594886780538945e+04 9.403622664882831383e-01
6.075594912786609348e+04 1.010597663694014381e+00
6.075594938792679750e+04 9.687286541101089998e-01
6.075594964798750152e+04 9.032855141797220266e-01
6.075594990804819827e+04 1.027821126997501056e+00
6.075595016810890229e+04 9.607465165402095941e-01
6.075595042816960631e+04 1.002157491015664759e+00
6.075595068823031033e+04 9.400292197982367259e-01
6.075595094829101436e+04 1.077758691383573719e+00
6.075595120835171110e+04 9.128612681187991962e-01
6.075595146841241512e+04 9.663349214119444364e-01
6.075595172847312642e+04 1.024290811881535035e+00
6.075595198853382317e+04 8.674201366683489400e-01
6.075595224859452719e+04 1.085344167723853781e+00
6.075595250865523121e+04 1.032307218025668716e+00
6.075595276871593524e+04 1.050356394470898680e+00
6.075595302877663926e+04 9.416156238539712398e-01
6.075595328883733600e+04 9.766352962494994072e-01
6.075595354889804003e+04 9.654021719798175916e-01
6.075595380895874405e+04 1.017686566792633140e+00
6.075595406901944807e+04 8.794355177026931258e-01
6.075595432908015209e+04 1.009952656971517371e+00
6.075595458914084884e+04 1.010463664321964439e+00
6.075595484920156014e+04 1.167969544015784900e+00
6.075595510926226416e+04 9.789355084170372479e-01
6.075595536932296091e+04 9.082050934682553978e-01
6.075595562938366493e+04 9.705546630516291851e-01
6.075595588944436895e+04 9.460169979812828034e-01
6.075595614950507297e+04 9.962039312331925078e-01
6.075595640956577699e+04 9.081816905146412600e-01
6.075595666962647374e+04 9.927047698766692241e-01
6.075595692968717776e+04 9.587556145250206718e-01
6.075595718974788178e+04 1.016629061639854115e+00
6.075595744980858581e+04 8.883634496607878406e-01
6.075595770986929710e+04 9.782598422622815759e-01
6.075595796992999385e+04 9.981861736100139382e-01
6.075595822999069787e+04 1.008358306957077621e+00
6.075595849005140190e+04 9.667014001553637659e-01
6.075595875011209864e+04 9.628409400426174436e-01
6.075595901017280994e+04 9.221923069528684680e-01
6.075595927023350669e+04 9.659132282956758297e-01
6.075595953029421071e+04 1.017925037972772229e+00
6.075595979035491473e+04 9.796447226899370753e-01
6.075596005041561148e+04 9.705333233193706999e-01
6.075596031047632277e+04 9.648003345746763992e-01
6.075596057053702680e+04 9.660535731673175475e-01
6.075596083059773082e+04 1.044401957108827217e+00
6.075596109065843484e+04 9.354387283071687875e-01
6.075596135071913159e+04 1.013876382243415586e+00
6.075596161077983561e+04 1.020591080088787406e+00
6.075596187084053963e+04 9.263125372879603692e-01
6.075596213090124365e+04 9.386184294214516832e-01
6.075596239096194768e+04 1.015254345299523298e+00
6.075596265102265170e+04 9.715972435659383510e-01
6.075596291108335572e+04 9.450952752280248337e-01
6.075596317114405974e+04 9.529374131358047118e-01
6.075596343120475649e+04 1.014686403715717278e+00
6.075596369126546051e+04 9.822268606941406688e-01
6.075596395132616453e+04 1.065295383883506419e+00
6.075596421138686856e+04 9.804980010592578843e-01
6.075596447144757258e+04 9.683878381603580054e-01
6.075596473150827660e+04 9.394029335816217463e-01
6.075596499156898062e+04 1.036999161642722100e+00
6.075596525162968464e+04 9.906902093396089404e-01
6.075596551169038867e+04 9.432599477978321767e-01
6.075596577175109269e+04 1.031507754516865827e+00
6.075596603181178943e+04 9.463634770174134125e-01
6.075596629187249346e+04 1.055516434813118964e+00
6.075596655193319748e+04 9.756642222092709593e-01
6.075596681199390150e+04 1.069975976693915420e+00
6.075596707205460552e+04 9.416572292232069374e-01
6.075596733211530955e+04 8.347442470064526665e-01
6.075596759217601357e+04 1.015052867158009908e+00
6.075596785223671759e+04 1.046085257986934414e+00
6.075596811229741434e+04 9.144456258888002953e-01
6.075596837235811836e+04 1.053337159462161665e+00
6.075596863241882238e+04 1.009019523131631013e+00
6.075596889247953368e+04 9.689710546576784100e-01
6.075596915254023770e+04 9.909581947165689852e-01
6.075596941260093445e+04 1.043630040195862474e+00
6.075597102105359954e+04 8.552725480810299263e-01
6.075597128111420170e+04 1.003641201497347701e+00
6.075597154117479658e+04 9.522933668770942051e-01
6.075597180123539147e+04 9.600430906118248009e-01
6.075597206129598635e+04 1.002954378193729124e+00
6.075597232135658123e+04 1.012010404101025829e+00
6.075597258141718339e+04 9.609333188302953133e-01
6.075597284147777827e+04 9.355072628406314594e-01
6.075597310153837316e+04 9.905011078706719152e-01
6.075597336159897532e+04 1.019642038725041111e+00
6.075597362165957020e+04 9.425792374183483702e-01
6.075597388172016508e+04 9.785524204152638017e-01
6.075597414178077452e+04 1.006583419933305246e+00
6.075597440184136940e+04 8.617147144378725088e-01
6.075597466190196428e+04 1.028417718273059389e+00
6.075597492196255916e+04 8.944346672660283826e-01
6.075597518202315405e+04 9.358960367048525519e-01
6.075597544208374893e+04 9.696467958575608614e-01
6.075597570214434381e+04 1.015050198349704447e+00
6.075597596220494597e+04 8.934749002492224923e-01
6.075597622226554813e+04 8.497571691684802087e-01
6.075597648232614301e+04 9.084797234183151771e-01
6.075597674238673790e+04 1.018818301574981433e+00
6.075597700244734006e+04 9.360045075934496639e-01
6.075597726250793494e+04 9.750636831814689653e-01
6.075597752256853710e+04 9.684486716876021806e-01
6.075597778262913198e+04 1.006478304236760435e+00
6.075597804268972686e+04 9.555281026078228379e-01
6.075597830275032175e+04 1.020490885211109644e+00
6.075597856281091663e+04 9.472450651347598116e-01
6.075597882287151151e+04 9.567334263775465475e-01
6.075597908293212095e+04 9.275486548497389183e-01
6.075597934299271583e+04 1.045767206696509133e+00
6.075597960305331071e+04 9.929152141942635401e-01
6.075597986311390559e+04 8.715495101086605523e-01
6.075598012317450775e+04 9.179260109998041983e-01
6.075598038323510264e+04 8.934675148312862802e-01
6.075598064329570479e+04 9.101753348382433106e-01
6.075598090335629968e+04 1.096086065505397222e+00
6.075598116341689456e+04 9.315515545811399178e-01
6.075598142347748944e+04 1.093996465389506456e+00
6.075598168353808433e+04 9.498452479906955848e-01
6.075598194359869376e+04 9.984214737108074722e-01
6.075598220365928864e+04 1.037672588326462808e+00
6.075598246371988353e+04 9.783622653949127779e-01
6.075598272378047841e+04 9.406417170048851917e-01
6.075598298384108057e+04 1.029825082788208279e+00
6.075598324390167545e+04 9.494815461909478227e-01
6.075598350396227761e+04 8.728009682078706755e-01
6.075598376402287249e+04 8.907036140184453332e-01
6.075598402408346738e+04 9.511914599869253362e-01
6.075598428414406226e+04 9.712465463415083100e-01
6.075598454420465714e+04 9.250322979367500142e-01
6.075598480426526658e+04 9.104647104773166966e-01
6.075598506432586146e+04 1.041314960518711086e+00
6.075598532438645634e+04 9.898342329323533972e-01
6.075598558444705122e+04 9.430635333779974205e-01
6.075598584450765338e+04 1.012123059967825922e+00
6.075598610456825554e+04 1.061831284977816647e+00
6.075598636462885042e+04 8.806659903501115050e-01
6.075598662468944531e+04 1.016883432807266896e+00
6.075598688475004019e+04 8.938125227237196935e-01
6.075598714481063507e+04 9.699995661497918809e-01
6.075598740487123723e+04 9.653406563767826798e-01
6.075598766493183211e+04 9.325322061641340143e-01
6.075598792499243427e+04 1.042420245623745911e+00
6.075598818505302916e+04 9.555975881330652788e-01
6.075598844511362404e+04 9.907344039844333539e-01
6.075598870517423347e+04 9.736529901668738995e-01
6.075598896523482836e+04 1.024441999787570001e+00
6.075598922529542324e+04 9.133007377848730846e-01
6.075598948535601812e+04 9.970899023732243682e-01
6.075598974541661300e+04 9.359810127837904226e-01
6.075599000547721516e+04 9.898103253553672820e-01
6.075599026553781005e+04 9.618963780305521682e-01
6.075599052559840493e+04 9.474677814905791973e-01
6.075599078565900709e+04 8.878337712214270372e-01
6.075599104571960197e+04 9.859176622040402016e-01
6.075599130578020413e+04 9.351795706088522619e-01
6.075599156584080629e+04 1.026785224230200688e+00
6.075599182590140117e+04 9.514398180692614782e-01
6.075599208596199605e+04 9.147853561100273145e-01
6.075599234602259094e+04 9.321795360744669079e-01
6.075599260608319310e+04 1.005878260886310605e+00
6.075599286614378798e+04 1.095157925048044989e+00
6.075599312620438286e+04 1.016995684892929575e+00
6.075599338626497774e+04 1.003279267063202917e+00
6.075599364632558718e+04 9.648804896975351486e-01
6.075599390638618206e+04 9.410867428282756464e-01
6.075599416644677694e+04 8.855286215660457261e-01
6.075599442650737910e+04 1.007767802881374797e+00
6.075599468656797399e+04 9.425242752693889781e-01
6.075599494662857614e+04 9.990611150351812464e-01
6.075599520668917103e+04 9.392723491958270277e-01
6.075599546674976591e+04 1.042528710969875316e+00
6.075599572681036079e+04 9.836462113897406212e-01
6.075599598687096295e+04 1.000674440140808752e+00
6.075599624693155783e+04 9.650004309656764478e-01
6.075599650699215999e+04 1.014276060398284551e+00
6.075599676705275488e+04 1.073525185282439232e+00
6.075599702711334976e+04 1.050044710032705719e+00
6.075599728717395192e+04 9.907673629084154943e-01
6.075599754723455408e+04 9.937856675470300161e-01
6.075599780729514896e+04 1.011176371309858046e+00
6.075599806735574384e+04 8.851123404266368899e-01
6.075599832741634600e+04 9.353725895081884678e-01
6.075599858747694088e+04 9.170172378011286485e-01
6.075599884753753577e+04 1.031723209898028903e+00
6.075599910759813065e+04 1.002417405689131513e+00
6.075599936765874008e+04 9.279118489372523149e-01
6.075600091310295102e+04 9.353696139273819377e-01
6.075600117316365504e+04 1.029548332777652009e+00
6.075600143322435179e+04 1.022042235832528068e+00
6.075600169328505581e+04 1.185411319071380420e+00
6.075600195334576711e+04 1.030249378557082984e+00
6.075600221340647113e+04 9.908698275873827344e-01
6.075600247346717515e+04 9.793184258290735800e-01
6.075600273352787190e+04 1.081764515826759698e+00
6.075600299358858319e+04 9.257700936098670619e-01
6.075600325364928722e+04 9.682115674432781871e-01
6.075600351370998396e+04 9.690071466018711499e-01
6.075600377377069526e+04 9.265530506246387743e-01
6.075600403383139928e+04 1.007874382585466355e+00
6.075600429389210331e+04 1.071789329170281135e+00
6.075600455395280733e+04 1.014989352494221508e+00
6.075600481401350407e+04 9.607209185636829130e-01
6.075600507407421537e+04 9.624096777206526676e-01
6.075600533413491939e+04 1.047591165447100625e+00
6.075600559419562342e+04 9.216510615745345802e-01
6.075600585425632744e+04 9.192103368940349739e-01
6.075600611431703146e+04 9.447807646258562508e-01
6.075600637437773548e+04 9.883940193003557528e-01
6.075600663443843951e+04 1.158116398689350124e+00
6.075600689449914353e+04 9.594987680499005300e-01
6.075600715455985483e+04 9.403785379878127904e-01
6.075600741462055157e+04 9.422726719571955512e-01
6.075600767468125559e+04 9.137369242755196685e-01
6.075600793474195962e+04 9.826651753326673955e-01
6.075600819480266364e+04 1.025405002970493973e+00
6.075600845486336766e+04 1.031223292464364283e+00
6.075600871492407168e+04 1.107423956807551013e+00
6.075600897498478298e+04 9.382276851756612412e-01
6.075600923504548700e+04 9.379316112972898578e-01
6.075600949510618375e+04 9.262187842797404702e-01
6.075600975516688777e+04 9.125775136827893874e-01
6.075601001522759907e+04 1.034573285651363195e+00
6.075601027528830309e+04 1.000386589210981558e+00
6.075601053534900711e+04 8.841147287024317958e-01
6.075601079540970386e+04 1.108452132743069418e+00
6.075601105547041516e+04 9.814265337398384581e-01
6.075601131553111918e+04 1.090435908059054215e+00
6.075601157559181593e+04 9.734980110839264178e-01
6.075601183565252722e+04 1.043258090939745530e+00
6.075601209571323125e+04 9.049417844753925300e-01
6.075601235577393527e+04 1.018394456098879797e+00
6.075601261583463929e+04 1.010934314316858762e+00
6.075601287589534331e+04 1.015337967975994182e+00
6.075601313595604734e+04 9.211313937549915343e-01
6.075601339601675136e+04 1.124177118233760320e+00
6.075601365607746266e+04 1.080942447947754070e+00
6.075601391613816668e+04 9.212068248125077075e-01
6.075601417619886342e+04 8.567905598796214939e-01
6.075601443625956745e+04 8.986965426349434738e-01
6.075601469632027874e+04 9.292601833157638769e-01
6.075601495638097549e+04 1.010836728548702323e+00
6.075601521644168679e+04 1.000195877642718223e+00
6.075601547650239081e+04 9.648865814409979258e-01
6.075601573656309483e+04 1.047541845146933381e+00
6.075601599662379886e+04 9.350591049852891024e-01
6.075601625668450288e+04 1.001696915294006285e+00
6.075601651674520690e+04 9.290364240168453858e-01
6.075601677680591092e+04 1.039184646376065224e+00
6.075601703686661494e+04 9.558944707850391964e-01
6.075601729692732624e+04 1.001815415437814272e+00
6.075601755698802299e+04 9.715233755160171958e-01
6.075601781704872701e+04 9.525744323158772398e-01
6.075601807710943831e+04 9.661895532793299823e-01
6.075601833717014233e+04 1.185170967476952164e+00
6.075601859723084635e+04 1.010958501462889236e+00
6.075601885729155038e+04 9.484256649536403350e-01
6.075601911735225440e+04 1.008182932863588510e+00
6.075601937741295842e+04 9.674915083853600217e-01
6.075601963747365517e+04 1.004246685899384151e+00
6.075601989753436646e+04 9.727454943299046475e-01
6.075602015759507049e+04 1.127444222343383373e+00
6.075602041765577451e+04 9.248726573379949523e-01
6.075602067771648581e+04 1.048731718693968418e+00
6.075602093777718255e+04 1.063282468860210717e+00
6.075602119783788658e+04 1.067624603062522048e+00
6.075602145789859787e+04 9.933054492492068288e-01
6.075602171795930190e+04 9.374108524431281619e-01
6.075602197802000592e+04 1.095909745617275277e+00
6.075602223808070994e+04 8.894749235591912218e-01
6.075602249814141396e+04 9.358523259259278193e-01
6.075602275820211798e+04 1.041522770947521881e+00
6.075602301826282201e+04 1.009761261811463973e+00
6.075602327832352603e+04 9.969303621058533960e-01
6.075602353838423005e+04 9.399469669681085326e-01
6.075602379844494135e+04 1.050571480552634940e+00
6.075602405850564537e+04 9.688836412356404137e-01
6.075602431856634212e+04 1.010472268366394033e+00
6.075602457862704614e+04 9.855159563627140518e-01
6.075602483868775744e+04 9.963955151952421652e-01
6.075602509874846146e+04 1.007813741669207896e+00
6.075602535880916548e+04 9.589446992743817511e-01
6.075602561886986950e+04 9.734407225985669543e-01
6.075602587893057353e+04 1.035288758022010702e+00
6.075602613899127755e+04 1.015640018101684916e+00
6.075602639905198885e+04 9.700686963673491592e-01
6.075602665911269287e+04 9.983464515812096041e-01
6.075602691917338962e+04 9.702410830240619788e-01
6.075602717923410091e+04 1.047244249191595644e+00
6.075602743929480494e+04 9.955974101035994783e-01
6.075602769935550168e+04 1.027135203050158152e+00
6.075602795941621298e+04 9.705901200637482296e-01
6.075602821947691700e+04 1.123224208249231859e+00
6.075602847953762102e+04 9.889660391389882843e-01
6.075602873959833232e+04 1.108635457646484745e+00
6.075602899965902907e+04 1.101355042586659616e+00
6.075602925971973309e+04 1.033803744912117795e+00
6.075603093119423283e+04 1.067109962409605650e+00
6.075603119125482772e+04 1.033994610888241183e+00
6.075603145131542988e+04 1.174237508453091383e+00
6.075603171137602476e+04 9.844300931210266947e-01
6.075603197143662692e+04 8.619119220059894282e-01
6.075603223149722908e+04 9.783215368995935579e-01
6.075603249155782396e+04 1.043925279479390289e+00
6.075603275161842612e+04 1.036382535958001894e+00
6.075603301167902100e+04 1.035604406441737346e+00
6.075603327173962316e+04 1.017948434655508105e+00
6.075603353180022532e+04 1.017891629547263532e+00
6.075603379186082020e+04 9.658524906952187239e-01
6.075603405192141508e+04 1.051119594587405226e+00
6.075603431198201724e+04 1.010742372299718639e+00
6.075603457204261213e+04 9.701860253264351641e-01
6.075603483210320701e+04 1.012040406620042798e+00
6.075603509216381644e+04 1.014675321876247205e+00
6.075603535222441133e+04 9.573277941051419049e-01
6.075603561228501349e+04 9.811254879862636447e-01
6.075603587234560837e+04 9.334960240026408673e-01
6.075603613240621053e+04 1.008109343345626074e+00
6.075603639246681269e+04 8.970176582198541304e-01
6.075603665252740757e+04 1.069644083191598982e+00
6.075603691258800245e+04 1.012780784324295746e+00
6.075603717264860461e+04 9.617844324716381399e-01
6.075603743270919949e+04 1.128178913247673609e+00
6.075603769276979438e+04 9.735910725944154631e-01
6.075603795283040381e+04 9.652785858116930129e-01
6.075603821289099869e+04 1.059797722972140033e+00
6.075603847295160085e+04 8.994626621495235286e-01
6.075603873301219573e+04 1.013145768036417982e+00
6.075603899307279789e+04 1.014706641696565770e+00
6.075603925313340005e+04 1.037319938317599277e+00
6.075603951319399494e+04 1.033237316169162812e+00
6.075603977325458982e+04 9.404895146807059625e-01
6.075604003331519198e+04 9.761453778905805345e-01
6.075604029337578686e+04 9.678629564391221241e-01
6.075604055343638902e+04 9.983170933580556294e-01
6.075604081349698390e+04 1.029840203765311824e+00
6.075604107355758606e+04 9.503797129815694245e-01
6.075604133361818822e+04 9.654103698019299573e-01
6.075604159367878310e+04 1.061155070926937505e+00
6.075604185373938526e+04 1.057721637587917707e+00
6.075604211379998742e+04 9.929062031356290507e-01
6.075604237386058230e+04 1.001189591009954194e+00
6.075604263392118446e+04 9.685322703807045519e-01
6.075604289398177934e+04 1.004235230597853024e+00
6.075604315404237423e+04 9.964930465188673869e-01
6.075604341410297639e+04 1.029743819229671287e+00
6.075604367416357127e+04 8.885180682168758448e-01
6.075604393422418070e+04 1.099429549662593208e+00
6.075604419428477559e+04 1.094042217364717073e+00
6.075604445434537047e+04 1.021856959709061430e+00
6.075604471440597990e+04 1.017339301724235145e+00
6.075604497446657479e+04 8.297857897407537875e-01
6.075604523452717694e+04 9.255785022260060169e-01
6.075604549458777183e+04 8.945993175930087027e-01
6.075604575464836671e+04 1.129524864343051105e+00
6.075604601470896887e+04 9.484618568538976113e-01
6.075604627476956375e+04 9.658860600384907569e-01
6.075604653483016591e+04 1.053137755822922239e+00
6.075604679489076807e+04 9.691049745692560391e-01
6.075604705495136295e+04 1.041253068376736257e+00
6.075604731501196511e+04 1.035494496067879799e+00
6.075604757507256727e+04 9.315308440752992913e-01
6.075604783513316943e+04 1.075040737075905195e+00
6.075604809519376431e+04 9.597858403573281683e-01
6.075604835525435919e+04 1.016398219826477156e+00
6.075604861531496135e+04 9.561748318589439188e-01
6.075604887537555624e+04 1.094070944753394059e+00
6.075604913543615839e+04 1.053256646232806126e+00
6.075604939549675328e+04 1.017446958121651646e+00
6.075604965555735544e+04 9.877850039463842435e-01
6.075604991561795759e+04 9.997366426703618858e-01
6.075605017567855248e+04 1.100971244992201781e+00
6.075605043573915464e+04 1.062699894911923737e+00
6.075605069579975680e+04 1.034588209032349049e+00
6.075605095586035168e+04 1.010908351146250661e+00
6.075605121592095384e+04 1.081427309682041038e+00
6.075605147598154872e+04 9.154140406068556057e-01
6.075605173604215088e+04 9.528566027025133778e-01
6.075605199610274576e+04 1.003679003290102623e+00
6.075605225616334792e+04 9.474900616921955177e-01
6.075605251622395008e+04 8.871652333472974661e-01
6.075605277628454496e+04 1.089919432463369420e+00
6.075605303634514712e+04 9.844108843848918822e-01
6.075605329640574200e+04 1.050595571268377215e+00
6.075605355646635144e+04 1.008832306777734500e+00
6.075605381652694632e+04 9.319470020195670390e-01
6.075605407658754848e+04 1.018110626497807480e+00
6.075605433664814336e+04 1.012357747321043888e+00
6.075605459670873825e+04 9.648191041288244341e-01
6.075605485676934040e+04 9.433668540835700167e-01
6.075605511682993529e+04 9.168959671534940847e-01
6.075605537689054472e+04 9.762960547877898021e-01
6.075605563695113960e+04 9.869618421327831514e-01
6.075605589701174176e+04 1.087342910414005326e+00
6.075605615707233665e+04 1.078988681007849060e+00
6.075605641713293880e+04 9.621171414560962809e-01
6.075605667719354096e+04 9.979462619968987314e-01
6.075605693725413585e+04 9.637538699449764712e-01
6.075605719731473800e+04 1.006886471610081824e+00
6.075605745737533289e+04 9.459442641864764800e-01
6.075605771743593505e+04 1.098251611932240301e+00
6.075605797749652993e+04 9.575218524765145567e-01
6.075605823755713209e+04 1.052683951067656443e+00
6.075605849761773425e+04 1.121445859883044349e+00
6.075605875767832913e+04 1.002466780306574101e+00
6.075605901773893129e+04 1.033832052598424811e+00
6.075605927779953345e+04 9.292183825283666376e-01
6.075606082322710427e+04 1.028658330132468990e+00
6.075606108328780829e+04 9.635807670367161348e-01
6.075606134334851231e+04 9.268710342045458628e-01
6.075606160340922361e+04 1.036101639450458745e+00
6.075606186346992035e+04 1.021977998032631785e+00
6.075606212353063165e+04 1.119728381802397976e+00
6.075606238359133567e+04 9.958294063154822240e-01
6.075606264365204697e+04 9.711698315933057213e-01
6.075606290371275099e+04 9.835791379199674278e-01
6.075606316377345502e+04 1.044645983448817317e+00
6.075606342383415904e+04 1.057008693357703644e+00
6.075606368389486306e+04 1.003000794308154475e+00
6.075606394395557436e+04 9.235752024894247070e-01
6.075606420401627838e+04 1.085664343721426617e+00
6.075606446407698240e+04 9.815836578034971005e-01
6.075606472413768643e+04 9.098155202803602792e-01
6.075606498419839772e+04 1.040147395805649300e+00
6.075606524425910175e+04 9.986131322239745201e-01
6.075606550431981304e+04 1.025046956898793660e+00
6.075606576438050979e+04 9.758202496644834412e-01
6.075606602444122109e+04 1.038257746374159574e+00
6.075606628450192511e+04 9.562748240231995212e-01
6.075606654456262913e+04 1.030842618999796123e+00
6.075606680462333316e+04 9.894199795117761820e-01
6.075606706468404445e+04 9.880717505284176694e-01
6.075606732474474848e+04 1.042985960830487890e+00
6.075606758480545250e+04 1.031188513943391616e+00
6.075606784486615652e+04 9.401310027401847957e-01
6.075606810492686054e+04 1.127468372826210263e+00
6.075606836498757184e+04 9.592187041484617760e-01
6.075606862504827586e+04 1.112785338153723380e+00
6.075606888510898716e+04 1.024824244967942555e+00
6.075606914516968391e+04 1.066725815506750941e+00
6.075606940523039520e+04 1.060732976065692057e+00
6.075606966529109923e+04 1.086826724524644350e+00
6.075606992535180325e+04 1.032757158788036866e+00
6.075607018541250727e+04 1.029227648257748928e+00
6.075607044547321857e+04 1.005775972703493615e+00
6.075607070553392259e+04 9.602495015247228816e-01
6.075607096559463389e+04 1.005807484947202735e+00
6.075607122565533064e+04 9.848067871497008241e-01
6.075607148571604193e+04 1.012424183999136584e+00
6.075607174577674596e+04 1.049713024390636962e+00
6.075607200583745725e+04 1.106745385580709229e+00
6.075607226589816128e+04 9.261852231859172280e-01
6.075607252595886530e+04 1.050282802534721727e+00
6.075607278601956932e+04 1.049464965857261678e+00
6.075607304608028062e+04 1.039823787617560003e+00
6.075607330614097737e+04 9.884147707949099138e-01
6.075607356620169594e+04 9.596759230515947703e-01
6.075607382626239269e+04 9.381876715407622136e-01
6.075607408632310398e+04 9.704621437492108038e-01
6.075607434638380801e+04 9.831105508558046768e-01
6.075607460644451203e+04 1.061652700590748566e+00
6.075607486650521605e+04 9.347164236659557535e-01
6.075607512656592735e+04 9.667389405863446861e-01
6.075607538662663137e+04 9.870531138724820686e-01
6.075607564668734267e+04 1.088365070000684387e+00
6.075607590674803942e+04 1.017736250585637547e+00
6.075607616680875071e+04 9.184290970217101613e-01
6.075607642686945474e+04 1.024193564966734638e+00
6.075607668693016603e+04 9.712933274081203550e-01
6.075607694699087006e+04 1.058458782184011904e+00
6.075607720705157408e+04 1.039974477897599003e+00
6.075607746711227810e+04 1.161552121490160960e+00
6.075607772717298940e+04 1.082668602660526114e+00
6.075607798723368614e+04 9.795529950474780589e-01
6.075607824729439744e+04 1.016680125018683878e+00
6.075607850735510146e+04 1.016055522246334997e+00
6.075607876741581276e+04 1.042056649522429934e+00
6.075607902747651679e+04 1.008263606012286040e+00
6.075607928753722081e+04 9.813401965644952263e-01
6.075607954759792483e+04 9.915791582181976427e-01
6.075607980765863613e+04 9.460502648078837895e-01
6.075608006771934015e+04 1.049132827643776134e+00
6.075608032778005145e+04 9.618468180746161389e-01
6.075608058784074819e+04 1.048882394866637258e+00
6.075608084790145949e+04 9.230036574663587068e-01
6.075608110796216351e+04 9.926392879277485815e-01
6.075608136802286754e+04 1.077692930632074386e+00
6.075608162808357156e+04 1.053963134763620246e+00
6.075608188814428286e+04 9.844068598559769789e-01
6.075608214820498688e+04 9.438058111472308331e-01
6.075608240826569818e+04 1.073603581574810839e+00
6.075608266832639492e+04 9.026879475635288808e-01
6.075608292838710622e+04 1.041801000657736065e+00
6.075608318844781024e+04 1.062042901637326509e+00
6.075608344850852154e+04 9.364916653795893886e-01
6.075608370856922556e+04 1.004630348341498003e+00
6.075608396862992959e+04 1.089098674349373796e+00
6.075608422869064088e+04 9.966442700625751661e-01
6.075608448875134491e+04 1.118121005883526031e+00
6.075608474881204893e+04 1.022859426717187770e+00
6.075608500887276023e+04 9.021840236695830573e-01
6.075608526893346425e+04 1.022089308737643920e+00
6.075608552899416827e+04 1.194515375696573178e+00
6.075608578905487957e+04 9.918792779609183485e-01
6.075608604911557632e+04 1.127827922670005867e+00
6.075608630917628761e+04 9.587066560482945254e-01
6.075608656923699164e+04 1.020053665152092615e+00
6.075608682929770293e+04 1.001239619575395201e+00
6.075608708935840696e+04 1.028655491266928346e+00
6.075608734941911098e+04 9.875775110271669543e-01
6.075608760947981500e+04 9.263991960092821110e-01
6.075608786954052630e+04 1.099628958112654598e+00
6.075608812960123760e+04 1.065240795419984954e+00
6.075608838966194162e+04 1.099068785562866690e+00
6.075608864972264564e+04 9.460741348494544622e-01
6.075608890978334966e+04 1.076143498928757491e+00
6.075608916984406096e+04 9.769798877615207822e-01
6.075609076569380704e+04 9.690356550407964731e-01
6.075609102575441648e+04 9.824058754571901586e-01
6.075609128581501136e+04 1.049351445855188913e+00
6.075609154587561352e+04 1.116017383265906604e+00
6.075609180593621568e+04 1.121829291334622392e+00
6.075609206599681784e+04 1.087129716835727233e+00
6.075609232605741272e+04 1.005524952755611823e+00
6.075609258611801488e+04 1.004541827894312789e+00
6.075609284617860976e+04 9.491668300965221405e-01
6.075609310623921192e+04 9.913284991666186929e-01
6.075609336629981408e+04 1.052687306998245642e+00
6.075609362636040896e+04 1.019321907654798132e+00
6.075609388642101840e+04 1.023850808707562399e+00
6.075609414648161328e+04 1.041164944649376700e+00
6.075609440654221544e+04 1.095936349158833423e+00
6.075609466660281760e+04 9.354773465392937082e-01
6.075609492666341976e+04 1.007954907077270867e+00
6.075609518672402191e+04 1.017626660414277406e+00
6.075609544678461680e+04 1.020089181475480222e+00
6.075609570684521896e+04 1.113350397629783828e+00
6.075609596690581384e+04 1.065114799208274121e+00
6.075609622696641600e+04 1.076841653276799926e+00
6.075609648702701088e+04 1.100658903322543125e+00
6.075609674708762032e+04 9.410538861251813714e-01
6.075609700714822247e+04 1.031724458950453283e+00
6.075609726720881736e+04 9.926009930072787757e-01
6.075609752726942679e+04 9.881815168395445825e-01
6.075609778733002167e+04 9.907001779791234641e-01
6.075609804739062383e+04 1.005815203471728925e+00
6.075609830745121872e+04 1.006084349491970009e+00
6.075609856751182087e+04 1.096322782551043318e+00
6.075609882757242303e+04 8.765230979245010046e-01
6.075609908763301792e+04 9.025767740053379784e-01
6.075609934769362008e+04 1.028653750789340959e+00
6.075609960775422223e+04 1.058865197827923987e+00
6.075609986781482439e+04 1.105067511359826726e+00
6.075610012787541928e+04 9.630239005178288236e-01
6.075610038793602143e+04 1.057381813416340410e+00
6.075610064799663087e+04 1.069165431807988620e+00
6.075610090805722575e+04 1.090513096929950354e+00
6.075610116811782791e+04 9.748547491089661898e-01
6.075610142817842279e+04 1.019095845839847136e+00
6.075610168823902495e+04 1.086428567241084497e+00
6.075610194829962711e+04 1.009168324432357489e+00
6.075610220836022199e+04 1.128169682810763463e+00
6.075610246842083143e+04 1.013296842365117856e+00
6.075610272848142631e+04 1.037191228847778035e+00
6.075610298854202847e+04 1.069951127094200594e+00
6.075610324860263063e+04 9.540116778321531266e-01
6.075610350866323279e+04 1.035154248358319817e+00
6.075610376872383495e+04 1.048075225678918754e+00
6.075610402878442983e+04 1.051436587175052173e+00
6.075610428884503199e+04 1.021247956332016926e+00
6.075610454890563415e+04 9.916599121333872224e-01
6.075610480896622903e+04 1.039173453337873587e+00
6.075610506902683119e+04 9.661289200832110513e-01
6.075610532908743335e+04 9.312073609653840345e-01
6.075610558914803551e+04 1.022822239633018215e+00
6.075610584920863766e+04 1.019873593601130946e+00
6.075610610926923255e+04 9.973091625392643822e-01
6.075610636932984198e+04 9.232804847748539157e-01
6.075610662939043686e+04 9.176724698718030648e-01
6.075610688945103902e+04 1.053660290304240466e+00
6.075610714951164118e+04 1.003907587772990384e+00
6.075610740957223607e+04 9.511903515469695147e-01
6.075610766963283822e+04 9.641495159693638239e-01
6.075610792969343311e+04 1.305812154305310280e+00
6.075610818975403527e+04 9.872284598258149746e-01
6.075610844981464470e+04 1.035261077475467584e+00
6.075610870987523958e+04 1.068580944558372048e+00
6.075610896993584174e+04 9.821690016547870439e-01
6.075610922999644390e+04 1.053570428806289261e+00
6.075610949005704606e+04 9.801516586972107703e-01
6.075610975011764822e+04 1.018597326071253972e+00
6.075611001017824310e+04 9.563194481829895288e-01
6.075611027023884526e+04 1.055543593099188771e+00
6.075611053029944742e+04 9.435059064781948779e-01
6.075611079036004230e+04 1.101091007755723439e+00
6.075611105042064446e+04 1.137914135230003732e+00
6.075611131048124662e+04 1.091714809545456744e+00
6.075611157054184878e+04 1.068034597880927583e+00
6.075611183060245094e+04 9.748011032575182311e-01
6.075611209066305310e+04 9.715183011547109393e-01
6.075611235072365525e+04 9.558054535152962217e-01
6.075611261078425741e+04 1.078317443167162271e+00
6.075611287084485230e+04 1.011583458165758120e+00
6.075611313090545445e+04 1.039217924212818112e+00
6.075611339096604934e+04 9.619656259369486762e-01
6.075611365102665150e+04 1.154563432042585047e+00
6.075611391108725365e+04 9.144029861371562040e-01
6.075611417114785581e+04 1.102757856222926325e+00
6.075611443120845797e+04 1.112206455226383062e+00
6.075611469126906013e+04 1.116014966001554809e+00
6.075611495132966229e+04 1.016594616217414870e+00
6.075611521139026445e+04 9.923140750495159645e-01
6.075611547145085933e+04 1.090071744250925789e+00
6.075611573151146149e+04 1.034305491818837242e+00
6.075611599157206365e+04 9.712923390734559126e-01
6.075611625163265853e+04 9.759495208775382791e-01
6.075611651169326069e+04 1.148428330443155954e+00
6.075611677175386285e+04 1.113770397570818860e+00
6.075611703181446501e+04 1.019940429315414843e+00
6.075611729187506717e+04 9.538381547603461685e-01
6.075611755193566933e+04 1.020042790806241495e+00
6.075611781199626421e+04 1.021966555339875349e+00
6.075611807205687364e+04 8.620782086799212429e-01
6.075611833211747580e+04 9.606202641475445336e-01
6.075611859217807068e+04 9.871289777868579307e-01
6.075611885223867284e+04 1.006891497565711946e+00
6.075611911229926773e+04 1.000405491948360703e+00
6.075612077117233275e+04 1.078713567024521591e+00
6.075612103123303677e+04 1.053955838749766949e+00
6.075612129129374080e+04 1.001217560067050316e+00
6.075612155135445209e+04 9.702020456377956625e-01
6.075612181141516339e+04 1.033965988812660219e+00
6.075612207147586741e+04 1.000710378086641983e+00
6.075612233153657144e+04 1.039623113238575147e+00
6.075612259159728274e+04 9.962024163898182127e-01
6.075612285165798676e+04 1.135310639723299708e+00
6.075612311171869806e+04 9.682916349332395534e-01
6.075612337177940935e+04 1.059580814915718650e+00
6.075612363184010610e+04 9.512637351054417101e-01
6.075612389190081740e+04 1.046853380681953549e+00
6.075612415196152870e+04 1.157551531614154250e+00
6.075612441202222544e+04 9.332494222183629340e-01
6.075612467208293674e+04 9.674512551188868548e-01
6.075612493214364804e+04 1.006786988857222287e+00
6.075612519220435206e+04 9.921609970756404273e-01
6.075612545226506336e+04 9.838645772352174745e-01
6.075612571232576738e+04 1.050467512031888040e+00
6.075612597238647140e+04 9.783700923667641991e-01
6.075612623244718270e+04 1.056686151630513049e+00
6.075612649250789400e+04 9.902199023464792749e-01
6.075612675256859802e+04 1.101507275422568988e+00
6.075612701262930204e+04 1.029206005625715070e+00
6.075612727269001334e+04 1.064485920324024670e+00
6.075612753275071736e+04 1.047355790313917678e+00
6.075612779281142139e+04 9.810549770389322966e-01
6.075612805287213268e+04 1.054563735894804566e+00
6.075612831293283671e+04 1.043637705385310976e+00
6.075612857299354800e+04 1.059141862039419735e+00
6.075612883305425930e+04 1.057845390653318507e+00
6.075612909311495605e+04 1.017571416474470913e+00
6.075612935317566735e+04 9.637008060402887377e-01
6.075612961323637865e+04 1.008650440514251345e+00
6.075612987329708267e+04 8.908291485974795254e-01
6.075613013335779397e+04 8.990007485693813916e-01
6.075613039341849799e+04 9.405939304259217648e-01
6.075613065347920201e+04 1.029935204010299588e+00
6.075613091353991331e+04 9.153809965111814329e-01
6.075613117360061733e+04 1.048016790194676195e+00
6.075613143366133590e+04 1.045794668136271310e+00
6.075613169372203265e+04 1.027294250666381803e+00
6.075613195378274395e+04 1.080870728124105007e+00
6.075613221384345525e+04 1.044328072618066150e+00
6.075613247390415199e+04 1.009941291566248678e+00
6.075613273396486329e+04 9.723390043343330680e-01
6.075613299402557459e+04 1.014393575476243203e+00
6.075613325408627861e+04 9.894320971324352954e-01
6.075613351414698991e+04 1.085727170295887056e+00
6.075613377420769393e+04 1.040746102402525963e+00
6.075613403426840523e+04 9.262423687940463113e-01
6.075613429432910925e+04 9.464396291095251712e-01
6.075613455438982055e+04 1.077798945061322344e+00
6.075613481445053185e+04 9.277954663317760087e-01
6.075613507451122859e+04 1.035612360569065693e+00
6.075613533457193989e+04 1.086352863791037571e+00
6.075613559463265119e+04 9.606921829752140818e-01
6.075613585469334794e+04 1.033534510535385698e+00
6.075613611475405924e+04 9.624350692789858108e-01
6.075613637481477053e+04 1.044230195586924426e+00
6.075613663487548183e+04 9.916863998110035938e-01
6.075613689493618585e+04 1.091343832463250063e+00
6.075613715499688988e+04 1.046376479343586796e+00
6.075613741505760117e+04 1.051098177828269309e+00
6.075613767511830520e+04 1.109791435072200683e+00
6.075613793517901649e+04 9.643099444481026961e-01
6.075613819523972779e+04 1.098430072724565720e+00
6.075613845530043181e+04 1.010361989770112379e+00
6.075613871536113584e+04 1.022292590724790395e+00
6.075613897542184714e+04 9.964477122109063334e-01
6.075613923548255116e+04 1.041616786958847296e+00
6.075613949554325518e+04 9.841879999661067302e-01
6.075613975560396648e+04 1.057107278687032803e+00
6.075614001566467778e+04 1.138078693907391692e+00
6.075614027572538907e+04 9.579330325917656541e-01
6.075614053578608582e+04 9.325058937968532247e-01
6.075614079584679712e+04 1.084105057011563122e+00
6.075614105590750842e+04 1.075072607269444536e+00
6.075614131596821244e+04 1.069621695414260332e+00
6.075614157602892374e+04 9.612138245068162501e-01
6.075614183608962776e+04 1.027484691811261008e+00
6.075614209615033906e+04 9.663147735015114037e-01
6.075614235621104308e+04 1.008295509625849684e+00
6.075614261627174710e+04 1.032073231883424924e+00
6.075614287633246568e+04 1.034841814477472255e+00
6.075614313639316970e+04 9.119696451827721262e-01
6.075614339645387372e+04 9.354717228723667954e-01
6.075614365651458502e+04 1.012307646304688058e+00
6.075614391657528904e+04 9.726046551034724930e-01
6.075614417663600034e+04 9.152184951093730314e-01
6.075614443669670436e+04 1.091825248495262191e+00
6.075614469675741566e+04 9.900433340797797355e-01
6.075614495681812696e+04 1.032499529495019441e+00
6.075614521687882370e+04 9.487472674437582576e-01
6.075614547693953500e+04 9.931158707172642597e-01
6.075614573700024630e+04 9.639535686986506757e-01
6.075614599706095760e+04 9.234837701900210361e-01
6.075614625712166162e+04 9.978993693030856482e-01
6.075614651718236564e+04 9.845225921118049284e-01
6.075614677724307694e+04 1.104544908161527728e+00
6.075614703730378824e+04 1.074203893090794892e+00
6.075614729736448498e+04 1.083936934162142762e+00
6.075614755742519628e+04 9.817427301622777547e-01
6.075614781748590758e+04 1.052883604417299557e+00
6.075614807754661888e+04 9.744634147994151174e-01
6.075614833760732290e+04 9.974811982591835768e-01
6.075614859766802692e+04 1.073159044274764051e+00
6.075614885772873822e+04 9.253090785481583591e-01
6.075614911778944952e+04 1.026079453687567478e+00
