6.075547523418369383e+04 1.042936186468682358e+00
6.075547549424438330e+04 8.839126500198031255e-01
6.075547575430508005e+04 9.168650622125493754e-01
6.075547601436576224e+04 8.768693619976766218e-01
6.075547627442645899e+04 1.102494254323202361e+00
6.075547653448714846e+04 1.020772252974951222e+00
6.075547679454784520e+04 1.099789737206572138e+00
6.075547705460853467e+04 1.053153438346178694e+00
6.075547731466922414e+04 1.006382726943569672e+00
6.075547757472991361e+04 1.041875054033374326e+00
6.075547783479061036e+04 1.095397756143556611e+00
6.075547809485129255e+04 8.695756127061029517e-01
6.075547835491198930e+04 1.086368249341251646e+00
6.075547861497267877e+04 1.078073659303516285e+00
6.075547887503337552e+04 1.176687240179974170e+00
6.075547913509406499e+04 1.020176216004421210e+00
6.075547939515475446e+04 1.024378451869498496e+00
6.075547965521544393e+04 1.019402243174069911e+00
6.075547991527614067e+04 1.108392417360605675e+00
6.075548017533683014e+04 9.918094255710744322e-01
6.075548043539752689e+04 9.872282767973412643e-01
6.075548069545820908e+04 9.769190876974953586e-01
6.075548095551890583e+04 1.061677657956211940e+00
6.075548121557959530e+04 8.486673031317421012e-01
6.075548147564028477e+04 1.062421375719501571e+00
6.075548173570098152e+04 8.854708501766932471e-01
6.075548199576167099e+04 9.869137566100113501e-01
6.075548225582236773e+04 9.681265189345611422e-01
6.075548251588305720e+04 1.002997490749955922e+00
6.075548277594374667e+04 1.062852514205685495e+00
6.075548303600443614e+04 1.043359637690261854e+00
6.075548329606513289e+04 9.622702138223343526e-01
6.075548355612582236e+04 1.029870481075518152e+00
6.075548381618651911e+04 1.031044816050062041e+00
6.075548407624720130e+04 9.161895687431091950e-01
6.075548433630789805e+04 7.848858505537209540e-01
6.075548459636858752e+04 8.668196242011458885e-01
6.075548485642928426e+04 1.024774230511750872e+00
6.075548511648997373e+04 9.616446003492747918e-01
6.075548537655066320e+04 1.129990959230334324e+00
6.075548563661135267e+04 9.884960266118647532e-01
6.075548589667204942e+04 1.089441611205885119e+00
6.075548615673273162e+04 1.046077414491868085e+00
6.075548641679342836e+04 9.722242202729741711e-01
6.075548667685411783e+04 9.695566127538648438e-01
6.075548693691481458e+04 1.069296704546539800e+00
6.075548719697551132e+04 1.051316502018926347e+00
6.075548745703619352e+04 8.943370269535670936e-01
6.075548771709689026e+04 9.340543551818837331e-01
6.075548797715757973e+04 9.723789473837562980e-01
6.075548823721827648e+04 9.466634535824354213e-01
6.075548849727896595e+04 9.024386485601988417e-01
6.075548875733965542e+04 8.115093244461468736e-01
6.075548901740034489e+04 9.480098210134536574e-01
6.075548927746104164e+04 8.889227874189630230e-01
6.075548953752172383e+04 9.460870155137695026e-01
6.075548979758242058e+04 1.135277365674802530e+00
6.075549005764311732e+04 9.988717887927097694e-01
6.075549031770380680e+04 1.008376121510646595e+00
6.075549057776450354e+04 9.666227729312344419e-01
6.075549083782518574e+04 9.957813458707709398e-01
6.075549109788588248e+04 1.000570365252593463e+00
6.075549135794657195e+04 9.197592666349911905e-01
6.075549161800726870e+04 1.072337713472351073e+00
6.075549187806795817e+04 1.034112372168940919e+00
6.075549213812864764e+04 1.023494999343832923e+00
6.075549239818933711e+04 1.060225024409748196e+00
6.075549265825003386e+04 1.016739288975716082e+00
6.075549291831072333e+04 1.094082137339574823e+00
6.075549317837142007e+04 9.230001020904576858e-01
6.075549343843210954e+04 9.675731071969086994e-01
6.075549369849279901e+04 1.090928609768472057e+00
6.075549395855349576e+04 1.123047603437981046e+00
6.075549421861417795e+04 1.073156982090601286e+00
6.075549447867487470e+04 9.852124198692417956e-01
6.075549473873556417e+04 1.030479656113606257e+00
6.075549499879626092e+04 9.982015114936353406e-01
6.075549525885695766e+04 1.056759037851072502e+00
6.075549551891763986e+04 1.074586845379066791e+00
6.075549577897833660e+04 8.721841771940637145e-01
6.075549603903902607e+04 9.468069058535930616e-01
6.075549629909972282e+04 1.160117310919862588e+00
6.075549655916041229e+04 9.516482510484473023e-01
6.075549681922110176e+04 1.187061874709663289e+00
6.075549707928179851e+04 1.063858798308375153e+00
6.075549733934248798e+04 1.000695930873108930e+00
6.075549759940317745e+04 9.294571319157262090e-01
6.075549785946386692e+04 1.077494463670954250e+00
6.075549811952456366e+04 1.008244967237967193e+00
6.075549837958525313e+04 9.300510404324061620e-01
6.075549863964594988e+04 9.728558213671816279e-01
6.075549889970663935e+04 9.594332406524391788e-01
6.075549915976732882e+04 1.031282572221307481e+00
6.075549941982802557e+04 1.012990346178276768e+00
6.075549967988871504e+04 8.469071984953793208e-01
6.075549993994941178e+04 9.900984793513607496e-01
6.075550020001009398e+04 1.094502941166155097e+00
6.075550046007079072e+04 9.969356048563623451e-01
6.075550072013148747e+04 1.121343235371536462e+00
6.075550098019216966e+04 9.699359958966458084e-01
6.075550124025286641e+04 1.000775594213437092e+00
6.075550150031355588e+04 1.117558549629299458e+00
6.075550176037425263e+04 9.781243801355415934e-01
6.075550202043494210e+04 1.169692010317625153e+00
6.075550228049563157e+04 8.026810796364921563e-01
6.075550254055632831e+04 1.077950512040090514e+00
6.075550280061701778e+04 9.357615166755595126e-01
6.075550306067771453e+04 9.033155022357406416e-01
6.075550332073840400e+04 9.337173340512883168e-01
6.075550358079909347e+04 9.563232487461430509e-01
6.075550513883041276e+04 1.009049094323510642e+00
6.075550539889110951e+04 9.873432654884592985e-01
6.075550565895179898e+04 8.655233605442541611e-01
6.075550591901248845e+04 9.336952592607337120e-01
6.075550617907318519e+04 9.378565189680100334e-01
6.075550643913387466e+04 9.787891888618938108e-01
6.075550669919457141e+04 1.030907050677051462e+00
6.075550695925526088e+04 9.149739335405172591e-01
6.075550721931595035e+04 9.535122683643840746e-01
6.075550747937664710e+04 1.012359936941942262e+00
6.075550773943733657e+04 9.638948966483138481e-01
6.075550799949803331e+04 1.019456883040983142e+00
6.075550825955872278e+04 8.769081698101044431e-01
6.075550851961941225e+04 9.860454596883080347e-01
6.075550877968010900e+04 1.012175579958587646e+00
6.075550903974079847e+04 1.040180220659062016e+00
6.075550929980148794e+04 1.029257115988295501e+00
6.075550955986217741e+04 8.822850827613236691e-01
6.075550981992287416e+04 9.142722544259289652e-01
6.075551007998357090e+04 8.684807036831895255e-01
6.075551034004426037e+04 9.888230788006481253e-01
6.075551060010494984e+04 1.077243571394541632e+00
6.075551086016564659e+04 9.172248141098651164e-01
6.075551112022633606e+04 9.846218286858432478e-01
6.075551138028703281e+04 1.006457470434104717e+00
6.075551164034772228e+04 1.100099644550742717e+00
6.075551190040841175e+04 9.555167241252467969e-01
6.075551216046910849e+04 9.756310814219351091e-01
6.075551242052979796e+04 9.405369353228620888e-01
6.075551268059049471e+04 9.831328799518848083e-01
6.075551294065118418e+04 9.348951957889680697e-01
6.075551320071187365e+04 9.553572242751837695e-01
6.075551346077257040e+04 1.089279350301127769e+00
6.075551372083325987e+04 1.132075487982200812e+00
6.075551398089394934e+04 9.803223845636267475e-01
6.075551424095464608e+04 1.032657890299798709e+00
6.075551450101533555e+04 9.921049318981426390e-01
6.075551476107603230e+04 9.405063557373816163e-01
6.075551502113672177e+04 9.425735730807790480e-01
6.075551528119741124e+04 8.989707434614201409e-01
6.075551554125810799e+04 9.360583187878175337e-01
6.075551580131879746e+04 8.984559966045009283e-01
6.075551606137949420e+04 9.137934891192001086e-01
6.075551632144019095e+04 9.561333638029090309e-01
6.075551658150087314e+04 1.068952781403550212e+00
6.075551684156156989e+04 9.207051994021709929e-01
6.075551710162226664e+04 8.633656290498668007e-01
6.075551736168294883e+04 9.270104509641325929e-01
6.075551762174364558e+04 9.585984482078540037e-01
6.075551788180433505e+04 1.087308282982600627e+00
6.075551814186503179e+04 9.660846288782468649e-01
6.075551840192572854e+04 9.856482636046210999e-01
6.075551866198641073e+04 1.139053183266934388e+00
6.075551892204710748e+04 9.970955214287892110e-01
6.075551918210780423e+04 8.656535899064128348e-01
6.075551944216849370e+04 9.799771845151246108e-01
6.075551970222919044e+04 9.505216135625783602e-01
6.075551996228987991e+04 8.991661081024824309e-01
6.075552022235056938e+04 8.835734235406267345e-01
6.075552048241126613e+04 1.038507866360316889e+00
6.075552074247194832e+04 1.055547589338673431e+00
6.075552100253265235e+04 9.543482396015542379e-01
6.075552126259334182e+04 1.090538362619933199e+00
6.075552152265403129e+04 9.638731688083821414e-01
6.075552178271472803e+04 8.605525633617374659e-01
6.075552204277541750e+04 1.070543566151744175e+00
6.075552230283610697e+04 1.095385684114942304e+00
6.075552256289680372e+04 1.117513041531664753e+00
6.075552282295750047e+04 1.025021207377817101e+00
6.075552308301818994e+04 9.230681502619446643e-01
6.075552334307887941e+04 9.203334341132403118e-01
6.075552360313957615e+04 9.867842513013197481e-01
6.075552386320026562e+04 9.446205959584892398e-01
6.075552412326096237e+04 9.140131012958636614e-01
6.075552438332165912e+04 8.272544087493306497e-01
6.075552464338234131e+04 9.144848146489092944e-01
6.075552490344303806e+04 9.985213245012732886e-01
6.075552516350373480e+04 1.094818159465587470e+00
6.075552542356441700e+04 9.648322489758153209e-01
6.075552568362511374e+04 1.057397883605001976e+00
6.075552594368581049e+04 1.024122687703779011e+00
6.075552620374649996e+04 9.023533664965756040e-01
6.075552646380719671e+04 1.017562964872178899e+00
6.075552672386788618e+04 1.021519897291488288e+00
6.075552698392857565e+04 8.133002754149719626e-01
6.075552724398927239e+04 9.116041434241739516e-01
6.075552750404996914e+04 9.710329143043331390e-01
6.075552776411065861e+04 9.962675641843981023e-01
6.075552802417134808e+04 9.826158937447413422e-01
6.075552828423204483e+04 9.949040007851489564e-01
6.075552854429273430e+04 8.506837472229596964e-01
6.075552880435342377e+04 9.306322186909391503e-01
6.075552906441412051e+04 8.178618012895502165e-01
6.075552932447480998e+04 8.780283047263195417e-01
6.075552958453550673e+04 9.106006262844342780e-01
6.075552984459620347e+04 9.651337682267983054e-01
6.075553010465688567e+04 9.239899425106554709e-01
6.075553036471758242e+04 1.024781009279506883e+00
6.075553062477827916e+04 9.149779722668925919e-01
6.075553088483896863e+04 8.512079203544524741e-01
6.075553114489966538e+04 8.909727418392707765e-01
6.075553140496035485e+04 9.856252702631245199e-01
6.075553166502104432e+04 1.094786139583182827e+00
6.075553192508174106e+04 8.211316293246943010e-01
6.075553218514243054e+04 8.548266900273685520e-01
6.075553244520312728e+04 8.809969740707581654e-01
6.075553270526381675e+04 9.859359665784375171e-01
6.075553296532451350e+04 8.000120256660452345e-01
6.075553322538520297e+04 1.102997173549807197e+00
6.075553348544589244e+04 9.820665878117110781e-01
6.075553503087646095e+04 7.702358724768785248e-01
6.075553529093715770e+04 1.065067008186560749e+00
6.075553555099784717e+04 9.073721174458547756e-01
6.075553581105853664e+04 8.351347974388638740e-01
6.075553607111923338e+04 8.514424312405408646e-01
6.075553633117992285e+04 1.014183618486285798e+00
6.075553659124061960e+04 9.038143502674145235e-01
6.075553685130131635e+04 8.894817717987061334e-01
6.075553711136199854e+04 9.893846480204951943e-01
6.075553737142269529e+04 9.727937614817360190e-01
6.075553763148339203e+04 1.084529250247815435e+00
6.075553789154408878e+04 9.281066788602387874e-01
6.075553815160477825e+04 8.741157694151012736e-01
6.075553841166546772e+04 1.039033460675898413e+00
6.075553867172616447e+04 1.064241729845603279e+00
6.075553893178685394e+04 1.049880748690855237e+00
6.075553919184754341e+04 9.323654324393840787e-01
6.075553945190824015e+04 9.844320406319368999e-01
6.075553971196892962e+04 1.067952811087992337e+00
6.075553997202962637e+04 1.170455808228675787e+00
6.075554023209032312e+04 1.104826834477082631e+00
6.075554049215101259e+04 9.756464237027914210e-01
6.075554075221170206e+04 1.055059878451104272e+00
6.075554101227239880e+04 9.644157008191734937e-01
6.075554127233309555e+04 9.727521136713349614e-01
6.075554153239378502e+04 8.207072186839695638e-01
6.075554179245447449e+04 1.014737339545124239e+00
6.075554205251517124e+04 8.328384622614576349e-01
6.075554231257586798e+04 9.715605657257219141e-01
6.075554257263655018e+04 9.577544289409083422e-01
6.075554283269725420e+04 8.553000307645952649e-01
6.075554309275794367e+04 1.024372563204229092e+00
6.075554335281863314e+04 1.068112547107311405e+00
6.075554361287932988e+04 9.457950468561064916e-01
6.075554387294001936e+04 1.070743557468114560e+00
6.075554413300071610e+04 9.001818305065634185e-01
6.075554439306140557e+04 9.778930509197072407e-01
6.075554465312210232e+04 1.014724493067839628e+00
6.075554491318279906e+04 9.122559486948770280e-01
6.075554517324348853e+04 1.177765164399628750e+00
6.075554543330417800e+04 9.942144713875472606e-01
6.075554569336487475e+04 1.055322713488267450e+00
6.075554595342557150e+04 9.775565962924572805e-01
6.075554621348626097e+04 8.767703662936271458e-01
6.075554647354695044e+04 9.315478203870255491e-01
6.075554673360764718e+04 1.001848441982735594e+00
6.075554699366834393e+04 9.485495786827008446e-01
6.075554725372902612e+04 9.799262837807787285e-01
6.075554751378972287e+04 1.004494817071008628e+00
6.075554777385041962e+04 1.008401480625596536e+00
6.075554803391111636e+04 1.095865713311093392e+00
6.075554829397180583e+04 9.227913256566315781e-01
6.075554855403249530e+04 9.999473534128379137e-01
6.075554881409319205e+04 1.020804052464956424e+00
6.075554907415388152e+04 9.934520238034386663e-01
6.075554933421457827e+04 9.883768669315178279e-01
6.075554959427527501e+04 1.063434225864387628e+00
6.075554985433596448e+04 1.015195836982283550e+00
6.075555011439665395e+04 9.985274739507568054e-01
6.075555037445735070e+04 7.823603562465547556e-01
6.075555063451804017e+04 9.740545765025293568e-01
6.075555089457873692e+04 8.592322933783220762e-01
6.075555115463942639e+04 1.002797939107271219e+00
6.075555141470012313e+04 8.049563341549067497e-01
6.075555167476081988e+04 9.264029289408770573e-01
6.075555193482150935e+04 1.011766992925597242e+00
6.075555219488219882e+04 8.809911805085779424e-01
6.075555245494289557e+04 8.780603029672336968e-01
6.075555271500359231e+04 9.700580865302964595e-01
6.075555297506428906e+04 9.907707491668195088e-01
6.075555323512497125e+04 8.654893048897580599e-01
6.075555349518566800e+04 1.087256343894360544e+00
6.075555375524636474e+04 9.573588921828617426e-01
6.075555401530705421e+04 1.119571591111480524e+00
6.075555427536775096e+04 9.387649657466035080e-01
6.075555453542844043e+04 9.162919175218523504e-01
6.075555479548913718e+04 9.532174483423587752e-01
6.075555505554983392e+04 1.009078968278256827e+00
6.075555531561051612e+04 9.399774081256720981e-01
6.075555557567121286e+04 9.761789096210707894e-01
6.075555583573190961e+04 9.216492405195425563e-01
6.075555609579260636e+04 1.018470072749774191e+00
6.075555635585329583e+04 8.080231158059859586e-01
6.075555661591398530e+04 9.099657586002738441e-01
6.075555687597468204e+04 9.305141990521155204e-01
6.075555713603537879e+04 9.283790423165384498e-01
6.075555739609607554e+04 8.655288703851183874e-01
6.075555765615676501e+04 1.016510218053944037e+00
6.075555791621745448e+04 1.085647523702904627e+00
6.075555817627815122e+04 9.904308016928684566e-01
6.075555843633884797e+04 9.836644248170286486e-01
6.075555869639953016e+04 9.272889765068114132e-01
6.075555895646022691e+04 9.195211635812554629e-01
6.075555921652092366e+04 1.018188966079711211e+00
6.075555947658162040e+04 9.472465511263996607e-01
6.075555973664230987e+04 9.128434300790129186e-01
6.075555999670299934e+04 1.054507542300011425e+00
6.075556025676369609e+04 8.291544111226499814e-01
6.075556051682439283e+04 1.035028710321715284e+00
6.075556077688508958e+04 9.181728510756156370e-01
6.075556103694577905e+04 1.010714323492462041e+00
6.075556129700646852e+04 8.417595954849775852e-01
6.075556155706716527e+04 8.585060057762463614e-01
6.075556181712786201e+04 9.249903450917990044e-01
6.075556207718854421e+04 1.003413643987398407e+00
6.075556233724924095e+04 9.929150474400193493e-01
6.075556259730993770e+04 1.048808059435409223e+00
6.075556285737063445e+04 1.049264713099665736e+00
6.075556311743133119e+04 1.058347341410080578e+00
6.075556337749201339e+04 9.851749761550072648e-01
6.075556504896522529e+04 9.848524443154531571e-01
6.075556530902591476e+04 9.197991426742584409e-01
6.075556556908661150e+04 1.048521322941994072e+00
6.075556582914730097e+04 1.071320273143711255e+00
6.075556608920799772e+04 1.209701001255497843e+00
6.075556634926869447e+04 8.385235283683647456e-01
6.075556660932938394e+04 9.052310834422030439e-01
6.075556686939008068e+04 9.525539895106110988e-01
6.075556712945077015e+04 9.427701920500483057e-01
6.075556738951146690e+04 1.031205096605189331e+00
6.075556764957216365e+04 1.098606112846423732e+00
6.075556790963285312e+04 9.381895219188203239e-01
6.075556816969354986e+04 9.673754078443472793e-01
6.075556842975423933e+04 9.955523961408800915e-01
6.075556868981492880e+04 9.578668121363613785e-01
6.075556894987563282e+04 8.749025024376954063e-01
6.075556920993632230e+04 9.596924890906498584e-01
6.075556946999701904e+04 8.820554739128873001e-01
6.075556973005770851e+04 9.520786389408087969e-01
6.075556999011839798e+04 9.200464023183501094e-01
6.075557025017909473e+04 1.002517055783183730e+00
6.075557051023979147e+04 9.950042342387636074e-01
6.075557077030048822e+04 9.077631469740297110e-01
6.075557103036117769e+04 9.089293034412054828e-01
6.075557129042186716e+04 8.680567098364857515e-01
6.075557155048256391e+04 1.054493699529729156e+00
6.075557181054326065e+04 9.322908125431761395e-01
6.075557207060395740e+04 9.629722046264376223e-01
6.075557233066464687e+04 1.075692112850826776e+00
6.075557259072533634e+04 1.039360065412836098e+00
6.075557285078603309e+04 1.015351528052031105e+00
6.075557311084672983e+04 9.618388510827409199e-01
6.075557337090741930e+04 9.170348499051721447e-01
6.075557363096811605e+04 1.048020155680079890e+00
6.075557389102880552e+04 9.707823107978996724e-01
6.075557415108950227e+04 9.342661132785287093e-01
6.075557441115019901e+04 9.357284897122410960e-01
6.075557467121088848e+04 9.775682944872746694e-01
6.075557493127158523e+04 1.025906730311257675e+00
6.075557519133227470e+04 9.646939525307979268e-01
6.075557545139297144e+04 9.321483561495333969e-01
6.075557571145366819e+04 9.937783390254604221e-01
6.075557597151435766e+04 9.872493997016400513e-01
6.075557623157505441e+04 9.694555886272013812e-01
6.075557649163575115e+04 9.774012699341078081e-01
6.075557675169643335e+04 1.088421059211064357e+00
6.075557701175713009e+04 1.031154465785587115e+00
6.075557727181782684e+04 1.044645261449900664e+00
6.075557753187852359e+04 9.153383152493219654e-01
6.075557779193922033e+04 1.012336418173974684e+00
6.075557805199990980e+04 9.160323370332099646e-01
6.075557831206059927e+04 8.952742006915824780e-01
6.075557857212129602e+04 1.084542974542945126e+00
6.075557883218199277e+04 1.036403831752821247e+00
6.075557909224268951e+04 8.961075110788122577e-01
6.075557935230337898e+04 8.930426068869392608e-01
6.075557961236407573e+04 8.863368189400697705e-01
6.075557987242476520e+04 9.356255062201366268e-01
6.075558013248546195e+04 8.706396835621299513e-01
6.075558039254615869e+04 9.920507987754204615e-01
6.075558065260684816e+04 9.270736554855988354e-01
6.075558091266754491e+04 8.898565378753611199e-01
6.075558117272824165e+04 9.489395111341824007e-01
6.075558143278892385e+04 9.842245505437763331e-01
6.075558169284962059e+04 9.901437421747678602e-01
6.075558195291031734e+04 9.407977387523871471e-01
6.075558221297101409e+04 9.542943220683772765e-01
6.075558247303171083e+04 9.649661510637387307e-01
6.075558273309240030e+04 1.017911787284973224e+00
6.075558299315309705e+04 1.061592398641017621e+00
6.075558325321378652e+04 9.138561526524778822e-01
6.075558351327448327e+04 9.616218701046771455e-01
6.075558377333518001e+04 9.284428958516608432e-01
6.075558403339586948e+04 8.377296859273329899e-01
6.075558429345656623e+04 8.755088789363756341e-01
6.075558455351726298e+04 1.015818484345663908e+00
6.075558481357794517e+04 9.083633996380809927e-01
6.075558507363864192e+04 1.006777231316313026e+00
6.075558533369933866e+04 9.390891069050973927e-01
6.075558559376003541e+04 8.695006354596800380e-01
6.075558585382073215e+04 8.773038008733125004e-01
6.075558611388142162e+04 9.154171309768651676e-01
6.075558637394211837e+04 9.545151646856734340e-01
6.075558663400280784e+04 9.518978721082571592e-01
6.075558689406350459e+04 9.392789862515695809e-01
6.075558715412420133e+04 9.919054967957590119e-01
6.075558741418489080e+04 9.083976718482984491e-01
6.075558767424558755e+04 9.580499432253527514e-01
6.075558793430628430e+04 9.850015000856207070e-01
6.075558819436697377e+04 9.037481534701190533e-01
6.075558845442767051e+04 9.903420447071271671e-01
6.075558871448835998e+04 9.653556969030249180e-01
6.075558897454905673e+04 9.031931112531719208e-01
6.075558923460975348e+04 8.723063120050250641e-01
6.075558949467044295e+04 9.343459017032892389e-01
6.075558975473113969e+04 9.635432567091097855e-01
6.075559001479183644e+04 1.150193030514791381e+00
6.075559027485253318e+04 9.333984994547761538e-01
6.075559053491322265e+04 8.846629495239940466e-01
6.075559079497391212e+04 9.304403215759144974e-01
6.075559105503460887e+04 9.108203290880054759e-01
6.075559131509530562e+04 9.823176361922789646e-01
6.075559157515600236e+04 9.274807782576734994e-01
6.075559183521669911e+04 9.592465356351376204e-01
6.075559209527738858e+04 1.043814401310235285e+00
6.075559235533808533e+04 1.035033911616241031e+00
6.075559261539877480e+04 9.675551187327667835e-01
6.075559287545946427e+04 9.720108142588030908e-01
6.075559313552016101e+04 9.306300490472052545e-01
6.075559339558085776e+04 1.122689392428698696e+00
6.075559494101491873e+04 8.114763280255689049e-01
6.075559520107561548e+04 1.081493073902605628e+00
6.075559546113631222e+04 1.065137024941014143e+00
6.075559572119700897e+04 1.061679553778119178e+00
6.075559598125769844e+04 1.033311747168232042e+00
6.075559624131839519e+04 9.975776476867829201e-01
6.075559650137908466e+04 9.316841522075866022e-01
6.075559676143977413e+04 8.323419717055566824e-01
6.075559702150047087e+04 8.852708675594150867e-01
6.075559728156116762e+04 9.906599978603367607e-01
6.075559754162186437e+04 9.651591070312994791e-01
6.075559780168256111e+04 9.599178600668339945e-01
6.075559806174325058e+04 8.900045326580398042e-01
6.075559832180394733e+04 9.786268216048579216e-01
6.075559858186464407e+04 9.881022813829596352e-01
6.075559884192533355e+04 9.725400791492718744e-01
6.075559910198603029e+04 9.293555426200225122e-01
6.075559936204671976e+04 9.587922110435389556e-01
6.075559962210741651e+04 1.005933084533404021e+00
6.075559988216811325e+04 1.079181245406030554e+00
6.075560014222880272e+04 1.029702647276446337e+00
6.075560040228950675e+04 9.694509246627016630e-01
6.075560066235019622e+04 1.015842791206043927e+00
6.075560092241089296e+04 8.801631648628468474e-01
6.075560118247158971e+04 9.418625833639637790e-01
6.075560144253227918e+04 8.781397080703973179e-01
6.075560170259296865e+04 9.678349687382582500e-01
6.075560196265366540e+04 9.170480038303893133e-01
6.075560222271436214e+04 9.608427551731325567e-01
6.075560248277505889e+04 9.820815855242672754e-01
6.075560274283574836e+04 1.023511272448681675e+00
6.075560300289644510e+04 9.595207512980836739e-01
6.075560326295714185e+04 9.091366284544400989e-01
6.075560352301783860e+04 9.588911077943018668e-01
6.075560378307853534e+04 8.769007214058923694e-01
6.075560404313922481e+04 8.716448556817599780e-01
6.075560430319992156e+04 1.050314432597386549e+00
6.075560456326061831e+04 9.208444000384909955e-01
6.075560482332130050e+04 9.204980203162469454e-01
6.075560508338199725e+04 9.535072533530899452e-01
6.075560534344269399e+04 9.573446740870497074e-01
6.075560560350339074e+04 8.779377162279919933e-01
6.075560586356408749e+04 1.014589946746164317e+00
6.075560612362477696e+04 1.022475235549609618e+00
6.075560638368547370e+04 9.188112064054368977e-01
6.075560664374617045e+04 1.023722832107224701e+00
6.075560690380686719e+04 9.593181011439128048e-01
6.075560716386756394e+04 1.055811744374447692e+00
6.075560742392825341e+04 1.040264180209937495e+00
6.075560768398895016e+04 9.791436890921720870e-01
6.075560794404964690e+04 1.061015108253591688e+00
6.075560820411032910e+04 9.811956876457491594e-01
6.075560846417102584e+04 9.182333465768678371e-01
6.075560872423172259e+04 9.310736341107946901e-01
6.075560898429241934e+04 9.457594805283048300e-01
6.075560924435311608e+04 7.675910329616917327e-01
6.075560950441380555e+04 9.847485182787575342e-01
6.075560976447450230e+04 9.536503255724676498e-01
6.075561002453519905e+04 1.095280540724812735e+00
6.075561028459589579e+04 9.726173690518643555e-01
6.075561054465659254e+04 9.347311037078553930e-01
6.075561080471728201e+04 1.025133839332885710e+00
6.075561106477797875e+04 9.903702022383339409e-01
6.075561132483867550e+04 9.826006203914443571e-01
6.075561158489937225e+04 9.522411676184255880e-01
6.075561184496006899e+04 1.016968499817111571e+00
6.075561210502075846e+04 9.376610846578961045e-01
6.075561236508144793e+04 8.879766099394375001e-01
6.075561262514214468e+04 1.028714714976185940e+00
6.075561288520283415e+04 9.744721093804465939e-01
6.075561314526353090e+04 9.789303685440406966e-01
6.075561340532422764e+04 9.123251874538049755e-01
6.075561366538492439e+04 1.099658301952103345e+00
6.075561392544562113e+04 8.533042036885195580e-01
6.075561418550631060e+04 1.010868033325172943e+00
6.075561444556700735e+04 9.403271431252396839e-01
6.075561470562770410e+04 9.124840856291118740e-01
6.075561496568840084e+04 1.010125114423135351e+00
6.075561522574909759e+04 9.701324134307640623e-01
6.075561548580978706e+04 1.037436390485193538e+00
6.075561574587048381e+04 9.088540377287314120e-01
6.075561600593118055e+04 9.281984754690422168e-01
6.075561626599187002e+04 9.345382634461855131e-01
6.075561652605256677e+04 1.023061356701285396e+00
6.075561678611326352e+04 8.469660427644357670e-01
6.075561704617396026e+04 9.088228068853250186e-01
6.075561730623465701e+04 9.415950237765977615e-01
6.075561756629534648e+04 9.254335602084390322e-01
6.075561782635604322e+04 9.858039210987784573e-01
6.075561808641673269e+04 8.991543154262684467e-01
6.075561834647742944e+04 9.145281016787804029e-01
6.075561860653812619e+04 9.450710265316613068e-01
6.075561886659881566e+04 9.372200754927700883e-01
6.075561912665951240e+04 9.132881348389340070e-01
6.075561938672020915e+04 1.113645329158947428e+00
6.075561964678089862e+04 1.007646245090184411e+00
6.075561990684160264e+04 1.073409463986520596e+00
6.075562016690229211e+04 9.553389505872786902e-01
6.075562042696298886e+04 1.075640930214902591e+00
6.075562068702368560e+04 1.004544287184517160e+00
6.075562094708437508e+04 9.926638993517047371e-01
6.075562120714507182e+04 1.086413747780890171e+00
6.075562146720576857e+04 8.391010084017411774e-01
6.075562172726646531e+04 9.332410716274889273e-01
6.075562198732716206e+04 7.790708429784748423e-01
6.075562224738785153e+04 9.609276008544277436e-01
6.075562250744854828e+04 1.113931782407522997e+00
6.075562276750924502e+04 9.478924280839190475e-01
6.075562302756994177e+04 9.836423040891831837e-01
6.075562328763063852e+04 1.035162426265749502e+00
6.075562490904599690e+04 9.525689615045391800e-01
6.075562516909990518e+04 9.840666694567247186e-01
6.075562542915379890e+04 1.084870547291549636e+00
6.075562568920769263e+04 9.303637111391076520e-01
6.075562594926160091e+04 9.662907982061649248e-01
6.075562620931549463e+04 9.739659231160177066e-01
6.075562646936939564e+04 9.112750143415212500e-01
6.075562672942329664e+04 9.995521952774594210e-01
6.075562698947719036e+04 9.415163104532175975e-01
6.075562724953109864e+04 8.465259539165692626e-01
6.075562750958499237e+04 9.069377677088354961e-01
6.075562776963889337e+04 9.667055039255246784e-01
6.075562802969280165e+04 9.515476872093825422e-01
6.075562828974669537e+04 9.541739871024029762e-01
6.075562854980059637e+04 9.597003944073756454e-01
6.075562880985449738e+04 9.856056091849606515e-01
6.075562906990839110e+04 9.868768695532897928e-01
6.075562932996229938e+04 1.011243406004112888e+00
6.075562959001619311e+04 9.362284610311235600e-01
6.075562985007009411e+04 9.400859419811322670e-01
6.075563011012399511e+04 9.423919225273426070e-01
6.075563037017788884e+04 9.043049685590593967e-01
6.075563063023179711e+04 8.427478274531802205e-01
6.075563089028569084e+04 9.352515865007818840e-01
6.075563115033958456e+04 8.826000227966490641e-01
6.075563141039349284e+04 1.068988832074768247e+00
6.075563167044738657e+04 1.102533475799315044e+00
6.075563193050128757e+04 8.817926281789383314e-01
6.075563219055518857e+04 1.011120103658626812e+00
6.075563245060908230e+04 8.670212382251880623e-01
6.075563271066299058e+04 9.968239893004592345e-01
6.075563297071688430e+04 1.059248578304819333e+00
6.075563323077078530e+04 8.190812137786854796e-01
6.075563349082468631e+04 9.147664685817202823e-01
6.075563375087858003e+04 9.161808270728495351e-01
6.075563401093248831e+04 8.782699301542586934e-01
6.075563427098638203e+04 8.899666113173239079e-01
6.075563453104027576e+04 9.717845083268729089e-01
6.075563479109418404e+04 9.746623391605532261e-01
6.075563505114807776e+04 8.489447866016880395e-01
6.075563531120197877e+04 9.020329737721550778e-01
6.075563557125588704e+04 1.011076843261035307e+00
6.075563583130978077e+04 8.723588868054250600e-01
6.075563609136368905e+04 9.270616956356052540e-01
6.075563635141758277e+04 9.709574646353485994e-01
6.075563661147148377e+04 9.633379072203592797e-01
6.075563687152538478e+04 9.312513755578381014e-01
6.075563713157927850e+04 9.608566690586513026e-01
6.075563739163318678e+04 1.015149363857303033e+00
6.075563765168708051e+04 8.819953125216487555e-01
6.075563791174097423e+04 1.033837088607557186e+00
6.075563817179488251e+04 8.524836580208670078e-01
6.075563843184877624e+04 9.637970569593572456e-01
6.075563869190267724e+04 1.072110442103479278e+00
6.075563895195657824e+04 8.768871005187405254e-01
6.075563921201047197e+04 9.629458052920765176e-01
6.075563947206438024e+04 8.809918700978337514e-01
6.075563973211827397e+04 9.681199179333573879e-01
6.075563999217217497e+04 9.702487654305125275e-01
6.075564025222608325e+04 1.007279091516381619e+00
6.075564051227997697e+04 9.239667327178823220e-01
6.075564077233388525e+04 9.651484338528584228e-01
6.075564103238777898e+04 9.336595911887662913e-01
6.075564129244167270e+04 8.898756301295562832e-01
6.075564155249558098e+04 8.541848282045733098e-01
6.075564181254947471e+04 8.624703540838210003e-01
6.075564207260337571e+04 9.358957597325415767e-01
6.075564233265727671e+04 9.909826026212974481e-01
6.075564259271117044e+04 9.137794564978657386e-01
6.075564285276507871e+04 1.075351905516697348e+00
6.075564311281897244e+04 1.019306754995134900e+00
6.075564337287286617e+04 1.046664419955728675e+00
6.075564363292677444e+04 9.209212964859412320e-01
6.075564389298066817e+04 1.018573540870673977e+00
6.075564415303458372e+04 9.661448986273959427e-01
6.075564441308847745e+04 9.607615549079191464e-01
6.075564467314237118e+04 1.110928095091548329e+00
6.075564493319627945e+04 1.013899224614186689e+00
6.075564519325017318e+04 9.408284009608202103e-01
6.075564545330407418e+04 9.392465646375768307e-01
6.075564571335797518e+04 9.476339295016374953e-01
6.075564597341186891e+04 9.696476231082413744e-01
6.075564623346577719e+04 9.971955032681718567e-01
6.075564649351967091e+04 9.086240008750086083e-01
6.075564675357356464e+04 8.124399236871908681e-01
6.075564701362747292e+04 9.090890702766668552e-01
6.075564727368136664e+04 9.274150639520656325e-01
6.075564753373527492e+04 9.271727713716273467e-01
6.075564779378917592e+04 9.444515218725711980e-01
6.075564805384306965e+04 1.002909532401741632e+00
6.075564831389697792e+04 9.625760632664742689e-01
6.075564857395087165e+04 9.898324195054785113e-01
6.075564883400477265e+04 1.049254552644883542e+00
6.075564909405867365e+04 1.005022883564199443e+00
6.075564935411256738e+04 9.507043291170133026e-01
6.075564961416647566e+04 9.363478482729057362e-01
6.075564987422036938e+04 9.737553204695972298e-01
6.075565013427426311e+04 9.915382426017246287e-01
6.075565039432817866e+04 9.857003351340142272e-01
6.075565065438207239e+04 1.013176433457819270e+00
6.075565091443597339e+04 7.791014866436161146e-01
6.075565117448987439e+04 8.443233292740882634e-01
6.075565143454376812e+04 9.947533779329280623e-01
6.075565169459767640e+04 9.436673610962504899e-01
6.075565195465157012e+04 9.740327766844841806e-01
6.075565221470547112e+04 9.857794385056203312e-01
6.075565247475937213e+04 9.706086856639720706e-01
6.075565273481326585e+04 9.825144549526987348e-01
6.075565299486718141e+04 1.049656306880136558e+00
6.075565325492107513e+04 1.044293856578704327e+00
6.075565492676799477e+04 8.773824131610316046e-01
6.075565518682868424e+04 1.022326208294938032e+00
6.075565544688938098e+04 9.143377111780385258e-01
6.075565570695007773e+04 9.833604448406283449e-01
6.075565596701077448e+04 9.386894959848642861e-01
6.075565622707147122e+04 1.128484410749479139e+00
6.075565648713216069e+04 9.668190921926183012e-01
6.075565674719285744e+04 1.089591036227574250e+00
6.075565700725356146e+04 9.283044774209636696e-01
6.075565726731425821e+04 1.020485846728639956e+00
6.075565752737495495e+04 1.055056789314371413e+00
6.075565778743564442e+04 9.703424562368293538e-01
6.075565804749634117e+04 9.972715102667634168e-01
6.075565830755703792e+04 9.106596983405959023e-01
6.075565856761772739e+04 9.341781423593937816e-01
6.075565882767842413e+04 1.044725783408285480e+00
6.075565908773912088e+04 9.312787915217920487e-01
6.075565934779981762e+04 1.008494668534264394e+00
6.075565960786051437e+04 1.064799630563446176e+00
6.075565986792121112e+04 8.244875035093924831e-01
6.075566012798190786e+04 9.779858350591186245e-01
6.075566038804260461e+04 9.234990722011502395e-01
6.075566064810330136e+04 1.005405909127992325e+00
6.075566090816399810e+04 9.683074540776748229e-01
6.075566116822468757e+04 9.903270913943680309e-01
6.075566142828538432e+04 9.477347747362639963e-01
6.075566168834608106e+04 1.098658903077590621e+00
6.075566194840677781e+04 8.731603756133495819e-01
6.075566220846748183e+04 1.002754964785568026e+00
6.075566246852817130e+04 9.111230065570971037e-01
6.075566272858886805e+04 1.024099623476474541e+00
6.075566298864956480e+04 1.092664353205878403e+00
6.075566324871025427e+04 8.964913236684057818e-01
6.075566350877095101e+04 1.070759531518588492e+00
6.075566376883164776e+04 9.193248211879697651e-01
6.075566402889234450e+04 9.530339230979973930e-01
6.075566428895304125e+04 9.513560468424749894e-01
6.075566454901373800e+04 1.098566726725530573e+00
6.075566480907443474e+04 9.899647327278412456e-01
6.075566506913513149e+04 9.493270067063965811e-01
6.075566532919582824e+04 8.886524288077822797e-01
6.075566558925652498e+04 9.764945490627193747e-01
6.075566584931721445e+04 9.588490749316562756e-01
6.075566610937791120e+04 9.254172441001281557e-01
6.075566636943860794e+04 8.705080734880762394e-01
6.075566662949930469e+04 9.294289460722549023e-01
6.075566688956000144e+04 8.447892124755398413e-01
6.075566714962069818e+04 1.042676682361572293e+00
6.075566740968139493e+04 9.662891750696692705e-01
6.075566766974209168e+04 8.289535174711544219e-01
6.075566792980278115e+04 1.091193474094709348e+00
6.075566818986347789e+04 1.005271297292072985e+00
6.075566844992417464e+04 1.121441292606001339e+00
6.075566870998487866e+04 9.359672037462479777e-01
6.075566897004557541e+04 1.048312756926141232e+00
6.075566923010626488e+04 9.777146942354794090e-01
6.075566949016696162e+04 9.891898664935522278e-01
6.075566975022765837e+04 1.082006863185008827e+00
6.075567001028834784e+04 9.700337959060458815e-01
6.075567027034905186e+04 9.063406629612391630e-01
6.075567053040974133e+04 1.051296221456838431e+00
6.075567079047044535e+04 9.869788411712056009e-01
6.075567105053114210e+04 9.627033213110912646e-01
6.075567131059183157e+04 1.066298633677593921e+00
6.075567157065252832e+04 1.146816258052426152e+00
6.075567183071322506e+04 1.044504968682054225e+00
6.075567209077392181e+04 1.164055265589476917e+00
6.075567235083461856e+04 9.988507503136362375e-01
6.075567261089531530e+04 9.417206927105403746e-01
6.075567287095601205e+04 1.045060243818211942e+00
6.075567313101670879e+04 8.603218451666527766e-01
6.075567339107740554e+04 9.910358072613679736e-01
6.075567365113810229e+04 9.401838048439424833e-01
6.075567391119879176e+04 8.655419208718608814e-01
6.075567417125948850e+04 1.000441009119169111e+00
6.075567443132019253e+04 9.576915032012042195e-01
6.075567469138088200e+04 9.630071614340987018e-01
6.075567495144157874e+04 9.714014446383060220e-01
6.075567521150227549e+04 1.021191430548698653e+00
6.075567547156297223e+04 1.045913522226344705e+00
6.075567573162366898e+04 9.657411901142664012e-01
6.075567599168436573e+04 1.156802740393680473e+00
6.075567625174506247e+04 9.337772512484733278e-01
6.075567651180575922e+04 1.061248686319107737e+00
6.075567677186645597e+04 1.014188925968011468e+00
6.075567703192715271e+04 9.997606671282256441e-01
6.075567729198784218e+04 1.015116662833310368e+00
6.075567755204853893e+04 9.317530437128799248e-01
6.075567781210924295e+04 8.635473533088356968e-01
6.075567807216993242e+04 1.028576636821453505e+00
6.075567833223062917e+04 1.024573291909679718e+00
6.075567859229132591e+04 1.049486139822040087e+00
6.075567885235202266e+04 1.023943648484907598e+00
6.075567911241271941e+04 1.059074652637717273e+00
6.075567937247341615e+04 1.116176569759311343e+00
6.075567963253411290e+04 1.018899513333541007e+00
6.075567989259480964e+04 1.091460981000491159e+00
6.075568015265550639e+04 1.004443229841758711e+00
6.075568041271620314e+04 9.856126228307484638e-01
6.075568067277689261e+04 1.072690371393389297e+00
6.075568093283759663e+04 9.837684462313849298e-01
6.075568119289829338e+04 9.457870630948885804e-01
6.075568145295898285e+04 9.480559018828901285e-01
6.075568171301968687e+04 9.694367715473963809e-01
6.075568197308037634e+04 9.808674136336025251e-01
6.075568223314107308e+04 1.019942212559464600e+00
6.075568249320177711e+04 9.436473555151806414e-01
6.075568275326246658e+04 9.225537891130343171e-01
6.075568301332316332e+04 9.924381458052110583e-01
6.075568327338386007e+04 1.107895702058576903e+00
6.075568483179301256e+04 1.087801317459919037e+00
6.075568509184680443e+04 1.013707225095518583e+00
6.075568535190059629e+04 1.005368139332311506e+00
6.075568561195438815e+04 9.730066400542406457e-01
6.075568587200818729e+04 1.166623205661477813e+00
6.075568613206199370e+04 1.033257639218543300e+00
6.075568639211578557e+04 9.375292366959770973e-01
6.075568665216957743e+04 1.125668699769384107e+00
6.075568691222336929e+04 1.057639942826379853e+00
6.075568717227716115e+04 1.027394927621440246e+00
6.075568743233096029e+04 1.104747176409989873e+00
6.075568769238475215e+04 1.077051869131678385e+00
6.075568795243854402e+04 1.092322087297856514e+00
6.075568821249233588e+04 9.670334443744643682e-01
6.075568847254613502e+04 1.157262632134173463e+00
6.075568873259992688e+04 1.118875876100656530e+00
6.075568899265372602e+04 9.913044929686509743e-01
6.075568925270752516e+04 9.200005546456206940e-01
6.075568951276131702e+04 1.069239841095893429e+00
6.075568977281511616e+04 9.921284349318684193e-01
6.075569003286890802e+04 1.088225892857296317e+00
6.075569029292269988e+04 9.544324133367826368e-01
6.075569055297649174e+04 9.711466275769081724e-01
6.075569081303029088e+04 1.049157350002666300e+00
6.075569107308408275e+04 9.918642114088855877e-01
6.075569133313787461e+04 1.053618894172044129e+00
6.075569159319166647e+04 9.381913993741637370e-01
6.075569185324547288e+04 9.311792495547843718e-01
6.075569211329927202e+04 1.032262852909485495e+00
6.075569237335306389e+04 1.040068470599722295e+00
6.075569263340685575e+04 1.170388001430785474e+00
6.075569289346064761e+04 9.391686082354335774e-01
6.075569315351444675e+04 9.758236536515342285e-01
6.075569341356823861e+04 9.694010463070608097e-01
6.075569367362203047e+04 1.000649381846106412e+00
6.075569393367582234e+04 1.000528822968585141e+00
6.075569419372962147e+04 9.699235381348910723e-01
6.075569445378341334e+04 1.180205226811484875e+00
6.075569471383720520e+04 9.578368004035560102e-01
6.075569497389100434e+04 9.878174895047736603e-01
6.075569523394481075e+04 8.892889657837321771e-01
6.075569549399860261e+04 9.916720379386880779e-01
6.075569575405239448e+04 1.057486656341376285e+00
6.075569601410618634e+04 1.052708001368437563e+00
6.075569627415998548e+04 1.013472556541112679e+00
6.075569653421377734e+04 1.003623502007455315e+00
6.075569679426756920e+04 1.073468828860890012e+00
6.075569705432136107e+04 9.976880326568238200e-01
6.075569731437516020e+04 9.085350530380683631e-01
6.075569757442895207e+04 9.345000624354166119e-01
6.075569783448274393e+04 8.496368233160120909e-01
6.075569809453654307e+04 1.002109358448595833e+00
6.075569835459034948e+04 8.997416797009540890e-01
6.075569861464414134e+04 1.067605569105432917e+00
6.075569887469793321e+04 9.197455173760452629e-01
6.075569913475172507e+04 1.045933198924241303e+00
6.075569939480552421e+04 1.099563041686594467e+00
6.075569965485931607e+04 9.835166857945529806e-01
6.075569991491310793e+04 1.006493350868574943e+00
6.075570017496689979e+04 9.966376206142568694e-01
6.075570043502069893e+04 9.358325131055155177e-01
6.075570069507449080e+04 1.000225644862359209e+00
6.075570095512828993e+04 1.009976650539874621e+00
6.075570121518208907e+04 9.176988716439140603e-01
6.075570147523588821e+04 9.592848720145881192e-01
6.075570173528968007e+04 9.869746376171918412e-01
6.075570199534347194e+04 1.037387157838814078e+00
6.075570225539727107e+04 1.047276611184301709e+00
6.075570251545106294e+04 1.014481380448537529e+00
6.075570277550485480e+04 9.889250490903647162e-01
6.075570303555864666e+04 9.293865771510116947e-01
6.075570329561244580e+04 9.624993464590130277e-01
6.075570355566623766e+04 1.078316468139002060e+00
6.075570381572002952e+04 9.296063933663192280e-01
6.075570407577382866e+04 9.664588441974503175e-01
6.075570433582763508e+04 1.012286544027123147e+00
6.075570459588142694e+04 9.786958105824058451e-01
6.075570485593521880e+04 1.073363713659948537e+00
6.075570511598901066e+04 1.056365907638080248e+00
6.075570537604280980e+04 1.084318706441090185e+00
6.075570563609660167e+04 1.036335598408368419e+00
6.075570589615039353e+04 1.030089299663871749e+00
6.075570615620419267e+04 1.076046252887110422e+00
6.075570641625798453e+04 1.030225076193693079e+00
6.075570667631177639e+04 1.006551693296876548e+00
6.075570693636557553e+04 1.031936874173539964e+00
6.075570719641938194e+04 1.067961858291579302e+00
6.075570745647317381e+04 8.689664972496978779e-01
6.075570771652696567e+04 1.101240140639029974e+00
6.075570797658076481e+04 1.029246002369052171e+00
6.075570823663455667e+04 1.061512577139749336e+00
6.075570849668834853e+04 1.012512139167847991e+00
6.075570875674214039e+04 1.059689316666442060e+00
6.075570901679593953e+04 1.072235678681696669e+00
6.075570927684973140e+04 9.844177587026033960e-01
6.075570953690352326e+04 9.758999590710307759e-01
6.075570979695732240e+04 1.085449021559433902e+00
6.075571005701112153e+04 9.850061159679697198e-01
6.075571031706492067e+04 1.106729878276032641e+00
6.075571057711871254e+04 1.026782004977489837e+00
6.075571083717251167e+04 1.018811783818768468e+00
6.075571109722630354e+04 9.106992347473445992e-01
6.075571135728009540e+04 8.800392712378281024e-01
6.075571161733389454e+04 1.012274064492181269e+00
6.075571187738768640e+04 9.798933008229261388e-01
6.075571213744147826e+04 1.017194885847388486e+00
6.075571239749527740e+04 1.077701623930431785e+00
6.075571265754906926e+04 9.998534658962082711e-01
6.075571291760286840e+04 9.796089136604360093e-01
6.075571317765666754e+04 9.559360697582356403e-01
6.075571474868715450e+04 1.025331497361777977e+00
6.075571500874785124e+04 1.031244157894412039e+00
6.075571526880854799e+04 1.111184579367052061e+00
6.075571552886924474e+04 1.042043262002764203e+00
6.075571578892994148e+04 1.037435964114653109e+00
6.075571604899063823e+04 1.074690429674107550e+00
6.075571630905133497e+04 1.106742459966542080e+00
6.075571656911203172e+04 1.102520498784571146e+00
6.075571682917273574e+04 1.001760918532647482e+00
6.075571708923342521e+04 8.955617892624265775e-01
6.075571734929412196e+04 1.041136712178989843e+00
6.075571760935482598e+04 1.093878689635272572e+00
6.075571786941552273e+04 9.363997204501857130e-01
6.075571812947621947e+04 9.962612964152931516e-01
6.075571838953690894e+04 1.052392620582494498e+00
6.075571864959761297e+04 9.202677670016067291e-01
6.075571890965830971e+04 9.989824241036894259e-01
6.075571916971899918e+04 1.112514139772362798e+00
6.075571942977970320e+04 9.154616519261982166e-01
6.075571968984039995e+04 1.063225349724098656e+00
6.075571994990109670e+04 1.012926320510749711e+00
6.075572020996180072e+04 1.049822674930441124e+00
6.075572047002249019e+04 9.486376146440391732e-01
6.075572073008318694e+04 1.128505302740044902e+00
6.075572099014388368e+04 9.756812995615763429e-01
6.075572125020458770e+04 1.036151796050548413e+00
6.075572151026528445e+04 1.002061506157240434e+00
6.075572177032597392e+04 1.042927088501697019e+00
6.075572203038667794e+04 1.085378628341408191e+00
6.075572229044737469e+04 1.085743220486016014e+00
6.075572255050806416e+04 1.114883825568552034e+00
6.075572281056877546e+04 1.037503373274276219e+00
6.075572307062946493e+04 1.078487457692259843e+00
6.075572333069016167e+04 1.019120011262905301e+00
6.075572359075086570e+04 9.877091224097093169e-01
6.075572385081155517e+04 9.381659341457863066e-01
6.075572411087225191e+04 8.715894007067641613e-01
6.075572437093294866e+04 1.095960029337539554e+00
6.075572463099365268e+04 1.070371385753621674e+00
6.075572489105434943e+04 9.488772681931362252e-01
6.075572515111503890e+04 9.389410838622154198e-01
6.075572541117574292e+04 1.091606670288590708e+00
6.075572567123643967e+04 9.757373076694706437e-01
6.075572593129713641e+04 1.090150434553229797e+00
6.075572619135784043e+04 1.138688701073266030e+00
6.075572645141852990e+04 1.044700396207838500e+00
6.075572671147922665e+04 9.599921750910864748e-01
6.075572697153993067e+04 9.480142855996084306e-01
6.075572723160062014e+04 1.005738047878949937e+00
6.075572749166131689e+04 1.025717451406314096e+00
6.075572775172202091e+04 9.217012908811644811e-01
6.075572801178271766e+04 8.517053388563664562e-01
6.075572827184341440e+04 1.059902015653951590e+00
6.075572853190411115e+04 8.745864784612070730e-01
6.075572879196480790e+04 1.066566595553850805e+00
6.075572905202550464e+04 1.000866069013575554e+00
6.075572931208620867e+04 9.462617223645990450e-01
6.075572957214690541e+04 9.453806868341066982e-01
6.075572983220759488e+04 9.923167916080877227e-01
6.075573009226829890e+04 1.058553492312972022e+00
6.075573035232899565e+04 1.004885415443344199e+00
6.075573061238968512e+04 9.854807751609403477e-01
6.075573087245038914e+04 1.072102973965565198e+00
6.075573113251108589e+04 1.035126193554595231e+00
6.075573139257178264e+04 9.951283290170281903e-01
6.075573165263248666e+04 1.080335309323564807e+00
6.075573191269317613e+04 1.020830739062962733e+00
6.075573217275387287e+04 9.904429156736428430e-01
6.075573243281457690e+04 1.082605492546119486e+00
6.075573269287527364e+04 9.246201719593389878e-01
6.075573295293597039e+04 1.103408262692075814e+00
6.075573321299666713e+04 8.918629548077550151e-01
6.075573347305736388e+04 1.077630755060284828e+00
6.075573373311806063e+04 9.733169097499007050e-01
6.075573399317875737e+04 9.992947673866368063e-01
6.075573425323946140e+04 1.096053495882210127e+00
6.075573451330015087e+04 9.532856734529084886e-01
6.075573477336085489e+04 1.016724278353272393e+00
6.075573503342155163e+04 1.076883661907587442e+00
6.075573529348224110e+04 9.346501252447808605e-01
6.075573555354294513e+04 1.073062276036452101e+00
6.075573581360364187e+04 1.131651205915494618e+00
6.075573607366434589e+04 9.971207148999782222e-01
6.075573633372504264e+04 9.360361690181630001e-01
6.075573659378573211e+04 1.037149598195884259e+00
6.075573685384643613e+04 1.009408021884757201e+00
6.075573711390713288e+04 1.005793136789368880e+00
6.075573737396782963e+04 9.849157052937299595e-01
6.075573763402853365e+04 9.533821646483452428e-01
6.075573789408922312e+04 1.142776925543777855e+00
6.075573815414991986e+04 9.342155008426140661e-01
6.075573841421062389e+04 1.009233685143091641e+00
6.075573867427131336e+04 9.574106932776742518e-01
6.075573893433201010e+04 1.021433054465879176e+00
6.075573919439271413e+04 1.017460312254574450e+00
6.075573945445341087e+04 1.029418631728423073e+00
6.075573971451411489e+04 1.040438839884020306e+00
6.075573997457480436e+04 9.545933709148617385e-01
6.075574023463550111e+04 1.027577912303083041e+00
6.075574049469620513e+04 9.649614802100491273e-01
6.075574075475690188e+04 9.745386837715889206e-01
6.075574101481759863e+04 9.776201574488433410e-01
6.075574127487829537e+04 1.037882027208223201e+00
6.075574153493899212e+04 1.014262776092284879e+00
6.075574179499969614e+04 1.041758585440637264e+00
6.075574205506038561e+04 1.087736893149185757e+00
6.075574231512108236e+04 9.105682391240796925e-01
6.075574257518178638e+04 1.042783911510962058e+00
6.075574283524248312e+04 1.096525899070344590e+00
6.075574309530317987e+04 9.955470816204512463e-01
6.075574483016229351e+04 1.025770517565201656e+00
6.075574509021608537e+04 1.018322855387528536e+00
6.075574535026989179e+04 1.022723836873465908e+00
6.075574561032369093e+04 8.459691251608943974e-01
6.075574587037748279e+04 1.067659509677263419e+00
6.075574613043128193e+04 1.042693012707740952e+00
6.075574639048507379e+04 1.010541251801269746e+00
6.075574665053887293e+04 9.668465409581353809e-01
6.075574691059266479e+04 8.945041467066889851e-01
6.075574717064645665e+04 9.708167307890236408e-01
6.075574743070025579e+04 1.026718338014856791e+00
6.075574769075404765e+04 1.058282259566565964e+00
6.075574795080784679e+04 9.265596193885623499e-01
6.075574821086163865e+04 1.033930234514002011e+00
6.075574847091544507e+04 9.177674539108058305e-01
6.075574873096924421e+04 8.595922331501666402e-01
6.075574899102303607e+04 1.017189402115988406e+00
6.075574925107683521e+04 9.157124876647475542e-01
6.075574951113062707e+04 1.096291518401465437e+00
6.075574977118442621e+04 1.031283897721508636e+00
6.075575003123821807e+04 9.895457285760119737e-01
6.075575029129201721e+04 1.049140347296695586e+00
6.075575055134580907e+04 9.663287570789137471e-01
6.075575081139960093e+04 1.016360514324811115e+00
6.075575107145340007e+04 1.113210393796304043e+00
6.075575133150719921e+04 1.067100479934338875e+00
6.075575159156100563e+04 1.093455290803163837e+00
6.075575185161479749e+04 1.035948485996761814e+00
6.075575211166859663e+04 1.083095003330089678e+00
6.075575237172238849e+04 1.023188977189534832e+00
6.075575263177618035e+04 9.431809143157413589e-01
6.075575289182997949e+04 1.017991627296649604e+00
6.075575315188377135e+04 1.054056395401554491e+00
6.075575341193757049e+04 1.001353417281360070e+00
6.075575367199136235e+04 9.956503723092610114e-01
6.075575393204516149e+04 1.001022936198578739e+00
6.075575419209895335e+04 1.104775038200276782e+00
6.075575445215275249e+04 1.032073897273813712e+00
6.075575471220655891e+04 1.071134259426954394e+00
6.075575497226035077e+04 9.549425656284054043e-01
6.075575523231414991e+04 1.032586935252129079e+00
6.075575549236794177e+04 8.994121647584484291e-01
6.075575575242174091e+04 1.011866235401643443e+00
6.075575601247553277e+04 9.695198138080254324e-01
6.075575627252933191e+04 8.767186363964626361e-01
6.075575653258312377e+04 9.810178095546825405e-01
6.075575679263691563e+04 1.143817450372492051e+00
6.075575705269071477e+04 1.034569060681646224e+00
6.075575731274451391e+04 1.067457816769486589e+00
6.075575757279832033e+04 9.429933588714395354e-01
6.075575783285211219e+04 1.020374408486481643e+00
6.075575809290591133e+04 9.259257070212618679e-01
6.075575835295970319e+04 9.807917293854898633e-01
6.075575861301350233e+04 9.045388526581704669e-01
6.075575887306729419e+04 1.083139820335616399e+00
6.075575913312109333e+04 9.673418068107917378e-01
6.075575939317488519e+04 1.099219052401373409e+00
6.075575965322867705e+04 1.097688888870218760e+00
6.075575991328247619e+04 9.887186098639636489e-01
6.075576017333626805e+04 1.093387509577518513e+00
6.075576043339007447e+04 1.021456095890562521e+00
6.075576069344387361e+04 9.659910011973622534e-01
6.075576095349767274e+04 9.918932008508450915e-01
6.075576121355146461e+04 9.957078414882333250e-01
6.075576147360526375e+04 1.145380536090010892e+00
6.075576173365905561e+04 1.039092264682127675e+00
6.075576199371285475e+04 9.803031044419675544e-01
6.075576225376664661e+04 9.795836523519605432e-01
6.075576251382044575e+04 1.011167920608181170e+00
6.075576277387423761e+04 1.070739324253569658e+00
6.075576303392802947e+04 9.267821579564736734e-01
6.075576329398183589e+04 1.023429830093636195e+00
6.075576355403563502e+04 1.131566732634044392e+00
6.075576381408943416e+04 1.157261664707325055e+00
6.075576407414322603e+04 9.316645342185916334e-01
6.075576433419702516e+04 1.062834730486545309e+00
6.075576459425081703e+04 9.905807231545389335e-01
6.075576485430461616e+04 9.274487406975741033e-01
6.075576511435840803e+04 1.022534645882254845e+00
6.075576537441220717e+04 1.107274673596095882e+00
6.075576563446599903e+04 1.027639314960285599e+00
6.075576589451979817e+04 9.841180965006031123e-01
6.075576615457359003e+04 1.047550414359524007e+00
6.075576641462739644e+04 1.040599832691064375e+00
6.075576667468119558e+04 1.026073272473327025e+00
6.075576693473499472e+04 1.135610823523362622e+00
6.075576719478878658e+04 9.608577345083971766e-01
6.075576745484258572e+04 1.136390844321546023e+00
6.075576771489637758e+04 9.411787422167851025e-01
6.075576797495017672e+04 1.125644691347872151e+00
6.075576823500396858e+04 8.774853805515726579e-01
6.075576849505776045e+04 1.104934391755939549e+00
6.075576875511155959e+04 1.066135858050189400e+00
6.075576901516535145e+04 1.041770926042476342e+00
6.075576927521915786e+04 1.010538137156748562e+00
6.075576953527295700e+04 1.093982300433877120e+00
6.075576979532675614e+04 1.096570874688331809e+00
6.075577005538054800e+04 9.878656705272665928e-01
6.075577031543434714e+04 9.775095086158898106e-01
6.075577057548813900e+04 1.023331648317350018e+00
6.075577083554193814e+04 9.633702194322733003e-01
6.075577109559573000e+04 1.036732494044204200e+00
6.075577135564952914e+04 1.117322204260279062e+00
6.075577161570332100e+04 1.085496632347355384e+00
6.075577187575712014e+04 8.812013603570015841e-01
6.075577213581091200e+04 9.777394039243323398e-01
6.075577239586471842e+04 1.084267581581491280e+00
6.075577265591851756e+04 9.459705193499858833e-01
6.075577291597231670e+04 1.068482505350800471e+00
6.075577317602610856e+04 1.018361337441903158e+00
