6.075585120116569306e+04 9.854970998885839162e-01
6.075585146121949219e+04 1.022456823489183320e+00
6.075585172127328406e+04 1.014163445930511109e+00
6.075585198132708319e+04 1.041603108787295229e+00
6.075585224138088233e+04 1.051714741018644483e+00
6.075585250143468147e+04 9.305579299238573299e-01
6.075585276148847333e+04 1.031213503848062540e+00
6.075585302154227247e+04 1.010354329990956535e+00
6.075585328159607161e+04 1.003770393882407186e+00
6.075585354164987803e+04 1.011924279932328252e+00
6.075585380170368444e+04 1.001172989703464689e+00
6.075585406175747630e+04 1.010178928828949996e+00
6.075585432181127544e+04 9.860035101495896459e-01
6.075585458186507458e+04 1.011266141939656915e+00
6.075585484191887372e+04 1.052700899003096602e+00
6.075585510197266558e+04 1.013986747000676036e+00
6.075585536202646472e+04 9.990752659065813557e-01
6.075585562208026386e+04 9.953369233882938261e-01
6.075585588213406299e+04 9.588954194993395408e-01
6.075585614218786213e+04 9.553693123835831358e-01
6.075585640224165400e+04 1.014402438691279773e+00
6.075585666229546041e+04 1.086596874636511112e+00
6.075585692234926682e+04 1.015851713459190009e+00
6.075585718240306596e+04 9.977370917610508538e-01
6.075585744245685783e+04 9.990109829314406387e-01
6.075585770251065696e+04 9.671339862564015677e-01
6.075585796256445610e+04 1.020314765443611105e+00
6.075585822261825524e+04 1.023108137847523968e+00
6.075585848267205438e+04 1.020055585563588441e+00
6.075585874272584624e+04 9.835141333894810156e-01
6.075585900277964538e+04 9.892068110762659572e-01
6.075585926283344452e+04 9.916417679455431511e-01
6.075585952288725093e+04 1.022082173893228196e+00
6.075585978294105735e+04 9.950335505306358019e-01
6.075586004299484921e+04 1.008611230137534731e+00
6.075586030304864835e+04 9.615326635412574374e-01
6.075586056310244749e+04 9.983140068860537619e-01
6.075586082315624662e+04 1.037107839092011874e+00
6.075586108321004576e+04 1.000435577421175282e+00
6.075586134326383763e+04 1.022652208741854807e+00
6.075586160331763676e+04 9.881794868723664527e-01
6.075586186337143590e+04 1.035251447175400630e+00
6.075586212342523504e+04 9.883200097450175470e-01
6.075586238347903418e+04 9.807695339165545256e-01
6.075586264353283332e+04 1.013252721250688548e+00
6.075586290358663973e+04 9.960504586587259901e-01
6.075586316364043887e+04 9.887742027151624757e-01
6.075586342369423801e+04 9.904171872731637460e-01
6.075586368374803715e+04 1.025557512311565445e+00
6.075586394380182901e+04 9.901338171840436964e-01
6.075586420385562815e+04 9.990171143142632104e-01
6.075586446390942729e+04 1.027396276195909675e+00
6.075586472396322642e+04 1.047021656729233863e+00
6.075586498401702556e+04 1.012962873119981122e+00
6.075586524407081743e+04 9.865852100931445934e-01
6.075586550412462384e+04 1.002307290009664786e+00
6.075586576417843025e+04 1.039965075501015246e+00
6.075586602423222939e+04 1.031890158370060151e+00
6.075586628428602853e+04 1.001269471129317079e+00
6.075586654433982039e+04 1.012566745906769095e+00
6.075586680439361953e+04 9.616604360442405630e-01
6.075586706444741867e+04 1.015523579245384944e+00
6.075586732450121781e+04 9.950161786444789991e-01
6.075586758455501695e+04 1.021455379649654382e+00
6.075586784460881609e+04 9.707917040730371649e-01
6.075586810466260795e+04 9.822749638424639329e-01
6.075586836471640709e+04 1.030758777727655673e+00
6.075586862477021350e+04 9.748835599754240855e-01
6.075586888482401991e+04 9.951752513798994837e-01
6.075586914487781905e+04 9.892733155109562082e-01
6.075586940493161092e+04 1.019478109351878992e+00
6.075586966498541005e+04 1.036347435886106449e+00
6.075586992503920919e+04 1.003883168898877409e+00
6.075587018509300833e+04 9.989604137447464227e-01
6.075587044514680747e+04 1.051197389062206611e+00
6.075587070520060661e+04 1.002394288899773667e+00
6.075587096525439847e+04 1.051032553223808730e+00
6.075587122530819761e+04 9.878709871247143282e-01
6.075587148536199675e+04 9.930339884909549220e-01
6.075587174541581044e+04 1.003197275835865598e+00
6.075587200546960958e+04 9.955072715989011778e-01
6.075587226552340871e+04 9.699637636253414241e-01
6.075587252557720058e+04 1.000203581537343123e+00
6.075587278563099972e+04 1.027440838402845058e+00
6.075587304568479885e+04 9.632729519484285463e-01
6.075587330573859799e+04 9.970717960496522370e-01
6.075587356579239713e+04 1.017333373281637199e+00
6.075587382584619627e+04 1.005362469652009594e+00
6.075587408589998813e+04 1.049189158293895918e+00
6.075587434595378727e+04 9.853644806168398995e-01
6.075587460600759368e+04 9.688008402899888072e-01
6.075587486606140010e+04 1.000991816363763665e+00
6.075587512611519924e+04 9.702167752046306770e-01
6.075587538616899838e+04 1.010115352321543591e+00
6.075587564622279751e+04 9.710392632009731129e-01
6.075587590627658938e+04 1.029323995429419991e+00
6.075587616633038851e+04 1.033450670931193471e+00
6.075587642638418765e+04 9.600482971802636323e-01
6.075587668643798679e+04 9.730812419448681139e-01
6.075587694649178593e+04 1.029516539948213794e+00
6.075587720654558507e+04 9.976813890896178982e-01
6.075587746659937693e+04 1.035611627378948851e+00
6.075587772665318334e+04 1.010990656285880807e+00
6.075587798670698976e+04 1.026108452674869387e+00
6.075587824676078890e+04 1.035449376998616389e+00
6.075587850681458804e+04 9.547169709763246859e-01
6.075587876686838717e+04 9.775218956758385813e-01
6.075587902692218631e+04 9.828019343590471690e-01
6.075587928697597818e+04 1.002106196195190702e+00
6.075587954702977731e+04 9.849193167143776018e-01
6.075588115586427011e+04 9.477666618118556485e-01
6.075588141592496686e+04 1.002210829837186568e+00
6.075588167598567088e+04 9.827686826689111532e-01
6.075588193604636763e+04 1.011534566890752052e+00
6.075588219610707165e+04 9.891991030334226220e-01
6.075588245616777567e+04 1.011291372942224154e+00
6.075588271622847242e+04 9.956577439906058036e-01
6.075588297628917644e+04 9.660867891123831042e-01
6.075588323634988046e+04 1.011368794448746389e+00
6.075588349641056993e+04 1.031857041879195691e+00
6.075588375647127395e+04 9.523677040569150654e-01
6.075588401653197798e+04 9.744757052961069421e-01
6.075588427659268200e+04 9.816924953861753123e-01
6.075588453665338602e+04 9.996563370022029105e-01
6.075588479671408277e+04 9.604740219219071173e-01
6.075588505677478679e+04 9.771872533228488367e-01
6.075588531683548354e+04 9.929278105556491596e-01
6.075588557689618756e+04 1.083883217913657493e+00
6.075588583695689158e+04 1.013624999736593590e+00
6.075588609701758833e+04 9.962588786877273339e-01
6.075588635707829235e+04 1.010516014124808404e+00
6.075588661713899637e+04 1.017459651962508982e+00
6.075588687719969312e+04 9.431017362666991311e-01
6.075588713726038986e+04 9.864473442740314679e-01
6.075588739732109389e+04 1.040835718668944532e+00
6.075588765738179791e+04 9.766192150591722632e-01
6.075588791744250193e+04 9.947880184290573968e-01
6.075588817750319868e+04 1.012757128360556980e+00
6.075588843756390270e+04 9.625158833405000891e-01
6.075588869762460672e+04 9.849517721801546166e-01
6.075588895768530347e+04 1.010053917166490622e+00
6.075588921774600749e+04 9.680458853613900239e-01
6.075588947780670424e+04 9.867032506312116702e-01
6.075588973786740826e+04 1.000797640101412478e+00
6.075588999792811228e+04 9.542142128705320969e-01
6.075589025798880903e+04 1.005176287727467921e+00
6.075589051804952032e+04 1.035104392919238725e+00
6.075589077811021707e+04 9.747608930667340799e-01
6.075589103817091382e+04 1.001501045615871499e+00
6.075589129823161784e+04 9.850974509948516866e-01
6.075589155829231458e+04 9.796929426427039012e-01
6.075589181835301861e+04 1.015583529756814984e+00
6.075589207841372263e+04 9.808904184539277704e-01
6.075589233847442665e+04 1.014540600683850213e+00
6.075589259853513067e+04 9.889941834934328213e-01
6.075589285859582742e+04 9.534830307958825912e-01
6.075589311865652417e+04 9.689402710702332833e-01
6.075589337871722819e+04 9.981275277472968499e-01
6.075589363877793221e+04 1.039952815725312618e+00
6.075589389883863623e+04 9.910895083516815252e-01
6.075589415889933298e+04 9.908587484543042168e-01
6.075589441896003700e+04 9.935809294532829128e-01
6.075589467902074102e+04 9.973580415420025824e-01
6.075589493908143777e+04 9.899471881530370609e-01
6.075589519914213452e+04 1.021669766131283907e+00
6.075589545920283854e+04 9.907904864785963550e-01
6.075589571926354256e+04 1.005663595055124260e+00
6.075589597932424658e+04 9.976001966718159863e-01
6.075589623938494333e+04 1.002809754312842472e+00
6.075589649944564735e+04 1.013587664533091903e+00
6.075589675950635137e+04 1.039442915961297675e+00
6.075589701956705539e+04 9.896235948744457334e-01
6.075589727962775942e+04 9.974576029245837416e-01
6.075589753968844889e+04 9.816144115814173787e-01
6.075589779974915291e+04 9.969555734847991291e-01
6.075589805980985693e+04 1.004112714517165106e+00
6.075589831987055368e+04 9.867122962669858666e-01
6.075589857993125770e+04 9.758811584609200507e-01
6.075589883999196172e+04 9.872237418250606744e-01
6.075589910005266574e+04 9.575532168689607770e-01
6.075589936011336977e+04 9.647571390443410166e-01
6.075589962017406651e+04 1.012602847522361182e+00
6.075589988023477054e+04 9.559046046882455627e-01
6.075590014029546728e+04 1.017180307598986255e+00
6.075590040035617130e+04 9.999555896344660688e-01
6.075590066041687533e+04 1.044929439064250287e+00
6.075590092047757207e+04 1.013811410829361437e+00
6.075590118053827609e+04 9.546485147170115093e-01
6.075590144059898012e+04 9.875883947891604953e-01
6.075590170065967686e+04 9.626381950536576637e-01
6.075590196072038816e+04 9.776828147340727027e-01
6.075590222078108491e+04 9.967860947297403351e-01
6.075590248084178893e+04 9.686806712122062457e-01
6.075590274090249295e+04 1.005730274204520658e+00
6.075590300096318242e+04 9.616507380862692189e-01
6.075590326102388644e+04 1.001166971554522167e+00
6.075590352108459047e+04 1.011765198854885917e+00
6.075590378114529449e+04 9.803063319804178333e-01
6.075590404120599851e+04 1.006011462850019411e+00
6.075590430126669526e+04 9.819885933181302651e-01
6.075590456132739928e+04 9.951220884163750613e-01
6.075590482138810330e+04 1.003575574704603124e+00
6.075590508144880732e+04 1.007554952251246361e+00
6.075590534150951135e+04 1.024419793964886027e+00
6.075590560157020809e+04 9.898603925823050709e-01
6.075590586163091211e+04 9.594667923986320845e-01
6.075590612169160886e+04 1.045686272973253450e+00
6.075590638175230561e+04 1.026961097683424029e+00
6.075590664181300963e+04 1.045292656729726932e+00
6.075590690187371365e+04 9.826687008740623286e-01
6.075590716193441767e+04 9.611780728129922791e-01
6.075590742199512169e+04 9.684301246526066942e-01
6.075590768205581844e+04 9.685233468772606047e-01
6.075590794211652246e+04 9.898217925078848234e-01
6.075590820217722649e+04 9.842209627566942398e-01
6.075590846223793051e+04 9.929380460163261812e-01
6.075590872229863453e+04 1.007867532771185015e+00
6.075590898235933128e+04 1.025228528062955613e+00
6.075590924242003530e+04 9.942388326339706150e-01
6.075590950248073932e+04 9.939485343111221782e-01
6.075591106051386305e+04 9.986350791018238082e-01
6.075591132057445793e+04 9.954763393342326294e-01
6.075591158063505281e+04 9.750369020586903135e-01
6.075591184069564770e+04 9.641506927229395174e-01
6.075591210075624258e+04 9.743352219573119255e-01
6.075591236081683746e+04 1.022711663506327584e+00
6.075591262087743235e+04 1.032253673732668187e+00
6.075591288093802723e+04 9.712381415598855261e-01
6.075591314099862211e+04 9.783932075132819595e-01
6.075591340105922427e+04 9.980360720916414685e-01
6.075591366111981915e+04 9.684703890681112259e-01
6.075591392118041404e+04 9.785400930021704857e-01
6.075591418124100892e+04 9.720967387114517466e-01
6.075591444130160380e+04 1.025681842901039920e+00
6.075591470136219868e+04 9.860564272903237226e-01
6.075591496142279357e+04 1.004328066428417987e+00
6.075591522148338845e+04 1.009912796986234484e+00
6.075591548154399061e+04 9.757235107454595990e-01
6.075591574160458549e+04 9.695887441885469027e-01
6.075591600166518037e+04 9.912887750495975592e-01
6.075591626172577526e+04 1.027660548281647213e+00
6.075591652178637742e+04 9.983953492406960617e-01
6.075591678184697230e+04 9.426685208903246016e-01
6.075591704190756718e+04 9.752908917403227962e-01
6.075591730196816206e+04 1.037509474160954515e+00
6.075591756202875695e+04 9.915619435430838013e-01
6.075591782208935183e+04 9.885588559712666923e-01
6.075591808214994671e+04 1.013928230130501928e+00
6.075591834221054160e+04 9.934735538070561534e-01
6.075591860227113648e+04 9.699610130851682444e-01
6.075591886233173136e+04 9.990442321298251827e-01
6.075591912239232624e+04 9.909468938415088024e-01
6.075591938245292840e+04 9.858053206851459249e-01
6.075591964251352329e+04 9.791623062972450997e-01
6.075591990257411817e+04 9.805831316427433553e-01
6.075592016263471305e+04 9.610924396434188388e-01
6.075592042269530793e+04 9.905469433320118755e-01
6.075592068275590282e+04 9.859526676835563830e-01
6.075592094281649770e+04 9.546160534718517443e-01
6.075592120287709986e+04 9.852203763837381612e-01
6.075592146293769474e+04 1.006065627252636485e+00
6.075592172299828962e+04 1.014239725730167851e+00
6.075592198305888451e+04 1.013983422265450685e+00
6.075592224311948667e+04 9.841391304332917089e-01
6.075592250318008155e+04 1.010011920483336656e+00
6.075592276324067643e+04 9.936407814919566706e-01
6.075592302330127131e+04 9.971281947697421266e-01
6.075592328336186620e+04 9.835261708128655300e-01
6.075592354342246108e+04 1.011377669586374539e+00
6.075592380348305596e+04 9.959434006922104343e-01
6.075592406354365812e+04 9.868572720780852681e-01
6.075592432360425300e+04 9.700264945024019703e-01
6.075592458366484789e+04 9.675604349743307520e-01
6.075592484372544277e+04 9.710903870333700283e-01
6.075592510378604493e+04 1.039906281706867164e+00
6.075592536384663981e+04 9.756737587174140192e-01
6.075592562390723469e+04 1.007906502110613722e+00
6.075592588396782958e+04 1.023860047108494209e+00
6.075592614402842446e+04 9.962438896853432757e-01
6.075592640408901934e+04 9.788311325712224509e-01
6.075592666414961423e+04 9.841048786983481733e-01
6.075592692421020911e+04 9.936650518905032481e-01
6.075592718427081127e+04 9.835763555003941283e-01
6.075592744433140615e+04 9.838900518306552545e-01
6.075592770439200103e+04 9.564435390131634795e-01
6.075592796445260319e+04 1.015102426368412303e+00
6.075592822451319807e+04 9.609417874623646938e-01
6.075592848457379296e+04 9.847945187872639838e-01
6.075592874463438784e+04 9.388795977248927116e-01
6.075592900469498272e+04 9.402819059532738777e-01
6.075592926475557761e+04 9.865102200648465658e-01
6.075592952481617249e+04 9.877688348433821819e-01
6.075592978487676737e+04 9.782758305343771665e-01
6.075593004493736953e+04 9.621936674298708914e-01
6.075593030499796441e+04 9.604700512383963495e-01
6.075593056505855930e+04 1.012840599282958332e+00
6.075593082511916145e+04 1.008450319723059430e+00
6.075593108517975634e+04 1.004766878310949796e+00
6.075593134524035122e+04 9.907929846602957502e-01
6.075593160530094610e+04 9.842146717200777051e-01
6.075593186536154099e+04 1.025626422966254170e+00
6.075593212542213587e+04 9.969672677925888182e-01
6.075593238548273075e+04 1.002572459147934136e+00
6.075593264554332563e+04 1.033921586141331561e+00
6.075593290560392779e+04 9.741494603114205786e-01
6.075593316566452268e+04 1.041504453514154216e+00
6.075593342572511756e+04 9.803006402238051420e-01
6.075593368578571244e+04 9.668156905313376459e-01
6.075593394584631460e+04 9.936354626169879856e-01
6.075593420590690948e+04 9.773865615243468863e-01
6.075593446596750437e+04 9.855602115727910562e-01
6.075593472602809925e+04 9.866383596166610204e-01
6.075593498608869413e+04 1.003032638037123947e+00
6.075593524614928901e+04 9.928904854566313887e-01
6.075593550620988390e+04 9.929617013721329100e-01
6.075593576627048606e+04 1.012600420827293846e+00
6.075593602633108094e+04 9.679024380176252107e-01
6.075593628639167582e+04 1.035078576799072891e+00
6.075593654645227070e+04 1.006295449200846903e+00
6.075593680651287286e+04 9.561897540267892959e-01
6.075593706657346775e+04 1.018547658261968580e+00
6.075593732663406263e+04 1.010710229578891006e+00
6.075593758669465751e+04 9.559455215469003786e-01
6.075593784675525239e+04 9.330587928748010906e-01
6.075593810681584728e+04 1.003315666865029598e+00
6.075593836687644216e+04 1.014087121087224208e+00
6.075593862693704432e+04 1.013346059935567922e+00
6.075593888699763920e+04 9.486270768051092706e-01
6.075593914705823408e+04 9.837247344616599776e-01
6.075593940711883624e+04 1.011913617600851634e+00
6.075594106598430517e+04 9.944264341291167986e-01
6.075594132604500919e+04 9.948629090601991409e-01
6.075594158610571321e+04 1.050681145067914546e+00
6.075594184616640996e+04 9.591754711007300926e-01
6.075594210622711398e+04 1.031462971333852563e+00
6.075594236628781800e+04 9.979430391569936720e-01
6.075594262634852203e+04 9.926841348871030535e-01
6.075594288640922605e+04 9.720225846505035072e-01
6.075594314646992279e+04 9.887393968248286980e-01
6.075594340653063409e+04 9.913576393629649486e-01
6.075594366659133811e+04 9.294924794160475123e-01
6.075594392665203486e+04 1.017428518551803274e+00
6.075594418671273888e+04 9.580967909533627536e-01
6.075594444677344291e+04 9.968726760504024176e-01
6.075594470683414693e+04 9.475287272660910531e-01
6.075594496689485095e+04 9.909036442867085182e-01
6.075594522695554770e+04 9.738872981968138554e-01
6.075594548701625172e+04 9.922183699975275495e-01
6.075594574707695574e+04 9.634313338068766219e-01
6.075594600713765976e+04 9.785430771856061805e-01
6.075594626719836378e+04 9.728553075761547930e-01
6.075594652725906053e+04 9.899960286397606612e-01
6.075594678731976455e+04 9.550425624374594413e-01
6.075594704738046858e+04 9.983486448210486808e-01
6.075594730744116532e+04 9.790569987277556452e-01
6.075594756750187662e+04 9.627400148029248150e-01
6.075594782756257337e+04 1.014090702709299130e+00
6.075594808762328466e+04 9.990307431671385796e-01
6.075594834768398869e+04 9.798020860420006972e-01
6.075594860774468543e+04 9.870870691205135827e-01
6.075594886780538945e+04 9.600260196501961829e-01
6.075594912786609348e+04 9.340908827393634706e-01
6.075594938792679750e+04 1.015572628052587412e+00
6.075594964798750152e+04 9.702372422053161527e-01
6.075594990804819827e+04 9.987035069382707020e-01
6.075595016810890229e+04 9.771592620646487592e-01
6.075595042816960631e+04 9.914086559319554848e-01
6.075595068823031033e+04 9.502070538213345241e-01
6.075595094829101436e+04 1.015815309863098426e+00
6.075595120835171110e+04 1.011948157235847745e+00
6.075595146841241512e+04 9.728748446580451903e-01
6.075595172847312642e+04 9.999073140231015122e-01
6.075595198853382317e+04 9.631281390348934712e-01
6.075595224859452719e+04 9.904914316864036339e-01
6.075595250865523121e+04 1.000603291421169549e+00
6.075595276871593524e+04 9.734155220877929171e-01
6.075595302877663926e+04 9.935216862296398777e-01
6.075595328883733600e+04 9.942066242877410920e-01
6.075595354889804003e+04 9.823610896255434710e-01
6.075595380895874405e+04 9.844640810359117644e-01
6.075595406901944807e+04 9.622593671089428868e-01
6.075595432908015209e+04 9.627107442944351501e-01
6.075595458914084884e+04 1.001866101054479374e+00
6.075595484920156014e+04 9.388758584906854443e-01
6.075595510926226416e+04 9.883803654785341397e-01
6.075595536932296091e+04 9.818849986121623852e-01
6.075595562938366493e+04 9.517599087887218534e-01
6.075595588944436895e+04 9.461912124580198480e-01
6.075595614950507297e+04 9.295126797717202516e-01
6.075595640956577699e+04 9.554590693104595411e-01
6.075595666962647374e+04 9.760444528550774601e-01
6.075595692968717776e+04 1.018551624004618406e+00
6.075595718974788178e+04 1.002530432246033776e+00
6.075595744980858581e+04 9.719218605636663622e-01
6.075595770986929710e+04 9.761338128895018507e-01
6.075595796992999385e+04 9.769663575215624673e-01
6.075595822999069787e+04 9.625568924537635240e-01
6.075595849005140190e+04 9.982584433574772653e-01
6.075595875011209864e+04 9.763618074931543767e-01
6.075595901017280994e+04 9.585570041053321777e-01
6.075595927023350669e+04 9.726877897639070181e-01
6.075595953029421071e+04 1.045455513206392961e+00
6.075595979035491473e+04 1.014260994095507407e+00
6.075596005041561148e+04 9.513223282401893632e-01
6.075596031047632277e+04 9.820469348482671057e-01
6.075596057053702680e+04 9.466399815671244777e-01
6.075596083059773082e+04 9.865142829595842100e-01
6.075596109065843484e+04 1.003718573982179452e+00
6.075596135071913159e+04 9.762074872097936673e-01
6.075596161077983561e+04 9.867688548657547187e-01
6.075596187084053963e+04 9.957648326273930151e-01
6.075596213090124365e+04 9.627448996802646652e-01
6.075596239096194768e+04 9.807424805626920872e-01
6.075596265102265170e+04 1.029198149837003307e+00
6.075596291108335572e+04 9.730780383740554873e-01
6.075596317114405974e+04 9.726711083439747441e-01
6.075596343120475649e+04 9.794327417157597804e-01
6.075596369126546051e+04 9.370153793694689925e-01
6.075596395132616453e+04 1.003307984845325462e+00
6.075596421138686856e+04 9.426965785755829774e-01
6.075596447144757258e+04 1.018550070463985158e+00
6.075596473150827660e+04 9.742745779363665148e-01
6.075596499156898062e+04 9.978705056433907483e-01
6.075596525162968464e+04 9.902232965260109321e-01
6.075596551169038867e+04 9.813387053610991284e-01
6.075596577175109269e+04 9.894834239974228396e-01
6.075596603181178943e+04 9.478983334601568389e-01
6.075596629187249346e+04 9.866554951079432589e-01
6.075596655193319748e+04 9.846866414833518322e-01
6.075596681199390150e+04 9.763279137158368259e-01
6.075596707205460552e+04 9.979049484366530054e-01
6.075596733211530955e+04 9.787320605215943381e-01
6.075596759217601357e+04 9.302716928117024109e-01
6.075596785223671759e+04 9.526902153895339120e-01
6.075596811229741434e+04 9.672418147027894708e-01
6.075596837235811836e+04 9.745455599041223937e-01
6.075596863241882238e+04 9.811162871449654599e-01
6.075596889247953368e+04 1.034829601924595943e+00
6.075596915254023770e+04 9.184492288260616144e-01
6.075596941260093445e+04 9.773350001730438663e-01
6.075597102105359954e+04 9.738162657813047574e-01
6.075597128111420170e+04 1.019264710521688766e+00
6.075597154117479658e+04 9.636104451412501604e-01
6.075597180123539147e+04 1.013112512387017050e+00
6.075597206129598635e+04 9.903233840479058747e-01
6.075597232135658123e+04 9.929590986106980877e-01
6.075597258141718339e+04 1.004719680927001813e+00
6.075597284147777827e+04 9.690035824434903855e-01
6.075597310153837316e+04 1.004803856407453067e+00
6.075597336159897532e+04 9.568803328778940909e-01
6.075597362165957020e+04 1.007896955036534647e+00
6.075597388172016508e+04 1.018009041515459900e+00
6.075597414178077452e+04 9.864380236303723626e-01
6.075597440184136940e+04 9.758364952719522645e-01
6.075597466190196428e+04 1.010971728835774019e+00
6.075597492196255916e+04 1.033502520989821205e+00
6.075597518202315405e+04 1.028700806662894429e+00
6.075597544208374893e+04 9.861101589952625535e-01
6.075597570214434381e+04 9.808521426273157928e-01
6.075597596220494597e+04 1.010778096793147451e+00
6.075597622226554813e+04 9.888803369181413672e-01
6.075597648232614301e+04 1.004932984910186899e+00
6.075597674238673790e+04 1.010344788985314324e+00
6.075597700244734006e+04 9.886979309042283059e-01
6.075597726250793494e+04 9.977057874470516285e-01
6.075597752256853710e+04 9.690755381428959314e-01
6.075597778262913198e+04 9.610423916253991727e-01
6.075597804268972686e+04 9.942085532515044788e-01
6.075597830275032175e+04 9.598832734434928904e-01
6.075597856281091663e+04 1.016213119257990627e+00
6.075597882287151151e+04 1.035305749015969834e+00
6.075597908293212095e+04 9.972593836995696792e-01
6.075597934299271583e+04 9.824400144056806283e-01
6.075597960305331071e+04 1.033611139821662972e+00
6.075597986311390559e+04 9.937035517337488022e-01
6.075598012317450775e+04 9.765348659234731610e-01
6.075598038323510264e+04 9.604701952934944220e-01
6.075598064329570479e+04 9.596426398296454829e-01
6.075598090335629968e+04 1.016042817942975462e+00
6.075598116341689456e+04 9.543067091093928589e-01
6.075598142347748944e+04 9.911105864651454933e-01
6.075598168353808433e+04 9.902761918373701455e-01
6.075598194359869376e+04 1.012419181182146577e+00
6.075598220365928864e+04 1.010189586013831242e+00
6.075598246371988353e+04 9.773812078850157015e-01
6.075598272378047841e+04 1.010615687167309096e+00
6.075598298384108057e+04 1.020901515715438856e+00
6.075598324390167545e+04 9.859223304861688408e-01
6.075598350396227761e+04 1.009316544637195889e+00
6.075598376402287249e+04 1.028982443770323441e+00
6.075598402408346738e+04 9.827814253769301400e-01
6.075598428414406226e+04 9.862467527168281567e-01
6.075598454420465714e+04 9.851866569754447189e-01
6.075598480426526658e+04 9.789629331202164275e-01
6.075598506432586146e+04 9.608839832730162733e-01
6.075598532438645634e+04 9.979080691395878500e-01
6.075598558444705122e+04 1.036619764170292335e+00
6.075598584450765338e+04 9.866206022990966495e-01
6.075598610456825554e+04 9.780426458467588180e-01
6.075598636462885042e+04 9.763966541387779641e-01
6.075598662468944531e+04 9.721291797722326766e-01
6.075598688475004019e+04 9.823287584275837148e-01
6.075598714481063507e+04 9.733608486228205736e-01
6.075598740487123723e+04 9.880391587071436499e-01
6.075598766493183211e+04 1.014583990648017409e+00
6.075598792499243427e+04 9.937256927977453635e-01
6.075598818505302916e+04 9.872252825969191070e-01
6.075598844511362404e+04 1.015450093298422951e+00
6.075598870517423347e+04 1.002099174811874160e+00
6.075598896523482836e+04 9.924618712161944467e-01
6.075598922529542324e+04 1.001283545938252528e+00
6.075598948535601812e+04 9.776730812118853420e-01
6.075598974541661300e+04 1.030726708055098362e+00
6.075599000547721516e+04 9.959886369173257537e-01
6.075599026553781005e+04 1.007357694607280640e+00
6.075599052559840493e+04 9.807710440815620156e-01
6.075599078565900709e+04 9.416091405527914349e-01
6.075599104571960197e+04 1.037863324065642967e+00
6.075599130578020413e+04 1.024547683759022387e+00
6.075599156584080629e+04 1.035584593809821152e+00
6.075599182590140117e+04 1.013581720501093963e+00
6.075599208596199605e+04 9.774984709432568142e-01
6.075599234602259094e+04 1.001003053263716192e+00
6.075599260608319310e+04 9.923562078787674379e-01
6.075599286614378798e+04 9.574033021767887064e-01
6.075599312620438286e+04 9.978212501482687236e-01
6.075599338626497774e+04 9.695259458755658422e-01
6.075599364632558718e+04 9.958552630322045074e-01
6.075599390638618206e+04 1.015399040463016211e+00
6.075599416644677694e+04 1.004732926979438723e+00
6.075599442650737910e+04 9.889964254643405228e-01
6.075599468656797399e+04 1.017819622519257505e+00
6.075599494662857614e+04 9.977780933549947884e-01
6.075599520668917103e+04 9.991430415922434305e-01
6.075599546674976591e+04 9.860139208220638496e-01
6.075599572681036079e+04 9.840999062266391206e-01
6.075599598687096295e+04 1.054528485129993864e+00
6.075599624693155783e+04 9.821192890470219483e-01
6.075599650699215999e+04 9.595134135485905436e-01
6.075599676705275488e+04 9.864937582762366430e-01
6.075599702711334976e+04 1.022941957097987631e+00
6.075599728717395192e+04 9.568551552334829680e-01
6.075599754723455408e+04 1.015979773050557977e+00
6.075599780729514896e+04 1.026138108887296507e+00
6.075599806735574384e+04 9.930378744984510453e-01
6.075599832741634600e+04 9.589243333148249615e-01
6.075599858747694088e+04 9.906848748643843905e-01
6.075599884753753577e+04 1.002435824258854469e+00
6.075599910759813065e+04 9.749015587431451024e-01
6.075599936765874008e+04 1.004669293942683339e+00
6.075600091310295102e+04 9.859925024930639159e-01
6.075600117316365504e+04 1.027565268022304856e+00
6.075600143322435179e+04 9.957997036156163162e-01
6.075600169328505581e+04 9.811220116472904040e-01
6.075600195334576711e+04 9.858457198234626961e-01
6.075600221340647113e+04 1.017073366981044558e+00
6.075600247346717515e+04 9.617589223355454964e-01
6.075600273352787190e+04 1.001917435456907590e+00
6.075600299358858319e+04 9.974885451970342265e-01
6.075600325364928722e+04 1.008448550303815416e+00
6.075600351370998396e+04 9.974430149365185461e-01
6.075600377377069526e+04 9.521681903898236987e-01
6.075600403383139928e+04 9.933581587757485121e-01
6.075600429389210331e+04 9.835967932946361181e-01
6.075600455395280733e+04 9.771092993382229919e-01
6.075600481401350407e+04 9.769167047490049383e-01
6.075600507407421537e+04 9.981911320667495868e-01
6.075600533413491939e+04 1.023061413555206078e+00
6.075600559419562342e+04 1.000243710246746076e+00
6.075600585425632744e+04 9.557101783063600697e-01
6.075600611431703146e+04 1.031894206941648573e+00
6.075600637437773548e+04 9.772837249119232794e-01
6.075600663443843951e+04 1.062047860733372984e+00
6.075600689449914353e+04 9.611965904572012942e-01
6.075600715455985483e+04 9.947654012105887622e-01
6.075600741462055157e+04 9.859566999916188346e-01
6.075600767468125559e+04 9.954683289430398263e-01
6.075600793474195962e+04 1.020828976791948728e+00
6.075600819480266364e+04 1.001594536370615129e+00
6.075600845486336766e+04 1.082221101192996526e+00
6.075600871492407168e+04 9.761291073467254220e-01
6.075600897498478298e+04 1.008415040762524750e+00
6.075600923504548700e+04 1.002465685394986039e+00
6.075600949510618375e+04 9.882617933076288663e-01
6.075600975516688777e+04 9.942988608182706800e-01
6.075601001522759907e+04 1.016951747707673270e+00
6.075601027528830309e+04 9.724958703360170320e-01
6.075601053534900711e+04 1.008801765650931825e+00
6.075601079540970386e+04 1.000763519595855522e+00
6.075601105547041516e+04 1.017184049923515188e+00
6.075601131553111918e+04 9.957445262335689051e-01
6.075601157559181593e+04 1.010177732820128238e+00
6.075601183565252722e+04 9.942716297968363648e-01
6.075601209571323125e+04 9.385469042012742902e-01
6.075601235577393527e+04 9.979228099742443181e-01
6.075601261583463929e+04 9.846718418239346349e-01
6.075601287589534331e+04 9.810117964082724074e-01
6.075601313595604734e+04 9.884937718444347654e-01
6.075601339601675136e+04 9.976130940779348588e-01
6.075601365607746266e+04 1.001563603831554516e+00
6.075601391613816668e+04 9.776148942193835234e-01
6.075601417619886342e+04 1.038149361878719423e+00
6.075601443625956745e+04 9.896004489781315971e-01
6.075601469632027874e+04 9.908317993012620839e-01
6.075601495638097549e+04 9.985858151029238794e-01
6.075601521644168679e+04 1.025014239452547438e+00
6.075601547650239081e+04 1.009883706557511251e+00
6.075601573656309483e+04 1.031862853543023872e+00
6.075601599662379886e+04 9.851871124741465868e-01
6.075601625668450288e+04 9.639612959802312808e-01
6.075601651674520690e+04 9.692994360105779972e-01
6.075601677680591092e+04 1.031698308873082892e+00
6.075601703686661494e+04 9.956153656593563772e-01
6.075601729692732624e+04 9.840648468049643105e-01
6.075601755698802299e+04 1.003997821707023119e+00
6.075601781704872701e+04 1.000292799501309338e+00
6.075601807710943831e+04 1.014722048708695423e+00
6.075601833717014233e+04 9.546763203522855568e-01
6.075601859723084635e+04 9.986207969081590807e-01
6.075601885729155038e+04 1.005453536839787887e+00
6.075601911735225440e+04 9.463724021797333963e-01
6.075601937741295842e+04 1.039777822530605356e+00
6.075601963747365517e+04 1.016400933336563561e+00
6.075601989753436646e+04 1.015187548015059393e+00
6.075602015759507049e+04 9.622240473542624795e-01
6.075602041765577451e+04 9.780408475063874230e-01
6.075602067771648581e+04 9.684914497297451019e-01
6.075602093777718255e+04 1.023784197705108090e+00
6.075602119783788658e+04 9.816607875652367809e-01
6.075602145789859787e+04 1.014418103352351386e+00
6.075602171795930190e+04 1.022265498976160147e+00
6.075602197802000592e+04 9.713889501764364498e-01
6.075602223808070994e+04 1.001814026131189861e+00
6.075602249814141396e+04 1.008523991987708257e+00
6.075602275820211798e+04 9.907771702854734075e-01
6.075602301826282201e+04 9.625285824983708105e-01
6.075602327832352603e+04 9.858183579926615980e-01
6.075602353838423005e+04 1.000963870573666981e+00
6.075602379844494135e+04 9.822414872613092207e-01
6.075602405850564537e+04 9.988035010199910468e-01
6.075602431856634212e+04 1.024226225175221439e+00
6.075602457862704614e+04 1.007445971642920046e+00
6.075602483868775744e+04 9.782801447928375360e-01
6.075602509874846146e+04 1.009966268992041671e+00
6.075602535880916548e+04 1.000047701189080041e+00
6.075602561886986950e+04 9.515527903157449119e-01
6.075602587893057353e+04 9.961128580634092122e-01
6.075602613899127755e+04 1.001799651271368274e+00
6.075602639905198885e+04 1.050607143557402701e+00
6.075602665911269287e+04 9.871763309747704218e-01
6.075602691917338962e+04 9.911215946490424811e-01
6.075602717923410091e+04 9.857304650919084255e-01
6.075602743929480494e+04 1.042968634726430643e+00
6.075602769935550168e+04 9.888037071549667933e-01
6.075602795941621298e+04 9.934680823821316897e-01
6.075602821947691700e+04 9.935205842957528510e-01
6.075602847953762102e+04 9.906441530864018574e-01
6.075602873959833232e+04 1.028472944098752784e+00
6.075602899965902907e+04 1.058169455585149299e+00
6.075602925971973309e+04 9.888227676472786110e-01
6.075603093119423283e+04 9.974050627517827561e-01
6.075603119125482772e+04 9.968074275155945907e-01
6.075603145131542988e+04 1.027493742644496777e+00
6.075603171137602476e+04 9.867469402880675311e-01
6.075603197143662692e+04 1.006296685415601022e+00
6.075603223149722908e+04 1.030058126488961223e+00
6.075603249155782396e+04 9.863981333614696423e-01
6.075603275161842612e+04 9.842177962865660268e-01
6.075603301167902100e+04 1.005298374381188742e+00
6.075603327173962316e+04 9.923106460551726071e-01
6.075603353180022532e+04 1.017974390015012887e+00
6.075603379186082020e+04 1.016847386362752292e+00
6.075603405192141508e+04 9.637709650880416090e-01
6.075603431198201724e+04 9.722674818102313710e-01
6.075603457204261213e+04 9.860128957959136686e-01
6.075603483210320701e+04 1.001779222776224776e+00
6.075603509216381644e+04 1.012300336088869601e+00
6.075603535222441133e+04 1.038489847225319673e+00
6.075603561228501349e+04 9.698982707815753113e-01
6.075603587234560837e+04 9.422338336282671811e-01
6.075603613240621053e+04 1.028733771742414316e+00
6.075603639246681269e+04 9.790430761219520717e-01
6.075603665252740757e+04 9.711652362867061461e-01
6.075603691258800245e+04 9.986070941223573749e-01
6.075603717264860461e+04 9.841393997917351477e-01
6.075603743270919949e+04 9.819115424554220040e-01
6.075603769276979438e+04 1.017474785841664175e+00
6.075603795283040381e+04 9.933094006606321136e-01
6.075603821289099869e+04 1.031004369647989583e+00
6.075603847295160085e+04 1.024355976657045586e+00
6.075603873301219573e+04 1.045463815036009159e+00
6.075603899307279789e+04 9.774968797292920009e-01
6.075603925313340005e+04 1.012236631103283324e+00
6.075603951319399494e+04 9.839621987676004933e-01
6.075603977325458982e+04 1.027774380164028223e+00
6.075604003331519198e+04 9.861526950491261712e-01
6.075604029337578686e+04 1.023951416897454392e+00
6.075604055343638902e+04 9.754366801854397195e-01
6.075604081349698390e+04 1.008263132868628897e+00
6.075604107355758606e+04 1.008616657655323490e+00
6.075604133361818822e+04 9.644942412831923884e-01
6.075604159367878310e+04 9.857234531610755690e-01
6.075604185373938526e+04 9.984254676353897517e-01
6.075604211379998742e+04 1.025214214053942641e+00
6.075604237386058230e+04 9.779581974057154348e-01
6.075604263392118446e+04 1.046530235039399237e+00
6.075604289398177934e+04 9.731570370075954823e-01
6.075604315404237423e+04 9.787530489402277434e-01
6.075604341410297639e+04 1.038294184216149940e+00
6.075604367416357127e+04 1.020494875220576247e+00
6.075604393422418070e+04 9.850826986157550369e-01
6.075604419428477559e+04 1.026000519113885900e+00
6.075604445434537047e+04 9.659067775368268549e-01
6.075604471440597990e+04 1.016422733480855767e+00
6.075604497446657479e+04 1.009975309482955330e+00
6.075604523452717694e+04 9.600289647784840952e-01
6.075604549458777183e+04 9.886036811472511676e-01
6.075604575464836671e+04 9.683500477757932545e-01
6.075604601470896887e+04 1.008730829563907472e+00
6.075604627476956375e+04 9.810169693405845770e-01
6.075604653483016591e+04 1.051691249270291229e+00
6.075604679489076807e+04 9.422659681556945221e-01
6.075604705495136295e+04 1.028730774287505367e+00
6.075604731501196511e+04 9.934130512109530242e-01
6.075604757507256727e+04 1.029287364055953891e+00
6.075604783513316943e+04 1.076693711362536110e+00
6.075604809519376431e+04 1.008336548047361836e+00
6.075604835525435919e+04 9.674345492036446892e-01
6.075604861531496135e+04 9.904500848141006841e-01
6.075604887537555624e+04 9.981535896070657943e-01
6.075604913543615839e+04 9.986053712894803480e-01
6.075604939549675328e+04 1.003997251333394347e+00
6.075604965555735544e+04 1.002131545612822139e+00
6.075604991561795759e+04 1.057513847790537476e+00
6.075605017567855248e+04 9.976123917029393606e-01
6.075605043573915464e+04 1.002002175235052528e+00
6.075605069579975680e+04 1.012880896052065216e+00
6.075605095586035168e+04 1.009504125231613036e+00
6.075605121592095384e+04 9.808658492152316777e-01
6.075605147598154872e+04 1.016418230693972191e+00
6.075605173604215088e+04 1.003960623655775208e+00
6.075605199610274576e+04 9.682438849951556792e-01
6.075605225616334792e+04 9.938774793528803997e-01
6.075605251622395008e+04 1.033666530630727109e+00
6.075605277628454496e+04 9.846298387998424495e-01
6.075605303634514712e+04 1.025647825851645489e+00
6.075605329640574200e+04 1.030036965566035745e+00
6.075605355646635144e+04 1.004502798693876819e+00
6.075605381652694632e+04 9.729102463271041001e-01
6.075605407658754848e+04 1.026293070462506396e+00
6.075605433664814336e+04 9.719256804431301022e-01
6.075605459670873825e+04 1.011367507609512773e+00
6.075605485676934040e+04 1.061318333622944365e+00
6.075605511682993529e+04 9.712400017647626616e-01
6.075605537689054472e+04 1.003841150169329177e+00
6.075605563695113960e+04 1.014000958832477206e+00
6.075605589701174176e+04 9.717423723351809040e-01
6.075605615707233665e+04 1.036600212945335109e+00
6.075605641713293880e+04 1.012871367037035508e+00
6.075605667719354096e+04 1.008356881851709019e+00
6.075605693725413585e+04 1.024329240926444395e+00
6.075605719731473800e+04 9.899688618892389380e-01
6.075605745737533289e+04 9.870480244178468920e-01
6.075605771743593505e+04 9.918422058142228881e-01
6.075605797749652993e+04 9.751792710448864421e-01
6.075605823755713209e+04 1.021570500034603590e+00
6.075605849761773425e+04 9.885102357214795576e-01
6.075605875767832913e+04 1.004870551503117548e+00
6.075605901773893129e+04 9.868580905502425393e-01
6.075605927779953345e+04 1.020112579572080236e+00
6.075606082322710427e+04 1.013418373324807886e+00
6.075606108328780829e+04 1.013786654108258745e+00
6.075606134334851231e+04 1.052633103382333735e+00
6.075606160340922361e+04 9.642271731608164087e-01
6.075606186346992035e+04 1.037859758755091066e+00
6.075606212353063165e+04 1.016627896296539380e+00
6.075606238359133567e+04 9.438185434348127512e-01
6.075606264365204697e+04 1.018209752185875727e+00
6.075606290371275099e+04 1.016109100447142310e+00
6.075606316377345502e+04 1.040413088259946939e+00
6.075606342383415904e+04 1.013534947196612190e+00
6.075606368389486306e+04 1.003140220911497904e+00
6.075606394395557436e+04 9.991367334176295412e-01
6.075606420401627838e+04 9.919986428266334144e-01
6.075606446407698240e+04 1.040548949822721392e+00
6.075606472413768643e+04 9.978004141138123728e-01
6.075606498419839772e+04 1.029904477639169258e+00
6.075606524425910175e+04 1.010743538223113802e+00
6.075606550431981304e+04 9.887791667968737208e-01
6.075606576438050979e+04 1.020429143566725205e+00
6.075606602444122109e+04 1.062705078092611277e+00
6.075606628450192511e+04 1.031568803167680182e+00
6.075606654456262913e+04 9.970948749340478034e-01
6.075606680462333316e+04 1.001310648025484751e+00
6.075606706468404445e+04 1.007565415945236964e+00
6.075606732474474848e+04 1.056163010508621269e+00
6.075606758480545250e+04 1.019328602364895087e+00
6.075606784486615652e+04 1.033714148897667329e+00
6.075606810492686054e+04 9.863647963527696350e-01
6.075606836498757184e+04 1.006322207951833470e+00
6.075606862504827586e+04 9.880825494012218657e-01
6.075606888510898716e+04 1.015680630717798572e+00
6.075606914516968391e+04 1.012692486215275300e+00
6.075606940523039520e+04 1.031479116263960050e+00
6.075606966529109923e+04 1.021858020875020090e+00
6.075606992535180325e+04 9.899604181500697431e-01
6.075607018541250727e+04 1.059947651495852572e+00
6.075607044547321857e+04 1.016076893750665011e+00
6.075607070553392259e+04 1.007740715987420987e+00
6.075607096559463389e+04 1.004010455521283651e+00
6.075607122565533064e+04 9.854426293027944705e-01
6.075607148571604193e+04 9.731015070182356119e-01
6.075607174577674596e+04 1.020471359670850786e+00
6.075607200583745725e+04 1.023706858038174738e+00
6.075607226589816128e+04 1.034371104655401385e+00
6.075607252595886530e+04 1.028529351491024757e+00
6.075607278601956932e+04 1.022915144100496665e+00
6.075607304608028062e+04 9.528133531165458026e-01
6.075607330614097737e+04 9.912804872993236094e-01
6.075607356620169594e+04 9.697008398318764932e-01
6.075607382626239269e+04 1.025468976335670801e+00
6.075607408632310398e+04 1.026112889896570124e+00
6.075607434638380801e+04 9.878784856664720726e-01
6.075607460644451203e+04 1.015871921944830225e+00
6.075607486650521605e+04 1.028982087123870182e+00
6.075607512656592735e+04 9.522864561195956146e-01
6.075607538662663137e+04 1.014455962404291256e+00
6.075607564668734267e+04 1.017382402395249574e+00
6.075607590674803942e+04 1.037368593944398398e+00
6.075607616680875071e+04 9.867224757603713092e-01
6.075607642686945474e+04 9.935883809527813471e-01
6.075607668693016603e+04 1.027547524356008379e+00
6.075607694699087006e+04 9.998279761973569713e-01
6.075607720705157408e+04 1.026592404988608820e+00
6.075607746711227810e+04 9.501028404890640156e-01
6.075607772717298940e+04 1.041365084555427423e+00
6.075607798723368614e+04 1.067888642801517962e+00
6.075607824729439744e+04 9.860223496330274839e-01
6.075607850735510146e+04 1.000792344346306706e+00
6.075607876741581276e+04 1.001974958836099105e+00
6.075607902747651679e+04 9.907647597196491684e-01
6.075607928753722081e+04 1.026827312696539263e+00
6.075607954759792483e+04 1.030957703883272680e+00
6.075607980765863613e+04 9.800100557777770005e-01
6.075608006771934015e+04 1.021122662770708400e+00
6.075608032778005145e+04 9.980168939050294563e-01
6.075608058784074819e+04 1.010724343516503643e+00
6.075608084790145949e+04 1.003823636875628367e+00
6.075608110796216351e+04 1.018853145264582372e+00
6.075608136802286754e+04 1.004639523596092099e+00
6.075608162808357156e+04 1.070727325701051003e+00
6.075608188814428286e+04 1.039353860061790424e+00
6.075608214820498688e+04 1.020868482121214837e+00
6.075608240826569818e+04 1.081514715861014553e+00
6.075608266832639492e+04 1.014609150782578739e+00
6.075608292838710622e+04 1.015174537145129063e+00
6.075608318844781024e+04 1.020931550063446602e+00
6.075608344850852154e+04 1.024734163607940562e+00
6.075608370856922556e+04 1.000012867948433692e+00
6.075608396862992959e+04 1.031884055143335255e+00
6.075608422869064088e+04 9.879956121725564921e-01
6.075608448875134491e+04 1.036495592595611193e+00
6.075608474881204893e+04 1.011132384859414035e+00
6.075608500887276023e+04 1.033434905466575238e+00
6.075608526893346425e+04 1.023100930055498736e+00
6.075608552899416827e+04 9.530518115393242784e-01
6.075608578905487957e+04 1.024532617269593882e+00
6.075608604911557632e+04 1.017794992023685507e+00
6.075608630917628761e+04 1.007519641066492833e+00
6.075608656923699164e+04 1.023459060763567186e+00
6.075608682929770293e+04 9.894568316714443812e-01
6.075608708935840696e+04 9.908500256652830185e-01
6.075608734941911098e+04 1.044073393958911966e+00
6.075608760947981500e+04 1.022761386316511478e+00
6.075608786954052630e+04 1.007266202138694222e+00
6.075608812960123760e+04 9.991321409591981118e-01
6.075608838966194162e+04 9.800609174432528548e-01
6.075608864972264564e+04 1.020586263972350638e+00
6.075608890978334966e+04 9.729906510019282750e-01
6.075608916984406096e+04 9.973323618678997526e-01
6.075609076569380704e+04 9.739274863474529642e-01
6.075609102575441648e+04 1.032285151533630874e+00
6.075609128581501136e+04 1.008477570983830285e+00
6.075609154587561352e+04 1.004958963465311550e+00
6.075609180593621568e+04 1.000527788913361693e+00
6.075609206599681784e+04 9.754149956444331249e-01
6.075609232605741272e+04 1.010574518915306363e+00
6.075609258611801488e+04 1.026892419486370223e+00
6.075609284617860976e+04 1.005866253460131476e+00
6.075609310623921192e+04 1.001514753859859441e+00
6.075609336629981408e+04 1.005019984962959967e+00
6.075609362636040896e+04 9.950072517370334158e-01
6.075609388642101840e+04 9.761167088687950910e-01
6.075609414648161328e+04 1.013457095535014840e+00
6.075609440654221544e+04 9.791487076012008739e-01
6.075609466660281760e+04 9.821940136007364375e-01
6.075609492666341976e+04 9.933841173358616272e-01
6.075609518672402191e+04 1.050747153440731774e+00
6.075609544678461680e+04 1.017104245056205336e+00
6.075609570684521896e+04 9.838769420156399104e-01
6.075609596690581384e+04 9.466800684839552504e-01
6.075609622696641600e+04 1.065300794746099289e+00
6.075609648702701088e+04 1.042199047544397628e+00
6.075609674708762032e+04 1.022952534434382166e+00
6.075609700714822247e+04 1.018141549754878472e+00
6.075609726720881736e+04 9.825843870090007481e-01
6.075609752726942679e+04 1.030855629751846969e+00
6.075609778733002167e+04 9.864331676753820277e-01
6.075609804739062383e+04 9.931244124983650279e-01
6.075609830745121872e+04 9.735948290906761837e-01
6.075609856751182087e+04 1.047372235323610790e+00
6.075609882757242303e+04 9.966314423537984135e-01
6.075609908763301792e+04 1.009236028694997733e+00
6.075609934769362008e+04 9.803057299453099560e-01
6.075609960775422223e+04 1.030663080065649773e+00
6.075609986781482439e+04 1.039130745201150896e+00
6.075610012787541928e+04 9.980892169532049607e-01
6.075610038793602143e+04 1.032451388775258216e+00
6.075610064799663087e+04 9.986088520301921179e-01
6.075610090805722575e+04 9.795848826211001059e-01
6.075610116811782791e+04 9.866699418850344294e-01
6.075610142817842279e+04 9.847708007262273577e-01
6.075610168823902495e+04 9.904903327172983607e-01
6.075610194829962711e+04 1.011465780509161583e+00
6.075610220836022199e+04 9.977870679830709300e-01
6.075610246842083143e+04 9.933474571432759914e-01
6.075610272848142631e+04 1.025471081640054294e+00
6.075610298854202847e+04 9.951946246029744758e-01
6.075610324860263063e+04 9.758381972897588463e-01
6.075610350866323279e+04 1.008108064708792107e+00
6.075610376872383495e+04 9.990405703433578033e-01
6.075610402878442983e+04 9.581082291334709344e-01
6.075610428884503199e+04 9.979667589219389789e-01
6.075610454890563415e+04 9.935733193676596908e-01
6.075610480896622903e+04 1.017015944673216543e+00
6.075610506902683119e+04 1.013890501350167783e+00
6.075610532908743335e+04 9.908602595842631588e-01
6.075610558914803551e+04 1.017261354453567801e+00
6.075610584920863766e+04 1.018788161643231716e+00
6.075610610926923255e+04 1.043343107160412897e+00
6.075610636932984198e+04 1.010106092447999870e+00
6.075610662939043686e+04 1.011205878030370542e+00
6.075610688945103902e+04 1.026209380850021224e+00
6.075610714951164118e+04 1.016567208960560409e+00
6.075610740957223607e+04 9.934960125735107228e-01
6.075610766963283822e+04 1.023689719169755596e+00
6.075610792969343311e+04 1.027373635990616263e+00
6.075610818975403527e+04 1.019928572659801302e+00
6.075610844981464470e+04 1.041957448707002909e+00
6.075610870987523958e+04 1.037219690479442846e+00
6.075610896993584174e+04 1.014886069035566329e+00
6.075610922999644390e+04 1.013658870004306989e+00
6.075610949005704606e+04 1.000631154818208080e+00
6.075610975011764822e+04 1.018590049056762759e+00
6.075611001017824310e+04 9.762571016536145674e-01
6.075611027023884526e+04 1.028185043983923075e+00
6.075611053029944742e+04 1.060841363371244572e+00
6.075611079036004230e+04 1.018167749203749528e+00
6.075611105042064446e+04 1.001894615428794211e+00
6.075611131048124662e+04 1.032513076306334376e+00
6.075611157054184878e+04 1.047758336432268900e+00
6.075611183060245094e+04 1.011649959732930704e+00
6.075611209066305310e+04 9.978217575591002975e-01
6.075611235072365525e+04 1.030906722977448231e+00
6.075611261078425741e+04 1.035950213573553436e+00
6.075611287084485230e+04 1.007613031914799118e+00
6.075611313090545445e+04 1.007153856136659753e+00
6.075611339096604934e+04 9.868509091595685234e-01
6.075611365102665150e+04 9.880334671460896390e-01
6.075611391108725365e+04 1.018831427009538215e+00
6.075611417114785581e+04 1.017148458661260024e+00
6.075611443120845797e+04 9.999675476353199199e-01
6.075611469126906013e+04 1.015424040850057219e+00
6.075611495132966229e+04 1.041271834782706129e+00
6.075611521139026445e+04 1.001802938007802402e+00
6.075611547145085933e+04 9.881271563299756089e-01
6.075611573151146149e+04 9.974715268058336193e-01
6.075611599157206365e+04 1.007688855509101034e+00
6.075611625163265853e+04 1.053370163275273663e+00
6.075611651169326069e+04 1.001394071069781067e+00
6.075611677175386285e+04 9.863660641279929919e-01
6.075611703181446501e+04 9.887749594807663245e-01
6.075611729187506717e+04 1.042352129717343701e+00
6.075611755193566933e+04 1.022376592735803058e+00
6.075611781199626421e+04 9.992473738454754617e-01
6.075611807205687364e+04 1.000794084338440637e+00
6.075611833211747580e+04 1.045203399672157696e+00
6.075611859217807068e+04 1.023276238977894881e+00
6.075611885223867284e+04 1.022968793707211388e+00
6.075611911229926773e+04 1.025563531456859634e+00
6.075612077117233275e+04 1.028844760225178012e+00
6.075612103123303677e+04 9.852121965815746618e-01
6.075612129129374080e+04 1.013093978531110162e+00
6.075612155135445209e+04 1.013576503089052228e+00
6.075612181141516339e+04 1.001483023281394935e+00
6.075612207147586741e+04 1.043584367199428931e+00
6.075612233153657144e+04 9.914501778191706638e-01
6.075612259159728274e+04 1.019941471626711449e+00
6.075612285165798676e+04 1.009355032078246506e+00
6.075612311171869806e+04 1.001507309681537672e+00
6.075612337177940935e+04 9.759275635884018252e-01
6.075612363184010610e+04 1.047408823848918979e+00
6.075612389190081740e+04 9.980628787612209063e-01
6.075612415196152870e+04 1.027033527990087070e+00
6.075612441202222544e+04 1.023093250756820005e+00
6.075612467208293674e+04 9.920895581738753410e-01
6.075612493214364804e+04 1.013321739806678723e+00
6.075612519220435206e+04 1.013640091436417867e+00
6.075612545226506336e+04 1.007613556812398281e+00
6.075612571232576738e+04 1.032094117696122026e+00
6.075612597238647140e+04 1.034603913173754552e+00
6.075612623244718270e+04 1.048551059806304364e+00
6.075612649250789400e+04 9.967214369799533014e-01
6.075612675256859802e+04 1.001600372866374267e+00
6.075612701262930204e+04 9.982558597719860538e-01
6.075612727269001334e+04 1.045669802521761227e+00
6.075612753275071736e+04 9.690949606682609518e-01
6.075612779281142139e+04 9.822710708150576009e-01
6.075612805287213268e+04 9.666548068334326338e-01
6.075612831293283671e+04 1.021065644835730035e+00
6.075612857299354800e+04 1.042662187694179732e+00
6.075612883305425930e+04 1.014814596133795099e+00
6.075612909311495605e+04 9.841604096896974241e-01
6.075612935317566735e+04 9.734750501308774284e-01
6.075612961323637865e+04 9.988822423250676152e-01
6.075612987329708267e+04 1.020241779281567229e+00
6.075613013335779397e+04 1.013378350473405742e+00
6.075613039341849799e+04 1.028644594897593967e+00
6.075613065347920201e+04 1.026349356770350996e+00
6.075613091353991331e+04 1.056096433779577071e+00
6.075613117360061733e+04 1.040474715481000789e+00
6.075613143366133590e+04 1.019958887810749282e+00
6.075613169372203265e+04 9.955082518920521650e-01
6.075613195378274395e+04 1.046903030411020064e+00
6.075613221384345525e+04 1.013919401023699596e+00
6.075613247390415199e+04 9.540014021453838700e-01
6.075613273396486329e+04 9.919108568949481786e-01
6.075613299402557459e+04 1.075355573505615725e+00
6.075613325408627861e+04 1.018899025336498010e+00
6.075613351414698991e+04 1.052776397029216326e+00
6.075613377420769393e+04 1.061187426289683433e+00
6.075613403426840523e+04 1.029991925839237821e+00
6.075613429432910925e+04 1.036225525333602571e+00
6.075613455438982055e+04 1.007561836950231715e+00
6.075613481445053185e+04 1.019411344090719318e+00
6.075613507451122859e+04 1.048865014380110150e+00
6.075613533457193989e+04 9.835788364595149380e-01
6.075613559463265119e+04 1.039667024144349972e+00
6.075613585469334794e+04 1.029348377562255834e+00
6.075613611475405924e+04 1.003270704651890055e+00
6.075613637481477053e+04 1.043750838844420326e+00
6.075613663487548183e+04 1.011318312884107895e+00
6.075613689493618585e+04 9.966950259802066503e-01
6.075613715499688988e+04 9.800752904924631137e-01
6.075613741505760117e+04 9.852578362441689608e-01
6.075613767511830520e+04 1.001304728610301176e+00
6.075613793517901649e+04 1.009610917700249910e+00
6.075613819523972779e+04 9.896612778997926352e-01
6.075613845530043181e+04 9.800097805661458494e-01
6.075613871536113584e+04 9.994099692386594347e-01
6.075613897542184714e+04 1.019863871816694134e+00
6.075613923548255116e+04 1.003708006738204928e+00
6.075613949554325518e+04 9.995228571642863491e-01
6.075613975560396648e+04 1.069894088723090553e+00
6.075614001566467778e+04 1.035469341871443349e+00
6.075614027572538907e+04 1.060159170166917297e+00
6.075614053578608582e+04 9.976149067021032879e-01
6.075614079584679712e+04 9.903052646999906949e-01
6.075614105590750842e+04 1.008144504223025928e+00
6.075614131596821244e+04 9.848699759953990496e-01
6.075614157602892374e+04 9.978943891923640619e-01
6.075614183608962776e+04 9.932866916315404859e-01
6.075614209615033906e+04 9.840459625849675707e-01
6.075614235621104308e+04 1.002260228287769284e+00
6.075614261627174710e+04 1.017791040426055060e+00
6.075614287633246568e+04 9.928161140111181338e-01
6.075614313639316970e+04 1.042831902827331847e+00
6.075614339645387372e+04 1.024825441504845225e+00
6.075614365651458502e+04 1.018421927616082856e+00
6.075614391657528904e+04 1.026047347651119823e+00
6.075614417663600034e+04 9.815604871504596263e-01
6.075614443669670436e+04 9.832678044734316503e-01
6.075614469675741566e+04 9.800601665874265622e-01
6.075614495681812696e+04 9.775280864289199734e-01
6.075614521687882370e+04 1.000462924005073084e+00
6.075614547693953500e+04 1.006156817214555854e+00
6.075614573700024630e+04 9.954770464698621257e-01
6.075614599706095760e+04 1.032142566741651724e+00
6.075614625712166162e+04 1.011670208546730843e+00
6.075614651718236564e+04 9.834564805819896449e-01
6.075614677724307694e+04 1.038336266124521012e+00
6.075614703730378824e+04 1.039875910206410570e+00
6.075614729736448498e+04 9.852622566992121911e-01
6.075614755742519628e+04 1.028776652029369076e+00
6.075614781748590758e+04 9.964156645981967486e-01
6.075614807754661888e+04 1.049708450398861403e+00
6.075614833760732290e+04 1.007886846906057121e+00
6.075614859766802692e+04 1.044329115539088138e+00
6.075614885772873822e+04 1.051735171925060497e+00
6.075614911778944952e+04 9.933807233192282204e-01
