6.075585120116569306e+04 1.027757500237203914e+00
6.075585146121949219e+04 1.102998914896275551e+00
6.075585172127328406e+04 1.101790276024813053e+00
6.075585198132708319e+04 1.045090251964218453e+00
6.075585224138088233e+04 1.099175057901898622e+00
6.075585250143468147e+04 9.739486636057804736e-01
6.075585276148847333e+04 1.078637373692223900e+00
6.075585302154227247e+04 9.961635014152864231e-01
6.075585328159607161e+04 1.228646148300148511e+00
6.075585354164987803e+04 1.025971297096861745e+00
6.075585380170368444e+04 1.007502473898124640e+00
6.075585406175747630e+04 9.750421464437196706e-01
6.075585432181127544e+04 1.044781736656106741e+00
6.075585458186507458e+04 9.668506727403648471e-01
6.075585484191887372e+04 1.071533467720167776e+00
6.075585510197266558e+04 9.978240941700339262e-01
6.075585536202646472e+04 1.061413773506543423e+00
6.075585562208026386e+04 1.021025208478948842e+00
6.075585588213406299e+04 1.048864397570230533e+00
6.075585614218786213e+04 1.130027197163006036e+00
6.075585640224165400e+04 1.128702627335219422e+00
6.075585666229546041e+04 1.108284506900730992e+00
6.075585692234926682e+04 9.870859690248494633e-01
6.075585718240306596e+04 1.057188799695826908e+00
6.075585744245685783e+04 1.005893663179412201e+00
6.075585770251065696e+04 1.115835556333283352e+00
6.075585796256445610e+04 1.015888304243139029e+00
6.075585822261825524e+04 1.199583817872269531e+00
6.075585848267205438e+04 9.968262378019796532e-01
6.075585874272584624e+04 1.015667255729509000e+00
6.075585900277964538e+04 1.012711692953609521e+00
6.075585926283344452e+04 9.894549393316425245e-01
6.075585952288725093e+04 9.264579595498023679e-01
6.075585978294105735e+04 8.484692366360331306e-01
6.075586004299484921e+04 9.242396696102888054e-01
6.075586030304864835e+04 1.053674255776393842e+00
6.075586056310244749e+04 9.808057029818089134e-01
6.075586082315624662e+04 9.522429168679575895e-01
6.075586108321004576e+04 1.053706094085516964e+00
6.075586134326383763e+04 8.097073697244778767e-01
6.075586160331763676e+04 1.048231574036966096e+00
6.075586186337143590e+04 9.990300620687391220e-01
6.075586212342523504e+04 9.536319772525073679e-01
6.075586238347903418e+04 1.130059922714550469e+00
6.075586264353283332e+04 1.147289828406004686e+00
6.075586290358663973e+04 1.018158711438340802e+00
6.075586316364043887e+04 1.101625745079249263e+00
6.075586342369423801e+04 1.110920618160562201e+00
6.075586368374803715e+04 1.062563211590963341e+00
6.075586394380182901e+04 1.064739905886683546e+00
6.075586420385562815e+04 1.040522802462883645e+00
6.075586446390942729e+04 9.012732021957977624e-01
6.075586472396322642e+04 1.005900240531574896e+00
6.075586498401702556e+04 1.008946776644270571e+00
6.075586524407081743e+04 1.009286588498571113e+00
6.075586550412462384e+04 9.757278804944137240e-01
6.075586576417843025e+04 1.022805177287072986e+00
6.075586602423222939e+04 9.921805603724102030e-01
6.075586628428602853e+04 9.098008068924313685e-01
6.075586654433982039e+04 1.086433735018633495e+00
6.075586680439361953e+04 1.061190752268290183e+00
6.075586706444741867e+04 1.096245146377839763e+00
6.075586732450121781e+04 9.462962469002675903e-01
6.075586758455501695e+04 1.090884781565671036e+00
6.075586784460881609e+04 1.065725551091988965e+00
6.075586810466260795e+04 1.012912995235895064e+00
6.075586836471640709e+04 1.045810410525355394e+00
6.075586862477021350e+04 1.003447927559128372e+00
6.075586888482401991e+04 1.048062411037733677e+00
6.075586914487781905e+04 1.053939659530179540e+00
6.075586940493161092e+04 9.823453678885920581e-01
6.075586966498541005e+04 1.083379795791999944e+00
6.075586992503920919e+04 9.215284020344534088e-01
6.075587018509300833e+04 9.462813067937554390e-01
6.075587044514680747e+04 1.139732776613261889e+00
6.075587070520060661e+04 1.042315398048097697e+00
6.075587096525439847e+04 1.044500880840711465e+00
6.075587122530819761e+04 1.154511362591684520e+00
6.075587148536199675e+04 8.878271801576372857e-01
6.075587174541581044e+04 1.065699314237753104e+00
6.075587200546960958e+04 9.131452289288756186e-01
6.075587226552340871e+04 9.463172906759996783e-01
6.075587252557720058e+04 1.061333791916472258e+00
6.075587278563099972e+04 9.755691596040318991e-01
6.075587304568479885e+04 1.108589492246914165e+00
6.075587330573859799e+04 9.537493324603130151e-01
6.075587356579239713e+04 1.141747521333646986e+00
6.075587382584619627e+04 1.059824522163417937e+00
6.075587408589998813e+04 9.730973431767671045e-01
6.075587434595378727e+04 1.083007190919614393e+00
6.075587460600759368e+04 9.547720528777928761e-01
6.075587486606140010e+04 9.384999246364393866e-01
6.075587512611519924e+04 9.975428057569976081e-01
6.075587538616899838e+04 1.043747564643789927e+00
6.075587564622279751e+04 9.861786135747225845e-01
6.075587590627658938e+04 9.544982938445818466e-01
6.075587616633038851e+04 9.892014052731020746e-01
6.075587642638418765e+04 9.979865479850080767e-01
6.075587668643798679e+04 9.754660677210373887e-01
6.075587694649178593e+04 1.113722760136454548e+00
6.075587720654558507e+04 9.864036601967364204e-01
6.075587746659937693e+04 9.485094310884232272e-01
6.075587772665318334e+04 1.069112690035083357e+00
6.075587798670698976e+04 9.362211230863416445e-01
6.075587824676078890e+04 1.022546480362157784e+00
6.075587850681458804e+04 1.038340081093032996e+00
6.075587876686838717e+04 9.578978832048978820e-01
6.075587902692218631e+04 9.650283051197570128e-01
6.075587928697597818e+04 1.043462532750243366e+00
6.075587954702977731e+04 8.392699249681849771e-01
6.075588115586427011e+04 1.088822788829397092e+00
6.075588141592496686e+04 1.118223829439644268e+00
6.075588167598567088e+04 9.895382051615836394e-01
6.075588193604636763e+04 9.238384554479921462e-01
6.075588219610707165e+04 1.140318092715836729e+00
6.075588245616777567e+04 9.450783379010098129e-01
6.075588271622847242e+04 1.087926190682482419e+00
6.075588297628917644e+04 9.975520368019642481e-01
6.075588323634988046e+04 1.057951550225683102e+00
6.075588349641056993e+04 1.055685906321156775e+00
6.075588375647127395e+04 1.031341819550951833e+00
6.075588401653197798e+04 1.021497432106461822e+00
6.075588427659268200e+04 1.119182019088605928e+00
6.075588453665338602e+04 1.013235458713587001e+00
6.075588479671408277e+04 9.685119565496930205e-01
6.075588505677478679e+04 8.728190839816943880e-01
6.075588531683548354e+04 9.277919926072136780e-01
6.075588557689618756e+04 9.015985712747339731e-01
6.075588583695689158e+04 1.046562686941517217e+00
6.075588609701758833e+04 9.901670727588341991e-01
6.075588635707829235e+04 9.316344825129234675e-01
6.075588661713899637e+04 1.143178001076018857e+00
6.075588687719969312e+04 1.047209954964869683e+00
6.075588713726038986e+04 9.486777522714598954e-01
6.075588739732109389e+04 8.551938345882520442e-01
6.075588765738179791e+04 1.046214215804341485e+00
6.075588791744250193e+04 9.553321833189909462e-01
6.075588817750319868e+04 1.079984815764070571e+00
6.075588843756390270e+04 1.112543952186304086e+00
6.075588869762460672e+04 1.019233034070278654e+00
6.075588895768530347e+04 9.340346914262851463e-01
6.075588921774600749e+04 1.032181024911730027e+00
6.075588947780670424e+04 9.927494926395454833e-01
6.075588973786740826e+04 9.978257997482520292e-01
6.075588999792811228e+04 1.031756878036506730e+00
6.075589025798880903e+04 8.932918657592503475e-01
6.075589051804952032e+04 1.034876656964221597e+00
6.075589077811021707e+04 1.143691745348857980e+00
6.075589103817091382e+04 1.043852146861940167e+00
6.075589129823161784e+04 1.167829742980642127e+00
6.075589155829231458e+04 9.699951639316519714e-01
6.075589181835301861e+04 1.002503766310153477e+00
6.075589207841372263e+04 9.239368140732526768e-01
6.075589233847442665e+04 9.455050506166994273e-01
6.075589259853513067e+04 1.085323671516560173e+00
6.075589285859582742e+04 1.003130749937171773e+00
6.075589311865652417e+04 9.122028773028512116e-01
6.075589337871722819e+04 1.039344881390699138e+00
6.075589363877793221e+04 8.691480619039259059e-01
6.075589389883863623e+04 9.737710044900753648e-01
6.075589415889933298e+04 9.954931263124650043e-01
6.075589441896003700e+04 1.057213073693050509e+00
6.075589467902074102e+04 1.041952653165325593e+00
6.075589493908143777e+04 1.014026845132969479e+00
6.075589519914213452e+04 1.101369830602890065e+00
6.075589545920283854e+04 1.050743956801876600e+00
6.075589571926354256e+04 1.161404821565245715e+00
6.075589597932424658e+04 8.854652657080734901e-01
6.075589623938494333e+04 1.049540853190008560e+00
6.075589649944564735e+04 8.238696770650102419e-01
6.075589675950635137e+04 1.006756652320932810e+00
6.075589701956705539e+04 1.042731503252034564e+00
6.075589727962775942e+04 9.892867704826058262e-01
6.075589753968844889e+04 1.025772653825245184e+00
6.075589779974915291e+04 1.031475628376541831e+00
6.075589805980985693e+04 1.091809310146093059e+00
6.075589831987055368e+04 1.001721972382092041e+00
6.075589857993125770e+04 1.106223593067467315e+00
6.075589883999196172e+04 1.048364414264774780e+00
6.075589910005266574e+04 1.033467471387087278e+00
6.075589936011336977e+04 1.057406292228298517e+00
6.075589962017406651e+04 9.522354007385169794e-01
6.075589988023477054e+04 1.050124599170743078e+00
6.075590014029546728e+04 1.056788939250548731e+00
6.075590040035617130e+04 1.119172360072325789e+00
6.075590066041687533e+04 9.512133562273163978e-01
6.075590092047757207e+04 8.714324099956580749e-01
6.075590118053827609e+04 9.322242640465591146e-01
6.075590144059898012e+04 9.132369974574491289e-01
6.075590170065967686e+04 9.720438740772020525e-01
6.075590196072038816e+04 9.426626499043180285e-01
6.075590222078108491e+04 1.022118223659608249e+00
6.075590248084178893e+04 9.746763653780260439e-01
6.075590274090249295e+04 9.547944134045747155e-01
6.075590300096318242e+04 1.030927061492898478e+00
6.075590326102388644e+04 1.014080729360330668e+00
6.075590352108459047e+04 9.708580507429032114e-01
6.075590378114529449e+04 1.015161298677830670e+00
6.075590404120599851e+04 9.634704245031537884e-01
6.075590430126669526e+04 1.013335756335138393e+00
6.075590456132739928e+04 1.132888431173684207e+00
6.075590482138810330e+04 9.539975113888100600e-01
6.075590508144880732e+04 1.124766659372886224e+00
6.075590534150951135e+04 1.000857904588515090e+00
6.075590560157020809e+04 9.867710640579369086e-01
6.075590586163091211e+04 8.252267693974617568e-01
6.075590612169160886e+04 9.527089635591616812e-01
6.075590638175230561e+04 9.589709145769826915e-01
6.075590664181300963e+04 1.017155453472889937e+00
6.075590690187371365e+04 1.126050207210647969e+00
6.075590716193441767e+04 1.038690616403952660e+00
6.075590742199512169e+04 1.024910302004384599e+00
6.075590768205581844e+04 1.125747840540659794e+00
6.075590794211652246e+04 1.040170805537898646e+00
6.075590820217722649e+04 1.100497141294913384e+00
6.075590846223793051e+04 1.005042824305035332e+00
6.075590872229863453e+04 9.722009016012717053e-01
6.075590898235933128e+04 1.031723629439010859e+00
6.075590924242003530e+04 1.035454770096717381e+00
6.075590950248073932e+04 9.778513285573322555e-01
6.075591106051386305e+04 1.014784235633935383e+00
6.075591132057445793e+04 9.346049080216175531e-01
6.075591158063505281e+04 1.086285335853183209e+00
6.075591184069564770e+04 9.525088862901599507e-01
6.075591210075624258e+04 9.414120649685916442e-01
6.075591236081683746e+04 1.222644847860214989e+00
6.075591262087743235e+04 9.296109025716368102e-01
6.075591288093802723e+04 9.946210924196723369e-01
6.075591314099862211e+04 8.860452054957174139e-01
6.075591340105922427e+04 1.111646699426858342e+00
6.075591366111981915e+04 8.939923305745872684e-01
6.075591392118041404e+04 9.383833318380246924e-01
6.075591418124100892e+04 1.032146796160425817e+00
6.075591444130160380e+04 9.301416052983616511e-01
6.075591470136219868e+04 9.860873436172803430e-01
6.075591496142279357e+04 1.050875298606291253e+00
6.075591522148338845e+04 9.534711009261632730e-01
6.075591548154399061e+04 1.000455279842136225e+00
6.075591574160458549e+04 9.009605054739804331e-01
6.075591600166518037e+04 1.012737455104540496e+00
6.075591626172577526e+04 1.000846580516881135e+00
6.075591652178637742e+04 9.233558326353324963e-01
6.075591678184697230e+04 1.022991691978136553e+00
6.075591704190756718e+04 9.430427586825608222e-01
6.075591730196816206e+04 9.908123108040436389e-01
6.075591756202875695e+04 9.741209851948071652e-01
6.075591782208935183e+04 1.022038802609920749e+00
6.075591808214994671e+04 8.834507161103024586e-01
6.075591834221054160e+04 9.924123661136550201e-01
6.075591860227113648e+04 1.009942316169707865e+00
6.075591886233173136e+04 9.679579523612804604e-01
6.075591912239232624e+04 9.721502302703666221e-01
6.075591938245292840e+04 9.974653301470804978e-01
6.075591964251352329e+04 9.795053040650906206e-01
6.075591990257411817e+04 1.087159939885349758e+00
6.075592016263471305e+04 8.679727654523569091e-01
6.075592042269530793e+04 9.697796344886931985e-01
6.075592068275590282e+04 1.009243288822958551e+00
6.075592094281649770e+04 8.302342087919778457e-01
6.075592120287709986e+04 1.051452311085184554e+00
6.075592146293769474e+04 1.055758035664668304e+00
6.075592172299828962e+04 1.078956409264578475e+00
6.075592198305888451e+04 1.070960166175934702e+00
6.075592224311948667e+04 9.086259941933662043e-01
6.075592250318008155e+04 1.090143734765760763e+00
6.075592276324067643e+04 9.777329873431823692e-01
6.075592302330127131e+04 1.023102952902424478e+00
6.075592328336186620e+04 9.213033141976626483e-01
6.075592354342246108e+04 1.032725552378958911e+00
6.075592380348305596e+04 9.774472538048595283e-01
6.075592406354365812e+04 9.024735971809592083e-01
6.075592432360425300e+04 1.096609066158106049e+00
6.075592458366484789e+04 1.042714350955716629e+00
6.075592484372544277e+04 1.083105582950398160e+00
6.075592510378604493e+04 1.007117436303172742e+00
6.075592536384663981e+04 9.201055234679490491e-01
6.075592562390723469e+04 1.019627197030966492e+00
6.075592588396782958e+04 1.059850454584763124e+00
6.075592614402842446e+04 8.331140321303353025e-01
6.075592640408901934e+04 1.026168240481929894e+00
6.075592666414961423e+04 9.732232604848188862e-01
6.075592692421020911e+04 9.225697868279869596e-01
6.075592718427081127e+04 9.796140972281798254e-01
6.075592744433140615e+04 9.325842583758472415e-01
6.075592770439200103e+04 1.090695689279701508e+00
6.075592796445260319e+04 8.447432042182138057e-01
6.075592822451319807e+04 9.875474581926194650e-01
6.075592848457379296e+04 9.834692358308326776e-01
6.075592874463438784e+04 1.093569770852454770e+00
6.075592900469498272e+04 9.811830295682210101e-01
6.075592926475557761e+04 1.021854053583291622e+00
6.075592952481617249e+04 9.484418732346198144e-01
6.075592978487676737e+04 9.285987592589916018e-01
6.075593004493736953e+04 9.772521833838586636e-01
6.075593030499796441e+04 9.685393268473414530e-01
6.075593056505855930e+04 1.054787136634437461e+00
6.075593082511916145e+04 1.012371485330097798e+00
6.075593108517975634e+04 9.809243367138297254e-01
6.075593134524035122e+04 1.004284995760629240e+00
6.075593160530094610e+04 9.087180767791160907e-01
6.075593186536154099e+04 8.519771019810197243e-01
6.075593212542213587e+04 9.296078813185464362e-01
6.075593238548273075e+04 9.529694697216340993e-01
6.075593264554332563e+04 1.022504362108409781e+00
6.075593290560392779e+04 7.362477287338164977e-01
6.075593316566452268e+04 1.022699309997402439e+00
6.075593342572511756e+04 1.018379989093108673e+00
6.075593368578571244e+04 9.486688852419259410e-01
6.075593394584631460e+04 1.062342878072845442e+00
6.075593420590690948e+04 8.682377595889863020e-01
6.075593446596750437e+04 9.177454521296879442e-01
6.075593472602809925e+04 9.292041382010488570e-01
6.075593498608869413e+04 9.977481649857449231e-01
6.075593524614928901e+04 9.411144000205712290e-01
6.075593550620988390e+04 9.662769205517890425e-01
6.075593576627048606e+04 1.026737197539369317e+00
6.075593602633108094e+04 1.155928414394367332e+00
6.075593628639167582e+04 9.741308938371336934e-01
6.075593654645227070e+04 9.674986019926529179e-01
6.075593680651287286e+04 1.084835003341898974e+00
6.075593706657346775e+04 9.475280395422955859e-01
6.075593732663406263e+04 1.033723779824684996e+00
6.075593758669465751e+04 1.020979290772531911e+00
6.075593784675525239e+04 1.037190173385425407e+00
6.075593810681584728e+04 9.493242220153056410e-01
6.075593836687644216e+04 1.051148069693291776e+00
6.075593862693704432e+04 1.000831163127695156e+00
6.075593888699763920e+04 1.022227528799421359e+00
6.075593914705823408e+04 8.838828007834440559e-01
6.075593940711883624e+04 1.078785913145375863e+00
6.075594106598430517e+04 1.102605304060938707e+00
6.075594132604500919e+04 9.635775818529939141e-01
6.075594158610571321e+04 8.842570155715832048e-01
6.075594184616640996e+04 9.509755497085592424e-01
6.075594210622711398e+04 1.082508549108998075e+00
6.075594236628781800e+04 9.254071388712498125e-01
6.075594262634852203e+04 1.014168420798824188e+00
6.075594288640922605e+04 9.292847445093996850e-01
6.075594314646992279e+04 9.103122078003285100e-01
6.075594340653063409e+04 9.452932156131887975e-01
6.075594366659133811e+04 8.547348759580827293e-01
6.075594392665203486e+04 9.244133117707372671e-01
6.075594418671273888e+04 1.086004624622408210e+00
6.075594444677344291e+04 1.061602494857089019e+00
6.075594470683414693e+04 9.957227853216228386e-01
6.075594496689485095e+04 1.139693959363699660e+00
6.075594522695554770e+04 9.515104545815783466e-01
6.075594548701625172e+04 8.865049659525752190e-01
6.075594574707695574e+04 1.002715560627386093e+00
6.075594600713765976e+04 9.532145785146556305e-01
6.075594626719836378e+04 8.551365102070821456e-01
6.075594652725906053e+04 9.786352430087067455e-01
6.075594678731976455e+04 9.313176342747436776e-01
6.075594704738046858e+04 9.680305075962284400e-01
6.075594730744116532e+04 1.003145926034104018e+00
6.075594756750187662e+04 9.548147860665465725e-01
6.075594782756257337e+04 9.653739796471763057e-01
6.075594808762328466e+04 1.002670364144780280e+00
6.075594834768398869e+04 9.084840750048186475e-01
6.075594860774468543e+04 9.740613992866168358e-01
6.075594886780538945e+04 9.220791053158559070e-01
6.075594912786609348e+04 9.541786654869515161e-01
6.075594938792679750e+04 9.512286079039382614e-01
6.075594964798750152e+04 9.356174043557794473e-01
6.075594990804819827e+04 8.564196297711456074e-01
6.075595016810890229e+04 1.024869902780493502e+00
6.075595042816960631e+04 1.027918903613155299e+00
6.075595068823031033e+04 9.682983998461064390e-01
6.075595094829101436e+04 1.121483782453618128e+00
6.075595120835171110e+04 8.920997928473372030e-01
6.075595146841241512e+04 8.780855796778682665e-01
6.075595172847312642e+04 9.458279911172424725e-01
6.075595198853382317e+04 8.603769072963015629e-01
6.075595224859452719e+04 1.071196298223846766e+00
6.075595250865523121e+04 1.004370693512844248e+00
6.075595276871593524e+04 9.646921032927023854e-01
6.075595302877663926e+04 9.881919443529828539e-01
6.075595328883733600e+04 9.899063951606256184e-01
6.075595354889804003e+04 9.309889176216928908e-01
6.075595380895874405e+04 9.367383416395742568e-01
6.075595406901944807e+04 8.538558442239313484e-01
6.075595432908015209e+04 1.009938111745123823e+00
6.075595458914084884e+04 9.214942520417521710e-01
6.075595484920156014e+04 1.135973306019671503e+00
6.075595510926226416e+04 1.060692708706157505e+00
6.075595536932296091e+04 8.409062556205872951e-01
6.075595562938366493e+04 9.337235538650430211e-01
6.075595588944436895e+04 8.509173907707816564e-01
6.075595614950507297e+04 9.920853538284560846e-01
6.075595640956577699e+04 1.008611536849572943e+00
6.075595666962647374e+04 9.498496267322796838e-01
6.075595692968717776e+04 9.654058633778718201e-01
6.075595718974788178e+04 1.060268294340313444e+00
6.075595744980858581e+04 9.481489026879604820e-01
6.075595770986929710e+04 1.002986597261869228e+00
6.075595796992999385e+04 9.806404743585341865e-01
6.075595822999069787e+04 9.500261434435207653e-01
6.075595849005140190e+04 9.031211409801914725e-01
6.075595875011209864e+04 1.018785604685401802e+00
6.075595901017280994e+04 8.099026148163919192e-01
6.075595927023350669e+04 9.767541497366355463e-01
6.075595953029421071e+04 1.023747368801353419e+00
6.075595979035491473e+04 9.633069033035761564e-01
6.075596005041561148e+04 9.821671166779649687e-01
6.075596031047632277e+04 9.253323224334039088e-01
6.075596057053702680e+04 1.035179475447675079e+00
6.075596083059773082e+04 9.579452862455997142e-01
6.075596109065843484e+04 9.186494004782755907e-01
6.075596135071913159e+04 9.952024573481966785e-01
6.075596161077983561e+04 9.729275577812986908e-01
6.075596187084053963e+04 9.744408962515472838e-01
6.075596213090124365e+04 9.855875549441166505e-01
6.075596239096194768e+04 1.025521188067711975e+00
6.075596265102265170e+04 8.961859052075701326e-01
6.075596291108335572e+04 9.865307737201293170e-01
6.075596317114405974e+04 1.007870597598286233e+00
6.075596343120475649e+04 8.902438087550772483e-01
6.075596369126546051e+04 9.188072431896783243e-01
6.075596395132616453e+04 9.911866522974902560e-01
6.075596421138686856e+04 9.006310465610219973e-01
6.075596447144757258e+04 8.931599688334430631e-01
6.075596473150827660e+04 9.278217556336906258e-01
6.075596499156898062e+04 1.011932849324392869e+00
6.075596525162968464e+04 9.986055378237970181e-01
6.075596551169038867e+04 9.391536619857290269e-01
6.075596577175109269e+04 9.873125878348238960e-01
6.075596603181178943e+04 9.893075949629543953e-01
6.075596629187249346e+04 9.225732299129407732e-01
6.075596655193319748e+04 9.241627552355092812e-01
6.075596681199390150e+04 9.427315986336510800e-01
6.075596707205460552e+04 8.931805170975807284e-01
6.075596733211530955e+04 8.483943935492845867e-01
6.075596759217601357e+04 9.619860320459849845e-01
6.075596785223671759e+04 9.883800832382740875e-01
6.075596811229741434e+04 9.171064394718011492e-01
6.075596837235811836e+04 1.004485139491689827e+00
6.075596863241882238e+04 1.023837514803460635e+00
6.075596889247953368e+04 9.582660617090899002e-01
6.075596915254023770e+04 9.840250280749358591e-01
6.075596941260093445e+04 1.082264317054246971e+00
6.075597102105359954e+04 8.109305234880153090e-01
6.075597128111420170e+04 1.003149072791649443e+00
6.075597154117479658e+04 9.197821595216383317e-01
6.075597180123539147e+04 9.837419368009161502e-01
6.075597206129598635e+04 9.571507500054963202e-01
6.075597232135658123e+04 9.972702041202105017e-01
6.075597258141718339e+04 9.016592738132749307e-01
6.075597284147777827e+04 8.707625548064800158e-01
6.075597310153837316e+04 9.323129903755178471e-01
6.075597336159897532e+04 9.929246945115345335e-01
6.075597362165957020e+04 9.496006087201724899e-01
6.075597388172016508e+04 9.109879112962770975e-01
6.075597414178077452e+04 9.402308547388698035e-01
6.075597440184136940e+04 9.923648460203542410e-01
6.075597466190196428e+04 1.119710129455037118e+00
6.075597492196255916e+04 9.129853577556333866e-01
6.075597518202315405e+04 1.045537960913470510e+00
6.075597544208374893e+04 9.771043970592481198e-01
6.075597570214434381e+04 9.669403536873644178e-01
6.075597596220494597e+04 9.007437848584226581e-01
6.075597622226554813e+04 9.203354698552322910e-01
6.075597648232614301e+04 1.034260630362705546e+00
6.075597674238673790e+04 9.812570279211279001e-01
6.075597700244734006e+04 9.741950729238878504e-01
6.075597726250793494e+04 9.419716285533771272e-01
6.075597752256853710e+04 1.062766872599891776e+00
6.075597778262913198e+04 1.054133162488661180e+00
6.075597804268972686e+04 9.787823452086618081e-01
6.075597830275032175e+04 9.432376213422501987e-01
6.075597856281091663e+04 9.830361551521330510e-01
6.075597882287151151e+04 9.942271169542828968e-01
6.075597908293212095e+04 9.239365589564589865e-01
6.075597934299271583e+04 9.947164595983229995e-01
6.075597960305331071e+04 1.025621388705864057e+00
6.075597986311390559e+04 9.094343652048665350e-01
6.075598012317450775e+04 9.458093984557632838e-01
6.075598038323510264e+04 1.004198307638707988e+00
6.075598064329570479e+04 8.715826860048806468e-01
6.075598090335629968e+04 1.126372638828934791e+00
6.075598116341689456e+04 1.013904225411548454e+00
6.075598142347748944e+04 1.060109902071049159e+00
6.075598168353808433e+04 9.016051762030642402e-01
6.075598194359869376e+04 1.031563371085782999e+00
6.075598220365928864e+04 1.025967577689399501e+00
6.075598246371988353e+04 1.025792060751455903e+00
6.075598272378047841e+04 9.191492563695029538e-01
6.075598298384108057e+04 9.931117624278908984e-01
6.075598324390167545e+04 9.361172546058235122e-01
6.075598350396227761e+04 9.037990351807432265e-01
6.075598376402287249e+04 8.175315881239811899e-01
6.075598402408346738e+04 9.095315892887816389e-01
6.075598428414406226e+04 9.008082653905677972e-01
6.075598454420465714e+04 8.292788734854963373e-01
6.075598480426526658e+04 8.426992022842104690e-01
6.075598506432586146e+04 1.149027824907235429e+00
6.075598532438645634e+04 9.702849337367589477e-01
6.075598558444705122e+04 8.687216486676990757e-01
6.075598584450765338e+04 9.882708519756734367e-01
6.075598610456825554e+04 1.018967305630235520e+00
6.075598636462885042e+04 9.654485767857977629e-01
6.075598662468944531e+04 1.091015164297600260e+00
6.075598688475004019e+04 9.599218484490904535e-01
6.075598714481063507e+04 9.865798653349807656e-01
6.075598740487123723e+04 9.095819875526052201e-01
6.075598766493183211e+04 1.011656295224631075e+00
6.075598792499243427e+04 1.026436095046252772e+00
6.075598818505302916e+04 8.663403714701785052e-01
6.075598844511362404e+04 9.273545774306509726e-01
6.075598870517423347e+04 9.930988845028844159e-01
6.075598896523482836e+04 1.136850601952190676e+00
6.075598922529542324e+04 9.524399945918609056e-01
6.075598948535601812e+04 8.655769319616565260e-01
6.075598974541661300e+04 1.003985376123521345e+00
6.075599000547721516e+04 1.060094542120774808e+00
6.075599026553781005e+04 1.036632954710391630e+00
6.075599052559840493e+04 9.758741935414652069e-01
6.075599078565900709e+04 9.493736912182675347e-01
6.075599104571960197e+04 9.429580193390681986e-01
6.075599130578020413e+04 9.391821245893717807e-01
6.075599156584080629e+04 1.000722495791647626e+00
6.075599182590140117e+04 8.651529271125062426e-01
6.075599208596199605e+04 9.492739938039141956e-01
6.075599234602259094e+04 9.284588042012087428e-01
6.075599260608319310e+04 1.064113520946939229e+00
6.075599286614378798e+04 1.094012361647729970e+00
6.075599312620438286e+04 8.884920182641751207e-01
6.075599338626497774e+04 9.921730852356681618e-01
6.075599364632558718e+04 9.190306145949735939e-01
6.075599390638618206e+04 8.479287417217643563e-01
6.075599416644677694e+04 9.087771487439229023e-01
6.075599442650737910e+04 1.044107387022010558e+00
6.075599468656797399e+04 9.770284064064889140e-01
6.075599494662857614e+04 1.035863903395197960e+00
6.075599520668917103e+04 9.393223345270703684e-01
6.075599546674976591e+04 1.059924177266326373e+00
6.075599572681036079e+04 1.030722263752722689e+00
6.075599598687096295e+04 1.093465012756289045e+00
6.075599624693155783e+04 1.010151816164770899e+00
6.075599650699215999e+04 1.012670195788742733e+00
6.075599676705275488e+04 1.163234590263675594e+00
6.075599702711334976e+04 9.622615734748097838e-01
6.075599728717395192e+04 1.008889163495571006e+00
6.075599754723455408e+04 9.807630409131710136e-01
6.075599780729514896e+04 1.044852836268417740e+00
6.075599806735574384e+04 9.629860187644608827e-01
6.075599832741634600e+04 9.630499087552385484e-01
6.075599858747694088e+04 8.935565674864542896e-01
6.075599884753753577e+04 1.100653805975079225e+00
6.075599910759813065e+04 1.008701646990463496e+00
6.075599936765874008e+04 8.629071529233562909e-01
6.075600091310295102e+04 9.691697453789726024e-01
6.075600117316365504e+04 1.005436178233242162e+00
6.075600143322435179e+04 9.715366536297648237e-01
6.075600169328505581e+04 1.148973328206169153e+00
6.075600195334576711e+04 9.629613091966535698e-01
6.075600221340647113e+04 9.988242604863839524e-01
6.075600247346717515e+04 9.189628708428410064e-01
6.075600273352787190e+04 1.062051250606664166e+00
6.075600299358858319e+04 9.443506920216818701e-01
6.075600325364928722e+04 8.801511664970907978e-01
6.075600351370998396e+04 1.005922390905522379e+00
6.075600377377069526e+04 9.916730263694366609e-01
6.075600403383139928e+04 9.205063465995549921e-01
6.075600429389210331e+04 1.056409680077596613e+00
6.075600455395280733e+04 9.988465486881793476e-01
6.075600481401350407e+04 1.002080304222554119e+00
6.075600507407421537e+04 1.002778676839291228e+00
6.075600533413491939e+04 9.711371539869407821e-01
6.075600559419562342e+04 9.136489449225038140e-01
6.075600585425632744e+04 9.843646555336609261e-01
6.075600611431703146e+04 9.677994017984011821e-01
6.075600637437773548e+04 9.747470778265376889e-01
6.075600663443843951e+04 1.098262123254556411e+00
6.075600689449914353e+04 9.408027434317957072e-01
6.075600715455985483e+04 8.180521228073230899e-01
6.075600741462055157e+04 9.091661540211912751e-01
6.075600767468125559e+04 8.791090361135666109e-01
6.075600793474195962e+04 1.098416950965228178e+00
6.075600819480266364e+04 1.093396392141998241e+00
6.075600845486336766e+04 9.742267224656985247e-01
6.075600871492407168e+04 1.035826219788650304e+00
6.075600897498478298e+04 1.054629584611595394e+00
6.075600923504548700e+04 9.281390123812662818e-01
6.075600949510618375e+04 9.419194414659936010e-01
6.075600975516688777e+04 1.007496534455564197e+00
6.075601001522759907e+04 1.067692906986757562e+00
6.075601027528830309e+04 1.041183884240900692e+00
6.075601053534900711e+04 8.942849645799120228e-01
6.075601079540970386e+04 1.139660843734801476e+00
6.075601105547041516e+04 9.722475649008598397e-01
6.075601131553111918e+04 1.003699681180314052e+00
6.075601157559181593e+04 9.776953219715394106e-01
6.075601183565252722e+04 1.062711579420224206e+00
6.075601209571323125e+04 9.042805678546315118e-01
6.075601235577393527e+04 1.065856172420576398e+00
6.075601261583463929e+04 9.260478500647507660e-01
6.075601287589534331e+04 1.072256707701454204e+00
6.075601313595604734e+04 1.010353405381601899e+00
6.075601339601675136e+04 1.066964502493128020e+00
6.075601365607746266e+04 9.416860773797767203e-01
6.075601391613816668e+04 8.834685666987560637e-01
6.075601417619886342e+04 9.494828186587961349e-01
6.075601443625956745e+04 9.655316826742529335e-01
6.075601469632027874e+04 9.169305761112965802e-01
6.075601495638097549e+04 9.397878788040238129e-01
6.075601521644168679e+04 9.052576713548070586e-01
6.075601547650239081e+04 9.244224422171998246e-01
6.075601573656309483e+04 9.979134111517434791e-01
6.075601599662379886e+04 9.257651468302052766e-01
6.075601625668450288e+04 1.052093728510721471e+00
6.075601651674520690e+04 9.845889803856553435e-01
6.075601677680591092e+04 1.127002785843033372e+00
6.075601703686661494e+04 1.043889652439835558e+00
6.075601729692732624e+04 1.059766697278102354e+00
6.075601755698802299e+04 1.090112932361432252e+00
6.075601781704872701e+04 9.335984817010737347e-01
6.075601807710943831e+04 1.013109064617125465e+00
6.075601833717014233e+04 1.155407008385635148e+00
6.075601859723084635e+04 1.052805117813911284e+00
6.075601885729155038e+04 8.362521137775609237e-01
6.075601911735225440e+04 9.492752231280336961e-01
6.075601937741295842e+04 8.622443994859969596e-01
6.075601963747365517e+04 9.679173512765067988e-01
6.075601989753436646e+04 1.021881149183843984e+00
6.075602015759507049e+04 1.230784310694818862e+00
6.075602041765577451e+04 9.214158803990860624e-01
6.075602067771648581e+04 1.052598315135587992e+00
6.075602093777718255e+04 1.105809290611045714e+00
6.075602119783788658e+04 9.687011280315778183e-01
6.075602145789859787e+04 9.994767247429615642e-01
6.075602171795930190e+04 9.187730314249986652e-01
6.075602197802000592e+04 1.124016384622874121e+00
6.075602223808070994e+04 9.337939340342717998e-01
6.075602249814141396e+04 9.277585338136433712e-01
6.075602275820211798e+04 9.786550091206407398e-01
6.075602301826282201e+04 9.435348203484152929e-01
6.075602327832352603e+04 8.821704195398628601e-01
6.075602353838423005e+04 1.023979523391197688e+00
6.075602379844494135e+04 1.026414710478523507e+00
6.075602405850564537e+04 9.570888820674146036e-01
6.075602431856634212e+04 1.004464760046615224e+00
6.075602457862704614e+04 9.562559549702229766e-01
6.075602483868775744e+04 1.030145193405327619e+00
6.075602509874846146e+04 9.615731862032816935e-01
6.075602535880916548e+04 9.714714181435633034e-01
6.075602561886986950e+04 1.019794517257124999e+00
6.075602587893057353e+04 1.097792776394743930e+00
6.075602613899127755e+04 9.510308142049365143e-01
6.075602639905198885e+04 9.791253402377326776e-01
6.075602665911269287e+04 9.788573117562950898e-01
6.075602691917338962e+04 8.440290158849348412e-01
6.075602717923410091e+04 1.003461974363025533e+00
6.075602743929480494e+04 9.847210057241079229e-01
6.075602769935550168e+04 1.063388569183307597e+00
6.075602795941621298e+04 8.950200328783746162e-01
6.075602821947691700e+04 1.059829536336653444e+00
6.075602847953762102e+04 9.657897258993149991e-01
6.075602873959833232e+04 1.086572739543749888e+00
6.075602899965902907e+04 9.869647166587527387e-01
6.075602925971973309e+04 1.001588864741276952e+00
6.075603093119423283e+04 1.019488261447900834e+00
6.075603119125482772e+04 1.078382323882779437e+00
6.075603145131542988e+04 1.153688065233016813e+00
6.075603171137602476e+04 1.004033189180795871e+00
6.075603197143662692e+04 1.028394653719777674e+00
6.075603223149722908e+04 1.000365406847448790e+00
6.075603249155782396e+04 9.935634080247285338e-01
6.075603275161842612e+04 9.782852626869341650e-01
6.075603301167902100e+04 1.154395377048539784e+00
6.075603327173962316e+04 1.086859005574933867e+00
6.075603353180022532e+04 9.649677567999953576e-01
6.075603379186082020e+04 9.727243352704907364e-01
6.075603405192141508e+04 9.470236206083224584e-01
6.075603431198201724e+04 9.218610095385666447e-01
6.075603457204261213e+04 9.793609434002621406e-01
6.075603483210320701e+04 1.071263109617252685e+00
6.075603509216381644e+04 1.005244538256448106e+00
6.075603535222441133e+04 1.029805852474231953e+00
6.075603561228501349e+04 9.709645407807602213e-01
6.075603587234560837e+04 9.190081803026916019e-01
6.075603613240621053e+04 1.063711217907339135e+00
6.075603639246681269e+04 8.143208013773646226e-01
6.075603665252740757e+04 9.994805126667937190e-01
6.075603691258800245e+04 1.090783153524352622e+00
6.075603717264860461e+04 1.011383231337267929e+00
6.075603743270919949e+04 1.041031464736569712e+00
6.075603769276979438e+04 8.457147673899730878e-01
6.075603795283040381e+04 9.629366999326172127e-01
6.075603821289099869e+04 9.254161496761140748e-01
6.075603847295160085e+04 8.093649084437798402e-01
6.075603873301219573e+04 1.060616322871340778e+00
6.075603899307279789e+04 1.010623721384821927e+00
6.075603925313340005e+04 9.939258450219067287e-01
6.075603951319399494e+04 1.018412658235672952e+00
6.075603977325458982e+04 9.389741054297878753e-01
6.075604003331519198e+04 1.039635826915601191e+00
6.075604029337578686e+04 9.776397696322456365e-01
6.075604055343638902e+04 9.824388156482003476e-01
6.075604081349698390e+04 9.717989045847452712e-01
6.075604107355758606e+04 1.067379345495177212e+00
6.075604133361818822e+04 1.076822876896880832e+00
6.075604159367878310e+04 1.055962072628155113e+00
6.075604185373938526e+04 1.015476123788718432e+00
6.075604211379998742e+04 9.553680429974321653e-01
6.075604237386058230e+04 9.230202465136225776e-01
6.075604263392118446e+04 9.025884087961557611e-01
6.075604289398177934e+04 1.030783947659977606e+00
6.075604315404237423e+04 1.026450023234280140e+00
6.075604341410297639e+04 1.012510620623809032e+00
6.075604367416357127e+04 8.840778645323537077e-01
6.075604393422418070e+04 1.153365646185529725e+00
6.075604419428477559e+04 1.164686131997577867e+00
6.075604445434537047e+04 1.080319795081830625e+00
6.075604471440597990e+04 1.043274599979880479e+00
6.075604497446657479e+04 8.188753381822967414e-01
6.075604523452717694e+04 1.028013763297992655e+00
6.075604549458777183e+04 9.473468930831472345e-01
6.075604575464836671e+04 1.030437836071108171e+00
6.075604601470896887e+04 1.005903540492477211e+00
6.075604627476956375e+04 1.100300006236113459e+00
6.075604653483016591e+04 1.143284586500902922e+00
6.075604679489076807e+04 9.676357614200632451e-01
6.075604705495136295e+04 1.069348683123723776e+00
6.075604731501196511e+04 1.087778402005829204e+00
6.075604757507256727e+04 1.037657968949972531e+00
6.075604783513316943e+04 9.735279609878493279e-01
6.075604809519376431e+04 1.004422196425343472e+00
6.075604835525435919e+04 1.048992506806345926e+00
6.075604861531496135e+04 1.027982457261608085e+00
6.075604887537555624e+04 1.056476429772083891e+00
6.075604913543615839e+04 1.020866897228202674e+00
6.075604939549675328e+04 8.903798436708457720e-01
6.075604965555735544e+04 1.000182872034621306e+00
6.075604991561795759e+04 1.068480416058691151e+00
6.075605017567855248e+04 1.031498442785831582e+00
6.075605043573915464e+04 9.959943790435179523e-01
6.075605069579975680e+04 1.026204210625509594e+00
6.075605095586035168e+04 9.629741178084665343e-01
6.075605121592095384e+04 1.074495487247667524e+00
6.075605147598154872e+04 9.789433548676816921e-01
6.075605173604215088e+04 9.778032249579275970e-01
6.075605199610274576e+04 9.770886504112056281e-01
6.075605225616334792e+04 8.957305865836753256e-01
6.075605251622395008e+04 8.637923293851502704e-01
6.075605277628454496e+04 1.093927325232005643e+00
6.075605303634514712e+04 9.605048568355121219e-01
6.075605329640574200e+04 1.042519527232428134e+00
6.075605355646635144e+04 1.025995487231836201e+00
6.075605381652694632e+04 9.926178396386158287e-01
6.075605407658754848e+04 9.146874648747834735e-01
6.075605433664814336e+04 9.823649728103475143e-01
6.075605459670873825e+04 1.084865484355097109e+00
6.075605485676934040e+04 1.056336052444988516e+00
6.075605511682993529e+04 9.074094073926578519e-01
6.075605537689054472e+04 9.900955326453499961e-01
6.075605563695113960e+04 9.284925145690416937e-01
6.075605589701174176e+04 1.080434199447745769e+00
6.075605615707233665e+04 1.007233156976362842e+00
6.075605641713293880e+04 9.127744076441484111e-01
6.075605667719354096e+04 1.002295167297532430e+00
6.075605693725413585e+04 9.541867862249595600e-01
6.075605719731473800e+04 9.713083049111026490e-01
6.075605745737533289e+04 8.846013225867194185e-01
6.075605771743593505e+04 1.140573149161862476e+00
6.075605797749652993e+04 1.009370745166765060e+00
6.075605823755713209e+04 1.018377701790823764e+00
6.075605849761773425e+04 1.094429043115319411e+00
6.075605875767832913e+04 9.738933603361376035e-01
6.075605901773893129e+04 8.944309418283395985e-01
6.075605927779953345e+04 9.488450701035044954e-01
6.075606082322710427e+04 1.041629069286157838e+00
6.075606108328780829e+04 9.502838988719249924e-01
6.075606134334851231e+04 9.097123600569341217e-01
6.075606160340922361e+04 9.675699082610199619e-01
6.075606186346992035e+04 1.067441121844891372e+00
6.075606212353063165e+04 9.620037240672690837e-01
6.075606238359133567e+04 9.908624818743081430e-01
6.075606264365204697e+04 9.229464906920215039e-01
6.075606290371275099e+04 9.260074023604996096e-01
6.075606316377345502e+04 1.004644418969745212e+00
6.075606342383415904e+04 1.105943690818137481e+00
6.075606368389486306e+04 1.028515278787499376e+00
6.075606394395557436e+04 1.019487597716742133e+00
6.075606420401627838e+04 1.065306456782179945e+00
6.075606446407698240e+04 9.716361471275174466e-01
6.075606472413768643e+04 9.606964698073616749e-01
6.075606498419839772e+04 1.049260673227698337e+00
6.075606524425910175e+04 8.797146378493367891e-01
6.075606550431981304e+04 1.010543012471329050e+00
6.075606576438050979e+04 9.070410172571151675e-01
6.075606602444122109e+04 9.273717730742278009e-01
6.075606628450192511e+04 9.421023338778583556e-01
6.075606654456262913e+04 1.035522202347439968e+00
6.075606680462333316e+04 9.846320931820065070e-01
6.075606706468404445e+04 1.044289375970034461e+00
6.075606732474474848e+04 9.430028221073361028e-01
6.075606758480545250e+04 8.982098768712931669e-01
6.075606784486615652e+04 9.462996898074458318e-01
6.075606810492686054e+04 1.071764942395474263e+00
6.075606836498757184e+04 1.062854144105144671e+00
6.075606862504827586e+04 1.141607368697174385e+00
6.075606888510898716e+04 9.760615569683513959e-01
6.075606914516968391e+04 9.821667826615071428e-01
6.075606940523039520e+04 9.660662306550000800e-01
6.075606966529109923e+04 8.845647309519831802e-01
6.075606992535180325e+04 9.929870992552868314e-01
6.075607018541250727e+04 1.007965896498441705e+00
6.075607044547321857e+04 9.608289040815206627e-01
6.075607070553392259e+04 1.113134425325844834e+00
6.075607096559463389e+04 9.519758178225097289e-01
6.075607122565533064e+04 9.904259480764369128e-01
6.075607148571604193e+04 9.417958035164881725e-01
6.075607174577674596e+04 1.046968867923854463e+00
6.075607200583745725e+04 1.118683289396728231e+00
6.075607226589816128e+04 9.784244126265957409e-01
6.075607252595886530e+04 1.022717194914856353e+00
6.075607278601956932e+04 1.024000467564721850e+00
6.075607304608028062e+04 9.769835436709941590e-01
6.075607330614097737e+04 8.895500489401202415e-01
6.075607356620169594e+04 1.007059559110677904e+00
6.075607382626239269e+04 8.918162549505074255e-01
6.075607408632310398e+04 1.032126525937978601e+00
6.075607434638380801e+04 9.364563295697883039e-01
6.075607460644451203e+04 1.005917893000122687e+00
6.075607486650521605e+04 9.117795224513213226e-01
6.075607512656592735e+04 1.043587702378298454e+00
6.075607538662663137e+04 8.543452169563137133e-01
6.075607564668734267e+04 9.569889835580693838e-01
6.075607590674803942e+04 1.033767560232438321e+00
6.075607616680875071e+04 9.586850604564064460e-01
6.075607642686945474e+04 1.070218823244308615e+00
6.075607668693016603e+04 9.346063318842061651e-01
6.075607694699087006e+04 8.529390456562200296e-01
6.075607720705157408e+04 9.164315644810074879e-01
6.075607746711227810e+04 1.052552430141916240e+00
6.075607772717298940e+04 1.141633393005835773e+00
6.075607798723368614e+04 9.419823780842804251e-01
6.075607824729439744e+04 1.017143569734996200e+00
6.075607850735510146e+04 9.913069020536608988e-01
6.075607876741581276e+04 9.499075840845072616e-01
6.075607902747651679e+04 1.019667856577424869e+00
6.075607928753722081e+04 9.144988716946939045e-01
6.075607954759792483e+04 1.123730605150529804e+00
6.075607980765863613e+04 1.010923583776563994e+00
6.075608006771934015e+04 1.098055849388447580e+00
6.075608032778005145e+04 8.690283044528914758e-01
6.075608058784074819e+04 1.052333882780724705e+00
6.075608084790145949e+04 9.230189230383550880e-01
6.075608110796216351e+04 9.777194868027409003e-01
6.075608136802286754e+04 1.104460034878377961e+00
6.075608162808357156e+04 1.075407868695184233e+00
6.075608188814428286e+04 1.027955026740062783e+00
6.075608214820498688e+04 1.110153936328480029e+00
6.075608240826569818e+04 1.042520910054931083e+00
6.075608266832639492e+04 8.779783242687854150e-01
6.075608292838710622e+04 1.029867667667103470e+00
6.075608318844781024e+04 1.029441394350074201e+00
6.075608344850852154e+04 8.692961266008646382e-01
6.075608370856922556e+04 1.015189180199889796e+00
6.075608396862992959e+04 1.054707467731272219e+00
6.075608422869064088e+04 1.010207151811761683e+00
6.075608448875134491e+04 1.045917143625810342e+00
6.075608474881204893e+04 9.356954397254354516e-01
6.075608500887276023e+04 9.274434684000902873e-01
6.075608526893346425e+04 1.128207052009509104e+00
6.075608552899416827e+04 1.167405407028168529e+00
6.075608578905487957e+04 1.057006985588528680e+00
6.075608604911557632e+04 1.106807361624981390e+00
6.075608630917628761e+04 9.582027463582759585e-01
6.075608656923699164e+04 1.009726302097150974e+00
6.075608682929770293e+04 1.050335326714801454e+00
6.075608708935840696e+04 1.065610383681808271e+00
6.075608734941911098e+04 9.570497850494599223e-01
6.075608760947981500e+04 1.026561298590704219e+00
6.075608786954052630e+04 9.899008564842680657e-01
6.075608812960123760e+04 1.049934762167305191e+00
6.075608838966194162e+04 1.062947440767446849e+00
6.075608864972264564e+04 9.861390658241966367e-01
6.075608890978334966e+04 9.489159092647093674e-01
6.075608916984406096e+04 9.301328928372754046e-01
6.075609076569380704e+04 1.086986258699697450e+00
6.075609102575441648e+04 1.017067097671966014e+00
6.075609128581501136e+04 1.057853150850452062e+00
6.075609154587561352e+04 1.056742727895580991e+00
6.075609180593621568e+04 1.132103220951976130e+00
6.075609206599681784e+04 1.131673492143267623e+00
6.075609232605741272e+04 1.016869403636399882e+00
6.075609258611801488e+04 9.670022001711358062e-01
6.075609284617860976e+04 1.035844322242096771e+00
6.075609310623921192e+04 9.628417606675919727e-01
6.075609336629981408e+04 1.079827567995098603e+00
6.075609362636040896e+04 9.471469501947632486e-01
6.075609388642101840e+04 9.233032660548801118e-01
6.075609414648161328e+04 1.090960542275471790e+00
6.075609440654221544e+04 1.018282635996829555e+00
6.075609466660281760e+04 1.032321060121945910e+00
6.075609492666341976e+04 1.132375512326233569e+00
6.075609518672402191e+04 1.035464561830648611e+00
6.075609544678461680e+04 1.163819307105129930e+00
6.075609570684521896e+04 1.093111077823855304e+00
6.075609596690581384e+04 9.729624626496198303e-01
6.075609622696641600e+04 1.055306826884655047e+00
6.075609648702701088e+04 1.084202844039312552e+00
6.075609674708762032e+04 9.139909169412770984e-01
6.075609700714822247e+04 1.035907368522823280e+00
6.075609726720881736e+04 9.901723152216665991e-01
6.075609752726942679e+04 9.383780645993892167e-01
6.075609778733002167e+04 9.216869546418188230e-01
6.075609804739062383e+04 9.308282849138843629e-01
6.075609830745121872e+04 9.449986665055452040e-01
6.075609856751182087e+04 1.030157600627502390e+00
6.075609882757242303e+04 8.854166732184662880e-01
6.075609908763301792e+04 8.958803979521983152e-01
6.075609934769362008e+04 1.044569976617610196e+00
6.075609960775422223e+04 8.940265037868599940e-01
6.075609986781482439e+04 1.049996552855863463e+00
6.075610012787541928e+04 9.929802827034776014e-01
6.075610038793602143e+04 1.093808473353418131e+00
6.075610064799663087e+04 1.036343803342544501e+00
6.075610090805722575e+04 1.065086340465917436e+00
6.075610116811782791e+04 8.255904069398088962e-01
6.075610142817842279e+04 1.002892962265102605e+00
6.075610168823902495e+04 9.929452552659707720e-01
6.075610194829962711e+04 1.101931729409795890e+00
6.075610220836022199e+04 1.038016186653014428e+00
6.075610246842083143e+04 1.014384394152958446e+00
6.075610272848142631e+04 1.014274946631267937e+00
6.075610298854202847e+04 1.070390380396772922e+00
6.075610324860263063e+04 1.055758612931117613e+00
6.075610350866323279e+04 1.024167478310133994e+00
6.075610376872383495e+04 1.005069945772757434e+00
6.075610402878442983e+04 1.072479207159685144e+00
6.075610428884503199e+04 1.025364827952474744e+00
6.075610454890563415e+04 9.450461131162777306e-01
6.075610480896622903e+04 9.524463837122518761e-01
6.075610506902683119e+04 1.014785568201480137e+00
6.075610532908743335e+04 9.017429512727366259e-01
6.075610558914803551e+04 1.096122421591686491e+00
6.075610584920863766e+04 1.136112589835977849e+00
6.075610610926923255e+04 9.041140518603252296e-01
6.075610636932984198e+04 9.312761287519755182e-01
6.075610662939043686e+04 1.000139918349155943e+00
6.075610688945103902e+04 1.095332426760593281e+00
6.075610714951164118e+04 9.812590595376128322e-01
6.075610740957223607e+04 9.313495545696384159e-01
6.075610766963283822e+04 1.011754976382999605e+00
6.075610792969343311e+04 1.353138694545526377e+00
6.075610818975403527e+04 1.023514925413800514e+00
6.075610844981464470e+04 1.075332858162398653e+00
6.075610870987523958e+04 9.549122933177002226e-01
6.075610896993584174e+04 9.280906202025472895e-01
6.075610922999644390e+04 1.112949397797382334e+00
6.075610949005704606e+04 9.067359476663081619e-01
6.075610975011764822e+04 1.133908272799012629e+00
6.075611001017824310e+04 9.778286193739239573e-01
6.075611027023884526e+04 1.023461888881878057e+00
6.075611053029944742e+04 9.589210102200895758e-01
6.075611079036004230e+04 1.104680066463884947e+00
6.075611105042064446e+04 1.052958087591902236e+00
6.075611131048124662e+04 1.085586366948336767e+00
6.075611157054184878e+04 1.025798075672957443e+00
6.075611183060245094e+04 9.434214468610074844e-01
6.075611209066305310e+04 9.831786156617886574e-01
6.075611235072365525e+04 9.947117960902902567e-01
6.075611261078425741e+04 1.186343353593810157e+00
6.075611287084485230e+04 1.060970791923371292e+00
6.075611313090545445e+04 9.806261387183872191e-01
6.075611339096604934e+04 1.022362076394152552e+00
6.075611365102665150e+04 9.856355093182749272e-01
6.075611391108725365e+04 8.942417221988175902e-01
6.075611417114785581e+04 1.163306545743737264e+00
6.075611443120845797e+04 1.063214244847804135e+00
6.075611469126906013e+04 1.068668694480565007e+00
6.075611495132966229e+04 1.051383412165582509e+00
6.075611521139026445e+04 9.946705861186327935e-01
6.075611547145085933e+04 1.102694040101424910e+00
6.075611573151146149e+04 1.036738743812502417e+00
6.075611599157206365e+04 1.027496528199060899e+00
6.075611625163265853e+04 9.919912667600790934e-01
6.075611651169326069e+04 9.990379827671260760e-01
6.075611677175386285e+04 1.075825839931152883e+00
6.075611703181446501e+04 9.934138662521000418e-01
6.075611729187506717e+04 1.020367084694562942e+00
6.075611755193566933e+04 1.105655311428520804e+00
6.075611781199626421e+04 9.530323075686295553e-01
6.075611807205687364e+04 9.791125440522272516e-01
6.075611833211747580e+04 1.000232256300447098e+00
6.075611859217807068e+04 8.952526710624532091e-01
6.075611885223867284e+04 1.065883703224284051e+00
6.075611911229926773e+04 1.018358654821487352e+00
6.075612077117233275e+04 1.022292491720110386e+00
6.075612103123303677e+04 1.009266917973759670e+00
6.075612129129374080e+04 9.587233853889779445e-01
6.075612155135445209e+04 1.003379683730036609e+00
6.075612181141516339e+04 1.106182397125842432e+00
6.075612207147586741e+04 1.041477569561305216e+00
6.075612233153657144e+04 1.008285723130609046e+00
6.075612259159728274e+04 1.110720713639289592e+00
6.075612285165798676e+04 1.092126642277488457e+00
6.075612311171869806e+04 9.200825865434624218e-01
6.075612337177940935e+04 1.112007499565823565e+00
6.075612363184010610e+04 9.602156253217374315e-01
6.075612389190081740e+04 1.106141606434426494e+00
6.075612415196152870e+04 1.279440460396998436e+00
6.075612441202222544e+04 9.460550971367659434e-01
6.075612467208293674e+04 1.111251232213463114e+00
6.075612493214364804e+04 9.362233122398421203e-01
6.075612519220435206e+04 1.002246979603514720e+00
6.075612545226506336e+04 1.020149545567752725e+00
6.075612571232576738e+04 9.841954732558555463e-01
6.075612597238647140e+04 9.116373089022551390e-01
6.075612623244718270e+04 9.828329971979422597e-01
6.075612649250789400e+04 1.022279897742018218e+00
6.075612675256859802e+04 1.149145440502669757e+00
6.075612701262930204e+04 1.054114394099574525e+00
6.075612727269001334e+04 1.059518538117482978e+00
6.075612753275071736e+04 9.941562011074926986e-01
6.075612779281142139e+04 9.781442550168103489e-01
6.075612805287213268e+04 1.050033845604488425e+00
6.075612831293283671e+04 1.027698887564197250e+00
6.075612857299354800e+04 1.043975929077899822e+00
6.075612883305425930e+04 1.059086417541448277e+00
6.075612909311495605e+04 1.007236178604221877e+00
6.075612935317566735e+04 9.664595729769838162e-01
6.075612961323637865e+04 1.070237397897746412e+00
6.075612987329708267e+04 8.909648303433242988e-01
6.075613013335779397e+04 9.309539530280606101e-01
6.075613039341849799e+04 9.100404426146539993e-01
6.075613065347920201e+04 1.126197712335678780e+00
6.075613091353991331e+04 9.022635066076167831e-01
6.075613117360061733e+04 1.044166394665471564e+00
6.075613143366133590e+04 1.017039457553950976e+00
6.075613169372203265e+04 1.063327852269979834e+00
6.075613195378274395e+04 1.056995369579960320e+00
6.075613221384345525e+04 1.044991666337526048e+00
6.075613247390415199e+04 1.025142512497872582e+00
6.075613273396486329e+04 9.548020511652304254e-01
6.075613299402557459e+04 1.087040895516256045e+00
6.075613325408627861e+04 1.003273655881206095e+00
6.075613351414698991e+04 1.084577114663872965e+00
6.075613377420769393e+04 1.104101625804090325e+00
6.075613403426840523e+04 1.033186740606709897e+00
6.075613429432910925e+04 1.105589988627736497e+00
6.075613455438982055e+04 1.224979093383735229e+00
6.075613481445053185e+04 9.263631820690625407e-01
6.075613507451122859e+04 1.021029741816630754e+00
6.075613533457193989e+04 1.032209214005554099e+00
6.075613559463265119e+04 9.056520733132722434e-01
6.075613585469334794e+04 1.004374566963597504e+00
6.075613611475405924e+04 1.072530212595524501e+00
6.075613637481477053e+04 9.881938485101113834e-01
6.075613663487548183e+04 1.032942539806711135e+00
6.075613689493618585e+04 1.060581963891585211e+00
6.075613715499688988e+04 1.099713178553092030e+00
6.075613741505760117e+04 1.068817225287757244e+00
6.075613767511830520e+04 1.073358092449825385e+00
6.075613793517901649e+04 9.736653598964259970e-01
6.075613819523972779e+04 1.120697319166986894e+00
6.075613845530043181e+04 9.422318732428003329e-01
6.075613871536113584e+04 1.016779869717844731e+00
6.075613897542184714e+04 1.062730247958142638e+00
6.075613923548255116e+04 1.023434659794929757e+00
6.075613949554325518e+04 9.782412324463439779e-01
6.075613975560396648e+04 1.022009967178362455e+00
6.075614001566467778e+04 1.116800841473858164e+00
6.075614027572538907e+04 9.936306957432330389e-01
6.075614053578608582e+04 1.013224601626651511e+00
6.075614079584679712e+04 1.070883047214086226e+00
6.075614105590750842e+04 1.031577620602475598e+00
6.075614131596821244e+04 1.049129670778167878e+00
6.075614157602892374e+04 1.106031456045865502e+00
6.075614183608962776e+04 9.930543757976642016e-01
6.075614209615033906e+04 9.127632311308545576e-01
6.075614235621104308e+04 1.071686103689731384e+00
6.075614261627174710e+04 1.085983134601048672e+00
6.075614287633246568e+04 1.077271764247351271e+00
6.075614313639316970e+04 9.433601121942658541e-01
6.075614339645387372e+04 8.762583196977370426e-01
6.075614365651458502e+04 1.023087378675134440e+00
6.075614391657528904e+04 9.973211165842089665e-01
6.075614417663600034e+04 9.659827911490453944e-01
6.075614443669670436e+04 1.166795840855529232e+00
6.075614469675741566e+04 1.059037312279440091e+00
6.075614495681812696e+04 9.739625774989704166e-01
6.075614521687882370e+04 1.023114188606432551e+00
6.075614547693953500e+04 9.944203582735208213e-01
6.075614573700024630e+04 1.054331953941977096e+00
6.075614599706095760e+04 8.652470785398923558e-01
6.075614625712166162e+04 9.449253560840731314e-01
6.075614651718236564e+04 9.176601715869183717e-01
6.075614677724307694e+04 1.018165031789406205e+00
6.075614703730378824e+04 1.106684032702349274e+00
6.075614729736448498e+04 1.072983496855566932e+00
6.075614755742519628e+04 1.047495508228384997e+00
6.075614781748590758e+04 1.096396302752175700e+00
6.075614807754661888e+04 1.075733064245233184e+00
6.075614833760732290e+04 9.467109597565120938e-01
6.075614859766802692e+04 1.125741878486558711e+00
6.075614885772873822e+04 1.009454593472921768e+00
6.075614911778944952e+04 9.114802835207936882e-01
