6.075585120116569306e+04 1.035969548225584846e+00
6.075585146121949219e+04 9.837847753178632360e-01
6.075585172127328406e+04 9.745936217096957677e-01
6.075585198132708319e+04 9.723074238265199121e-01
6.075585224138088233e+04 9.681957373035847692e-01
6.075585250143468147e+04 9.597076381375906351e-01
6.075585276148847333e+04 1.017729169623344587e+00
6.075585302154227247e+04 1.020351678334923573e+00
6.075585328159607161e+04 9.930986208489878120e-01
6.075585354164987803e+04 1.002472771110272554e+00
6.075585380170368444e+04 1.047945984365932892e+00
6.075585406175747630e+04 1.001355760735249900e+00
6.075585432181127544e+04 1.120782492044036571e+00
6.075585458186507458e+04 9.591120638834194079e-01
6.075585484191887372e+04 9.658083662163708949e-01
6.075585510197266558e+04 1.086892788073241745e+00
6.075585536202646472e+04 1.043114978979073681e+00
6.075585562208026386e+04 9.855300802431011808e-01
6.075585588213406299e+04 1.003071221839166638e+00
6.075585614218786213e+04 1.001152158138968407e+00
6.075585640224165400e+04 1.002958714754899727e+00
6.075585666229546041e+04 1.035593277422607761e+00
6.075585692234926682e+04 9.701909390392720045e-01
6.075585718240306596e+04 9.697800504695086588e-01
6.075585744245685783e+04 9.845104293248352345e-01
6.075585770251065696e+04 9.989868073600151055e-01
6.075585796256445610e+04 9.450096081581812468e-01
6.075585822261825524e+04 9.396490184215039454e-01
6.075585848267205438e+04 9.630833484151791746e-01
6.075585874272584624e+04 1.012353677139171459e+00
6.075585900277964538e+04 9.787293866756704430e-01
6.075585926283344452e+04 9.702915922931261150e-01
6.075585952288725093e+04 9.976185955174438069e-01
6.075585978294105735e+04 1.010747184230932127e+00
6.075586004299484921e+04 1.005716918252964609e+00
6.075586030304864835e+04 1.005704905970136620e+00
6.075586056310244749e+04 9.806319011227594418e-01
6.075586082315624662e+04 1.040318983875151204e+00
6.075586108321004576e+04 1.018247662366785544e+00
6.075586134326383763e+04 9.881537182159464416e-01
6.075586160331763676e+04 1.002316998985647079e+00
6.075586186337143590e+04 1.025432797564928000e+00
6.075586212342523504e+04 9.838788085446318332e-01
6.075586238347903418e+04 1.016284439907757964e+00
6.075586264353283332e+04 9.878163069045120537e-01
6.075586290358663973e+04 9.950530418503840124e-01
6.075586316364043887e+04 9.762759541899812543e-01
6.075586342369423801e+04 9.668291942634718028e-01
6.075586368374803715e+04 9.671618978030187552e-01
6.075586394380182901e+04 9.843331772880268282e-01
6.075586420385562815e+04 9.966541854729900063e-01
6.075586446390942729e+04 9.891943553473625528e-01
6.075586472396322642e+04 1.001931605862509844e+00
6.075586498401702556e+04 1.021596208548541496e+00
6.075586524407081743e+04 9.708473291177104336e-01
6.075586550412462384e+04 9.518870683502835828e-01
6.075586576417843025e+04 1.047415176185395369e+00
6.075586602423222939e+04 9.840020235938466975e-01
6.075586628428602853e+04 9.451523302731520415e-01
6.075586654433982039e+04 9.087048934145706136e-01
6.075586680439361953e+04 1.006068145315697659e+00
6.075586706444741867e+04 1.036652213877677253e+00
6.075586732450121781e+04 9.977938269263096904e-01
6.075586758455501695e+04 9.971742902716919099e-01
6.075586784460881609e+04 9.907967988781648527e-01
6.075586810466260795e+04 1.033824315948444150e+00
6.075586836471640709e+04 1.013544172958051437e+00
6.075586862477021350e+04 9.496530292027290932e-01
6.075586888482401991e+04 1.004530205354053018e+00
6.075586914487781905e+04 9.624536095598186236e-01
6.075586940493161092e+04 9.661467318526182346e-01
6.075586966498541005e+04 1.026427588818573655e+00
6.075586992503920919e+04 9.769694504227679488e-01
6.075587018509300833e+04 9.737430225343979284e-01
6.075587044514680747e+04 9.650022577814071356e-01
6.075587070520060661e+04 9.931231415593076983e-01
6.075587096525439847e+04 9.940255422435689825e-01
6.075587122530819761e+04 9.829152783043492159e-01
6.075587148536199675e+04 9.812618587181030083e-01
6.075587174541581044e+04 1.004339061500664876e+00
6.075587200546960958e+04 1.016299459950363193e+00
6.075587226552340871e+04 1.020378120794547039e+00
6.075587252557720058e+04 9.347610302127846715e-01
6.075587278563099972e+04 9.650509150341998188e-01
6.075587304568479885e+04 9.837098759961815375e-01
6.075587330573859799e+04 9.569416264256008775e-01
6.075587356579239713e+04 1.059058353990617318e+00
6.075587382584619627e+04 9.903601399546637651e-01
6.075587408589998813e+04 9.557438759915850568e-01
6.075587434595378727e+04 9.678462592843121159e-01
6.075587460600759368e+04 1.020854590404212781e+00
6.075587486606140010e+04 9.888222147460185019e-01
6.075587512611519924e+04 9.850555154450310047e-01
6.075587538616899838e+04 9.378942381410788620e-01
6.075587564622279751e+04 9.844928900783096459e-01
6.075587590627658938e+04 1.017284235120547331e+00
6.075587616633038851e+04 9.821138096432212583e-01
6.075587642638418765e+04 9.823464166247876106e-01
6.075587668643798679e+04 9.882265477307640156e-01
6.075587694649178593e+04 9.912467685866317435e-01
6.075587720654558507e+04 9.877300278604405070e-01
6.075587746659937693e+04 1.039075983989021124e+00
6.075587772665318334e+04 9.886274045963691082e-01
6.075587798670698976e+04 9.852330118848539042e-01
6.075587824676078890e+04 1.030810675560576817e+00
6.075587850681458804e+04 9.860223499246359991e-01
6.075587876686838717e+04 9.902708434237015300e-01
6.075587902692218631e+04 1.009589460560073704e+00
6.075587928697597818e+04 9.881210211753493899e-01
6.075587954702977731e+04 1.010572887958649302e+00
6.075588115586427011e+04 9.859505264314990525e-01
6.075588141592496686e+04 1.027296188845096880e+00
6.075588167598567088e+04 9.402028882555998335e-01
6.075588193604636763e+04 1.000103385088471741e+00
6.075588219610707165e+04 1.025870015464402929e+00
6.075588245616777567e+04 9.762365613836927469e-01
6.075588271622847242e+04 1.009292459421736510e+00
6.075588297628917644e+04 1.005967414205428234e+00
6.075588323634988046e+04 9.278108641237807763e-01
6.075588349641056993e+04 9.693599193258368718e-01
6.075588375647127395e+04 9.560053321587094199e-01
6.075588401653197798e+04 9.449638369372790336e-01
6.075588427659268200e+04 9.774804083212430550e-01
6.075588453665338602e+04 9.855900130293580030e-01
6.075588479671408277e+04 1.019573755925387903e+00
6.075588505677478679e+04 9.477965513131365594e-01
6.075588531683548354e+04 9.554615422428104354e-01
6.075588557689618756e+04 9.852622200511057526e-01
6.075588583695689158e+04 9.944773992742146351e-01
6.075588609701758833e+04 9.730825836397039019e-01
6.075588635707829235e+04 1.003853354530756636e+00
6.075588661713899637e+04 9.845134746716268648e-01
6.075588687719969312e+04 9.375136650917437198e-01
6.075588713726038986e+04 9.672311726623291639e-01
6.075588739732109389e+04 9.821793040320989654e-01
6.075588765738179791e+04 1.027897845402489629e+00
6.075588791744250193e+04 9.714708392191944153e-01
6.075588817750319868e+04 9.763325442868090454e-01
6.075588843756390270e+04 1.038902283231269763e+00
6.075588869762460672e+04 1.023184876170784241e+00
6.075588895768530347e+04 9.448072802003087967e-01
6.075588921774600749e+04 9.776321493127201334e-01
6.075588947780670424e+04 1.025795320535636934e+00
6.075588973786740826e+04 1.000651545956664279e+00
6.075588999792811228e+04 9.682187269325863710e-01
6.075589025798880903e+04 1.004166101403795697e+00
6.075589051804952032e+04 9.567534503897489051e-01
6.075589077811021707e+04 9.786749419204264777e-01
6.075589103817091382e+04 9.682107218699641527e-01
6.075589129823161784e+04 1.010128740604947728e+00
6.075589155829231458e+04 9.269562010856996492e-01
6.075589181835301861e+04 1.016149118090962755e+00
6.075589207841372263e+04 9.749319459585721326e-01
6.075589233847442665e+04 9.408189940428400844e-01
6.075589259853513067e+04 1.053699797014404638e+00
6.075589285859582742e+04 8.945253472744095768e-01
6.075589311865652417e+04 9.503859840155832739e-01
6.075589337871722819e+04 9.778816937759139405e-01
6.075589363877793221e+04 9.653151295946919008e-01
6.075589389883863623e+04 9.612191759884810560e-01
6.075589415889933298e+04 9.911099584771539961e-01
6.075589441896003700e+04 9.850159338768189610e-01
6.075589467902074102e+04 1.001365603858111131e+00
6.075589493908143777e+04 1.020983345589809188e+00
6.075589519914213452e+04 9.724481616562721253e-01
6.075589545920283854e+04 9.858850086902534171e-01
6.075589571926354256e+04 1.008929506350635608e+00
6.075589597932424658e+04 9.564556232138429204e-01
6.075589623938494333e+04 1.040830840929149792e+00
6.075589649944564735e+04 9.764434335508306306e-01
6.075589675950635137e+04 1.015787146524302687e+00
6.075589701956705539e+04 1.002334577912652236e+00
6.075589727962775942e+04 9.842855271503289094e-01
6.075589753968844889e+04 1.005832256929416912e+00
6.075589779974915291e+04 9.481445384157834999e-01
6.075589805980985693e+04 9.752848460116823048e-01
6.075589831987055368e+04 1.027533834779950306e+00
6.075589857993125770e+04 1.019656626898250984e+00
6.075589883999196172e+04 9.895980194048865641e-01
6.075589910005266574e+04 9.518328820925398004e-01
6.075589936011336977e+04 9.262414441576586333e-01
6.075589962017406651e+04 9.848995890221029503e-01
6.075589988023477054e+04 1.032704640546532326e+00
6.075590014029546728e+04 9.716294950380530704e-01
6.075590040035617130e+04 1.005099982111335333e+00
6.075590066041687533e+04 9.763214932152443071e-01
6.075590092047757207e+04 9.718389241840001969e-01
6.075590118053827609e+04 9.934599489045544685e-01
6.075590144059898012e+04 9.815857360596463854e-01
6.075590170065967686e+04 1.005637840743707212e+00
6.075590196072038816e+04 9.547681289297587082e-01
6.075590222078108491e+04 9.638945747664727781e-01
6.075590248084178893e+04 9.987517266887149248e-01
6.075590274090249295e+04 9.783352108915437384e-01
6.075590300096318242e+04 9.619390905741856956e-01
6.075590326102388644e+04 9.462301249944503612e-01
6.075590352108459047e+04 9.846447731606773335e-01
6.075590378114529449e+04 9.951238769075453350e-01
6.075590404120599851e+04 1.024295265357954676e+00
6.075590430126669526e+04 9.918719164505425123e-01
6.075590456132739928e+04 1.007359339780775187e+00
6.075590482138810330e+04 9.588547225142622921e-01
6.075590508144880732e+04 1.000465536911329778e+00
6.075590534150951135e+04 1.003710561166975435e+00
6.075590560157020809e+04 9.758028183240191611e-01
6.075590586163091211e+04 1.012604494875074979e+00
6.075590612169160886e+04 9.526886114905441794e-01
6.075590638175230561e+04 9.539762630547985456e-01
6.075590664181300963e+04 9.417349577655549364e-01
6.075590690187371365e+04 9.831438076470193632e-01
6.075590716193441767e+04 9.385358344708296663e-01
6.075590742199512169e+04 9.794043377627789093e-01
6.075590768205581844e+04 9.740477283180066781e-01
6.075590794211652246e+04 1.002753010921939136e+00
6.075590820217722649e+04 1.025159672231007235e+00
6.075590846223793051e+04 9.386644764553376818e-01
6.075590872229863453e+04 9.993424891023285905e-01
6.075590898235933128e+04 9.704528242748600153e-01
6.075590924242003530e+04 9.864388997666153625e-01
6.075590950248073932e+04 9.897386805694611267e-01
6.075591106051386305e+04 9.743828152915866569e-01
6.075591132057445793e+04 9.747206774588592637e-01
6.075591158063505281e+04 1.011944834356917289e+00
6.075591184069564770e+04 9.831563345190690306e-01
6.075591210075624258e+04 9.132631459911442207e-01
6.075591236081683746e+04 9.387866376877980201e-01
6.075591262087743235e+04 9.835568553681655057e-01
6.075591288093802723e+04 1.027159519067694537e+00
6.075591314099862211e+04 9.970709574292996313e-01
6.075591340105922427e+04 9.611590926148320113e-01
6.075591366111981915e+04 9.771876208149030685e-01
6.075591392118041404e+04 1.014734675425599697e+00
6.075591418124100892e+04 1.046713131914656980e+00
6.075591444130160380e+04 9.342593836098030957e-01
6.075591470136219868e+04 9.644176055456681329e-01
6.075591496142279357e+04 9.686248961786075862e-01
6.075591522148338845e+04 1.014670864149883611e+00
6.075591548154399061e+04 9.456611254499556196e-01
6.075591574160458549e+04 9.571493515871259961e-01
6.075591600166518037e+04 9.713067000631486758e-01
6.075591626172577526e+04 9.965597099680624238e-01
6.075591652178637742e+04 9.554936297446100513e-01
6.075591678184697230e+04 9.919817832766308907e-01
6.075591704190756718e+04 9.950914270762245550e-01
6.075591730196816206e+04 9.816088104157061345e-01
6.075591756202875695e+04 8.983658460343905139e-01
6.075591782208935183e+04 9.552270400674864881e-01
6.075591808214994671e+04 1.038586759063167442e+00
6.075591834221054160e+04 9.565436740771231516e-01
6.075591860227113648e+04 9.465073204085748815e-01
6.075591886233173136e+04 1.023039940144171434e+00
6.075591912239232624e+04 1.043251324799181701e+00
6.075591938245292840e+04 9.298208019581036821e-01
6.075591964251352329e+04 9.877961235380123828e-01
6.075591990257411817e+04 8.876487402281791894e-01
6.075592016263471305e+04 1.045106070215905625e+00
6.075592042269530793e+04 9.748657910757532186e-01
6.075592068275590282e+04 1.035179502658470696e+00
6.075592094281649770e+04 9.728224392622212280e-01
6.075592120287709986e+04 9.724907755848022362e-01
6.075592146293769474e+04 9.650237724663203176e-01
6.075592172299828962e+04 9.927531986056620239e-01
6.075592198305888451e+04 9.906841566410578004e-01
6.075592224311948667e+04 1.003884337958534934e+00
6.075592250318008155e+04 9.682814874906467972e-01
6.075592276324067643e+04 1.021396520913491202e+00
6.075592302330127131e+04 9.866876045196100176e-01
6.075592328336186620e+04 9.734944645964929144e-01
6.075592354342246108e+04 9.639507933367684744e-01
6.075592380348305596e+04 1.019336821976115193e+00
6.075592406354365812e+04 9.837861744369825745e-01
6.075592432360425300e+04 9.589001734449619230e-01
6.075592458366484789e+04 9.734956368309072294e-01
6.075592484372544277e+04 9.625394198572225779e-01
6.075592510378604493e+04 9.887844075382363762e-01
6.075592536384663981e+04 9.835459002163470243e-01
6.075592562390723469e+04 1.008044393993482002e+00
6.075592588396782958e+04 1.012236729221077658e+00
6.075592614402842446e+04 9.654819974994385268e-01
6.075592640408901934e+04 1.015275127014366507e+00
6.075592666414961423e+04 9.811386016313541347e-01
6.075592692421020911e+04 9.824331354305007036e-01
6.075592718427081127e+04 9.840324576825123515e-01
6.075592744433140615e+04 1.012252485276639247e+00
6.075592770439200103e+04 9.301942348077862910e-01
6.075592796445260319e+04 9.921856503076709188e-01
6.075592822451319807e+04 9.525606623086813052e-01
6.075592848457379296e+04 9.830606209460477363e-01
6.075592874463438784e+04 9.920683305003558106e-01
6.075592900469498272e+04 9.686149348253613178e-01
6.075592926475557761e+04 1.035524615743546706e+00
6.075592952481617249e+04 9.646411704492554584e-01
6.075592978487676737e+04 9.859504016858642306e-01
6.075593004493736953e+04 9.261945583640769364e-01
6.075593030499796441e+04 9.582374500476081858e-01
6.075593056505855930e+04 9.739745751180962641e-01
6.075593082511916145e+04 9.426541709884326270e-01
6.075593108517975634e+04 9.734462663999183807e-01
6.075593134524035122e+04 9.808724232225007889e-01
6.075593160530094610e+04 9.919351949430537108e-01
6.075593186536154099e+04 1.037214373406710965e+00
6.075593212542213587e+04 9.662786236263847250e-01
6.075593238548273075e+04 9.604858545576544504e-01
6.075593264554332563e+04 1.008960550762319164e+00
6.075593290560392779e+04 9.571971045025526870e-01
6.075593316566452268e+04 9.809181748531939915e-01
6.075593342572511756e+04 1.006881509405873620e+00
6.075593368578571244e+04 9.477533577293575373e-01
6.075593394584631460e+04 9.599410348725103681e-01
6.075593420590690948e+04 1.008593830849806805e+00
6.075593446596750437e+04 9.058600911819308932e-01
6.075593472602809925e+04 1.019793266447695634e+00
6.075593498608869413e+04 9.959652554820861425e-01
6.075593524614928901e+04 9.846124808184283372e-01
6.075593550620988390e+04 1.016039102781377990e+00
6.075593576627048606e+04 1.011685015504349971e+00
6.075593602633108094e+04 9.915087724296088867e-01
6.075593628639167582e+04 1.004673250094688219e+00
6.075593654645227070e+04 9.453577296702391219e-01
6.075593680651287286e+04 9.821215857120937365e-01
6.075593706657346775e+04 1.005825210824040861e+00
6.075593732663406263e+04 9.512535980658621826e-01
6.075593758669465751e+04 9.527338162552601020e-01
6.075593784675525239e+04 9.775328871863081526e-01
6.075593810681584728e+04 1.000950788488593979e+00
6.075593836687644216e+04 1.009176163960664230e+00
6.075593862693704432e+04 9.842779919418620516e-01
6.075593888699763920e+04 9.914649021735251200e-01
6.075593914705823408e+04 1.049858527464087921e+00
6.075593940711883624e+04 9.574192904468407095e-01
6.075594106598430517e+04 1.012480977433779739e+00
6.075594132604500919e+04 9.903400735439510383e-01
6.075594158610571321e+04 9.986932825266818803e-01
6.075594184616640996e+04 1.029020014007605344e+00
6.075594210622711398e+04 1.014748592247783021e+00
6.075594236628781800e+04 9.989644982265393214e-01
6.075594262634852203e+04 9.872154389387278739e-01
6.075594288640922605e+04 9.917740153058175467e-01
6.075594314646992279e+04 9.944290090942046190e-01
6.075594340653063409e+04 9.790607728743717653e-01
6.075594366659133811e+04 9.717349921642096655e-01
6.075594392665203486e+04 9.925985466291941117e-01
6.075594418671273888e+04 9.917721760604345516e-01
6.075594444677344291e+04 1.002684088812989982e+00
6.075594470683414693e+04 9.523037384590363752e-01
6.075594496689485095e+04 1.024979446903038216e+00
6.075594522695554770e+04 1.018688902885906744e+00
6.075594548701625172e+04 9.773526068845499459e-01
6.075594574707695574e+04 9.390090139370605993e-01
6.075594600713765976e+04 1.000184132687283789e+00
6.075594626719836378e+04 9.653592484863187106e-01
6.075594652725906053e+04 9.652542203627669792e-01
6.075594678731976455e+04 1.000842322941026596e+00
6.075594704738046858e+04 9.951618424069917923e-01
6.075594730744116532e+04 9.810369417201074693e-01
6.075594756750187662e+04 9.421578141334088219e-01
6.075594782756257337e+04 9.361856382850813896e-01
6.075594808762328466e+04 9.751869934523987871e-01
6.075594834768398869e+04 9.541749125988264746e-01
6.075594860774468543e+04 9.898996956375838430e-01
6.075594886780538945e+04 1.002898248964145367e+00
6.075594912786609348e+04 1.004287712734667437e+00
6.075594938792679750e+04 9.674137368246157331e-01
6.075594964798750152e+04 9.653400192784242773e-01
6.075594990804819827e+04 9.470248556450472366e-01
6.075595016810890229e+04 9.849982010132755095e-01
6.075595042816960631e+04 9.695512946591799963e-01
6.075595068823031033e+04 1.044580531916085020e+00
6.075595094829101436e+04 1.017579458861870068e+00
6.075595120835171110e+04 9.792524182086193019e-01
6.075595146841241512e+04 9.394720427174458877e-01
6.075595172847312642e+04 9.762990973197903655e-01
6.075595198853382317e+04 9.916235652798560674e-01
6.075595224859452719e+04 9.581892403108778211e-01
6.075595250865523121e+04 1.009452621955409191e+00
6.075595276871593524e+04 9.371914894222770354e-01
6.075595302877663926e+04 9.734061573012351420e-01
6.075595328883733600e+04 9.767194071880586081e-01
6.075595354889804003e+04 9.567308117309980542e-01
6.075595380895874405e+04 9.727910277770129843e-01
6.075595406901944807e+04 9.813080140696556208e-01
6.075595432908015209e+04 9.539967669641227221e-01
6.075595458914084884e+04 9.661779270066256364e-01
6.075595484920156014e+04 1.004393659170822906e+00
6.075595510926226416e+04 9.745183630112786988e-01
6.075595536932296091e+04 1.033281372803859011e+00
6.075595562938366493e+04 9.701592267278696946e-01
6.075595588944436895e+04 9.886349862902809038e-01
6.075595614950507297e+04 1.029088921799417466e+00
6.075595640956577699e+04 9.614933340309111953e-01
6.075595666962647374e+04 9.847658677690134255e-01
6.075595692968717776e+04 9.929369021178690025e-01
6.075595718974788178e+04 1.005388968581330866e+00
6.075595744980858581e+04 9.625603689175322719e-01
6.075595770986929710e+04 9.846245755420695023e-01
6.075595796992999385e+04 9.664674002802602359e-01
6.075595822999069787e+04 1.011516912514743849e+00
6.075595849005140190e+04 9.834181754002720988e-01
6.075595875011209864e+04 9.555215028634267416e-01
6.075595901017280994e+04 1.032014316723909753e+00
6.075595927023350669e+04 1.013883831533221702e+00
6.075595953029421071e+04 1.001415086398521614e+00
6.075595979035491473e+04 9.957603060056935407e-01
6.075596005041561148e+04 9.624108128002165641e-01
6.075596031047632277e+04 1.032363717188739871e+00
6.075596057053702680e+04 9.784024981682855060e-01
6.075596083059773082e+04 1.024752898634983866e+00
6.075596109065843484e+04 9.926254155007669944e-01
6.075596135071913159e+04 9.381491861883179961e-01
6.075596161077983561e+04 9.790017190092814570e-01
6.075596187084053963e+04 9.981216758574069647e-01
6.075596213090124365e+04 1.008608694270360040e+00
6.075596239096194768e+04 9.992826134820496087e-01
6.075596265102265170e+04 9.481247878338676660e-01
6.075596291108335572e+04 9.890207382973927874e-01
6.075596317114405974e+04 9.949025836418402546e-01
6.075596343120475649e+04 9.712786313768900781e-01
6.075596369126546051e+04 1.086674550090419356e+00
6.075596395132616453e+04 1.003719620391491985e+00
6.075596421138686856e+04 9.325736258399014433e-01
6.075596447144757258e+04 9.799529073932906620e-01
6.075596473150827660e+04 9.723049819111379000e-01
6.075596499156898062e+04 1.011453559310129924e+00
6.075596525162968464e+04 9.418175862663383802e-01
6.075596551169038867e+04 1.007446942866740303e+00
6.075596577175109269e+04 9.773413125358448861e-01
6.075596603181178943e+04 9.986672475433113760e-01
6.075596629187249346e+04 1.029439499151124870e+00
6.075596655193319748e+04 1.006412292944645293e+00
6.075596681199390150e+04 1.029068357316437199e+00
6.075596707205460552e+04 1.001109000707065544e+00
6.075596733211530955e+04 9.766678469235092752e-01
6.075596759217601357e+04 1.000987239620849012e+00
6.075596785223671759e+04 1.005195238483604037e+00
6.075596811229741434e+04 9.481882464515679620e-01
6.075596837235811836e+04 1.004053286813245904e+00
6.075596863241882238e+04 1.017636734054955694e+00
6.075596889247953368e+04 9.223624468215113614e-01
6.075596915254023770e+04 9.576148493048057819e-01
6.075596941260093445e+04 9.784106806509049736e-01
6.075597102105359954e+04 9.879531443658540191e-01
6.075597128111420170e+04 9.968955000900501240e-01
6.075597154117479658e+04 1.002958354034443111e+00
6.075597180123539147e+04 9.731489882388426604e-01
6.075597206129598635e+04 9.869201982428773556e-01
6.075597232135658123e+04 9.768363697066642093e-01
6.075597258141718339e+04 1.012863995239277948e+00
6.075597284147777827e+04 9.556451991725828377e-01
6.075597310153837316e+04 9.454300191084904492e-01
6.075597336159897532e+04 9.606025260813507716e-01
6.075597362165957020e+04 1.012901221217881620e+00
6.075597388172016508e+04 9.907237036336000724e-01
6.075597414178077452e+04 1.016480484850867949e+00
6.075597440184136940e+04 1.031363427400967536e+00
6.075597466190196428e+04 9.760338952935100343e-01
6.075597492196255916e+04 9.589680424796112046e-01
6.075597518202315405e+04 9.839529785183023236e-01
6.075597544208374893e+04 9.737113732671313082e-01
6.075597570214434381e+04 9.739537696193242278e-01
6.075597596220494597e+04 1.017126624859699735e+00
6.075597622226554813e+04 9.701825131653378786e-01
6.075597648232614301e+04 9.929357802023022206e-01
6.075597674238673790e+04 9.701077600768711617e-01
6.075597700244734006e+04 1.010569544694604138e+00
6.075597726250793494e+04 9.777270239342273905e-01
6.075597752256853710e+04 9.953643623256266393e-01
6.075597778262913198e+04 9.561354971907969347e-01
6.075597804268972686e+04 9.836880732756050350e-01
6.075597830275032175e+04 1.014332896963739072e+00
6.075597856281091663e+04 1.029682040819643873e+00
6.075597882287151151e+04 9.888541670418298235e-01
6.075597908293212095e+04 1.003196419598304745e+00
6.075597934299271583e+04 9.843997499474644863e-01
6.075597960305331071e+04 9.789453996359668286e-01
6.075597986311390559e+04 9.543579997618172328e-01
6.075598012317450775e+04 1.039023275817722469e+00
6.075598038323510264e+04 9.672756815437498767e-01
6.075598064329570479e+04 9.462676510318596135e-01
6.075598090335629968e+04 9.981027805479452120e-01
6.075598116341689456e+04 1.002676989453192613e+00
6.075598142347748944e+04 9.982694789016884895e-01
6.075598168353808433e+04 9.776696202843825345e-01
6.075598194359869376e+04 9.870137295900508478e-01
6.075598220365928864e+04 1.019231576534153971e+00
6.075598246371988353e+04 9.611621265294263416e-01
6.075598272378047841e+04 9.732131701156651049e-01
6.075598298384108057e+04 9.784076475552554442e-01
6.075598324390167545e+04 1.017049103374598085e+00
6.075598350396227761e+04 9.759886561122392834e-01
6.075598376402287249e+04 9.932037284054670012e-01
6.075598402408346738e+04 9.649503015151104091e-01
6.075598428414406226e+04 1.012246862196353847e+00
6.075598454420465714e+04 9.634776804721203458e-01
6.075598480426526658e+04 1.023196607263429980e+00
6.075598506432586146e+04 9.923863228197595809e-01
6.075598532438645634e+04 1.018035818068549370e+00
6.075598558444705122e+04 9.881116416294047911e-01
6.075598584450765338e+04 9.728757431604095895e-01
6.075598610456825554e+04 9.559966968145408028e-01
6.075598636462885042e+04 9.750461161516056352e-01
6.075598662468944531e+04 1.013271976684206654e+00
6.075598688475004019e+04 9.687747391811099007e-01
6.075598714481063507e+04 9.449239430582504484e-01
6.075598740487123723e+04 9.956455296960485812e-01
6.075598766493183211e+04 1.031363484302472155e+00
6.075598792499243427e+04 9.338975710987359458e-01
6.075598818505302916e+04 1.030150667499098782e+00
6.075598844511362404e+04 9.827206464239106598e-01
6.075598870517423347e+04 9.851821740763686552e-01
6.075598896523482836e+04 9.836147447135435984e-01
6.075598922529542324e+04 1.000847499329536427e+00
6.075598948535601812e+04 9.769916967647627182e-01
6.075598974541661300e+04 9.734469751771197554e-01
6.075599000547721516e+04 9.819400135741861435e-01
6.075599026553781005e+04 9.871533143414396028e-01
6.075599052559840493e+04 9.339197851808344053e-01
6.075599078565900709e+04 1.002355117775637350e+00
6.075599104571960197e+04 1.047802001804859495e+00
6.075599130578020413e+04 1.000058734730522536e+00
6.075599156584080629e+04 9.845863060286982327e-01
6.075599182590140117e+04 1.003800046854444794e+00
6.075599208596199605e+04 9.952804469643271590e-01
6.075599234602259094e+04 9.523047926842540534e-01
6.075599260608319310e+04 1.018177303821014235e+00
6.075599286614378798e+04 9.795293707571770536e-01
6.075599312620438286e+04 9.717167683485624652e-01
6.075599338626497774e+04 9.911133927022636181e-01
6.075599364632558718e+04 9.831026342769761950e-01
6.075599390638618206e+04 1.000826445134096909e+00
6.075599416644677694e+04 1.008698752795475384e+00
6.075599442650737910e+04 9.681176508495712429e-01
6.075599468656797399e+04 1.043912863798569512e+00
6.075599494662857614e+04 9.985153371222365015e-01
6.075599520668917103e+04 9.898336131600011800e-01
6.075599546674976591e+04 1.012405348829355622e+00
6.075599572681036079e+04 9.915461854832549049e-01
6.075599598687096295e+04 9.344436430751728029e-01
6.075599624693155783e+04 1.012804108099025546e+00
6.075599650699215999e+04 1.002160653160514947e+00
6.075599676705275488e+04 9.828357419610000978e-01
6.075599702711334976e+04 9.616328235837773297e-01
6.075599728717395192e+04 1.021766779511975587e+00
6.075599754723455408e+04 9.859582619465578901e-01
6.075599780729514896e+04 9.694745400281021830e-01
6.075599806735574384e+04 1.011392823149192433e+00
6.075599832741634600e+04 9.796877123355508532e-01
6.075599858747694088e+04 9.738046447976328457e-01
6.075599884753753577e+04 1.013215835599206249e+00
6.075599910759813065e+04 9.919321568895329566e-01
6.075599936765874008e+04 1.000485920767549164e+00
6.075600091310295102e+04 1.069685829436169300e+00
6.075600117316365504e+04 9.781374950730234996e-01
6.075600143322435179e+04 1.016954589928429797e+00
6.075600169328505581e+04 1.045197145457699817e+00
6.075600195334576711e+04 9.906694307321669557e-01
6.075600221340647113e+04 1.011134172576405810e+00
6.075600247346717515e+04 1.000232198474846568e+00
6.075600273352787190e+04 1.006815474757179807e+00
6.075600299358858319e+04 9.777392312267680907e-01
6.075600325364928722e+04 9.949148922596023903e-01
6.075600351370998396e+04 9.916008452087546887e-01
6.075600377377069526e+04 1.015499029641076856e+00
6.075600403383139928e+04 1.002848590184721056e+00
6.075600429389210331e+04 1.075813213962765857e+00
6.075600455395280733e+04 1.049972099868373254e+00
6.075600481401350407e+04 1.018020544932243254e+00
6.075600507407421537e+04 1.058576570493270141e+00
6.075600533413491939e+04 9.968219444929307116e-01
6.075600559419562342e+04 1.026238548621654534e+00
6.075600585425632744e+04 9.990985908010195926e-01
6.075600611431703146e+04 1.026703179957224377e+00
6.075600637437773548e+04 1.010435796959507027e+00
6.075600663443843951e+04 9.843657709839839232e-01
6.075600689449914353e+04 9.369478301046478830e-01
6.075600715455985483e+04 9.846280302496350778e-01
6.075600741462055157e+04 1.033282303416729109e+00
6.075600767468125559e+04 1.010780390739631551e+00
6.075600793474195962e+04 1.024237685339185244e+00
6.075600819480266364e+04 9.946242920983846547e-01
6.075600845486336766e+04 1.021337792582348580e+00
6.075600871492407168e+04 1.048192745003538207e+00
6.075600897498478298e+04 1.064748242937560541e+00
6.075600923504548700e+04 9.690768983295912076e-01
6.075600949510618375e+04 1.040234785750774327e+00
6.075600975516688777e+04 1.000478359578134580e+00
6.075601001522759907e+04 9.951758566384402149e-01
6.075601027528830309e+04 1.038858443884734362e+00
6.075601053534900711e+04 9.980650396749108921e-01
6.075601079540970386e+04 1.002078709218533481e+00
6.075601105547041516e+04 1.053446886577510844e+00
6.075601131553111918e+04 1.036653851041458463e+00
6.075601157559181593e+04 1.074363407206047949e+00
6.075601183565252722e+04 9.921079070791833932e-01
6.075601209571323125e+04 1.000143978734972627e+00
6.075601235577393527e+04 1.000284240227864885e+00
6.075601261583463929e+04 1.017373930177763119e+00
6.075601287589534331e+04 1.052763566067907330e+00
6.075601313595604734e+04 9.853837334837605155e-01
6.075601339601675136e+04 9.960887050655561348e-01
6.075601365607746266e+04 1.005744131782453143e+00
6.075601391613816668e+04 1.037362579577462585e+00
6.075601417619886342e+04 1.003441274470696865e+00
6.075601443625956745e+04 1.032642408220228125e+00
6.075601469632027874e+04 1.013061664442521437e+00
6.075601495638097549e+04 9.895621876977993558e-01
6.075601521644168679e+04 1.016263824269765692e+00
6.075601547650239081e+04 9.956383421469522377e-01
6.075601573656309483e+04 1.014801177893914330e+00
6.075601599662379886e+04 1.017897366026994543e+00
6.075601625668450288e+04 1.022643278612162865e+00
6.075601651674520690e+04 9.619430602592321522e-01
6.075601677680591092e+04 1.013706515871605207e+00
6.075601703686661494e+04 9.935697319898735280e-01
6.075601729692732624e+04 9.982538995690344308e-01
6.075601755698802299e+04 9.691089897332870740e-01
6.075601781704872701e+04 1.022089238378350418e+00
6.075601807710943831e+04 1.092536769612927561e+00
6.075601833717014233e+04 1.023174172559040196e+00
6.075601859723084635e+04 9.799194692777598581e-01
6.075601885729155038e+04 9.981213288014227913e-01
6.075601911735225440e+04 1.002009018789208117e+00
6.075601937741295842e+04 9.925442153992131145e-01
6.075601963747365517e+04 9.784183275077255049e-01
6.075601989753436646e+04 9.427362525095269730e-01
6.075602015759507049e+04 9.710920610606323944e-01
6.075602041765577451e+04 1.031169398413205762e+00
6.075602067771648581e+04 1.006002093464986036e+00
6.075602093777718255e+04 1.020369894072469918e+00
6.075602119783788658e+04 9.807443188985198734e-01
6.075602145789859787e+04 1.026342558025914009e+00
6.075602171795930190e+04 1.040561314614522281e+00
6.075602197802000592e+04 1.011285587268362374e+00
6.075602223808070994e+04 1.017173344287693570e+00
6.075602249814141396e+04 1.063079140645538434e+00
6.075602275820211798e+04 9.757921267305048607e-01
6.075602301826282201e+04 9.754710710698475395e-01
6.075602327832352603e+04 1.064910520040647013e+00
6.075602353838423005e+04 9.878650146871831295e-01
6.075602379844494135e+04 1.018341131871664196e+00
6.075602405850564537e+04 9.532807050517579928e-01
6.075602431856634212e+04 1.000166154598233215e+00
6.075602457862704614e+04 1.036845321263612174e+00
6.075602483868775744e+04 9.805008022809040824e-01
6.075602509874846146e+04 1.011837190905316541e+00
6.075602535880916548e+04 1.028151338214184696e+00
6.075602561886986950e+04 1.008559633648564047e+00
6.075602587893057353e+04 9.805335638065317827e-01
6.075602613899127755e+04 1.023005648955586544e+00
6.075602639905198885e+04 9.982645974420101265e-01
6.075602665911269287e+04 1.019480762107990657e+00
6.075602691917338962e+04 1.020691274995922493e+00
6.075602717923410091e+04 1.012212384526504971e+00
6.075602743929480494e+04 9.957398236175426520e-01
6.075602769935550168e+04 9.721799385643985492e-01
6.075602795941621298e+04 1.022831945747490812e+00
6.075602821947691700e+04 1.031936219143682942e+00
6.075602847953762102e+04 1.008006095483299447e+00
6.075602873959833232e+04 1.028557087130724135e+00
6.075602899965902907e+04 9.959185025657942836e-01
6.075602925971973309e+04 9.820381465567880053e-01
6.075603093119423283e+04 1.007845803883375080e+00
6.075603119125482772e+04 1.023801908256228854e+00
6.075603145131542988e+04 9.945931591444736597e-01
6.075603171137602476e+04 1.004075304582743078e+00
6.075603197143662692e+04 9.906896105685620846e-01
6.075603223149722908e+04 1.029378947373143394e+00
6.075603249155782396e+04 1.064236899510012657e+00
6.075603275161842612e+04 1.031488233198136539e+00
6.075603301167902100e+04 9.944190991650029288e-01
6.075603327173962316e+04 9.883028267996845084e-01
6.075603353180022532e+04 9.764064027886885100e-01
6.075603379186082020e+04 1.015130872486067481e+00
6.075603405192141508e+04 9.909517122412895285e-01
6.075603431198201724e+04 1.008108272598051247e+00
6.075603457204261213e+04 1.024060721972271937e+00
6.075603483210320701e+04 1.013534593992405863e+00
6.075603509216381644e+04 1.052031837367592759e+00
6.075603535222441133e+04 1.026567613875806417e+00
6.075603561228501349e+04 9.877492233229875351e-01
6.075603587234560837e+04 1.027695353692912317e+00
6.075603613240621053e+04 1.012089310715908130e+00
6.075603639246681269e+04 1.003673322620862729e+00
6.075603665252740757e+04 9.815087493082911285e-01
6.075603691258800245e+04 1.029451930193767684e+00
6.075603717264860461e+04 1.015421724149574434e+00
6.075603743270919949e+04 1.031317855661899818e+00
6.075603769276979438e+04 1.016097743125608410e+00
6.075603795283040381e+04 1.026588129046091868e+00
6.075603821289099869e+04 9.550456334699556349e-01
6.075603847295160085e+04 1.007556032657201950e+00
6.075603873301219573e+04 1.045077006242275175e+00
6.075603899307279789e+04 1.022060855885133845e+00
6.075603925313340005e+04 1.036525456741462348e+00
6.075603951319399494e+04 9.801272815409063366e-01
6.075603977325458982e+04 1.025825040879771555e+00
6.075604003331519198e+04 1.031777376732119000e+00
6.075604029337578686e+04 1.038641119911384303e+00
6.075604055343638902e+04 1.005657682220534310e+00
6.075604081349698390e+04 1.021240137485218691e+00
6.075604107355758606e+04 1.104916722899116133e+00
6.075604133361818822e+04 1.028895379150349010e+00
6.075604159367878310e+04 1.018643675369246493e+00
6.075604185373938526e+04 1.020236478632654764e+00
6.075604211379998742e+04 1.011440816802846809e+00
6.075604237386058230e+04 1.035494092584053005e+00
6.075604263392118446e+04 1.020085676851819612e+00
6.075604289398177934e+04 1.005837781608044823e+00
6.075604315404237423e+04 1.029122502166298414e+00
6.075604341410297639e+04 1.024813145368413503e+00
6.075604367416357127e+04 9.967678298041444673e-01
6.075604393422418070e+04 9.941801522925149959e-01
6.075604419428477559e+04 9.926963628308353993e-01
6.075604445434537047e+04 1.012896290076046091e+00
6.075604471440597990e+04 1.003474501792876561e+00
6.075604497446657479e+04 1.005852180075206270e+00
6.075604523452717694e+04 1.005495111627673577e+00
6.075604549458777183e+04 1.032350752045504638e+00
6.075604575464836671e+04 1.030073389675085105e+00
6.075604601470896887e+04 1.019926767975964488e+00
6.075604627476956375e+04 1.020296412367189820e+00
6.075604653483016591e+04 9.670723768134116272e-01
6.075604679489076807e+04 1.023782974235199594e+00
6.075604705495136295e+04 1.009201590673186821e+00
6.075604731501196511e+04 1.005463239856429825e+00
6.075604757507256727e+04 1.026787084645880199e+00
6.075604783513316943e+04 9.936404685493505085e-01
6.075604809519376431e+04 1.045734618982666397e+00
6.075604835525435919e+04 1.004752223578593284e+00
6.075604861531496135e+04 1.034376030819700976e+00
6.075604887537555624e+04 9.723223869935174735e-01
6.075604913543615839e+04 1.025310257227407984e+00
6.075604939549675328e+04 1.026012946615250332e+00
6.075604965555735544e+04 1.038781788506797144e+00
6.075604991561795759e+04 9.554278663368029889e-01
6.075605017567855248e+04 1.017499924344369200e+00
6.075605043573915464e+04 1.025739998546840948e+00
6.075605069579975680e+04 9.803068065242090956e-01
6.075605095586035168e+04 1.061137910257770933e+00
6.075605121592095384e+04 9.997174614043176089e-01
6.075605147598154872e+04 1.005165434585536310e+00
6.075605173604215088e+04 1.041239659956630703e+00
6.075605199610274576e+04 1.014261387816552062e+00
6.075605225616334792e+04 1.031810112494654819e+00
6.075605251622395008e+04 9.989689183152956620e-01
6.075605277628454496e+04 1.017774361080852730e+00
6.075605303634514712e+04 9.919738560134525596e-01
6.075605329640574200e+04 1.018970768566305418e+00
6.075605355646635144e+04 1.004188335369461615e+00
6.075605381652694632e+04 9.781820827141359809e-01
6.075605407658754848e+04 1.050888749780443776e+00
6.075605433664814336e+04 1.042797304065555153e+00
6.075605459670873825e+04 1.056319761368542220e+00
6.075605485676934040e+04 1.000177765902120708e+00
6.075605511682993529e+04 1.030336708623876385e+00
6.075605537689054472e+04 1.033677719114402649e+00
6.075605563695113960e+04 1.006946121252773940e+00
6.075605589701174176e+04 9.739029641972941631e-01
6.075605615707233665e+04 1.014772409998563329e+00
6.075605641713293880e+04 1.021980535087034125e+00
6.075605667719354096e+04 1.033095038444638236e+00
6.075605693725413585e+04 9.978379948275248879e-01
6.075605719731473800e+04 1.027086126033576186e+00
6.075605745737533289e+04 1.036841746509540085e+00
6.075605771743593505e+04 1.011886529864062245e+00
6.075605797749652993e+04 9.784081414892324968e-01
6.075605823755713209e+04 9.933008461654851962e-01
6.075605849761773425e+04 1.042668941725950704e+00
6.075605875767832913e+04 1.038664989032446861e+00
6.075605901773893129e+04 1.071571383944485367e+00
6.075605927779953345e+04 9.722072541990995909e-01
6.075606082322710427e+04 1.021848305595645767e+00
6.075606108328780829e+04 1.045007605083371871e+00
6.075606134334851231e+04 1.072701126097862501e+00
6.075606160340922361e+04 1.000106174692882988e+00
6.075606186346992035e+04 9.933869086050493014e-01
6.075606212353063165e+04 9.833147479818831194e-01
6.075606238359133567e+04 9.960491068309539342e-01
6.075606264365204697e+04 1.079426767139253451e+00
6.075606290371275099e+04 9.999628129403680399e-01
6.075606316377345502e+04 9.930690714515495454e-01
6.075606342383415904e+04 1.020600331113554526e+00
6.075606368389486306e+04 1.029449326098460737e+00
6.075606394395557436e+04 9.866899127659510826e-01
6.075606420401627838e+04 1.037308984559142333e+00
6.075606446407698240e+04 9.819999954530284070e-01
6.075606472413768643e+04 1.027084945988923526e+00
6.075606498419839772e+04 1.010440548725810572e+00
6.075606524425910175e+04 9.817485627197259923e-01
6.075606550431981304e+04 9.683173785029353109e-01
6.075606576438050979e+04 1.011665801279640675e+00
6.075606602444122109e+04 1.040387092803528590e+00
6.075606628450192511e+04 1.002355198564669703e+00
6.075606654456262913e+04 1.005805485533027399e+00
6.075606680462333316e+04 9.862091528641683258e-01
6.075606706468404445e+04 1.054757552070183069e+00
6.075606732474474848e+04 1.041785808216623144e+00
6.075606758480545250e+04 1.060464285476239388e+00
6.075606784486615652e+04 1.029312388455011718e+00
6.075606810492686054e+04 1.024101017568445071e+00
6.075606836498757184e+04 1.061748353412781842e+00
6.075606862504827586e+04 9.853443471347388405e-01
6.075606888510898716e+04 1.055519177848418977e+00
6.075606914516968391e+04 1.032256865307542348e+00
6.075606940523039520e+04 1.057096831384435776e+00
6.075606966529109923e+04 1.041768479643532253e+00
6.075606992535180325e+04 1.023268930187902104e+00
6.075607018541250727e+04 1.021615229277758052e+00
6.075607044547321857e+04 1.052933970806098074e+00
6.075607070553392259e+04 1.029209287967036479e+00
6.075607096559463389e+04 9.877989064663261765e-01
6.075607122565533064e+04 1.027079300291600550e+00
6.075607148571604193e+04 1.026860351075138844e+00
6.075607174577674596e+04 1.050060348324705073e+00
6.075607200583745725e+04 1.001844270122439262e+00
6.075607226589816128e+04 1.061647910396207761e+00
6.075607252595886530e+04 1.051045982577004878e+00
6.075607278601956932e+04 1.013180327471584707e+00
6.075607304608028062e+04 1.050857383498713382e+00
6.075607330614097737e+04 1.000247400771713702e+00
6.075607356620169594e+04 1.012592858933166307e+00
6.075607382626239269e+04 9.965680424087014488e-01
6.075607408632310398e+04 1.038183908533987454e+00
6.075607434638380801e+04 1.000706468592055032e+00
6.075607460644451203e+04 9.682166596940767755e-01
6.075607486650521605e+04 1.041765959765209359e+00
6.075607512656592735e+04 1.022867920087261018e+00
6.075607538662663137e+04 1.014376055085331796e+00
6.075607564668734267e+04 1.018051746193104234e+00
6.075607590674803942e+04 9.761192801019838994e-01
6.075607616680875071e+04 1.010078218728804211e+00
6.075607642686945474e+04 1.031987630429164193e+00
6.075607668693016603e+04 1.017639235438148049e+00
6.075607694699087006e+04 9.380725350255908479e-01
6.075607720705157408e+04 1.019716845524744953e+00
6.075607746711227810e+04 1.012606757619377351e+00
6.075607772717298940e+04 1.061327523315124699e+00
6.075607798723368614e+04 1.029189594199060975e+00
6.075607824729439744e+04 1.012037365079512252e+00
6.075607850735510146e+04 1.040358717010568368e+00
6.075607876741581276e+04 1.059898638573820051e+00
6.075607902747651679e+04 9.832804380967008484e-01
6.075607928753722081e+04 9.538518774235210662e-01
6.075607954759792483e+04 1.000126518135776132e+00
6.075607980765863613e+04 9.669582233460234377e-01
6.075608006771934015e+04 1.019829903012027028e+00
6.075608032778005145e+04 1.024077976592896899e+00
6.075608058784074819e+04 1.040357609855566023e+00
6.075608084790145949e+04 1.024845681920280249e+00
6.075608110796216351e+04 1.010153838110009916e+00
6.075608136802286754e+04 1.010897185703187429e+00
6.075608162808357156e+04 9.778088491064769183e-01
6.075608188814428286e+04 1.054146058403355068e+00
6.075608214820498688e+04 9.808593222704474757e-01
6.075608240826569818e+04 1.070458221792047526e+00
6.075608266832639492e+04 9.737620520084580011e-01
6.075608292838710622e+04 1.009589876945433895e+00
6.075608318844781024e+04 1.030476214276952129e+00
6.075608344850852154e+04 9.768546243712729060e-01
6.075608370856922556e+04 1.049359746038691865e+00
6.075608396862992959e+04 9.900674489474324824e-01
6.075608422869064088e+04 1.043699685474832606e+00
6.075608448875134491e+04 1.000805038076798548e+00
6.075608474881204893e+04 1.024350846582524177e+00
6.075608500887276023e+04 1.004883533795566386e+00
6.075608526893346425e+04 1.031869842276621707e+00
6.075608552899416827e+04 9.589178675453297052e-01
6.075608578905487957e+04 1.010439525184904985e+00
6.075608604911557632e+04 9.975992258180784722e-01
6.075608630917628761e+04 1.035422402232727634e+00
6.075608656923699164e+04 1.042317742090949073e+00
6.075608682929770293e+04 1.031399111173057825e+00
6.075608708935840696e+04 9.781411510638385876e-01
6.075608734941911098e+04 1.010482635277696328e+00
6.075608760947981500e+04 1.023937248371212583e+00
6.075608786954052630e+04 9.834265417788242702e-01
6.075608812960123760e+04 1.020285285956450627e+00
6.075608838966194162e+04 9.963333198960170334e-01
6.075608864972264564e+04 1.073961251787903581e+00
6.075608890978334966e+04 9.935616452717741520e-01
6.075608916984406096e+04 1.041688538571443390e+00
6.075609076569380704e+04 9.768283214354374078e-01
6.075609102575441648e+04 1.040427757963654942e+00
6.075609128581501136e+04 1.008877271475479009e+00
6.075609154587561352e+04 9.808293085587210802e-01
6.075609180593621568e+04 1.029742913955865813e+00
6.075609206599681784e+04 1.037192002929339329e+00
6.075609232605741272e+04 1.008962563988136552e+00
6.075609258611801488e+04 1.005706611607402046e+00
6.075609284617860976e+04 1.013644681367600775e+00
6.075609310623921192e+04 1.041860786349048329e+00
6.075609336629981408e+04 1.031626555599846284e+00
6.075609362636040896e+04 1.025198876724646491e+00
6.075609388642101840e+04 1.011172700822231318e+00
6.075609414648161328e+04 9.930044749744770805e-01
6.075609440654221544e+04 1.061867985287279215e+00
6.075609466660281760e+04 9.804014401959125768e-01
6.075609492666341976e+04 1.013232825305540263e+00
6.075609518672402191e+04 1.003663499895396383e+00
6.075609544678461680e+04 9.871992365890879251e-01
6.075609570684521896e+04 1.004291473773470500e+00
6.075609596690581384e+04 1.054345476205390320e+00
6.075609622696641600e+04 1.042651963712426966e+00
6.075609648702701088e+04 1.056152001438864563e+00
6.075609674708762032e+04 1.006474526991778085e+00
6.075609700714822247e+04 9.960139626877621000e-01
6.075609726720881736e+04 1.013072718698694308e+00
6.075609752726942679e+04 1.027148892327923724e+00
6.075609778733002167e+04 1.039253199617832690e+00
6.075609804739062383e+04 1.032184225264297872e+00
6.075609830745121872e+04 9.601639615370607395e-01
6.075609856751182087e+04 1.019099806967758592e+00
6.075609882757242303e+04 1.030931346215709699e+00
6.075609908763301792e+04 1.048763112428971356e+00
6.075609934769362008e+04 1.046082320752077077e+00
6.075609960775422223e+04 9.899050457528608682e-01
6.075609986781482439e+04 1.032980903998745426e+00
6.075610012787541928e+04 1.028188881752160055e+00
6.075610038793602143e+04 1.033788947395745561e+00
6.075610064799663087e+04 1.023075082791922163e+00
6.075610090805722575e+04 9.912418885451058648e-01
6.075610116811782791e+04 9.656652084054426766e-01
6.075610142817842279e+04 9.901462951538699819e-01
6.075610168823902495e+04 1.000113735425248729e+00
6.075610194829962711e+04 9.869091601330457486e-01
6.075610220836022199e+04 1.009069372507868767e+00
6.075610246842083143e+04 1.002888672277722382e+00
6.075610272848142631e+04 9.951062482127273068e-01
6.075610298854202847e+04 1.039941979046858700e+00
6.075610324860263063e+04 1.021467227234401198e+00
6.075610350866323279e+04 1.013219080935561456e+00
6.075610376872383495e+04 1.040095829997201848e+00
6.075610402878442983e+04 1.005548396434197800e+00
6.075610428884503199e+04 1.038177268299196099e+00
6.075610454890563415e+04 9.840431186326972224e-01
6.075610480896622903e+04 9.943346157304143729e-01
6.075610506902683119e+04 1.025706894757000054e+00
6.075610532908743335e+04 9.881761234702602925e-01
6.075610558914803551e+04 9.913842444489758821e-01
6.075610584920863766e+04 1.073180607699237177e+00
6.075610610926923255e+04 1.055575793181090516e+00
6.075610636932984198e+04 1.045412572009372987e+00
6.075610662939043686e+04 1.009315276903995473e+00
6.075610688945103902e+04 1.074204855991971908e+00
6.075610714951164118e+04 9.608512493775483998e-01
6.075610740957223607e+04 1.031432395942559532e+00
6.075610766963283822e+04 1.020556358835075672e+00
6.075610792969343311e+04 9.905409048124145244e-01
6.075610818975403527e+04 1.024538857616137610e+00
6.075610844981464470e+04 1.007440720965724346e+00
6.075610870987523958e+04 9.928067575791491572e-01
6.075610896993584174e+04 9.886172207917515165e-01
6.075610922999644390e+04 9.776847731524977991e-01
6.075610949005704606e+04 1.007222331139893567e+00
6.075610975011764822e+04 1.028807128882091027e+00
6.075611001017824310e+04 1.006552777451987124e+00
6.075611027023884526e+04 9.634130538997829341e-01
6.075611053029944742e+04 1.016597886014448893e+00
6.075611079036004230e+04 1.040504030464791452e+00
6.075611105042064446e+04 9.907239546905500793e-01
6.075611131048124662e+04 1.062625209205236176e+00
6.075611157054184878e+04 1.051634130180988169e+00
6.075611183060245094e+04 1.029588686045430634e+00
6.075611209066305310e+04 1.020597304545681983e+00
6.075611235072365525e+04 1.002801144581849213e+00
6.075611261078425741e+04 1.025965165965791570e+00
6.075611287084485230e+04 1.005934593544381084e+00
6.075611313090545445e+04 1.039303872614531166e+00
6.075611339096604934e+04 1.062930427292399171e+00
6.075611365102665150e+04 9.775871631837803610e-01
6.075611391108725365e+04 1.018215283490701673e+00
6.075611417114785581e+04 1.013644668342239319e+00
6.075611443120845797e+04 1.012798867492219257e+00
6.075611469126906013e+04 1.021491899572467554e+00
6.075611495132966229e+04 1.028836650812705589e+00
6.075611521139026445e+04 1.031084776671554959e+00
6.075611547145085933e+04 1.031455039513415883e+00
6.075611573151146149e+04 9.919126503669187800e-01
6.075611599157206365e+04 1.024641383967026975e+00
6.075611625163265853e+04 1.024514803460056855e+00
6.075611651169326069e+04 1.003682342457237642e+00
6.075611677175386285e+04 1.018434060857474677e+00
6.075611703181446501e+04 1.015357158089553957e+00
6.075611729187506717e+04 1.022271498265639345e+00
6.075611755193566933e+04 1.017573450583177275e+00
6.075611781199626421e+04 1.038847302986847243e+00
6.075611807205687364e+04 1.020308885205374549e+00
6.075611833211747580e+04 1.042683605028144944e+00
6.075611859217807068e+04 1.060143061927522945e+00
6.075611885223867284e+04 9.964619086870462050e-01
6.075611911229926773e+04 9.857219297417264547e-01
6.075612077117233275e+04 9.917233679182392292e-01
6.075612103123303677e+04 1.014774052734645604e+00
6.075612129129374080e+04 1.036019718078947216e+00
6.075612155135445209e+04 1.021309007878312247e+00
6.075612181141516339e+04 1.014907745683732987e+00
6.075612207147586741e+04 9.501224060670655502e-01
6.075612233153657144e+04 9.959811121836539272e-01
6.075612259159728274e+04 9.912005634980582958e-01
6.075612285165798676e+04 1.020049093434003407e+00
6.075612311171869806e+04 1.034129194127492601e+00
6.075612337177940935e+04 9.545627410960535464e-01
6.075612363184010610e+04 1.033939911815587198e+00
6.075612389190081740e+04 1.021488435416984863e+00
6.075612415196152870e+04 1.021394212755396769e+00
6.075612441202222544e+04 1.034078917309829926e+00
6.075612467208293674e+04 1.028353182062163640e+00
6.075612493214364804e+04 1.024684050044265993e+00
6.075612519220435206e+04 9.727218474846083263e-01
6.075612545226506336e+04 9.980695529170653391e-01
6.075612571232576738e+04 1.019901841139572163e+00
6.075612597238647140e+04 9.941908935629458766e-01
6.075612623244718270e+04 1.079831128868778078e+00
6.075612649250789400e+04 1.038535738153867349e+00
6.075612675256859802e+04 1.014567619777761998e+00
6.075612701262930204e+04 1.016475032031924242e+00
6.075612727269001334e+04 1.022498951778217702e+00
6.075612753275071736e+04 1.007703746949365708e+00
6.075612779281142139e+04 1.051613760270419418e+00
6.075612805287213268e+04 1.012934935083102506e+00
6.075612831293283671e+04 1.017577894156932672e+00
6.075612857299354800e+04 1.000616305395873207e+00
6.075612883305425930e+04 1.034392964642561141e+00
6.075612909311495605e+04 9.879492621140631980e-01
6.075612935317566735e+04 9.676404617925428164e-01
6.075612961323637865e+04 1.029786922396671800e+00
6.075612987329708267e+04 1.017970228264636567e+00
6.075613013335779397e+04 1.000222238928533791e+00
6.075613039341849799e+04 1.058868086634419337e+00
6.075613065347920201e+04 1.054289023572515305e+00
6.075613091353991331e+04 1.027939607658845844e+00
6.075613117360061733e+04 9.984465660290379185e-01
6.075613143366133590e+04 9.657661552405633065e-01
6.075613169372203265e+04 9.872410910448530252e-01
6.075613195378274395e+04 1.001645573768148667e+00
6.075613221384345525e+04 9.866762453326513027e-01
6.075613247390415199e+04 9.981939990846616650e-01
6.075613273396486329e+04 1.017806269974768529e+00
6.075613299402557459e+04 1.023298593886630137e+00
6.075613325408627861e+04 1.020417532541671779e+00
6.075613351414698991e+04 1.035983770187008934e+00
6.075613377420769393e+04 1.032621835424704981e+00
6.075613403426840523e+04 1.004504717013626980e+00
6.075613429432910925e+04 1.010232289740756739e+00
6.075613455438982055e+04 9.813700121121099462e-01
6.075613481445053185e+04 1.019749387343298563e+00
6.075613507451122859e+04 1.052630415329466329e+00
6.075613533457193989e+04 1.023437878718581828e+00
6.075613559463265119e+04 9.829011094401723936e-01
6.075613585469334794e+04 9.745603265995372855e-01
6.075613611475405924e+04 1.005723738753446561e+00
6.075613637481477053e+04 1.004827411318891306e+00
6.075613663487548183e+04 1.009380818659775025e+00
6.075613689493618585e+04 1.025191619329199444e+00
6.075613715499688988e+04 1.034918636862551589e+00
6.075613741505760117e+04 1.012014062605598896e+00
6.075613767511830520e+04 1.014453202967934509e+00
6.075613793517901649e+04 1.002167931542988999e+00
6.075613819523972779e+04 9.951763760164193950e-01
6.075613845530043181e+04 1.046238622757636794e+00
6.075613871536113584e+04 9.712090093160090642e-01
6.075613897542184714e+04 1.036317380768987828e+00
6.075613923548255116e+04 9.842434794194783176e-01
6.075613949554325518e+04 1.009860851668868742e+00
6.075613975560396648e+04 1.013460250246614125e+00
6.075614001566467778e+04 1.018515056054391854e+00
6.075614027572538907e+04 1.014825947385024518e+00
6.075614053578608582e+04 1.026413291990427634e+00
6.075614079584679712e+04 1.047838344644909769e+00
6.075614105590750842e+04 1.007415785659236729e+00
6.075614131596821244e+04 1.033805792696941506e+00
6.075614157602892374e+04 9.418534437470869047e-01
6.075614183608962776e+04 1.023411717488982076e+00
6.075614209615033906e+04 1.020131749170325675e+00
6.075614235621104308e+04 9.845582976544050569e-01
6.075614261627174710e+04 9.852636503217544472e-01
6.075614287633246568e+04 9.616652911035564744e-01
6.075614313639316970e+04 9.328293152878216477e-01
6.075614339645387372e+04 1.014740742287787878e+00
6.075614365651458502e+04 1.014367486696118315e+00
6.075614391657528904e+04 9.890706806939150164e-01
6.075614417663600034e+04 9.844894100016721161e-01
6.075614443669670436e+04 9.920250219102196843e-01
6.075614469675741566e+04 1.034011225985435489e+00
6.075614495681812696e+04 9.833897664203480327e-01
6.075614521687882370e+04 9.855069500728196319e-01
6.075614547693953500e+04 1.017535083146228425e+00
6.075614573700024630e+04 1.016109906049510903e+00
6.075614599706095760e+04 1.002039555516561098e+00
6.075614625712166162e+04 9.895115152678078951e-01
6.075614651718236564e+04 1.011737200228059796e+00
6.075614677724307694e+04 1.027334944209488121e+00
6.075614703730378824e+04 9.816214969669097012e-01
6.075614729736448498e+04 9.742113529613456446e-01
6.075614755742519628e+04 1.027026357487044184e+00
6.075614781748590758e+04 1.040463986734222912e+00
6.075614807754661888e+04 1.026596503017652706e+00
6.075614833760732290e+04 9.504383083958959366e-01
6.075614859766802692e+04 9.776794507182902105e-01
6.075614885772873822e+04 1.026104114976266857e+00
6.075614911778944952e+04 9.780579313210365777e-01
