6.075585120116569306e+04 9.957914778043609472e-01
6.075585146121949219e+04 1.021037511247299578e+00
6.075585172127328406e+04 1.020427416012432698e+00
6.075585198132708319e+04 1.001782356653835526e+00
6.075585224138088233e+04 1.019921683581859639e+00
6.075585250143468147e+04 9.777590887325956492e-01
6.075585276148847333e+04 1.013213975844118098e+00
6.075585302154227247e+04 9.861846495138312241e-01
6.075585328159607161e+04 1.064568696656889468e+00
6.075585354164987803e+04 9.973192288737657840e-01
6.075585380170368444e+04 9.898216935470250943e-01
6.075585406175747630e+04 9.775357008339011777e-01
6.075585432181127544e+04 1.000147865757588628e+00
6.075585458186507458e+04 9.746473737959028272e-01
6.075585484191887372e+04 1.010817412045174724e+00
6.075585510197266558e+04 9.870452285798442249e-01
6.075585536202646472e+04 1.008294423480012636e+00
6.075585562208026386e+04 9.945426808870710955e-01
6.075585588213406299e+04 1.003282097891016189e+00
6.075585614218786213e+04 1.029870919024192366e+00
6.075585640224165400e+04 1.029609673029102002e+00
6.075585666229546041e+04 1.023511305225844437e+00
6.075585692234926682e+04 9.836561334911709809e-01
6.075585718240306596e+04 1.006918733157579737e+00
6.075585744245685783e+04 9.893358403113069466e-01
6.075585770251065696e+04 1.025993449867196317e+00
6.075585796256445610e+04 9.932784642495541272e-01
6.075585822261825524e+04 1.055003439175062230e+00
6.075585848267205438e+04 9.872941737674880702e-01
6.075585874272584624e+04 9.928427821534921982e-01
6.075585900277964538e+04 9.918540101481826410e-01
6.075585926283344452e+04 9.849847507589711837e-01
6.075585952288725093e+04 9.642443536567298912e-01
6.075585978294105735e+04 9.380418546970110683e-01
6.075586004299484921e+04 9.623517489123065705e-01
6.075586030304864835e+04 1.004383941674608094e+00
6.075586056310244749e+04 9.802123490476190026e-01
6.075586082315624662e+04 9.718408547613421877e-01
6.075586108321004576e+04 1.006229248399929777e+00
6.075586134326383763e+04 9.249826763555345499e-01
6.075586160331763676e+04 1.004348555472015292e+00
6.075586186337143590e+04 9.868981353663409672e-01
6.075586212342523504e+04 9.707200820747045045e-01
6.075586238347903418e+04 1.029633419622717927e+00
6.075586264353283332e+04 1.036628900300845091e+00
6.075586290358663973e+04 9.944852712075658019e-01
6.075586316364043887e+04 1.022117673468611709e+00
6.075586342369423801e+04 1.024930744223253587e+00
6.075586368374803715e+04 1.009059827685987010e+00
6.075586394380182901e+04 1.010089321137473295e+00
6.075586420385562815e+04 1.002164468110864126e+00
6.075586446390942729e+04 9.560307818530203727e-01
6.075586472396322642e+04 9.915633671621341128e-01
6.075586498401702556e+04 9.930918437328029036e-01
6.075586524407081743e+04 9.930429036878702931e-01
6.075586550412462384e+04 9.817239452119578269e-01
6.075586576417843025e+04 9.972451238371108362e-01
6.075586602423222939e+04 9.861040138795058585e-01
6.075586628428602853e+04 9.576977450541849235e-01
6.075586654433982039e+04 1.016346598405474699e+00
6.075586680439361953e+04 1.007878578320505980e+00
6.075586706444741867e+04 1.020036975691051895e+00
6.075586732450121781e+04 9.704983432743051752e-01
6.075586758455501695e+04 1.018922027661585794e+00
6.075586784460881609e+04 1.010650180870166670e+00
6.075586810466260795e+04 9.935800207723468613e-01
6.075586836471640709e+04 1.004866224258871732e+00
6.075586862477021350e+04 9.904197833910757254e-01
6.075586888482401991e+04 1.005470608444603453e+00
6.075586914487781905e+04 1.007977917990544148e+00
6.075586940493161092e+04 9.846801849487143432e-01
6.075586966498541005e+04 1.018220320364699782e+00
6.075586992503920919e+04 9.634740881914514166e-01
6.075587018509300833e+04 9.718114122493757279e-01
6.075587044514680747e+04 1.037331977558323626e+00
6.075587070520060661e+04 1.005356905237533294e+00
6.075587096525439847e+04 1.005607103748948239e+00
6.075587122530819761e+04 1.041158616244400648e+00
6.075587148536199675e+04 9.518242405635435333e-01
6.075587174541581044e+04 1.010938148567624539e+00
6.075587200546960958e+04 9.591605747427560669e-01
6.075587226552340871e+04 9.701418963482935087e-01
6.075587252557720058e+04 1.009164736953256147e+00
6.075587278563099972e+04 9.805898179076146803e-01
6.075587304568479885e+04 1.024207888285883383e+00
6.075587330573859799e+04 9.729262437984791401e-01
6.075587356579239713e+04 1.036891424544792217e+00
6.075587382584619627e+04 1.010693191143301473e+00
6.075587408589998813e+04 9.820040981517261791e-01
6.075587434595378727e+04 1.018363752115143406e+00
6.075587460600759368e+04 9.757529909393409806e-01
6.075587486606140010e+04 9.707221059618073022e-01
6.075587512611519924e+04 9.906344792999494109e-01
6.075587538616899838e+04 1.005670928431479760e+00
6.075587564622279751e+04 9.863413411677884879e-01
6.075587590627658938e+04 9.765271224547804607e-01
6.075587616633038851e+04 9.881826763271894798e-01
6.075587642638418765e+04 9.900365701788095274e-01
6.075587668643798679e+04 9.820869769846777286e-01
6.075587694649178593e+04 1.028500900529919937e+00
6.075587720654558507e+04 9.862092777352392536e-01
6.075587746659937693e+04 9.735848668997766353e-01
6.075587772665318334e+04 1.013997359197106318e+00
6.075587798670698976e+04 9.699262504535258733e-01
6.075587824676078890e+04 9.984791720132630832e-01
6.075587850681458804e+04 1.003123109957788861e+00
6.075587876686838717e+04 9.762359144584172865e-01
6.075587902692218631e+04 9.790986667472605376e-01
6.075587928697597818e+04 1.005406350815591265e+00
6.075587954702977731e+04 9.367519498257272925e-01
6.075588115586427011e+04 1.019963671433543828e+00
6.075588141592496686e+04 1.029841016667846665e+00
6.075588167598567088e+04 9.869127772665541309e-01
6.075588193604636763e+04 9.658013926427839735e-01
6.075588219610707165e+04 1.038803886198419679e+00
6.075588245616777567e+04 9.736433847095199434e-01
6.075588271622847242e+04 1.020680194555510401e+00
6.075588297628917644e+04 9.905835019644253503e-01
6.075588323634988046e+04 1.011460960083169658e+00
6.075588349641056993e+04 1.010928668608632952e+00
6.075588375647127395e+04 1.002104149358382656e+00
6.075588401653197798e+04 9.982366784656088177e-01
6.075588427659268200e+04 1.031031645833887511e+00
6.075588453665338602e+04 9.961354113081783979e-01
6.075588479671408277e+04 9.816297050318280037e-01
6.075588505677478679e+04 9.506237405376428695e-01
6.075588531683548354e+04 9.700707224459309552e-01
6.075588557689618756e+04 9.615251025725599643e-01
6.075588583695689158e+04 1.009541891709942796e+00
6.075588609701758833e+04 9.905546186681558618e-01
6.075588635707829235e+04 9.708779585166782411e-01
6.075588661713899637e+04 1.041184660037556053e+00
6.075588687719969312e+04 1.008749861883853294e+00
6.075588713726038986e+04 9.752265035367146950e-01
6.075588739732109389e+04 9.435459551410819712e-01
6.075588765738179791e+04 1.006879194786346687e+00
6.075588791744250193e+04 9.766764407424964878e-01
6.075588817750319868e+04 1.018630282163381917e+00
6.075588843756390270e+04 1.029744223581657403e+00
6.075588869762460672e+04 9.990184466889828752e-01
6.075588895768530347e+04 9.706172586812554792e-01
6.075588921774600749e+04 1.003170325242143779e+00
6.075588947780670424e+04 9.908270211259123661e-01
6.075588973786740826e+04 9.931935822630045818e-01
6.075588999792811228e+04 1.004532974378382182e+00
6.075589025798880903e+04 9.580264880867681576e-01
6.075589051804952032e+04 1.004413163977394108e+00
6.075589077811021707e+04 1.040585591577170899e+00
6.075589103817091382e+04 1.008261115986757606e+00
6.075589129823161784e+04 1.049699628076519398e+00
6.075589155829231458e+04 9.828262967799598071e-01
6.075589181835301861e+04 9.932787358359264074e-01
6.075589207841372263e+04 9.675744247261145459e-01
6.075589233847442665e+04 9.754011416142411850e-01
6.075589259853513067e+04 1.022174317719015901e+00
6.075589285859582742e+04 9.948228776006736718e-01
6.075589311865652417e+04 9.651963291305356574e-01
6.075589337871722819e+04 1.007875472848553500e+00
6.075589363877793221e+04 9.505230191488086566e-01
6.075589389883863623e+04 9.851279974052373767e-01
6.075589415889933298e+04 9.929008502641335498e-01
6.075589441896003700e+04 1.013713947469411458e+00
6.075589467902074102e+04 1.007891078780922101e+00
6.075589493908143777e+04 9.978336816120161323e-01
6.075589519914213452e+04 1.027090311377619525e+00
6.075589545920283854e+04 1.010879155784089489e+00
6.075589571926354256e+04 1.048729826885678840e+00
6.075589597932424658e+04 9.565279953543252001e-01
6.075589623938494333e+04 1.010777072627643047e+00
6.075589649944564735e+04 9.368545662704175214e-01
6.075589675950635137e+04 9.986703756460938441e-01
6.075589701956705539e+04 1.008299235811529915e+00
6.075589727962775942e+04 9.878015934974406775e-01
6.075589753968844889e+04 1.000127064160037049e+00
6.075589779974915291e+04 1.003970585758754419e+00
6.075589805980985693e+04 1.025043556573890902e+00
6.075589831987055368e+04 9.944672146828931192e-01
6.075589857993125770e+04 1.028783528526914681e+00
6.075589883999196172e+04 1.010077375259012422e+00
6.075589910005266574e+04 1.006111696179480486e+00
6.075589936011336977e+04 1.014190750577034894e+00
6.075589962017406651e+04 9.788851169903785010e-01
6.075589988023477054e+04 1.011785728094686476e+00
6.075590014029546728e+04 1.014725841275696983e+00
6.075590040035617130e+04 1.035921172518107003e+00
6.075590066041687533e+04 9.793800334813261843e-01
6.075590092047757207e+04 9.517662479845184764e-01
6.075590118053827609e+04 9.715632607826619749e-01
6.075590144059898012e+04 9.651785657941732710e-01
6.075590170065967686e+04 9.851649144110413703e-01
6.075590196072038816e+04 9.762291406759859846e-01
6.075590222078108491e+04 1.003400771801058022e+00
6.075590248084178893e+04 9.879059881922090947e-01
6.075590274090249295e+04 9.818448502921608423e-01
6.075590300096318242e+04 1.007866477368823288e+00
6.075590326102388644e+04 1.002098540687069050e+00
6.075590352108459047e+04 9.869478003068368199e-01
6.075590378114529449e+04 1.001785594869379237e+00
6.075590404120599851e+04 9.848859271089712708e-01
6.075590430126669526e+04 1.001467513627982697e+00
6.075590456132739928e+04 1.041206641059574167e+00
6.075590482138810330e+04 9.809371592290709874e-01
6.075590508144880732e+04 1.037539743370235135e+00
6.075590534150951135e+04 9.964158782280210236e-01
6.075590560157020809e+04 9.915111826273322881e-01
6.075590586163091211e+04 9.377942938736352207e-01
6.075590612169160886e+04 9.812736759264979458e-01
6.075590638175230561e+04 9.835487413204505591e-01
6.075590664181300963e+04 1.002637663098451926e+00
6.075590690187371365e+04 1.039120217728442430e+00
6.075590716193441767e+04 1.010059248885667227e+00
6.075590742199512169e+04 1.005264588998280528e+00
6.075590768205581844e+04 1.038502443275540088e+00
6.075590794211652246e+04 1.009104059842510948e+00
6.075590820217722649e+04 1.029119319889381767e+00
6.075590846223793051e+04 9.985221439789125908e-01
6.075590872229863453e+04 9.887665143053623318e-01
6.075590898235933128e+04 1.008446708165835926e+00
6.075590924242003530e+04 1.008272951889203961e+00
6.075590950248073932e+04 9.883336692596375039e-01
6.075591106051386305e+04 1.001745948014135967e+00
6.075591132057445793e+04 9.756876938668980204e-01
6.075591158063505281e+04 1.026141920339898927e+00
6.075591184069564770e+04 9.818144084748680056e-01
6.075591210075624258e+04 9.791723806402770069e-01
6.075591236081683746e+04 1.074114378112520640e+00
6.075591262087743235e+04 9.767496371367362373e-01
6.075591288093802723e+04 9.977086135269888079e-01
6.075591314099862211e+04 9.607568803111837807e-01
6.075591340105922427e+04 1.035825609912818690e+00
6.075591366111981915e+04 9.635015953046437431e-01
6.075591392118041404e+04 9.783594710842492548e-01
6.075591418124100892e+04 1.009323532063743478e+00
6.075591444130160380e+04 9.749236614193387274e-01
6.075591470136219868e+04 9.937934165981293644e-01
6.075591496142279357e+04 1.015606112807757810e+00
6.075591522148338845e+04 9.828154987963114708e-01
6.075591548154399061e+04 9.989437696753711293e-01
6.075591574160458549e+04 9.666043770054685291e-01
6.075591600166518037e+04 1.003856541550279591e+00
6.075591626172577526e+04 9.992089085877191579e-01
6.075591652178637742e+04 9.726670015050157270e-01
6.075591678184697230e+04 1.005747004635248354e+00
6.075591704190756718e+04 9.800209700451691930e-01
6.075591730196816206e+04 9.970390279431261549e-01
6.075591756202875695e+04 9.910415514171971862e-01
6.075591782208935183e+04 1.006025809424165196e+00
6.075591808214994671e+04 9.602039606907907254e-01
6.075591834221054160e+04 9.976005030432103515e-01
6.075591860227113648e+04 1.003590652725186549e+00
6.075591886233173136e+04 9.889407206212846857e-01
6.075591912239232624e+04 9.902523975825499036e-01
6.075591938245292840e+04 9.991660940758925191e-01
6.075591964251352329e+04 9.932270168019015077e-01
6.075591990257411817e+04 1.029130172170936719e+00
6.075592016263471305e+04 9.559755311045380344e-01
6.075592042269530793e+04 9.897922900237863253e-01
6.075592068275590282e+04 1.002048969729473660e+00
6.075592094281649770e+04 9.414346407359402980e-01
6.075592120287709986e+04 1.015753161743699895e+00
6.075592146293769474e+04 1.018321760164711653e+00
6.075592172299828962e+04 1.026835385117059074e+00
6.075592198305888451e+04 1.024569264086131248e+00
6.075592224311948667e+04 9.700318019214639875e-01
6.075592250318008155e+04 1.030136166240046114e+00
6.075592276324067643e+04 9.926298581302676061e-01
6.075592302330127131e+04 1.007954880929777364e+00
6.075592328336186620e+04 9.742073715537643563e-01
6.075592354342246108e+04 1.011461370330432707e+00
6.075592380348305596e+04 9.930252507586754263e-01
6.075592406354365812e+04 9.674508222677256075e-01
6.075592432360425300e+04 1.031951499154922569e+00
6.075592458366484789e+04 1.014005644877997714e+00
6.075592484372544277e+04 1.027478660414684830e+00
6.075592510378604493e+04 1.002349190884547214e+00
6.075592536384663981e+04 9.742304565269964689e-01
6.075592562390723469e+04 1.008751400524192876e+00
6.075592588396782958e+04 1.022233651463198445e+00
6.075592614402842446e+04 9.455075729543712670e-01
6.075592640408901934e+04 1.009178057788057803e+00
6.075592666414961423e+04 9.915512226241006699e-01
6.075592692421020911e+04 9.749288332762779952e-01
6.075592718427081127e+04 9.943333175957708159e-01
6.075592744433140615e+04 9.794099873853805427e-01
6.075592770439200103e+04 1.032825057656462153e+00
6.075592796445260319e+04 9.508084952539168633e-01
6.075592822451319807e+04 9.981927584788328200e-01
6.075592848457379296e+04 9.966525830268966324e-01
6.075592874463438784e+04 1.032828258358282847e+00
6.075592900469498272e+04 9.947083134176933905e-01
6.075592926475557761e+04 1.008274788594306415e+00
6.075592952481617249e+04 9.838162947668699365e-01
6.075592978487676737e+04 9.769154447994622403e-01
6.075593004493736953e+04 9.931883386554211102e-01
6.075593030499796441e+04 9.912600194090259720e-01
6.075593056505855930e+04 1.021286324565687798e+00
6.075593082511916145e+04 1.007598964015176568e+00
6.075593108517975634e+04 9.967184089298241068e-01
6.075593134524035122e+04 1.003989497178585877e+00
6.075593160530094610e+04 9.719951617304063429e-01
6.075593186536154099e+04 9.532907533970078617e-01
6.075593212542213587e+04 9.794979748105560047e-01
6.075593238548273075e+04 9.871768524857863492e-01
6.075593264554332563e+04 1.009735098487355875e+00
6.075593290560392779e+04 9.147463396083720388e-01
6.075593316566452268e+04 1.011240155562289411e+00
6.075593342572511756e+04 1.009211047952560003e+00
6.075593368578571244e+04 9.853344574256051036e-01
6.075593394584631460e+04 1.023255942499138982e+00
6.075593420590690948e+04 9.582104732928919955e-01
6.075593446596750437e+04 9.742134650088394299e-01
6.075593472602809925e+04 9.783368344167722164e-01
6.075593498608869413e+04 1.002537247569015300e+00
6.075593524614928901e+04 9.848136364541393295e-01
6.075593550620988390e+04 9.930150628655407541e-01
6.075593576627048606e+04 1.012315254909789353e+00
6.075593602633108094e+04 1.055039723956508801e+00
6.075593628639167582e+04 9.943448286311751261e-01
6.075593654645227070e+04 9.918302995131799138e-01
6.075593680651287286e+04 1.030655214946852638e+00
6.075593706657346775e+04 9.849396447966136670e-01
6.075593732663406263e+04 1.013957300007582552e+00
6.075593758669465751e+04 1.009753369997598904e+00
6.075593784675525239e+04 1.014408772758169430e+00
6.075593810681584728e+04 9.852175452188538518e-01
6.075593836687644216e+04 1.020489782626584851e+00
6.075593862693704432e+04 1.003949820216004651e+00
6.075593888699763920e+04 1.010430305975292375e+00
6.075593914705823408e+04 9.645846592460317614e-01
6.075593940711883624e+04 1.030620874068726600e+00
6.075594106598430517e+04 1.039500374972177843e+00
6.075594132604500919e+04 9.927837565808009801e-01
6.075594158610571321e+04 9.659113725070354040e-01
6.075594184616640996e+04 9.879499356787129205e-01
6.075594210622711398e+04 1.031887612844760715e+00
6.075594236628781800e+04 9.794298851039656695e-01
6.075594262634852203e+04 1.008448638247681162e+00
6.075594288640922605e+04 9.794059087094042493e-01
6.075594314646992279e+04 9.729310497398208080e-01
6.075594340653063409e+04 9.844157993499644821e-01
6.075594366659133811e+04 9.535099675418797771e-01
6.075594392665203486e+04 9.766627932546555479e-01
6.075594418671273888e+04 1.031350391827347446e+00
6.075594444677344291e+04 1.024098028447643971e+00
6.075594470683414693e+04 1.002315655804556505e+00
6.075594496689485095e+04 1.049951453242227162e+00
6.075594522695554770e+04 9.868461898325116000e-01
6.075594548701625172e+04 9.661295562658174241e-01
6.075594574707695574e+04 1.005943421541698024e+00
6.075594600713765976e+04 9.889715239573577676e-01
6.075594626719836378e+04 9.555423189502108006e-01
6.075594652725906053e+04 9.971134451809607890e-01
6.075594678731976455e+04 9.817877807312772598e-01
6.075594704738046858e+04 9.937006952606255439e-01
6.075594730744116532e+04 1.005210565177165893e+00
6.075594756750187662e+04 9.899927100369879662e-01
6.075594782756257337e+04 9.947809727261232027e-01
6.075594808762328466e+04 1.007404792555932183e+00
6.075594834768398869e+04 9.752795902962446695e-01
6.075594860774468543e+04 9.960722155542389711e-01
6.075594886780538945e+04 9.780388267422845949e-01
6.075594912786609348e+04 9.890425775050964985e-01
6.075594938792679750e+04 9.888936748302191715e-01
6.075594964798750152e+04 9.841864024441565606e-01
6.075594990804819827e+04 9.576099251189972295e-01
6.075595016810890229e+04 1.013314290773349446e+00
6.075595042816960631e+04 1.013802278483063146e+00
6.075595068823031033e+04 9.940743014978071779e-01
6.075595094829101436e+04 1.046140006104186115e+00
6.075595120835171110e+04 9.698703733101916580e-01
6.075595146841241512e+04 9.654782994085752135e-01
6.075595172847312642e+04 9.884179255686668109e-01
6.075595198853382317e+04 9.595525049802798856e-01
6.075595224859452719e+04 1.030423201258711563e+00
6.075595250865523121e+04 1.009042191320610682e+00
6.075595276871593524e+04 9.953092198264316126e-01
6.075595302877663926e+04 1.002325376831973536e+00
6.075595328883733600e+04 1.003179159413904564e+00
6.075595354889804003e+04 9.837169865890444953e-01
6.075595380895874405e+04 9.850011217056727775e-01
6.075595406901944807e+04 9.570442807092487403e-01
6.075595432908015209e+04 1.009795579857859282e+00
6.075595458914084884e+04 9.811330337789535561e-01
6.075595484920156014e+04 1.052637817060680936e+00
6.075595510926226416e+04 1.026588180943037498e+00
6.075595536932296091e+04 9.526625748983057473e-01
6.075595562938366493e+04 9.834950748801579712e-01
6.075595588944436895e+04 9.553678466347067522e-01
6.075595614950507297e+04 1.001744677122025307e+00
6.075595640956577699e+04 1.007206526384946121e+00
6.075595666962647374e+04 9.889013285055313629e-01
6.075595692968717776e+04 9.948305531334733498e-01
6.075595718974788178e+04 1.025929903989733827e+00
6.075595744980858581e+04 9.883412833902419647e-01
6.075595770986929710e+04 1.007198369185290820e+00
6.075595796992999385e+04 1.000134988265023450e+00
6.075595822999069787e+04 9.899727222329706144e-01
6.075595849005140190e+04 9.744787314982820137e-01
6.075595875011209864e+04 1.012638090204981856e+00
6.075595901017280994e+04 9.427969248779261013e-01
6.075595927023350669e+04 9.991999106270131881e-01
6.075595953029421071e+04 1.015817550333924402e+00
6.075595979035491473e+04 9.959136810106488102e-01
6.075596005041561148e+04 1.001659128768298546e+00
6.075596031047632277e+04 9.819255245717775082e-01
6.075596057053702680e+04 1.018372902427492566e+00
6.075596083059773082e+04 9.933636120209179410e-01
6.075596109065843484e+04 9.805465725478027528e-01
6.075596135071913159e+04 1.006113572464174322e+00
6.075596161077983561e+04 9.988147390107519064e-01
6.075596187084053963e+04 9.988084538981401028e-01
6.075596213090124365e+04 1.002103912445954093e+00
6.075596239096194768e+04 1.015908809952855263e+00
6.075596265102265170e+04 9.731217491212966753e-01
6.075596291108335572e+04 1.002944122360860613e+00
6.075596317114405974e+04 1.009981332754942951e+00
6.075596343120475649e+04 9.713663899875460972e-01
6.075596369126546051e+04 9.812186082817091481e-01
6.075596395132616453e+04 1.005074258571230450e+00
6.075596421138686856e+04 9.743837518632320061e-01
6.075596447144757258e+04 9.718653127283338744e-01
6.075596473150827660e+04 9.838082267946997028e-01
6.075596499156898062e+04 1.012148147627734751e+00
6.075596525162968464e+04 1.007529883124872683e+00
6.075596551169038867e+04 9.878498557027159954e-01
6.075596577175109269e+04 1.003997369098738712e+00
6.075596603181178943e+04 1.004713251814315367e+00
6.075596629187249346e+04 9.832845369584316542e-01
6.075596655193319748e+04 9.843830429182489627e-01
6.075596681199390150e+04 9.906024312015304645e-01
6.075596707205460552e+04 9.733486859547358927e-01
6.075596733211530955e+04 9.570625261946703599e-01
6.075596759217601357e+04 9.945028814662830730e-01
6.075596785223671759e+04 1.003677705202268289e+00
6.075596811229741434e+04 9.801289450081153154e-01
6.075596837235811836e+04 1.009550612136646430e+00
6.075596863241882238e+04 1.016327458563226482e+00
6.075596889247953368e+04 9.941044459035299763e-01
6.075596915254023770e+04 1.001861091980655649e+00
6.075596941260093445e+04 1.034241397849949395e+00
6.075597102105359954e+04 9.444246656311325872e-01
6.075597128111420170e+04 1.009725806440164853e+00
6.075597154117479658e+04 9.825673959204426211e-01
6.075597180123539147e+04 1.003982087021445757e+00
6.075597206129598635e+04 9.954033891217576313e-01
6.075597232135658123e+04 1.009098252838909859e+00
6.075597258141718339e+04 9.771947222474550721e-01
6.075597284147777827e+04 9.667575502794786280e-01
6.075597310153837316e+04 9.871483583767961534e-01
6.075597336159897532e+04 1.006895731969448038e+00
6.075597362165957020e+04 9.924086095547671738e-01
6.075597388172016508e+04 9.796403872241404853e-01
6.075597414178077452e+04 9.885212365105766619e-01
6.075597440184136940e+04 1.004938370940780645e+00
6.075597466190196428e+04 1.047666829428234747e+00
6.075597492196255916e+04 9.797127928160861421e-01
6.075597518202315405e+04 1.024577209882423956e+00
6.075597544208374893e+04 1.001909936441277127e+00
6.075597570214434381e+04 9.984036184150015814e-01
6.075597596220494597e+04 9.756346802204829416e-01
6.075597622226554813e+04 9.813316643916152326e-01
6.075597648232614301e+04 1.019563411856331481e+00
6.075597674238673790e+04 1.002618573120698020e+00
6.075597700244734006e+04 1.000628228937626929e+00
6.075597726250793494e+04 9.900962907030260718e-01
6.075597752256853710e+04 1.030213771057786776e+00
6.075597778262913198e+04 1.026938436725498116e+00
6.075597804268972686e+04 1.001510040630241072e+00
6.075597830275032175e+04 9.898063298104311514e-01
6.075597856281091663e+04 1.003532218536641540e+00
6.075597882287151151e+04 1.007726980490005753e+00
6.075597908293212095e+04 9.845594243888494690e-01
6.075597934299271583e+04 1.008498654466155831e+00
6.075597960305331071e+04 1.018796753788070886e+00
6.075597986311390559e+04 9.796388817729062559e-01
6.075598012317450775e+04 9.912447140976018423e-01
6.075598038323510264e+04 1.010158240210186520e+00
6.075598064329570479e+04 9.664918033590672586e-01
6.075598090335629968e+04 1.052554088443373281e+00
6.075598116341689456e+04 1.014971802725441297e+00
6.075598142347748944e+04 1.030104138700913552e+00
6.075598168353808433e+04 9.773943530849240613e-01
6.075598194359869376e+04 1.020783611280901670e+00
6.075598220365928864e+04 1.018404200500251600e+00
6.075598246371988353e+04 1.017858605533206839e+00
6.075598272378047841e+04 9.829855777788224502e-01
6.075598298384108057e+04 1.008268532260803596e+00
6.075598324390167545e+04 9.885181748894866782e-01
6.075598350396227761e+04 9.774657619768974959e-01
6.075598376402287249e+04 9.495517751417220653e-01
6.075598402408346738e+04 9.805828937844132120e-01
6.075598428414406226e+04 9.775543583436367978e-01
6.075598454420465714e+04 9.535343026108998865e-01
6.075598480426526658e+04 9.580661571583555247e-01
6.075598506432586146e+04 1.060255824538756775e+00
6.075598532438645634e+04 1.000892751323778640e+00
6.075598558444705122e+04 9.673442528688179776e-01
6.075598584450765338e+04 1.006812686969286164e+00
6.075598610456825554e+04 1.016014399911938648e+00
6.075598636462885042e+04 9.974997803882903469e-01
6.075598662468944531e+04 1.039699306744241269e+00
6.075598688475004019e+04 9.957750752470505562e-01
6.075598714481063507e+04 1.004512626662564578e+00
6.075598740487123723e+04 9.791279088514176498e-01
6.075598766493183211e+04 1.013096165382747271e+00
6.075598792499243427e+04 1.018578572800580062e+00
6.075598818505302916e+04 9.664030255041813344e-01
6.075598844511362404e+04 9.870426326041702447e-01
6.075598870517423347e+04 1.008616761165761710e+00
6.075598896523482836e+04 1.056653232446423951e+00
6.075598922529542324e+04 9.946975801142736717e-01
6.075598948535601812e+04 9.647701643996304810e-01
6.075598974541661300e+04 1.010344215176080640e+00
6.075599000547721516e+04 1.029603868985868642e+00
6.075599026553781005e+04 1.022427869390104993e+00
6.075599052559840493e+04 1.001125432531478232e+00
6.075599078565900709e+04 9.917098378774900080e-01
6.075599104571960197e+04 9.913079773915887127e-01
6.075599130578020413e+04 9.916074398851507654e-01
6.075599156584080629e+04 1.012081721457871897e+00
6.075599182590140117e+04 9.658146540903520538e-01
6.075599208596199605e+04 9.928659355061871805e-01
6.075599234602259094e+04 9.854082373601323885e-01
6.075599260608319310e+04 1.030708522040721498e+00
6.075599286614378798e+04 1.041558425454788273e+00
6.075599312620438286e+04 9.734893962870529993e-01
6.075599338626497774e+04 1.007794178373301097e+00
6.075599364632558718e+04 9.837044115516077047e-01
6.075599390638618206e+04 9.604538395778838833e-01
6.075599416644677694e+04 9.805586506580837858e-01
6.075599442650737910e+04 1.025518728491277232e+00
6.075599468656797399e+04 1.003099660212781075e+00
6.075599494662857614e+04 1.022669158497443664e+00
6.075599520668917103e+04 9.903120838471660692e-01
6.075599546674976591e+04 1.030185876695902003e+00
6.075599572681036079e+04 1.020295319426183012e+00
6.075599598687096295e+04 1.041099612280207865e+00
6.075599624693155783e+04 1.013554460018055270e+00
6.075599650699215999e+04 1.015181020682070834e+00
6.075599676705275488e+04 1.066115247507331887e+00
6.075599702711334976e+04 9.987876685816758915e-01
6.075599728717395192e+04 1.013277080629060523e+00
6.075599754723455408e+04 1.003880303267936869e+00
6.075599780729514896e+04 1.025399807350530157e+00
6.075599806735574384e+04 9.975058423787642736e-01
6.075599832741634600e+04 9.979069776720584928e-01
6.075599858747694088e+04 9.752543304209358999e-01
6.075599884753753577e+04 1.043553052650426416e+00
6.075599910759813065e+04 1.012101584633991136e+00
6.075599936765874008e+04 9.637100576295423160e-01
6.075600091310295102e+04 1.000298978311093601e+00
6.075600117316365504e+04 1.013943316436282105e+00
6.075600143322435179e+04 1.003364116890221203e+00
6.075600169328505581e+04 1.062298771212509818e+00
6.075600195334576711e+04 9.996406387179962438e-01
6.075600221340647113e+04 1.011077509680847308e+00
6.075600247346717515e+04 9.837099472890203922e-01
6.075600273352787190e+04 1.030784474198291889e+00
6.075600299358858319e+04 9.915263855063140008e-01
6.075600325364928722e+04 9.707870136891879609e-01
6.075600351370998396e+04 1.013155620470573393e+00
6.075600377377069526e+04 1.008375888885754357e+00
6.075600403383139928e+04 9.849804219135439576e-01
6.075600429389210331e+04 1.030701799088843629e+00
6.075600455395280733e+04 1.010961626495527899e+00
6.075600481401350407e+04 1.011539319972288853e+00
6.075600507407421537e+04 1.012120013916756545e+00
6.075600533413491939e+04 1.002046460846461429e+00
6.075600559419562342e+04 9.824758351055288275e-01
6.075600585425632744e+04 1.005177166415892165e+00
6.075600611431703146e+04 9.997097105583301335e-01
6.075600637437773548e+04 1.003017605518697675e+00
6.075600663443843951e+04 1.044533660501264283e+00
6.075600689449914353e+04 9.912358239809028193e-01
6.075600715455985483e+04 9.501416647725564602e-01
6.075600741462055157e+04 9.805316850434601106e-01
6.075600767468125559e+04 9.699017819018043163e-01
6.075600793474195962e+04 1.043043909600529728e+00
6.075600819480266364e+04 1.042714035912425619e+00
6.075600845486336766e+04 1.004280167739369789e+00
6.075600871492407168e+04 1.024779849509875662e+00
6.075600897498478298e+04 1.029945664247777115e+00
6.075600923504548700e+04 9.867047190640838572e-01
6.075600949510618375e+04 9.902553865704466496e-01
6.075600975516688777e+04 1.011411779321952364e+00
6.075601001522759907e+04 1.031728961261063171e+00
6.075601027528830309e+04 1.023123654658760762e+00
6.075601053534900711e+04 9.747376537362330007e-01
6.075601079540970386e+04 1.058138033097570707e+00
6.075601105547041516e+04 1.003329315681432687e+00
6.075601131553111918e+04 1.013375213372423422e+00
6.075601157559181593e+04 1.003342274772503595e+00
6.075601183565252722e+04 1.030150941094635231e+00
6.075601209571323125e+04 9.769886268291876341e-01
6.075601235577393527e+04 1.031936965562245012e+00
6.075601261583463929e+04 9.855762078195794418e-01
6.075601287589534331e+04 1.033639039781080848e+00
6.075601313595604734e+04 1.013103311524996997e+00
6.075601339601675136e+04 1.033255765491664979e+00
6.075601365607746266e+04 9.917139415944854486e-01
6.075601391613816668e+04 9.713272729988187137e-01
6.075601417619886342e+04 9.929169220389167938e-01
6.075601443625956745e+04 9.981772669422662725e-01
6.075601469632027874e+04 9.819705034245800324e-01
6.075601495638097549e+04 9.904149111919277049e-01
6.075601521644168679e+04 9.801523338478088654e-01
6.075601547650239081e+04 9.868037972637165867e-01
6.075601573656309483e+04 1.010582665169814431e+00
6.075601599662379886e+04 9.853395790202643667e-01
6.075601625668450288e+04 1.026827515401920410e+00
6.075601651674520690e+04 1.004978028868966033e+00
6.075601677680591092e+04 1.053429453125427573e+00
6.075601703686661494e+04 1.025170633487014094e+00
6.075601729692732624e+04 1.029098963424510238e+00
6.075601755698802299e+04 1.038513162601861994e+00
6.075601781704872701e+04 9.863233400144004737e-01
6.075601807710943831e+04 1.013667970304727328e+00
6.075601833717014233e+04 1.061963792013850050e+00
6.075601859723084635e+04 1.027828605547921104e+00
6.075601885729155038e+04 9.556388801383999265e-01
6.075601911735225440e+04 9.937621270755980785e-01
6.075601937741295842e+04 9.653627550912230459e-01
6.075601963747365517e+04 1.000081382058573887e+00
6.075601989753436646e+04 1.016935082754498954e+00
6.075602015759507049e+04 1.085902799778982297e+00
6.075602041765577451e+04 9.823232451501874296e-01
6.075602067771648581e+04 1.026674999999778848e+00
6.075602093777718255e+04 1.046035948788738512e+00
6.075602119783788658e+04 1.001345257835597913e+00
6.075602145789859787e+04 1.011567199650930560e+00
6.075602171795930190e+04 9.840524365399130335e-01
6.075602197802000592e+04 1.051787898891119122e+00
6.075602223808070994e+04 9.883952334690153663e-01
6.075602249814141396e+04 9.872616634532017654e-01
6.075602275820211798e+04 1.004259459636374974e+00
6.075602301826282201e+04 9.922458056642783353e-01
6.075602327832352603e+04 9.721814245968186663e-01
6.075602353838423005e+04 1.019441029874379012e+00
6.075602379844494135e+04 1.019702801846829709e+00
6.075602405850564537e+04 9.959218316378977143e-01
6.075602431856634212e+04 1.011724329907953468e+00
6.075602457862704614e+04 9.958320033578749175e-01
6.075602483868775744e+04 1.019976786913848521e+00
6.075602509874846146e+04 9.965868010459385529e-01
6.075602535880916548e+04 9.996510228628220363e-01
6.075602561886986950e+04 1.015389786374147008e+00
6.075602587893057353e+04 1.041037391799447098e+00
6.075602613899127755e+04 9.926246647111445220e-01
6.075602639905198885e+04 1.003281254815702406e+00
6.075602665911269287e+04 1.003523535900325392e+00
6.075602691917338962e+04 9.583199582519210669e-01
6.075602717923410091e+04 1.011226015658569732e+00
6.075602743929480494e+04 1.004443426264813199e+00
6.075602769935550168e+04 1.030259740882774722e+00
6.075602795941621298e+04 9.740824945499338972e-01
6.075602821947691700e+04 1.029198205223163409e+00
6.075602847953762102e+04 9.982401985025080027e-01
6.075602873959833232e+04 1.039239852880275317e+00
6.075602899965902907e+04 1.006060405484007436e+00
6.075602925971973309e+04 1.010248457523207799e+00
6.075603093119423283e+04 1.015381273253931571e+00
6.075603119125482772e+04 1.034851395602046864e+00
6.075603145131542988e+04 1.060132702108964819e+00
6.075603171137602476e+04 1.009219857037993995e+00
6.075603197143662692e+04 1.016624290491034310e+00
6.075603223149722908e+04 1.007737352549443965e+00
6.075603249155782396e+04 1.005864768006631271e+00
6.075603275161842612e+04 1.001421164452777512e+00
6.075603301167902100e+04 1.060246993664164972e+00
6.075603327173962316e+04 1.037423247919422309e+00
6.075603353180022532e+04 9.972721463166583922e-01
6.075603379186082020e+04 1.000138253712919534e+00
6.075603405192141508e+04 9.904518656668388488e-01
6.075603431198201724e+04 9.812504927651535258e-01
6.075603457204261213e+04 1.000902393330511675e+00
6.075603483210320701e+04 1.032132672274691521e+00
6.075603509216381644e+04 1.010357524664336148e+00
6.075603535222441133e+04 1.018680315954233695e+00
6.075603561228501349e+04 9.984194260346902494e-01
6.075603587234560837e+04 9.804315686863035451e-01
6.075603613240621053e+04 1.028738413243224681e+00
6.075603639246681269e+04 9.454385688915358799e-01
6.075603665252740757e+04 1.006984174942142651e+00
6.075603691258800245e+04 1.037300518347340050e+00
6.075603717264860461e+04 1.011629603783283482e+00
6.075603743270919949e+04 1.022834711908653604e+00
6.075603769276979438e+04 9.575341957370581136e-01
6.075603795283040381e+04 9.962826137245424096e-01
6.075603821289099869e+04 9.845667876816818209e-01
6.075603847295160085e+04 9.456763633336633390e-01
6.075603873301219573e+04 1.028568619295266551e+00
6.075603899307279789e+04 1.011400117942435228e+00
6.075603925313340005e+04 1.006012649596518704e+00
6.075603951319399494e+04 1.014242653230750690e+00
6.075603977325458982e+04 9.876543046082518762e-01
6.075604003331519198e+04 1.020815426894470690e+00
6.075604029337578686e+04 9.999704133289105679e-01
6.075604055343638902e+04 1.001767170923633543e+00
6.075604081349698390e+04 9.977711550773290528e-01
6.075604107355758606e+04 1.028499191912885191e+00
6.075604133361818822e+04 1.031481895403511873e+00
6.075604159367878310e+04 1.025993866971723012e+00
6.075604185373938526e+04 1.013663938569751233e+00
6.075604211379998742e+04 9.936267321835785538e-01
6.075604237386058230e+04 9.821243135887163245e-01
6.075604263392118446e+04 9.745781458562970956e-01
6.075604289398177934e+04 1.016764730213059797e+00
6.075604315404237423e+04 1.015648210447084088e+00
6.075604341410297639e+04 1.011523231651733967e+00
6.075604367416357127e+04 9.686057587197227647e-01
6.075604393422418070e+04 1.058567313723671965e+00
6.075604419428477559e+04 1.062347148584441348e+00
6.075604445434537047e+04 1.033824983277569887e+00
6.075604471440597990e+04 1.021141876261969283e+00
6.075604497446657479e+04 9.457897699561341742e-01
6.075604523452717694e+04 1.014771140053608134e+00
6.075604549458777183e+04 9.878214075651664539e-01
6.075604575464836671e+04 1.015908301654667056e+00
6.075604601470896887e+04 1.007329873429424039e+00
6.075604627476956375e+04 1.038098903926048866e+00
6.075604653483016591e+04 1.052365213012035561e+00
6.075604679489076807e+04 9.945300326594954665e-01
6.075604705495136295e+04 1.029354761025966125e+00
6.075604731501196511e+04 1.035642665723863320e+00
6.075604757507256727e+04 1.019237537944829519e+00
6.075604783513316943e+04 9.980862512706237810e-01
6.075604809519376431e+04 1.007402856498127663e+00
6.075604835525435919e+04 1.021286782809051941e+00
6.075604861531496135e+04 1.014554812616288659e+00
6.075604887537555624e+04 1.025266987882366143e+00
6.075604913543615839e+04 1.014203930376113005e+00
6.075604939549675328e+04 9.701598349966648049e-01
6.075604965555735544e+04 1.005981112842656122e+00
6.075604991561795759e+04 1.029062873503796993e+00
6.075605017567855248e+04 1.017414149712640548e+00
6.075605043573915464e+04 1.005308346267620445e+00
6.075605069579975680e+04 1.014404353207887022e+00
6.075605095586035168e+04 9.931117085928524713e-01
6.075605121592095384e+04 1.030110281889231150e+00
6.075605147598154872e+04 9.972077473834558559e-01
6.075605173604215088e+04 9.963970339945061871e-01
6.075605199610274576e+04 9.962985010961774579e-01
6.075605225616334792e+04 9.691757686236686098e-01
6.075605251622395008e+04 9.587968390682540809e-01
6.075605277628454496e+04 1.035988328985645079e+00
6.075605303634514712e+04 9.916418459283227183e-01
6.075605329640574200e+04 1.018964134425585533e+00
6.075605355646635144e+04 1.013119104996954345e+00
6.075605381652694632e+04 1.001642642150305074e+00
6.075605407658754848e+04 9.755193985787883326e-01
6.075605433664814336e+04 9.980413363494436974e-01
6.075605459670873825e+04 1.032491212180980833e+00
6.075605485676934040e+04 1.022618085531626031e+00
6.075605511682993529e+04 9.721780804304746004e-01
6.075605537689054472e+04 1.000125663710003554e+00
6.075605563695113960e+04 9.807102587079306044e-01
6.075605589701174176e+04 1.032361407152550425e+00
6.075605615707233665e+04 1.008268186957265833e+00
6.075605641713293880e+04 9.761937120838920512e-01
6.075605667719354096e+04 1.005563759063572649e+00
6.075605693725413585e+04 9.894519987177126108e-01
6.075605719731473800e+04 9.951505547926784434e-01
6.075605745737533289e+04 9.663417614256091248e-01
6.075605771743593505e+04 1.051367276446754540e+00
6.075605797749652993e+04 1.007227522062411618e+00
6.075605823755713209e+04 1.010724830362497384e+00
6.075605849761773425e+04 1.036451421168300024e+00
6.075605875767832913e+04 9.963350910800885529e-01
6.075605901773893129e+04 9.695232973226002304e-01
6.075605927779953345e+04 9.868098381927014051e-01
6.075606082322710427e+04 1.016984904593996930e+00
6.075606108328780829e+04 9.864706315717375329e-01
6.075606134334851231e+04 9.725918401012119130e-01
6.075606160340922361e+04 9.913590734174934083e-01
6.075606186346992035e+04 1.025077808919747868e+00
6.075606212353063165e+04 9.908188734651551810e-01
6.075606238359133567e+04 1.000871528814950784e+00
6.075606264365204697e+04 9.786932695178671704e-01
6.075606290371275099e+04 9.795195420378645101e-01
6.075606316377345502e+04 1.005049901313029848e+00
6.075606342383415904e+04 1.038476199876386064e+00
6.075606368389486306e+04 1.012233219995956057e+00
6.075606394395557436e+04 1.008705108840794562e+00
6.075606420401627838e+04 1.023779874196712347e+00
6.075606446407698240e+04 9.919863163181100729e-01
6.075606472413768643e+04 9.879938905413558903e-01
6.075606498419839772e+04 1.018991078257718952e+00
6.075606524425910175e+04 9.636304538433327904e-01
6.075606550431981304e+04 1.006820800121428050e+00
6.075606576438050979e+04 9.717201528208618821e-01
6.075606602444122109e+04 9.784450011379556278e-01
6.075606628450192511e+04 9.832091213230834681e-01
6.075606654456262913e+04 1.014259060015654690e+00
6.075606680462333316e+04 9.972589379868498360e-01
6.075606706468404445e+04 1.017721355548884876e+00
6.075606732474474848e+04 9.848733962336826409e-01
6.075606758480545250e+04 9.698879364886276999e-01
6.075606784486615652e+04 9.857288923614615506e-01
6.075606810492686054e+04 1.027440097279414211e+00
6.075606836498757184e+04 1.023561742175130629e+00
6.075606862504827586e+04 1.048931066103045762e+00
6.075606888510898716e+04 9.935113387469213242e-01
6.075606914516968391e+04 9.959549015341774281e-01
6.075606940523039520e+04 9.911285377954349718e-01
6.075606966529109923e+04 9.638558662275067412e-01
6.075606992535180325e+04 9.999019271182824076e-01
6.075607018541250727e+04 1.005001508503231999e+00
6.075607044547321857e+04 9.881810561499110301e-01
6.075607070553392259e+04 1.037230726899490030e+00
6.075607096559463389e+04 9.833353626808687409e-01
6.075607122565533064e+04 9.967313771093644359e-01
6.075607148571604193e+04 9.809361092069138754e-01
6.075607174577674596e+04 1.016289496839465789e+00
6.075607200583745725e+04 1.040028639087720475e+00
6.075607226589816128e+04 9.930009392607413998e-01
6.075607252595886530e+04 1.008010441207010333e+00
6.075607278601956932e+04 1.008952115102160318e+00
6.075607304608028062e+04 9.933836580811152839e-01
6.075607330614097737e+04 9.637248888203354680e-01
6.075607356620169594e+04 1.002164438598804219e+00
6.075607382626239269e+04 9.630281911700518949e-01
6.075607408632310398e+04 1.009055039670165632e+00
6.075607434638380801e+04 9.770751378568567347e-01
6.075607460644451203e+04 1.000869134238727254e+00
6.075607486650521605e+04 9.693664141211668639e-01
6.075607512656592735e+04 1.012819962266352736e+00
6.075607538662663137e+04 9.503955730705058169e-01
6.075607564668734267e+04 9.854289207385507066e-01
6.075607590674803942e+04 1.010724611879966872e+00
6.075607616680875071e+04 9.849942279256754807e-01
6.075607642686945474e+04 1.022284587450302373e+00
6.075607668693016603e+04 9.776416703500828698e-01
6.075607694699087006e+04 9.508951413352981774e-01
6.075607720705157408e+04 9.725997119888576403e-01
6.075607746711227810e+04 1.018179163017743472e+00
6.075607772717298940e+04 1.047602098866025289e+00
6.075607798723368614e+04 9.804624426379492386e-01
6.075607824729439744e+04 1.004441022120923899e+00
6.075607850735510146e+04 9.952598209046381594e-01
6.075607876741581276e+04 9.818199034604144781e-01
6.075607902747651679e+04 1.005164920379293170e+00
6.075607928753722081e+04 9.695848968773883580e-01
6.075607954759792483e+04 1.038880665023798056e+00
6.075607980765863613e+04 1.001655472413544246e+00
6.075608006771934015e+04 1.032117771862864020e+00
6.075608032778005145e+04 9.562569831129983378e-01
6.075608058784074819e+04 1.016399346770971546e+00
6.075608084790145949e+04 9.722925810880583830e-01
6.075608110796216351e+04 9.905680676577081067e-01
6.075608136802286754e+04 1.033651621709452240e+00
6.075608162808357156e+04 1.024661200958894680e+00
6.075608188814428286e+04 1.007784350318454702e+00
6.075608214820498688e+04 1.033965733307320667e+00
6.075608240826569818e+04 1.011557161359173840e+00
6.075608266832639492e+04 9.568943826160923871e-01
6.075608292838710622e+04 1.008399359110246474e+00
6.075608318844781024e+04 1.008872668437823306e+00
6.075608344850852154e+04 9.548353575451481445e-01
6.075608370856922556e+04 1.003156164218202973e+00
6.075608396862992959e+04 1.016790847647424334e+00
6.075608422869064088e+04 1.002120006995876222e+00
6.075608448875134491e+04 1.013779068077167667e+00
6.075608474881204893e+04 9.752200426445141179e-01
6.075608500887276023e+04 9.708513906154178086e-01
6.075608526893346425e+04 1.038187111889063541e+00
6.075608552899416827e+04 1.052194294808213915e+00
6.075608578905487957e+04 1.016298033712951243e+00
6.075608604911557632e+04 1.033570407740900698e+00
6.075608630917628761e+04 9.833575693014693364e-01
6.075608656923699164e+04 9.999744084892289164e-01
6.075608682929770293e+04 1.013267535561534594e+00
6.075608708935840696e+04 1.018000849892117143e+00
6.075608734941911098e+04 9.816851722155104376e-01
6.075608760947981500e+04 1.005154037749111495e+00
6.075608786954052630e+04 9.936956564483062637e-01
6.075608812960123760e+04 1.013878187316292756e+00
6.075608838966194162e+04 1.017511835256990738e+00
6.075608864972264564e+04 9.916960439659946447e-01
6.075608890978334966e+04 9.795275444220163941e-01
6.075608916984406096e+04 9.725412189390081341e-01
6.075609076569380704e+04 1.023713377652203604e+00
6.075609102575441648e+04 1.001025941817332177e+00
6.075609128581501136e+04 1.015950002842773703e+00
6.075609154587561352e+04 1.016037226255986692e+00
6.075609180593621568e+04 1.040699133811268773e+00
6.075609206599681784e+04 1.039705963179520687e+00
6.075609232605741272e+04 1.000909263932090010e+00
6.075609258611801488e+04 9.841177986148003098e-01
6.075609284617860976e+04 1.006670226944946345e+00
6.075609310623921192e+04 9.827266472434028621e-01
6.075609336629981408e+04 1.022303295176600901e+00
6.075609362636040896e+04 9.776971264992004862e-01
6.075609388642101840e+04 9.687842584534076540e-01
6.075609414648161328e+04 1.024150754209554703e+00
6.075609440654221544e+04 9.998398302852915531e-01
6.075609466660281760e+04 1.004664200855855949e+00
6.075609492666341976e+04 1.038608361383916101e+00
6.075609518672402191e+04 1.006745559124645029e+00
6.075609544678461680e+04 1.049202138665742634e+00
6.075609570684521896e+04 1.025566771880278560e+00
6.075609596690581384e+04 9.858427783884703421e-01
6.075609622696641600e+04 1.014167880844521585e+00
6.075609648702701088e+04 1.024495557933608358e+00
6.075609674708762032e+04 9.674392206561931440e-01
6.075609700714822247e+04 1.007060908581255632e+00
6.075609726720881736e+04 9.915133808860333575e-01
6.075609752726942679e+04 9.746207405392062206e-01
6.075609778733002167e+04 9.685966484676035160e-01
6.075609804739062383e+04 9.707608793062518782e-01
6.075609830745121872e+04 9.755755445187960229e-01
6.075609856751182087e+04 1.004433299241086042e+00
6.075609882757242303e+04 9.556424795485346513e-01
6.075609908763301792e+04 9.586702336601657937e-01
6.075609934769362008e+04 1.008949779944072311e+00
6.075609960775422223e+04 9.598279915114668048e-01
6.075609986781482439e+04 1.011864300056070753e+00
6.075610012787541928e+04 9.925610007120407863e-01
6.075610038793602143e+04 1.025858331458867401e+00
6.075610064799663087e+04 1.006024390372195709e+00
6.075610090805722575e+04 1.014870290732232228e+00
6.075610116811782791e+04 9.346093339481507112e-01
6.075610142817842279e+04 9.939957090775571880e-01
6.075610168823902495e+04 9.911196529946341149e-01
6.075610194829962711e+04 1.027718896647187297e+00
6.075610220836022199e+04 1.006141238693804452e+00
6.075610246842083143e+04 9.977213795072639169e-01
6.075610272848142631e+04 9.976621208659200990e-01
6.075610298854202847e+04 1.015879107348436783e+00
6.075610324860263063e+04 1.010676626322055904e+00
6.075610350866323279e+04 1.000694628922558893e+00
6.075610376872383495e+04 9.942258322440369334e-01
6.075610402878442983e+04 1.015684045740593566e+00
6.075610428884503199e+04 9.999013311974679352e-01
6.075610454890563415e+04 9.742131438673236055e-01
6.075610480896622903e+04 9.774214670945932104e-01
6.075610506902683119e+04 9.972856582273141868e-01
6.075610532908743335e+04 9.591000713531502297e-01
6.075610558914803551e+04 1.024223453197784295e+00
6.075610584920863766e+04 1.037727025721180141e+00
6.075610610926923255e+04 9.603537872271973308e-01
6.075610636932984198e+04 9.693380006274897598e-01
6.075610662939043686e+04 9.925428912340200638e-01
6.075610688945103902e+04 1.024694509099999040e+00
6.075610714951164118e+04 9.867122453887866573e-01
6.075610740957223607e+04 9.697949592927140872e-01
6.075610766963283822e+04 9.969753513482637608e-01
6.075610792969343311e+04 1.111278688807638471e+00
6.075610818975403527e+04 1.000534237234796731e+00
6.075610844981464470e+04 1.017850396849405925e+00
6.075610870987523958e+04 9.785529753397683717e-01
6.075610896993584174e+04 9.694545861781599383e-01
6.075610922999644390e+04 1.030132746357062867e+00
6.075610949005704606e+04 9.600569875964656275e-01
6.075610975011764822e+04 1.034965575590105935e+00
6.075611001017824310e+04 9.832522797160824224e-01
6.075611027023884526e+04 9.993141310067636951e-01
6.075611053029944742e+04 9.782506004668198862e-01
6.075611079036004230e+04 1.026782527634818143e+00
6.075611105042064446e+04 1.009559850504151424e+00
6.075611131048124662e+04 1.020985581694876743e+00
6.075611157054184878e+04 1.001592873064476752e+00
6.075611183060245094e+04 9.735586852939742686e-01
6.075611209066305310e+04 9.861305311769256177e-01
6.075611235072365525e+04 9.898772216585814965e-01
6.075611261078425741e+04 1.054062582037014861e+00
6.075611287084485230e+04 1.012290696596749306e+00
6.075611313090545445e+04 9.851752007433176583e-01
6.075611339096604934e+04 9.991153282776894518e-01
6.075611365102665150e+04 9.874798243854078228e-01
6.075611391108725365e+04 9.571260785279578354e-01
6.075611417114785581e+04 1.047067175681561046e+00
6.075611443120845797e+04 1.013512614524503697e+00
6.075611469126906013e+04 1.014345672547442234e+00
6.075611495132966229e+04 1.007577033175080405e+00
6.075611521139026445e+04 9.880825520623613967e-01
6.075611547145085933e+04 1.024271632090932194e+00
6.075611573151146149e+04 1.002352367664837596e+00
6.075611599157206365e+04 9.992215923858243087e-01
6.075611625163265853e+04 9.876604064119031134e-01
6.075611651169326069e+04 9.902656831979883556e-01
6.075611677175386285e+04 1.015559189182564825e+00
6.075611703181446501e+04 9.876077305217116908e-01
6.075611729187506717e+04 9.964755559412435959e-01
6.075611755193566933e+04 1.024415145075804556e+00
6.075611781199626421e+04 9.724681226677807100e-01
6.075611807205687364e+04 9.807174872542372412e-01
6.075611833211747580e+04 9.886012901116409957e-01
6.075611859217807068e+04 9.544364480859022226e-01
6.075611885223867284e+04 1.011396778507318128e+00
6.075611911229926773e+04 9.961581533762747798e-01
6.075612077117233275e+04 9.978386759119487470e-01
6.075612103123303677e+04 9.927073640101683472e-01
6.075612129129374080e+04 9.751473709063845918e-01
6.075612155135445209e+04 9.901071803581888986e-01
6.075612181141516339e+04 1.024720307377376516e+00
6.075612207147586741e+04 1.003352517913403741e+00
6.075612233153657144e+04 9.919535294553428750e-01
6.075612259159728274e+04 1.025827742086490524e+00
6.075612285165798676e+04 1.019461076198377114e+00
6.075612311171869806e+04 9.612854993061200615e-01
6.075612337177940935e+04 1.024694424160235373e+00
6.075612363184010610e+04 9.744016152204587611e-01
6.075612389190081740e+04 1.023735425447913405e+00
6.075612415196152870e+04 1.082103801478952132e+00
6.075612441202222544e+04 9.705953596700801489e-01
6.075612467208293674e+04 1.024842110322167210e+00
6.075612493214364804e+04 9.665121388912656375e-01
6.075612519220435206e+04 9.885606385969197829e-01
6.075612545226506336e+04 9.945802883214672763e-01
6.075612571232576738e+04 9.834650055447951011e-01
6.075612597238647140e+04 9.599239699495230038e-01
6.075612623244718270e+04 9.830135835402907807e-01
6.075612649250789400e+04 9.948317492828229192e-01
6.075612675256859802e+04 1.037040045180126713e+00
6.075612701262930204e+04 1.006278371619591994e+00
6.075612727269001334e+04 1.008505983146363638e+00
6.075612753275071736e+04 9.860291154312660344e-01
6.075612779281142139e+04 9.799161027758830356e-01
6.075612805287213268e+04 1.003665475086344072e+00
6.075612831293283671e+04 9.964970795110699164e-01
6.075612857299354800e+04 1.002499519170098274e+00
6.075612883305425930e+04 1.007815886914945391e+00
6.075612909311495605e+04 9.902173678393514367e-01
6.075612935317566735e+04 9.762232346097716729e-01
6.075612961323637865e+04 1.010272550952995063e+00
6.075612987329708267e+04 9.500921905173476123e-01
6.075613013335779397e+04 9.633827007267418141e-01
6.075613039341849799e+04 9.565538715051047358e-01
6.075613065347920201e+04 1.029269004550012356e+00
6.075613091353991331e+04 9.554042741878205902e-01
6.075613117360061733e+04 1.002576359270591411e+00
6.075613143366133590e+04 9.929840356589375583e-01
6.075613169372203265e+04 1.009085748693138385e+00
6.075613195378274395e+04 1.008081757547896862e+00
6.075613221384345525e+04 1.003619678924383418e+00
6.075613247390415199e+04 9.957827105663300538e-01
6.075613273396486329e+04 9.725065894915578824e-01
6.075613299402557459e+04 1.017479176616731706e+00
6.075613325408627861e+04 9.899156353191976843e-01
6.075613351414698991e+04 1.017135161715779335e+00
6.075613377420769393e+04 1.023437893387727282e+00
6.075613403426840523e+04 9.986602934527361031e-01
6.075613429432910925e+04 1.021787655061942690e+00
6.075613455438982055e+04 1.061420383240306631e+00
6.075613481445053185e+04 9.620304750584750542e-01
6.075613507451122859e+04 9.939567732199875438e-01
6.075613533457193989e+04 9.977444739886107694e-01
6.075613559463265119e+04 9.558602372653789425e-01
6.075613585469334794e+04 9.890957963233875105e-01
6.075613611475405924e+04 1.011785214653505127e+00
6.075613637481477053e+04 9.839731674258010985e-01
6.075613663487548183e+04 9.986415285930697605e-01
6.075613689493618585e+04 1.007199850126402341e+00
6.075613715499688988e+04 1.019631496282460414e+00
6.075613741505760117e+04 1.009251898686679416e+00
6.075613767511830520e+04 1.010664661410078491e+00
6.075613793517901649e+04 9.773541152339716431e-01
6.075613819523972779e+04 1.026567258301224417e+00
6.075613845530043181e+04 9.667812665992568943e-01
6.075613871536113584e+04 9.911719576197964843e-01
6.075613897542184714e+04 1.006773993896948438e+00
6.075613923548255116e+04 9.940272564138974420e-01
6.075613949554325518e+04 9.795730286628121508e-01
6.075613975560396648e+04 9.954739031681433259e-01
6.075614001566467778e+04 1.027322187455213420e+00
6.075614027572538907e+04 9.851714660198735984e-01
6.075614053578608582e+04 9.909334644642237011e-01
6.075614079584679712e+04 1.009984565585820393e+00
6.075614105590750842e+04 9.961361921648288487e-01
6.075614131596821244e+04 1.000955444462004573e+00
6.075614157602892374e+04 1.019909954876102365e+00
6.075614183608962776e+04 9.831966573500959816e-01
6.075614209615033906e+04 9.569953257270000790e-01
6.075614235621104308e+04 1.010029878480531718e+00
6.075614261627174710e+04 1.014646977593806287e+00
6.075614287633246568e+04 1.011574932177987662e+00
6.075614313639316970e+04 9.670151716856864033e-01
6.075614339645387372e+04 9.449701479615157940e-01
6.075614365651458502e+04 9.938147397328239707e-01
6.075614391657528904e+04 9.839003464275558608e-01
6.075614417663600034e+04 9.724288629216268909e-01
6.075614443669670436e+04 1.040093688236573222e+00
6.075614469675741566e+04 1.005401533461743879e+00
6.075614495681812696e+04 9.775810427517781509e-01
6.075614521687882370e+04 9.938523878629629271e-01
6.075614547693953500e+04 9.839587033835730523e-01
6.075614573700024630e+04 1.003340937036622416e+00
6.075614599706095760e+04 9.403502445510170116e-01
6.075614625712166162e+04 9.671778049737075333e-01
6.075614651718236564e+04 9.582129594682271545e-01
6.075614677724307694e+04 9.926290665219820175e-01
6.075614703730378824e+04 1.022725940909571474e+00
6.075614729736448498e+04 1.010770701897813151e+00
6.075614755742519628e+04 1.001086495531651632e+00
6.075614781748590758e+04 1.016784423540018301e+00
6.075614807754661888e+04 1.009931057947862421e+00
6.075614833760732290e+04 9.669132984265931263e-01
6.075614859766802692e+04 1.026590718849606398e+00
6.075614885772873822e+04 9.880623889153985484e-01
6.075614911778944952e+04 9.560048369634007726e-01
