6.075585120116569306e+04 9.955751478301070323e-01
6.075585146121949219e+04 1.020605868454754317e+00
6.075585172127328406e+04 1.020366985025494833e+00
6.075585198132708319e+04 1.001822066025266356e+00
6.075585224138088233e+04 1.019819146122784792e+00
6.075585250143468147e+04 9.778304672785498308e-01
6.075585276148847333e+04 1.013136486634559574e+00
6.075585302154227247e+04 9.859684423199176484e-01
6.075585328159607161e+04 1.064519212955345129e+00
6.075585354164987803e+04 9.968109716281209343e-01
6.075585380170368444e+04 9.889771452768818527e-01
6.075585406175747630e+04 9.773831595724604693e-01
6.075585432181127544e+04 1.000756573815316797e+00
6.075585458186507458e+04 9.750302244208323144e-01
6.075585484191887372e+04 1.011118235892073836e+00
6.075585510197266558e+04 9.877063763689080123e-01
6.075585536202646472e+04 1.009799363198817135e+00
6.075585562208026386e+04 9.960044213647646361e-01
6.075585588213406299e+04 1.003717367855256004e+00
6.075585614218786213e+04 1.029773624222439343e+00
6.075585640224165400e+04 1.028373338855419039e+00
6.075585666229546041e+04 1.021240703047035403e+00
6.075585692234926682e+04 9.823914631584582668e-01
6.075585718240306596e+04 1.006881175218137026e+00
6.075585744245685783e+04 9.890444295109570572e-01
6.075585770251065696e+04 1.025272800544644536e+00
6.075585796256445610e+04 9.924282379319356862e-01
6.075585822261825524e+04 1.053960769109919982e+00
6.075585848267205438e+04 9.865383297821119779e-01
6.075585874272584624e+04 9.926552437332250012e-01
6.075585900277964538e+04 9.925233893494053161e-01
6.075585926283344452e+04 9.870217944581366476e-01
6.075585952288725093e+04 9.667189062830433555e-01
6.075585978294105735e+04 9.394396343952226003e-01
6.075586004299484921e+04 9.620494224504418934e-01
6.075586030304864835e+04 1.003373520029612331e+00
6.075586056310244749e+04 9.801784264792092749e-01
6.075586082315624662e+04 9.732675065750533427e-01
6.075586108321004576e+04 1.008097463697795737e+00
6.075586134326383763e+04 9.265965739279697910e-01
6.075586160331763676e+04 1.006259278020960490e+00
6.075586186337143590e+04 9.892997116153574577e-01
6.075586212342523504e+04 9.730981494571679935e-01
6.075586238347903418e+04 1.031937224424972266e+00
6.075586264353283332e+04 1.039384174059310162e+00
6.075586290358663973e+04 9.968759517351525323e-01
6.075586316364043887e+04 1.023441768336394775e+00
6.075586342369423801e+04 1.025741857752365815e+00
6.075586368374803715e+04 1.009970131028149032e+00
6.075586394380182901e+04 1.010851886295716318e+00
6.075586420385562815e+04 1.002388791313655769e+00
6.075586446390942729e+04 9.568968557710277878e-01
6.075586472396322642e+04 9.942027752210134128e-01
6.075586498401702556e+04 9.966973782538862681e-01
6.075586524407081743e+04 9.959379601598009613e-01
6.075586550412462384e+04 9.836653234957012382e-01
6.075586576417843025e+04 9.982580512799207328e-01
6.075586602423222939e+04 9.863142136942220084e-01
6.075586628428602853e+04 9.574524379313925637e-01
6.075586654433982039e+04 1.016495522268962670e+00
6.075586680439361953e+04 1.009162703261231142e+00
6.075586706444741867e+04 1.020933302689214450e+00
6.075586732450121781e+04 9.706712861185572416e-01
6.075586758455501695e+04 1.019844841579596206e+00
6.075586784460881609e+04 1.012707277845315224e+00
6.075586810466260795e+04 9.951246051364933676e-01
6.075586836471640709e+04 1.004812154980036842e+00
6.075586862477021350e+04 9.897729811486892793e-01
6.075586888482401991e+04 1.005052364071069793e+00
6.075586914487781905e+04 1.007659386456038808e+00
6.075586940493161092e+04 9.845447654656058756e-01
6.075586966498541005e+04 1.018593992854002206e+00
6.075586992503920919e+04 9.639201278278575202e-01
6.075587018509300833e+04 9.723092411166284199e-01
6.075587044514680747e+04 1.037836483157296152e+00
6.075587070520060661e+04 1.006039708469941951e+00
6.075587096525439847e+04 1.006840808913971763e+00
6.075587122530819761e+04 1.042901833561418856e+00
6.075587148536199675e+04 9.531806822121025036e-01
6.075587174541581044e+04 1.011985234836486169e+00
6.075587200546960958e+04 9.602123018452870529e-01
6.075587226552340871e+04 9.708282339593785615e-01
6.075587252557720058e+04 1.009903522505695372e+00
6.075587278563099972e+04 9.818632379154852430e-01
6.075587304568479885e+04 1.025875368520654751e+00
6.075587330573859799e+04 9.746623724719506443e-01
6.075587356579239713e+04 1.038567874694940274e+00
6.075587382584619627e+04 1.011799013613711162e+00
6.075587408589998813e+04 9.828605920015627273e-01
6.075587434595378727e+04 1.020328402236465148e+00
6.075587460600759368e+04 9.785823422263340010e-01
6.075587486606140010e+04 9.728273989950679823e-01
6.075587512611519924e+04 9.917989277753639366e-01
6.075587538616899838e+04 1.007083017115852241e+00
6.075587564622279751e+04 9.885485082935446810e-01
6.075587590627658938e+04 9.779178055800322733e-01
6.075587616633038851e+04 9.888673422321588857e-01
6.075587642638418765e+04 9.915802279638432637e-01
6.075587668643798679e+04 9.839593565165439815e-01
6.075587694649178593e+04 1.029918190254367705e+00
6.075587720654558507e+04 9.871919529027535223e-01
6.075587746659937693e+04 9.742245494652379545e-01
6.075587772665318334e+04 1.014429973454290534e+00
6.075587798670698976e+04 9.697455373369749942e-01
6.075587824676078890e+04 9.979906819946086083e-01
6.075587850681458804e+04 1.003200862076601307e+00
6.075587876686838717e+04 9.768857691376267027e-01
6.075587902692218631e+04 9.796618752307288958e-01
6.075587928697597818e+04 1.005447535265225900e+00
6.075587954702977731e+04 9.365314943429670080e-01
6.075588115586427011e+04 1.020440398018727990e+00
6.075588141592496686e+04 1.030385807011196642e+00
6.075588167598567088e+04 9.868920638580771509e-01
6.075588193604636763e+04 9.664474139232756000e-01
6.075588219610707165e+04 1.040043506483925295e+00
6.075588245616777567e+04 9.744952310273466978e-01
6.075588271622847242e+04 1.021832557461549440e+00
6.075588297628917644e+04 9.920672726706518674e-01
6.075588323634988046e+04 1.011912600905022552e+00
6.075588349641056993e+04 1.011104413622145426e+00
6.075588375647127395e+04 1.003472814310713890e+00
6.075588401653197798e+04 9.996410751567815778e-01
6.075588427659268200e+04 1.031005984371419881e+00
6.075588453665338602e+04 9.953122045195460510e-01
6.075588479671408277e+04 9.822007148220902595e-01
6.075588505677478679e+04 9.525673173115255521e-01
6.075588531683548354e+04 9.721043892448135715e-01
6.075588557689618756e+04 9.616532447825619778e-01
6.075588583695689158e+04 1.008609348795280525e+00
6.075588609701758833e+04 9.904012991379997910e-01
6.075588635707829235e+04 9.716478700568121907e-01
6.075588661713899637e+04 1.043013699930342542e+00
6.075588687719969312e+04 1.011516824814849613e+00
6.075588713726038986e+04 9.775472694817252117e-01
6.075588739732109389e+04 9.451786146016191159e-01
6.075588765738179791e+04 1.008376424691975082e+00
6.075588791744250193e+04 9.787702009956360527e-01
6.075588817750319868e+04 1.020734296993765833e+00
6.075588843756390270e+04 1.030957698978778536e+00
6.075588869762460672e+04 9.994727934939807712e-01
6.075588895768530347e+04 9.713864969025349794e-01
6.075588921774600749e+04 1.005561492491549247e+00
6.075588947780670424e+04 9.941357532918396744e-01
6.075588973786740826e+04 9.960616238202499861e-01
6.075588999792811228e+04 1.006788695243587606e+00
6.075589025798880903e+04 9.598596196204784992e-01
6.075589051804952032e+04 1.005640654788814592e+00
6.075589077811021707e+04 1.041757207640625182e+00
6.075589103817091382e+04 1.010299841154356226e+00
6.075589129823161784e+04 1.052230612225056650e+00
6.075589155829231458e+04 9.846851667154752352e-01
6.075589181835301861e+04 9.940456827777203186e-01
6.075589207841372263e+04 9.676946710437710486e-01
6.075589233847442665e+04 9.755386543329379601e-01
6.075589259853513067e+04 1.022750840423003238e+00
6.075589285859582742e+04 9.961093223791493978e-01
6.075589311865652417e+04 9.667055491106597565e-01
6.075589337871722819e+04 1.008381603324902454e+00
6.075589363877793221e+04 9.507077520604251264e-01
6.075589389883863623e+04 9.860564928793136286e-01
6.075589415889933298e+04 9.936649437776009508e-01
6.075589441896003700e+04 1.014070117729021669e+00
6.075589467902074102e+04 1.008417125791732705e+00
6.075589493908143777e+04 9.988020991633175250e-01
6.075589519914213452e+04 1.028847980764233228e+00
6.075589545920283854e+04 1.013145189720699557e+00
6.075589571926354256e+04 1.050741284457884284e+00
6.075589597932424658e+04 9.580185523490831745e-01
6.075589623938494333e+04 1.011462948330525524e+00
6.075589649944564735e+04 9.377690757334518068e-01
6.075589675950635137e+04 1.000616799872430907e+00
6.075589701956705539e+04 1.009891444910134162e+00
6.075589727962775942e+04 9.885285200430877772e-01
6.075589753968844889e+04 1.001126130305939554e+00
6.075589779974915291e+04 1.007044580894600028e+00
6.075589805980985693e+04 1.029307309370783852e+00
6.075589831987055368e+04 9.975029122745115995e-01
6.075589857993125770e+04 1.030032448820532576e+00
6.075589883999196172e+04 1.010364293806276015e+00
6.075589910005266574e+04 1.006259199023825879e+00
6.075589936011336977e+04 1.015232697344908175e+00
6.075589962017406651e+04 9.799524523373476237e-01
6.075589988023477054e+04 1.011648255992565471e+00
6.075590014029546728e+04 1.013789033247523674e+00
6.075590040035617130e+04 1.035008912100114697e+00
6.075590066041687533e+04 9.787084432366105480e-01
6.075590092047757207e+04 9.519339829960565824e-01
6.075590118053827609e+04 9.728677910287844011e-01
6.075590144059898012e+04 9.670917167192402131e-01
6.075590170065967686e+04 9.870361373236515856e-01
6.075590196072038816e+04 9.778451396117261440e-01
6.075590222078108491e+04 1.004988658946746050e+00
6.075590248084178893e+04 9.895619202518131097e-01
6.075590274090249295e+04 9.842275715149929605e-01
6.075590300096318242e+04 1.011324444840494330e+00
6.075590326102388644e+04 1.005194531999378693e+00
6.075590352108459047e+04 9.891764109186854670e-01
6.075590378114529449e+04 1.004485134344728303e+00
6.075590404120599851e+04 9.879653601233016058e-01
6.075590430126669526e+04 1.004454794841402210e+00
6.075590456132739928e+04 1.043369013590251804e+00
6.075590482138810330e+04 9.812652638640995129e-01
6.075590508144880732e+04 1.037416290062360469e+00
6.075590534150951135e+04 9.973285572735024473e-01
6.075590560157020809e+04 9.928481962150506046e-01
6.075590586163091211e+04 9.385414672783808365e-01
6.075590612169160886e+04 9.818250347263901556e-01
6.075590638175230561e+04 9.839251751294185722e-01
6.075590664181300963e+04 1.002814144203955982e+00
6.075590690187371365e+04 1.040197451260919115e+00
6.075590716193441767e+04 1.012245378081296776e+00
6.075590742199512169e+04 1.007648473369128439e+00
6.075590768205581844e+04 1.040352478057812169e+00
6.075590794211652246e+04 1.010882429298961105e+00
6.075590820217722649e+04 1.031716241351006591e+00
6.075590846223793051e+04 1.001902889336655056e+00
6.075590872229863453e+04 9.912898728142850446e-01
6.075590898235933128e+04 1.008483354541196197e+00
6.075590924242003530e+04 1.006778930466317723e+00
6.075590950248073932e+04 9.880686317127755913e-01
6.075591106051386305e+04 1.003816307518605067e+00
6.075591132057445793e+04 9.782660638304214729e-01
6.075591158063505281e+04 1.027857370487567756e+00
6.075591184069564770e+04 9.832206843708702904e-01
6.075591210075624258e+04 9.813553463872617399e-01
6.075591236081683746e+04 1.076482411891653168e+00
6.075591262087743235e+04 9.782856146697799238e-01
6.075591288093802723e+04 9.991423764893616610e-01
6.075591314099862211e+04 9.626306562700220892e-01
6.075591340105922427e+04 1.037897629203048844e+00
6.075591366111981915e+04 9.656169566391109571e-01
6.075591392118041404e+04 9.800889119218944012e-01
6.075591418124100892e+04 1.010948234556670267e+00
6.075591444130160380e+04 9.765333359217298614e-01
6.075591470136219868e+04 9.957478646272869272e-01
6.075591496142279357e+04 1.017631284785098789e+00
6.075591522148338845e+04 9.843952297207602120e-01
6.075591548154399061e+04 1.001169861578787179e+00
6.075591574160458549e+04 9.684496715384155463e-01
6.075591600166518037e+04 1.004443960556671067e+00
6.075591626172577526e+04 9.995001308580009347e-01
6.075591652178637742e+04 9.734182687796643085e-01
6.075591678184697230e+04 1.007159686834537826e+00
6.075591704190756718e+04 9.817819043810874780e-01
6.075591730196816206e+04 9.993024273542818747e-01
6.075591756202875695e+04 9.928183736897021605e-01
6.075591782208935183e+04 1.006430028477518057e+00
6.075591808214994671e+04 9.604170879175775166e-01
6.075591834221054160e+04 9.987672727102816506e-01
6.075591860227113648e+04 1.005078302017807346e+00
6.075591886233173136e+04 9.904213936375100280e-01
6.075591912239232624e+04 9.924243827056443701e-01
6.075591938245292840e+04 1.002148256324651765e+00
6.075591964251352329e+04 9.963742131908607247e-01
6.075591990257411817e+04 1.032132061753127772e+00
6.075592016263471305e+04 9.588103494803046356e-01
6.075592042269530793e+04 9.925284275326116123e-01
6.075592068275590282e+04 1.003641227103142519e+00
6.075592094281649770e+04 9.417915053309698914e-01
6.075592120287709986e+04 1.016715512302080127e+00
6.075592146293769474e+04 1.019490748892223575e+00
6.075592172299828962e+04 1.027272397234211931e+00
6.075592198305888451e+04 1.025093929233014789e+00
6.075592224311948667e+04 9.710084712161561882e-01
6.075592250318008155e+04 1.030502528141744145e+00
6.075592276324067643e+04 9.930788354858354205e-01
6.075592302330127131e+04 1.009676621123447138e+00
6.075592328336186620e+04 9.763839846299874337e-01
6.075592354342246108e+04 1.013288930166821533e+00
6.075592380348305596e+04 9.949240904926941464e-01
6.075592406354365812e+04 9.684716994035722504e-01
6.075592432360425300e+04 1.031784426804426280e+00
6.075592458366484789e+04 1.014106077332245670e+00
6.075592484372544277e+04 1.028956059663309830e+00
6.075592510378604493e+04 1.004762219145659774e+00
6.075592536384663981e+04 9.764168999009457117e-01
6.075592562390723469e+04 1.009688534060871001e+00
6.075592588396782958e+04 1.021611712979184627e+00
6.075592614402842446e+04 9.436358812390226447e-01
6.075592640408901934e+04 1.007238237351235854e+00
6.075592666414961423e+04 9.912186789922718955e-01
6.075592692421020911e+04 9.770859240179188276e-01
6.075592718427081127e+04 9.974529918660832717e-01
6.075592744433140615e+04 9.819772163602887849e-01
6.075592770439200103e+04 1.035202000252810173e+00
6.075592796445260319e+04 9.532901729893169529e-01
6.075592822451319807e+04 1.000486708713942852e+00
6.075592848457379296e+04 9.985150103073375805e-01
6.075592874463438784e+04 1.034440291230276365e+00
6.075592900469498272e+04 9.957863499361715443e-01
6.075592926475557761e+04 1.009019432420106499e+00
6.075592952481617249e+04 9.851596957628858675e-01
6.075592978487676737e+04 9.789687098987355229e-01
6.075593004493736953e+04 9.957800236616247691e-01
6.075593030499796441e+04 9.936982098159811150e-01
6.075593056505855930e+04 1.022995394234372135e+00
6.075593082511916145e+04 1.008944181010150931e+00
6.075593108517975634e+04 9.977227045962283603e-01
6.075593134524035122e+04 1.005007687145473838e+00
6.075593160530094610e+04 9.733018161613050667e-01
6.075593186536154099e+04 9.547924636098349405e-01
6.075593212542213587e+04 9.805984153521114521e-01
6.075593238548273075e+04 9.869203988861092736e-01
6.075593264554332563e+04 1.008424143476309043e+00
6.075593290560392779e+04 9.137136547812758636e-01
6.075593316566452268e+04 1.010427801280622262e+00
6.075593342572511756e+04 1.007887981662644261e+00
6.075593368578571244e+04 9.842754244474777314e-01
6.075593394584631460e+04 1.022878015206365454e+00
6.075593420590690948e+04 9.590131301661003471e-01
6.075593446596750437e+04 9.765609352223385553e-01
6.075593472602809925e+04 9.805975759611681442e-01
6.075593498608869413e+04 1.003899270125838017e+00
6.075593524614928901e+04 9.858906696649237800e-01
6.075593550620988390e+04 9.932075620783253900e-01
6.075593576627048606e+04 1.011650490514944378e+00
6.075593602633108094e+04 1.054312683892457025e+00
6.075593628639167582e+04 9.936965998638040976e-01
6.075593654645227070e+04 9.919257027130164994e-01
6.075593680651287286e+04 1.031484467208356071e+00
6.075593706657346775e+04 9.849283124130191469e-01
6.075593732663406263e+04 1.013629549822117504e+00
6.075593758669465751e+04 1.010417310761122511e+00
6.075593784675525239e+04 1.015372289685994689e+00
6.075593810681584728e+04 9.859144171075362451e-01
6.075593836687644216e+04 1.020845850910335528e+00
6.075593862693704432e+04 1.004106578085343093e+00
6.075593888699763920e+04 1.010680960571833653e+00
6.075593914705823408e+04 9.651508331887186376e-01
6.075593940711883624e+04 1.032360008742319257e+00
6.075594106598430517e+04 1.041657094095368219e+00
6.075594132604500919e+04 9.934011658426075142e-01
6.075594158610571321e+04 9.656381948378320867e-01
6.075594184616640996e+04 9.882847768389230181e-01
6.075594210622711398e+04 1.032000247953866134e+00
6.075594236628781800e+04 9.793249353077654318e-01
6.075594262634852203e+04 1.008621579461519868e+00
6.075594288640922605e+04 9.796716228385007330e-01
6.075594314646992279e+04 9.729592700530486082e-01
6.075594340653063409e+04 9.850399391982970210e-01
6.075594366659133811e+04 9.536251126037802450e-01
6.075594392665203486e+04 9.753058602944526534e-01
6.075594418671273888e+04 1.029827812652599928e+00
6.075594444677344291e+04 1.022779623905706536e+00
6.075594470683414693e+04 1.001071471564972226e+00
6.075594496689485095e+04 1.049211251665866262e+00
6.075594522695554770e+04 9.865028539862569223e-01
6.075594548701625172e+04 9.660256480077297203e-01
6.075594574707695574e+04 1.006236263617624083e+00
6.075594600713765976e+04 9.882043521611281189e-01
6.075594626719836378e+04 9.536435822758778658e-01
6.075594652725906053e+04 9.963823267436848763e-01
6.075594678731976455e+04 9.818962195994405118e-01
6.075594704738046858e+04 9.920090408856249153e-01
6.075594730744116532e+04 1.002212686135881548e+00
6.075594756750187662e+04 9.876620476904933721e-01
6.075594782756257337e+04 9.926116247567733364e-01
6.075594808762328466e+04 1.005457573303048635e+00
6.075594834768398869e+04 9.750194138617813699e-01
6.075594860774468543e+04 9.966736583842616959e-01
6.075594886780538945e+04 9.774723527377577881e-01
6.075594912786609348e+04 9.870256503192299524e-01
6.075594938792679750e+04 9.857533382523696597e-01
6.075594964798750152e+04 9.807266475443784381e-01
6.075594990804819827e+04 9.544241080761278750e-01
6.075595016810890229e+04 1.010409614785456656e+00
6.075595042816960631e+04 1.011111468302269056e+00
6.075595068823031033e+04 9.928565504176865009e-01
6.075595094829101436e+04 1.045752198436692204e+00
6.075595120835171110e+04 9.690432230279794057e-01
6.075595146841241512e+04 9.649332839001913964e-01
6.075595172847312642e+04 9.886779090185380259e-01
6.075595198853382317e+04 9.598244530534003616e-01
6.075595224859452719e+04 1.029829350143290689e+00
6.075595250865523121e+04 1.008500325486943128e+00
6.075595276871593524e+04 9.949787781374550555e-01
6.075595302877663926e+04 1.002307768032202562e+00
6.075595328883733600e+04 1.003466176783965880e+00
6.075595354889804003e+04 9.842879684096519366e-01
6.075595380895874405e+04 9.859337992051812050e-01
6.075595406901944807e+04 9.568601504942190195e-01
6.075595432908015209e+04 1.007773313983621577e+00
6.075595458914084884e+04 9.786922466258172193e-01
6.075595484920156014e+04 1.050070547319611913e+00
6.075595510926226416e+04 1.023054694149539534e+00
6.075595536932296091e+04 9.495636902954320835e-01
6.075595562938366493e+04 9.825065762377266365e-01
6.075595588944436895e+04 9.561470281099039292e-01
6.075595614950507297e+04 1.002162429691063839e+00
6.075595640956577699e+04 1.006262858705514907e+00
6.075595666962647374e+04 9.871420743211584137e-01
6.075595692968717776e+04 9.914489426922453719e-01
6.075595718974788178e+04 1.021288184965684298e+00
6.075595744980858581e+04 9.850040481267212655e-01
6.075595770986929710e+04 1.006385062118494877e+00
6.075595796992999385e+04 1.000231795242577881e+00
6.075595822999069787e+04 9.893253013255286499e-01
6.075595849005140190e+04 9.735855773235740918e-01
6.075595875011209864e+04 1.011545821462121131e+00
6.075595901017280994e+04 9.413183459321335933e-01
6.075595927023350669e+04 9.979909993534270551e-01
6.075595953029421071e+04 1.014163987767553454e+00
6.075595979035491473e+04 9.940614550835328300e-01
6.075596005041561148e+04 1.000685473853511587e+00
6.075596031047632277e+04 9.812792327415988947e-01
6.075596057053702680e+04 1.017622992532800197e+00
6.075596083059773082e+04 9.928997318606858080e-01
6.075596109065843484e+04 9.805230172916195031e-01
6.075596135071913159e+04 1.006001791061063022e+00
6.075596161077983561e+04 9.975719356553623962e-01
6.075596187084053963e+04 9.962701307678637486e-01
6.075596213090124365e+04 9.991291819182465117e-01
6.075596239096194768e+04 1.012964184589697725e+00
6.075596265102265170e+04 9.698743868729796658e-01
6.075596291108335572e+04 1.000434659160450712e+00
6.075596317114405974e+04 1.009232174869983956e+00
6.075596343120475649e+04 9.721667863064565873e-01
6.075596369126546051e+04 9.824852465332497564e-01
6.075596395132616453e+04 1.004885598523439283e+00
6.075596421138686856e+04 9.722266977825796408e-01
6.075596447144757258e+04 9.686789877011885430e-01
6.075596473150827660e+04 9.810888540559946636e-01
6.075596499156898062e+04 1.010207184190239582e+00
6.075596525162968464e+04 1.005323015473780890e+00
6.075596551169038867e+04 9.852399889351663997e-01
6.075596577175109269e+04 1.001453977284854302e+00
6.075596603181178943e+04 1.002790352780601912e+00
6.075596629187249346e+04 9.820792635746852239e-01
6.075596655193319748e+04 9.834877362425955560e-01
6.075596681199390150e+04 9.894226828475746194e-01
6.075596707205460552e+04 9.725956115991997164e-01
6.075596733211530955e+04 9.567126896085857979e-01
6.075596759217601357e+04 9.941439432638690121e-01
6.075596785223671759e+04 1.002446229343807005e+00
6.075596811229741434e+04 9.769522688980963876e-01
6.075596837235811836e+04 1.004572208538566880e+00
6.075596863241882238e+04 1.011281028020389217e+00
6.075596889247953368e+04 9.906629129206100393e-01
6.075596915254023770e+04 1.000223500639432661e+00
6.075596941260093445e+04 1.033170937344424667e+00
6.075597102105359954e+04 9.430312919353875944e-01
6.075597128111420170e+04 1.008401139055958851e+00
6.075597154117479658e+04 9.813163923012686585e-01
6.075597180123539147e+04 1.001610041814336549e+00
6.075597206129598635e+04 9.921860611521173823e-01
6.075597232135658123e+04 1.006259856393576735e+00
6.075597258141718339e+04 9.744374058440663511e-01
6.075597284147777827e+04 9.641329550402927273e-01
6.075597310153837316e+04 9.844678235297883440e-01
6.075597336159897532e+04 1.003848564090858320e+00
6.075597362165957020e+04 9.895757877188365859e-01
6.075597388172016508e+04 9.779604343260002164e-01
6.075597414178077452e+04 9.879787860365298879e-01
6.075597440184136940e+04 1.004237940694230558e+00
6.075597466190196428e+04 1.045481478632986239e+00
6.075597492196255916e+04 9.756651629637881351e-01
6.075597518202315405e+04 1.019889249988851887e+00
6.075597544208374893e+04 9.978801152976300992e-01
6.075597570214434381e+04 9.947721514704832568e-01
6.075597596220494597e+04 9.725624438969346919e-01
6.075597622226554813e+04 9.787937569673662574e-01
6.075597648232614301e+04 1.016505400201198839e+00
6.075597674238673790e+04 9.986085152978159130e-01
6.075597700244734006e+04 9.970665274860742722e-01
6.075597726250793494e+04 9.881720149947351706e-01
6.075597752256853710e+04 1.029638307870523795e+00
6.075597778262913198e+04 1.026879232928399110e+00
6.075597804268972686e+04 1.000417327032633530e+00
6.075597830275032175e+04 9.874212858921627145e-01
6.075597856281091663e+04 1.000046126116866718e+00
6.075597882287151151e+04 1.003852253009996920e+00
6.075597908293212095e+04 9.808967849399516936e-01
6.075597934299271583e+04 1.005262283559779757e+00
6.075597960305331071e+04 1.015655220321567409e+00
6.075597986311390559e+04 9.770422031231448257e-01
6.075598012317450775e+04 9.896905219647708085e-01
6.075598038323510264e+04 1.008461516110758849e+00
6.075598064329570479e+04 9.636385024033778945e-01
6.075598090335629968e+04 1.049801828381054403e+00
6.075598116341689456e+04 1.013613896999311814e+00
6.075598142347748944e+04 1.029147155999338592e+00
6.075598168353808433e+04 9.746754256827061536e-01
6.075598194359869376e+04 1.015510659056991338e+00
6.075598220365928864e+04 1.010855034697865973e+00
6.075598246371988353e+04 1.009635357677417522e+00
6.075598272378047841e+04 9.765770827003353860e-01
6.075598298384108057e+04 1.003450788110972436e+00
6.075598324390167545e+04 9.840465108078487733e-01
6.075598350396227761e+04 9.740544885701759581e-01
6.075598376402287249e+04 9.480784347208069951e-01
6.075598402408346738e+04 9.800546626102397685e-01
6.075598428414406226e+04 9.774025619497007655e-01
6.075598454420465714e+04 9.534276624524967714e-01
6.075598480426526658e+04 9.574704424259294910e-01
6.075598506432586146e+04 1.058355163156680767e+00
6.075598532438645634e+04 9.973397498359928282e-01
6.075598558444705122e+04 9.626968355507894426e-01
6.075598584450765338e+04 1.002501793791970686e+00
6.075598610456825554e+04 1.012427342951455422e+00
6.075598636462885042e+04 9.939638230506888661e-01
6.075598662468944531e+04 1.036785128367208486e+00
6.075598688475004019e+04 9.936168987504728767e-01
6.075598714481063507e+04 1.002247507719454811e+00
6.075598740487123723e+04 9.758233448767955620e-01
6.075598766493183211e+04 1.008424387358839658e+00
6.075598792499243427e+04 1.013538944968429334e+00
6.075598818505302916e+04 9.619312173895090412e-01
6.075598844511362404e+04 9.831308932429483338e-01
6.075598870517423347e+04 1.005715996830738979e+00
6.075598896523482836e+04 1.054978910873196840e+00
6.075598922529542324e+04 9.926214789680722905e-01
6.075598948535601812e+04 9.610388573972707960e-01
6.075598974541661300e+04 1.004662760468572280e+00
6.075599000547721516e+04 1.023823622703215586e+00
6.075599026553781005e+04 1.017975738292940635e+00
6.075599052559840493e+04 9.974090103308640431e-01
6.075599078565900709e+04 9.877329125159262091e-01
6.075599104571960197e+04 9.874374835344804646e-01
6.075599130578020413e+04 9.884100709185684730e-01
6.075599156584080629e+04 1.008081283523759808e+00
6.075599182590140117e+04 9.603823445660667479e-01
6.075599208596199605e+04 9.874896036740229421e-01
6.075599234602259094e+04 9.811057784596244336e-01
6.075599260608319310e+04 1.027941457730647601e+00
6.075599286614378798e+04 1.040461890371394915e+00
6.075599312620438286e+04 9.724434844771944197e-01
6.075599338626497774e+04 1.006583245019970319e+00
6.075599364632558718e+04 9.828955446402778406e-01
6.075599390638618206e+04 9.594746922029566694e-01
6.075599416644677694e+04 9.795034989220902100e-01
6.075599442650737910e+04 1.024205902178609628e+00
6.075599468656797399e+04 9.998695654699114588e-01
6.075599494662857614e+04 1.017858167622632815e+00
6.075599520668917103e+04 9.862521528027944351e-01
6.075599546674976591e+04 1.026906914939438087e+00
6.075599572681036079e+04 1.016129849560837295e+00
6.075599598687096295e+04 1.036274945166458128e+00
6.075599624693155783e+04 1.010138115146531179e+00
6.075599650699215999e+04 1.013554816476283982e+00
6.075599676705275488e+04 1.063917309958603008e+00
6.075599702711334976e+04 9.948892658745623896e-01
6.075599728717395192e+04 1.008415191855769333e+00
6.075599754723455408e+04 9.994974999740731114e-01
6.075599780729514896e+04 1.022115639862638314e+00
6.075599806735574384e+04 9.945327682094685651e-01
6.075599832741634600e+04 9.962440389637152727e-01
6.075599858747694088e+04 9.740120660433329025e-01
6.075599884753753577e+04 1.040563227866868834e+00
6.075599910759813065e+04 1.008317864915538653e+00
6.075599936765874008e+04 9.609665801240888650e-01
6.075600091310295102e+04 9.992551155595488233e-01
6.075600117316365504e+04 1.013442526728724147e+00
6.075600143322435179e+04 1.001598783014498117e+00
6.075600169328505581e+04 1.058727135946048170e+00
6.075600195334576711e+04 9.950052075403333918e-01
6.075600221340647113e+04 1.006125800921958469e+00
6.075600247346717515e+04 9.787667552212505617e-01
6.075600273352787190e+04 1.025819477532012636e+00
6.075600299358858319e+04 9.870688496370981779e-01
6.075600325364928722e+04 9.669801881398611965e-01
6.075600351370998396e+04 1.010198718600905377e+00
6.075600377377069526e+04 1.005825634854411899e+00
6.075600403383139928e+04 9.817225076795295102e-01
6.075600429389210331e+04 1.026644592087522012e+00
6.075600455395280733e+04 1.007046604796509204e+00
6.075600481401350407e+04 1.008156620969488326e+00
6.075600507407421537e+04 1.009384796921154681e+00
6.075600533413491939e+04 1.000198794951228320e+00
6.075600559419562342e+04 9.816710057858892835e-01
6.075600585425632744e+04 1.004234569567533431e+00
6.075600611431703146e+04 9.972740187777848764e-01
6.075600637437773548e+04 9.998298191348771180e-01
6.075600663443843951e+04 1.041194267086127168e+00
6.075600689449914353e+04 9.877379188863893988e-01
6.075600715455985483e+04 9.456895748085227815e-01
6.075600741462055157e+04 9.755000072888403428e-01
6.075600767468125559e+04 9.661175549143892205e-01
6.075600793474195962e+04 1.040431703298569710e+00
6.075600819480266364e+04 1.039604285283990848e+00
6.075600845486336766e+04 1.000934192700830394e+00
6.075600871492407168e+04 1.022732568193894576e+00
6.075600897498478298e+04 1.029119244792196630e+00
6.075600923504548700e+04 9.856146842099242633e-01
6.075600949510618375e+04 9.884538334893541167e-01
6.075600975516688777e+04 1.008639915276359433e+00
6.075601001522759907e+04 1.028446104535743144e+00
6.075601027528830309e+04 1.019989035723130932e+00
6.075601053534900711e+04 9.712594256008099114e-01
6.075601079540970386e+04 1.054741053871711021e+00
6.075601105547041516e+04 1.001384983281444541e+00
6.075601131553111918e+04 1.012621147148062395e+00
6.075601157559181593e+04 1.002141531837277055e+00
6.075601183565252722e+04 1.028163339048854930e+00
6.075601209571323125e+04 9.739601074376648127e-01
6.075601235577393527e+04 1.028170366224815835e+00
6.075601261583463929e+04 9.813442704410612061e-01
6.075601287589534331e+04 1.028675562600339433e+00
6.075601313595604734e+04 1.007825743550760267e+00
6.075601339601675136e+04 1.028233794730349038e+00
6.075601365607746266e+04 9.875703539785813945e-01
6.075601391613816668e+04 9.683560512814073373e-01
6.075601417619886342e+04 9.913310574912240769e-01
6.075601443625956745e+04 9.966976093570815154e-01
6.075601469632027874e+04 9.784758593989359987e-01
6.075601495638097549e+04 9.855082391535195940e-01
6.075601521644168679e+04 9.757691275148747678e-01
6.075601547650239081e+04 9.824449255054259478e-01
6.075601573656309483e+04 1.005867033815557754e+00
6.075601599662379886e+04 9.810518773815811722e-01
6.075601625668450288e+04 1.023555298125305102e+00
6.075601651674520690e+04 1.003820056692408258e+00
6.075601677680591092e+04 1.054036621397290485e+00
6.075601703686661494e+04 1.024998558199498699e+00
6.075601729692732624e+04 1.025729251217140758e+00
6.075601755698802299e+04 1.032654057846555284e+00
6.075601781704872701e+04 9.803722019187129932e-01
6.075601807710943831e+04 1.009383834317675532e+00
6.075601833717014233e+04 1.058415254744240697e+00
6.075601859723084635e+04 1.023355092318176673e+00
6.075601885729155038e+04 9.515317720390759071e-01
6.075601911735225440e+04 9.911598603347067105e-01
6.075601937741295842e+04 9.626955213824036628e-01
6.075601963747365517e+04 9.970025640816129187e-01
6.075601989753436646e+04 1.013776021619525292e+00
6.075602015759507049e+04 1.082639854812512459e+00
6.075602041765577451e+04 9.787927727928036337e-01
6.075602067771648581e+04 1.022429645983385260e+00
6.075602093777718255e+04 1.041078242765260953e+00
6.075602119783788658e+04 9.962590316163487669e-01
6.075602145789859787e+04 1.006956554218258582e+00
6.075602171795930190e+04 9.796092066582700042e-01
6.075602197802000592e+04 1.047996804550944683e+00
6.075602223808070994e+04 9.853125444914995201e-01
6.075602249814141396e+04 9.834459671658868363e-01
6.075602275820211798e+04 9.996925781097991681e-01
6.075602301826282201e+04 9.884354060233240258e-01
6.075602327832352603e+04 9.685726821504758721e-01
6.075602353838423005e+04 1.015112050627691165e+00
6.075602379844494135e+04 1.015535354070479457e+00
6.075602405850564537e+04 9.917957428577323098e-01
6.075602431856634212e+04 1.007023002347463558e+00
6.075602457862704614e+04 9.909250142729781885e-01
6.075602483868775744e+04 1.015003557965332703e+00
6.075602509874846146e+04 9.916480895433971154e-01
6.075602535880916548e+04 9.957421350357553713e-01
6.075602561886986950e+04 1.012831410728612047e+00
6.075602587893057353e+04 1.039143854489045671e+00
6.075602613899127755e+04 9.900040112948974569e-01
6.075602639905198885e+04 9.999424427479493005e-01
6.075602665911269287e+04 1.001758996426411308e+00
6.075602691917338962e+04 9.585307802128293364e-01
6.075602717923410091e+04 1.011132516521483726e+00
6.075602743929480494e+04 1.003066387025900452e+00
6.075602769935550168e+04 1.027677920528982991e+00
6.075602795941621298e+04 9.698290813180270309e-01
6.075602821947691700e+04 1.024345921300488627e+00
6.075602847953762102e+04 9.943075997016276313e-01
6.075602873959833232e+04 1.036138816090300008e+00
6.075602899965902907e+04 1.003675480141940080e+00
6.075602925971973309e+04 1.008057797238858244e+00
6.075603093119423283e+04 1.012822638299887723e+00
6.075603119125482772e+04 1.032419031275065624e+00
6.075603145131542988e+04 1.058236040890165430e+00
6.075603171137602476e+04 1.007981397491573894e+00
6.075603197143662692e+04 1.014747215999139085e+00
6.075603223149722908e+04 1.004777927863070630e+00
6.075603249155782396e+04 1.003914386669557901e+00
6.075603275161842612e+04 1.000663708439190502e+00
6.075603301167902100e+04 1.059484548295579032e+00
6.075603327173962316e+04 1.036064954493717494e+00
6.075603353180022532e+04 9.947882803489807024e-01
6.075603379186082020e+04 9.969484297570240239e-01
6.075603405192141508e+04 9.860814499576948666e-01
6.075603431198201724e+04 9.764273995482639634e-01
6.075603457204261213e+04 9.968637402502731337e-01
6.075603483210320701e+04 1.028514650461239244e+00
6.075603509216381644e+04 1.006006219329454554e+00
6.075603535222441133e+04 1.014481974820209631e+00
6.075603561228501349e+04 9.963585824614032971e-01
6.075603587234560837e+04 9.793309400235462592e-01
6.075603613240621053e+04 1.027024160888023285e+00
6.075603639246681269e+04 9.438594991727642380e-01
6.075603665252740757e+04 1.005239205773936106e+00
6.075603691258800245e+04 1.033964991617627893e+00
6.075603717264860461e+04 1.007121436243975321e+00
6.075603743270919949e+04 1.018622280675958391e+00
6.075603769276979438e+04 9.539471939011545665e-01
6.075603795283040381e+04 9.929443190373170580e-01
6.075603821289099869e+04 9.811403781926949508e-01
6.075603847295160085e+04 9.412078081071284519e-01
6.075603873301219573e+04 1.023409944220943668e+00
6.075603899307279789e+04 1.006733636532216813e+00
6.075603925313340005e+04 1.002489329767882964e+00
6.075603951319399494e+04 1.012930474960679339e+00
6.075603977325458982e+04 9.879804361338434537e-01
6.075604003331519198e+04 1.020121331873629966e+00
6.075604029337578686e+04 9.974209729382107481e-01
6.075604055343638902e+04 9.992207653130801281e-01
6.075604081349698390e+04 9.958200270082300243e-01
6.075604107355758606e+04 1.026300742124828247e+00
6.075604133361818822e+04 1.028326519623419477e+00
6.075604159367878310e+04 1.022768485467292043e+00
6.075604185373938526e+04 1.011463014671347471e+00
6.075604211379998742e+04 9.905807552338714572e-01
6.075604237386058230e+04 9.771854317208659158e-01
6.075604263392118446e+04 9.704736778236312533e-01
6.075604289398177934e+04 1.014060356729412637e+00
6.075604315404237423e+04 1.012510543040707756e+00
6.075604341410297639e+04 1.007832178018969183e+00
6.075604367416357127e+04 9.648189366547303969e-01
6.075604393422418070e+04 1.055002368262335066e+00
6.075604419428477559e+04 1.059529970114948760e+00
6.075604445434537047e+04 1.031576232412590777e+00
6.075604471440597990e+04 1.018564638274010337e+00
6.075604497446657479e+04 9.435517364296348575e-01
6.075604523452717694e+04 1.012501237182644731e+00
6.075604549458777183e+04 9.845106602466097145e-01
6.075604575464836671e+04 1.012378965330923419e+00
6.075604601470896887e+04 1.003876774042727016e+00
6.075604627476956375e+04 1.034096311204791174e+00
6.075604653483016591e+04 1.048501972876828336e+00
6.075604679489076807e+04 9.911601563642442603e-01
6.075604705495136295e+04 1.025674655654845724e+00
6.075604731501196511e+04 1.032391505070476834e+00
6.075604757507256727e+04 1.016221447607963402e+00
6.075604783513316943e+04 9.939014521292066640e-01
6.075604809519376431e+04 1.001879453816779453e+00
6.075604835525435919e+04 1.015309038469510261e+00
6.075604861531496135e+04 1.008776625909316937e+00
6.075604887537555624e+04 1.019647936596005389e+00
6.075604913543615839e+04 1.008634146191142555e+00
6.075604939549675328e+04 9.638027003785377689e-01
6.075604965555735544e+04 9.987597946469483068e-01
6.075604991561795759e+04 1.021433544818279415e+00
6.075605017567855248e+04 1.010370998887707650e+00
6.075605043573915464e+04 9.987252825911248078e-01
6.075605069579975680e+04 1.007271565429411986e+00
6.075605095586035168e+04 9.868033272915538445e-01
6.075605121592095384e+04 1.025745248929213815e+00
6.075605147598154872e+04 9.937603822235613338e-01
6.075605173604215088e+04 9.929501722449260992e-01
6.075605199610274576e+04 9.922716542091295500e-01
6.075605225616334792e+04 9.644376092771945741e-01
6.075605251622395008e+04 9.538597471685970053e-01
6.075605277628454496e+04 1.030384330697950990e+00
6.075605303634514712e+04 9.844533977922657053e-01
6.075605329640574200e+04 1.011630751073344436e+00
6.075605355646635144e+04 1.007532444417400752e+00
6.075605381652694632e+04 9.973608618716743868e-01
6.075605407658754848e+04 9.712429016897458078e-01
6.075605433664814336e+04 9.940660178235316558e-01
6.075605459670873825e+04 1.028940647846446232e+00
6.075605485676934040e+04 1.018634033546391038e+00
6.075605511682993529e+04 9.677763643874585098e-01
6.075605537689054472e+04 9.961108456599208072e-01
6.075605563695113960e+04 9.771047211168902846e-01
6.075605589701174176e+04 1.029020222433235210e+00
6.075605615707233665e+04 1.005077705231837371e+00
6.075605641713293880e+04 9.724991332101036168e-01
6.075605667719354096e+04 1.001194965883182242e+00
6.075605693725413585e+04 9.847379419513819787e-01
6.075605719731473800e+04 9.907941432754528988e-01
6.075605745737533289e+04 9.623993541797900564e-01
6.075605771743593505e+04 1.047429155982119831e+00
6.075605797749652993e+04 1.003314502020034915e+00
6.075605823755713209e+04 1.006843671010964059e+00
6.075605849761773425e+04 1.031856373751666611e+00
6.075605875767832913e+04 9.911805150422564603e-01
6.075605901773893129e+04 9.642720334849795849e-01
6.075605927779953345e+04 9.816403741477155442e-01
6.075606082322710427e+04 1.011746475351362307e+00
6.075606108328780829e+04 9.816224484023166053e-01
6.075606134334851231e+04 9.680963741110014675e-01
6.075606160340922361e+04 9.861031458782225645e-01
6.075606186346992035e+04 1.018728023934360571e+00
6.075606212353063165e+04 9.845403240056420646e-01
6.075606238359133567e+04 9.952982193949090339e-01
6.075606264365204697e+04 9.733608636977780781e-01
6.075606290371275099e+04 9.740076576361764715e-01
6.075606316377345502e+04 9.994289623523201493e-01
6.075606342383415904e+04 1.033141100624485720e+00
6.075606368389486306e+04 1.006896593096421988e+00
6.075606394395557436e+04 1.003550744004310769e+00
6.075606420401627838e+04 1.019411970306012272e+00
6.075606446407698240e+04 9.879404547890618948e-01
6.075606472413768643e+04 9.841563289433579165e-01
6.075606498419839772e+04 1.015489563083275648e+00
6.075606524425910175e+04 9.598493187073823263e-01
6.075606550431981304e+04 1.001471874653720562e+00
6.075606576438050979e+04 9.648130403270699373e-01
6.075606602444122109e+04 9.716016085288008419e-01
6.075606628450192511e+04 9.774391009398993857e-01
6.075606654456262913e+04 1.009678785816140456e+00
6.075606680462333316e+04 9.934571313856722652e-01
6.075606706468404445e+04 1.014829200086887040e+00
6.075606732474474848e+04 9.814128648742610483e-01
6.075606758480545250e+04 9.649787206511071247e-01
6.075606784486615652e+04 9.807560179883206830e-01
6.075606810492686054e+04 1.023499550398804470e+00
6.075606836498757184e+04 1.019982675356871260e+00
6.075606862504827586e+04 1.044906392996092892e+00
6.075606888510898716e+04 9.890001560975312245e-01
6.075606914516968391e+04 9.908045178836040190e-01
6.075606940523039520e+04 9.863582380301505470e-01
6.075606966529109923e+04 9.598349029193178339e-01
6.075606992535180325e+04 9.955438468557289422e-01
6.075607018541250727e+04 1.000424944890240697e+00
6.075607044547321857e+04 9.835296854097377306e-01
6.075607070553392259e+04 1.031485843593462404e+00
6.075607096559463389e+04 9.767462764855926460e-01
6.075607122565533064e+04 9.903817801458388859e-01
6.075607148571604193e+04 9.748120928997269230e-01
6.075607174577674596e+04 1.010133582027489485e+00
6.075607200583745725e+04 1.034251199234129448e+00
6.075607226589816128e+04 9.871782714195626030e-01
6.075607252595886530e+04 1.002224075844619255e+00
6.075607278601956932e+04 1.004264090631610040e+00
6.075607304608028062e+04 9.892491752775768310e-01
6.075607330614097737e+04 9.593727569979998426e-01
6.075607356620169594e+04 9.972477701031677855e-01
6.075607382626239269e+04 9.570633549744782531e-01
6.075607408632310398e+04 1.003330721695306682e+00
6.075607434638380801e+04 9.728226410579755568e-01
6.075607460644451203e+04 9.979553169525139378e-01
6.075607486650521605e+04 9.657813865115318919e-01
6.075607512656592735e+04 1.008457224651190254e+00
6.075607538662663137e+04 9.464332472075528413e-01
6.075607564668734267e+04 9.817139995580419498e-01
6.075607590674803942e+04 1.006123562502265756e+00
6.075607616680875071e+04 9.795296991707692635e-01
6.075607642686945474e+04 1.017218613862105769e+00
6.075607668693016603e+04 9.736976011020400668e-01
6.075607694699087006e+04 9.481483536887277408e-01
6.075607720705157408e+04 9.702081420535897394e-01
6.075607746711227810e+04 1.015072618410238547e+00
6.075607772717298940e+04 1.043258054112776056e+00
6.075607798723368614e+04 9.751625753423945886e-01
6.075607824729439744e+04 9.991732026993241922e-01
6.075607850735510146e+04 9.908455689157102952e-01
6.075607876741581276e+04 9.790075027207300051e-01
6.075607902747651679e+04 1.003402252826363972e+00
6.075607928753722081e+04 9.671922985987884136e-01
6.075607954759792483e+04 1.035378837289240517e+00
6.075607980765863613e+04 9.978441288124920705e-01
6.075608006771934015e+04 1.028510134258460162e+00
6.075608032778005145e+04 9.519515362958369531e-01
6.075608058784074819e+04 1.011102306474980450e+00
6.075608084790145949e+04 9.671426772949733852e-01
6.075608110796216351e+04 9.851660140217977091e-01
6.075608136802286754e+04 1.027521112915547041e+00
6.075608162808357156e+04 1.018876170054803909e+00
6.075608188814428286e+04 1.002142527640944802e+00
6.075608214820498688e+04 1.027086951814322635e+00
6.075608240826569818e+04 1.003858359606426109e+00
6.075608266832639492e+04 9.503514608460273960e-01
6.075608292838710622e+04 1.003957616954287424e+00
6.075608318844781024e+04 1.005244364669562573e+00
6.075608344850852154e+04 9.514955601753336545e-01
6.075608370856922556e+04 9.999874058106296149e-01
6.075608396862992959e+04 1.012155334704565535e+00
6.075608422869064088e+04 9.964852942294845084e-01
6.075608448875134491e+04 1.008112027617753093e+00
6.075608474881204893e+04 9.688011674882387458e-01
6.075608500887276023e+04 9.642694619976235337e-01
6.075608526893346425e+04 1.033200900768049380e+00
6.075608552899416827e+04 1.048800394468903052e+00
6.075608578905487957e+04 1.012882140813967435e+00
6.075608604911557632e+04 1.029068500824528387e+00
6.075608630917628761e+04 9.773832785843007409e-01
6.075608656923699164e+04 9.936102234119464915e-01
6.075608682929770293e+04 1.007514546580118520e+00
6.075608708935840696e+04 1.011687600896474803e+00
6.075608734941911098e+04 9.741966332693844377e-01
6.075608760947981500e+04 9.985052519991552966e-01
6.075608786954052630e+04 9.892110016446500342e-01
6.075608812960123760e+04 1.011301952057042097e+00
6.075608838966194162e+04 1.015522070946834443e+00
6.075608864972264564e+04 9.888553668669874952e-01
6.075608890978334966e+04 9.754052378834832115e-01
6.075608916984406096e+04 9.680279272391354439e-01
6.075609076569380704e+04 1.019928058250895830e+00
6.075609102575441648e+04 9.973705488549919895e-01
6.075609128581501136e+04 1.011839611486502033e+00
6.075609154587561352e+04 1.011260424415947545e+00
6.075609180593621568e+04 1.036144022882875104e+00
6.075609206599681784e+04 1.035433339820544418e+00
6.075609232605741272e+04 9.967945334999074314e-01
6.075609258611801488e+04 9.807198938798981080e-01
6.075609284617860976e+04 1.003466403702834242e+00
6.075609310623921192e+04 9.796876744533117298e-01
6.075609336629981408e+04 1.018644866143995298e+00
6.075609362636040896e+04 9.734079905454849913e-01
6.075609388642101840e+04 9.642174973205193123e-01
6.075609414648161328e+04 1.019644840237475814e+00
6.075609440654221544e+04 9.964355809961715771e-01
6.075609466660281760e+04 1.003049355475345017e+00
6.075609492666341976e+04 1.037689115582925314e+00
6.075609518672402191e+04 1.004770983353101776e+00
6.075609544678461680e+04 1.046310217615624261e+00
6.075609570684521896e+04 1.021770668068881394e+00
6.075609596690581384e+04 9.804634797438875893e-01
6.075609622696641600e+04 1.008779626864134693e+00
6.075609648702701088e+04 1.021178239746216132e+00
6.075609674708762032e+04 9.656796821039489442e-01
6.075609700714822247e+04 1.004695829110366256e+00
6.075609726720881736e+04 9.880465338503340300e-01
6.075609752726942679e+04 9.710328988420710017e-01
6.075609778733002167e+04 9.655444888322861630e-01
6.075609804739062383e+04 9.678481195135041348e-01
6.075609830745121872e+04 9.724329460074928599e-01
6.075609856751182087e+04 1.001199890638611922e+00
6.075609882757242303e+04 9.526764434935204306e-01
6.075609908763301792e+04 9.547813830006197655e-01
6.075609934769362008e+04 1.003420811498126897e+00
6.075609960775422223e+04 9.545145005009191275e-01
6.075609986781482439e+04 1.007799908130202704e+00
6.075610012787541928e+04 9.892674481838722444e-01
6.075610038793602143e+04 1.021853630872642915e+00
6.075610064799663087e+04 1.001063467252196748e+00
6.075610090805722575e+04 1.009830029557637232e+00
6.075610116811782791e+04 9.301325667886015669e-01
6.075610142817842279e+04 9.901802423604720849e-01
6.075610168823902495e+04 9.873794449216113378e-01
6.075610194829962711e+04 1.024407843584780098e+00
6.075610220836022199e+04 1.003450062061251868e+00
6.075610246842083143e+04 9.955104637751388541e-01
6.075610272848142631e+04 9.950772318530299865e-01
6.075610298854202847e+04 1.012569291198128996e+00
6.075610324860263063e+04 1.008214161673107290e+00
6.075610350866323279e+04 9.987532472768579916e-01
6.075610376872383495e+04 9.906583702516273959e-01
6.075610402878442983e+04 1.011300293213055257e+00
6.075610428884503199e+04 9.962962574626522683e-01
6.075610454890563415e+04 9.710085127090656298e-01
6.075610480896622903e+04 9.748025104823966336e-01
6.075610506902683119e+04 9.964362860926911925e-01
6.075610532908743335e+04 9.598518518793637266e-01
6.075610558914803551e+04 1.024305119572518796e+00
6.075610584920863766e+04 1.035510671674149341e+00
6.075610610926923255e+04 9.572223638049589534e-01
6.075610636932984198e+04 9.659720212494969926e-01
6.075610662939043686e+04 9.881705511732555847e-01
6.075610688945103902e+04 1.019643215197445052e+00
6.075610714951164118e+04 9.816874319141341010e-01
6.075610740957223607e+04 9.649452995103995345e-01
6.075610766963283822e+04 9.924228942655105579e-01
6.075610792969343311e+04 1.106004121086000325e+00
6.075610818975403527e+04 9.939461326136549424e-01
6.075610844981464470e+04 1.011946042925255584e+00
6.075610870987523958e+04 9.738809938282962930e-01
6.075610896993584174e+04 9.646608978603704587e-01
6.075610922999644390e+04 1.025655606023053501e+00
6.075610949005704606e+04 9.570601654711548001e-01
6.075610975011764822e+04 1.033194268233089241e+00
6.075611001017824310e+04 9.817254724788464504e-01
6.075611027023884526e+04 9.975499916087343655e-01
6.075611053029944742e+04 9.765552189477497702e-01
6.075611079036004230e+04 1.024364990247433660e+00
6.075611105042064446e+04 1.004955740888012761e+00
6.075611131048124662e+04 1.015228290105981479e+00
6.075611157054184878e+04 9.982190386771615520e-01
6.075611183060245094e+04 9.722435148995393073e-01
6.075611209066305310e+04 9.840131318323969145e-01
6.075611235072365525e+04 9.859440235928200735e-01
6.075611261078425741e+04 1.049605291146660457e+00
6.075611287084485230e+04 1.008509824721305570e+00
6.075611313090545445e+04 9.818574905114946239e-01
6.075611339096604934e+04 9.960338620001798482e-01
6.075611365102665150e+04 9.848365922969499753e-01
6.075611391108725365e+04 9.546672240311925295e-01
6.075611417114785581e+04 1.044493163447046458e+00
6.075611443120845797e+04 1.010093884796795072e+00
6.075611469126906013e+04 1.009836289336174975e+00
6.075611495132966229e+04 1.003655654722356960e+00
6.075611521139026445e+04 9.847646300270402886e-01
6.075611547145085933e+04 1.020504245540245103e+00
6.075611573151146149e+04 9.990933934503242186e-01
6.075611599157206365e+04 9.967659032984472756e-01
6.075611625163265853e+04 9.851277582161463986e-01
6.075611651169326069e+04 9.874155372189564739e-01
6.075611677175386285e+04 1.012682161481575749e+00
6.075611703181446501e+04 9.847492510704477509e-01
6.075611729187506717e+04 9.940622226940911688e-01
6.075611755193566933e+04 1.022277987755961348e+00
6.075611781199626421e+04 9.699420018416768929e-01
6.075611807205687364e+04 9.773781866547378572e-01
6.075611833211747580e+04 9.848023130092614652e-01
6.075611859217807068e+04 9.507938001905379410e-01
6.075611885223867284e+04 1.007889905350688675e+00
6.075611911229926773e+04 9.928959231186272882e-01
6.075612077117233275e+04 9.952965198373052713e-01
6.075612103123303677e+04 9.903032890833913804e-01
6.075612129129374080e+04 9.728994615217265718e-01
6.075612155135445209e+04 9.879084558022077633e-01
6.075612181141516339e+04 1.022187372218961166e+00
6.075612207147586741e+04 1.000562198428734950e+00
6.075612233153657144e+04 9.892430670413486782e-01
6.075612259159728274e+04 1.022789387581574116e+00
6.075612285165798676e+04 1.016574096585278975e+00
6.075612311171869806e+04 9.592482669237161197e-01
6.075612337177940935e+04 1.022498318066427103e+00
6.075612363184010610e+04 9.714568940125045682e-01
6.075612389190081740e+04 1.020813258300095727e+00
6.075612415196152870e+04 1.079251079899707255e+00
6.075612441202222544e+04 9.675533184552191912e-01
6.075612467208293674e+04 1.021384338929069768e+00
6.075612493214364804e+04 9.636014936688872545e-01
6.075612519220435206e+04 9.862839227990551905e-01
6.075612545226506336e+04 9.917154556947708199e-01
6.075612571232576738e+04 9.801117455357014618e-01
6.075612597238647140e+04 9.572944026685324959e-01
6.075612623244718270e+04 9.803555780775145001e-01
6.075612649250789400e+04 9.912478027888069754e-01
6.075612675256859802e+04 1.034015559138057982e+00
6.075612701262930204e+04 1.004382839961685203e+00
6.075612727269001334e+04 1.006591257280907703e+00
6.075612753275071736e+04 9.836030809103842865e-01
6.075612779281142139e+04 9.777679718680465371e-01
6.075612805287213268e+04 1.001464301250269306e+00
6.075612831293283671e+04 9.925500140617115052e-01
6.075612857299354800e+04 9.971279267048266393e-01
6.075612883305425930e+04 1.003324227449402528e+00
6.075612909311495605e+04 9.875119502803390015e-01
6.075612935317566735e+04 9.743459977626239832e-01
6.075612961323637865e+04 1.008867800392475145e+00
6.075612987329708267e+04 9.493999124245051657e-01
6.075613013335779397e+04 9.633340338567323302e-01
6.075613039341849799e+04 9.560207194296338473e-01
6.075613065347920201e+04 1.027324342285905301e+00
6.075613091353991331e+04 9.530052646632184432e-01
6.075613117360061733e+04 1.000334363784631142e+00
6.075613143366133590e+04 9.899078720997189773e-01
6.075613169372203265e+04 1.004760729349605031e+00
6.075613195378274395e+04 1.003503332881080290e+00
6.075613221384345525e+04 9.991914020733536628e-01
6.075613247390415199e+04 9.919773331934563787e-01
6.075613273396486329e+04 9.695072983637821329e-01
6.075613299402557459e+04 1.014591886990757974e+00
6.075613325408627861e+04 9.872982004716549520e-01
6.075613351414698991e+04 1.014823342967431152e+00
6.075613377420769393e+04 1.020652095700423034e+00
6.075613403426840523e+04 9.949714241229044021e-01
6.075613429432910925e+04 1.018735283351221099e+00
6.075613455438982055e+04 1.059065258186065561e+00
6.075613481445053185e+04 9.584844366666859239e-01
6.075613507451122859e+04 9.892167965258082951e-01
6.075613533457193989e+04 9.929657575546575465e-01
6.075613559463265119e+04 9.512828239839284938e-01
6.075613585469334794e+04 9.848627026882582625e-01
6.075613611475405924e+04 1.007681684400645095e+00
6.075613637481477053e+04 9.797564158027834980e-01
6.075613663487548183e+04 9.938990065349134762e-01
6.075613689493618585e+04 1.002825052149157514e+00
6.075613715499688988e+04 1.016464285005122425e+00
6.075613741505760117e+04 1.006887751232484307e+00
6.075613767511830520e+04 1.008089453059788587e+00
6.075613793517901649e+04 9.746874732247704509e-01
6.075613819523972779e+04 1.024727604943166392e+00
6.075613845530043181e+04 9.655293670154085905e-01
6.075613871536113584e+04 9.902662298274452768e-01
6.075613897542184714e+04 1.006031080258074306e+00
6.075613923548255116e+04 9.928595164290927588e-01
6.075613949554325518e+04 9.776617092986960023e-01
6.075613975560396648e+04 9.928897328506884890e-01
6.075614001566467778e+04 1.023774099487430034e+00
6.075614027572538907e+04 9.814029055525740342e-01
6.075614053578608582e+04 9.878017626969625153e-01
6.075614079584679712e+04 1.006767192872658923e+00
6.075614105590750842e+04 9.922138182994333366e-01
6.075614131596821244e+04 9.966336547810646929e-01
6.075614157602892374e+04 1.015887395481322786e+00
6.075614183608962776e+04 9.796111373716824833e-01
6.075614209615033906e+04 9.536314608382798763e-01
6.075614235621104308e+04 1.006499474468247168e+00
6.075614261627174710e+04 1.010405955137996026e+00
6.075614287633246568e+04 1.006723344303190215e+00
6.075614313639316970e+04 9.621608055249055713e-01
6.075614339645387372e+04 9.397684309005087666e-01
6.075614365651458502e+04 9.888691416502155551e-01
6.075614391657528904e+04 9.804003780528285361e-01
6.075614417663600034e+04 9.704084245253475904e-01
6.075614443669670436e+04 1.038767311103479196e+00
6.075614469675741566e+04 1.004597331561070561e+00
6.075614495681812696e+04 9.769274925750491834e-01
6.075614521687882370e+04 9.927047023282226101e-01
6.075614547693953500e+04 9.827853849482958148e-01
6.075614573700024630e+04 1.001443126344825130e+00
6.075614599706095760e+04 9.374646836608072631e-01
6.075614625712166162e+04 9.635961659539860058e-01
6.075614651718236564e+04 9.535251036266756408e-01
6.075614677724307694e+04 9.876497193608688718e-01
6.075614703730378824e+04 1.018992360971207489e+00
6.075614729736448498e+04 1.007315039974420845e+00
6.075614755742519628e+04 9.965861449240484005e-01
6.075614781748590758e+04 1.011850796588862345e+00
6.075614807754661888e+04 1.006192135402359744e+00
6.075614833760732290e+04 9.640774231545186090e-01
6.075614859766802692e+04 1.023913586655660568e+00
6.075614885772873822e+04 9.855672707610881877e-01
6.075614911778944952e+04 9.535006458857974154e-01
